화자ID,연령대,문장,형태소_집,형태소_은,형태소_지금,형태소_오피스텔,형태소_층,형태소_간,형태소_소음,형태소_좀,형태소_있,형태소_같,형태소_나,형태소_살,형태소_딱히,형태소_없,형태소_아파트,형태소_이상,형태소_사람,형태소_왜냐하면,형태소_가,형태소_도,형태소_상태,형태소_갑자기,형태소_밑,형태소_의,형태소_올라오,형태소_아,형태소_막,형태소_신고,형태소_들어오,형태소_야,형태소_이,형태소_시간,형태소_너무,형태소_시끄럽,형태소_그리하,형태소_그,형태소_꼭,형태소_아니,형태소_그러,형태소_무엇,형태소_조심,형태소_이렇,형태소_있었,형태소_적이,형태소_는,형태소_자취,형태소_를,형태소_곳,형태소_만,형태소_하,형태소_이사,형태소_없이,형태소_누나,형태소_같이,형태소_절대,형태소_못,형태소_진짜,형태소_맞,형태소_하나,형태소_말,형태소_나도,형태소_새벽,형태소_전화,형태소_어떻,형태소_때,형태소_게임,형태소_또,형태소_한테,형태소_이제,형태소_스트레스,형태소_받,형태소_만약,형태소_내가,형태소_형제,형태소_그리,형태소_많이,형태소_다니,형태소_마다,형태소_방,형태소_기,형태소_한데,형태소_크기,형태소_큰방,형태소_작은방,형태소_누,형태소_쓰,형태소_이러,형태소_엄청,형태소_싸우,형태소_본가,형태소_쭉,형태소_계속,형태소_어리,형태소_부터,형태소_정말,형태소_초등학교,형태소_중학교,형태소_까,형태소_한동네,형태소_내,형태소_오,형태소_여,형태소_귀찮,형태소_바뀌,형태소_불편,형태소_적응,형태소_안,형태소_되,형태소_초반,형태소_치,형태소_구들,형태소_멀,형태소_괜찮,형태소_학년,형태소_고등,형태소_학교,형태소_한번,형태소_아예,형태소_학,형태소_근데,형태소_그때,형태소_좋,형태소_친구,형태소_완전,형태소_쪼끔,형태소_경험,형태소_고등학교,형태소_상황,형태소_원래,형태소_가리,형태소_다시,형태소_동네,형태소_돌아가,형태소_전원주택,형태소_꿈,형태소_직접,형태소_을,형태소_만들,형태소_설계,형태소_비밀,형태소_공간,형태소_이나,형태소_크,형태소_목욕탕,형태소_작업실,형태소_생각,형태소_느,형태소_가전제품,형태소_어,형태소_집안일,형태소_거의,형태소_다,형태소_엄마,형태소_설거지,형태소_먹,형태소_옷,형태소_분리수거,형태소_아빠,형태소_오빠,형태소_않,형태소_일단,형태소_혼자,형태소_편,형태소_하단,형태소_일상,형태소_생활,형태소_패턴,형태소_어쨌든,형태소_가족,형태소_아무리,형태소_쪼금,형태소_지키,형태소_나한,형태소_테,형태소_힘들,형태소_제한,형태소_근처,형태소_돈,형태소_깨지,형태소_쉽사리,형태소_아마,형태소_군대,형태소_인테리어,형태소_혹시,형태소_이번,형태소_새로,형태소_짓,형태소_가지,형태소_그냥,형태소_전체적,형태소_느낌,형태소_아프,형태소_청소,형태소_좁,형태소_의자,형태소_위,형태소_올라가,형태소_침대,형태소_뭉치,형태소_정리,형태소_되게,형태소_요즘,형태소_그렇,형태소_넘치,형태소_건물,형태소_모습,형태소_다르,형태소_저,형태소_이야,형태소_처음,형태소_첫날,형태소_찾,형태소_보통,형태소_단지,형태소_이렇게,형태소_순서,형태소_대로,형태소_붙,형태소_길,형태소_잃,형태소_정도,형태소_헤매,형태소_기억,형태소_앞,형태소_회사,형태소_면,형태소_서울,형태소_대구,형태소_헬스장,형태소_도서관,형태소_어린이,형태소_입주,형태소_얘기,형태소_아직,형태소_인프라,형태소_갖추,형태소_지진,형태소_못하,형태소_생기,형태소_골,형태소_언제,형태소_진,형태소_잘,형태소_모르,형태소_운영,형태소_주민,형태소_휴식,형태소_하면서,형태소_차,형태소_마시,형태소_떠들,형태소_아줌마,형태소_비,형태소_빌,형태소_깔,형태소_눕,형태소_보,형태소_시설,형태소_집이,형태소_꼭대기,형태소_벽간,형태소_방음,형태소_옆,형태소_문,형태소_입구,형태소_서도,형태소_유,형태소_튜브,형태소_듣,형태소_대화,형태소_들리,형태소_부담,형태소_사,형태소_위층,형태소_지인,형태소_동안,형태소_올해,형태소_계약,형태소_똑같,형태소_연장,형태소_내년,형태소_교환,형태소_학생,형태소_사실,형태소_딱,형태소_때쯤,형태소_구하,형태소_따로따로,형태소_아무래도,형태소_월,형태소_세가,형태소_비싸,형태소_한집,형태소_전세,형태소_낫,형태소_제일,형태소_따로,형태소_늦,형태소_자,형태소_상관없,형태소_소리,형태소_중,형태소_까지,형태소_주,형태소_이후,형태소_약간,형태소_신도시,형태소_분양,형태소_청약,형태소_담,형태소_당첨,형태소_지역,형태소_유치원,형태소_나오,형태소_떨어지,형태소_갈,형태소_놀,형태소_아쉽,형태소_넓,형태소_주변,형태소_그만,형태소_다음,형태소_우,형태소_나중,형태소_저러,형태소_마당,형태소_식물,형태소_키우,형태소_동물,형태소_정원,형태소_가꾸,형태소_바,형태소_다락방,형태소_막상,형태소_관리,형태소_보이,형태소_할머니,형태소_조금,형태소_잡초,형태소_자라,형태소_먼지,형태소_끼,형태소_더러워지,형태소_많,형태소_한번쯤,형태소_로망,형태소_전자,형태소_레인지,형태소_냉장고,형태소_세탁기,형태소_밥솥,형태소_오븐,형태소_라고,형태소_에어,형태소_프라이어,형태소_최근,형태소_여름,형태소_벌레,형태소_특히,형태소_음식물,형태소_미생물,형태소_분해,형태소_기계,형태소_일,형태소_스타,형태소_그램,형태소_찾아오,형태소_고민,형태소_쓰레기,형태소_넣,형태소_흙,형태소_바로,형태소_하루,형태소_주고,형태소_냄새,형태소_가끔,형태소_알,형태소_자주,형태소_싸,형태소_대하,형태소_짜증,형태소_분리,형태소_수거,형태소_그만이,형태소_내고,형태소_더럽,형태소_섞이,형태소_적도,형태소_분담,형태소_예전,형태소_화장실,형태소_번갈,형태소_하자,형태소_순간,형태소_쌓,형태소_놓,형태소_화내,형태소_직전,형태소_말하,형태소_눈치,형태소_빨,형태소_그제서야,형태소_부랴부랴,형태소_치우,형태소_확실히,형태소_냉장,형태소_고랑,형태소_기본,형태소_가구,형태소_연두색,형태소_띠,형태소_둘러지,형태소_색깔,형태소_별로,형태소_싫,형태소_들어가,형태소_티,형태소_방식,형태소_꾸미,형태소_짐,형태소_비하,형태소_작,형태소_옷장,형태소_나서,형태소_거실,형태소_다그,형태소_행거,형태소_설치,형태소_놓아두,형태소_그래서,형태소_꾸미기,형태소_널,형태소_여가,형태소_훨씬,형태소_더,형태소_반경,형태소_중심,형태소_맞추,형태소_있다,형태소_편하,형태소_씩,형태소_내려가,형태소_라,형태소_들,형태소_해,형태소_직장,형태소_얻,형태소_발전,형태소_지하,형태소_시,형태소_아무튼,형태소_등록,형태소_마련,TFIDF_17에서,TFIDF_19,TFIDF_1곳에서,TFIDF_1곳에서만,TFIDF_1번,TFIDF_1에서,TFIDF_1학년,TFIDF_20분,TFIDF_2년,TFIDF_2층,TFIDF_2학년,TFIDF_30분,TFIDF_3에서,TFIDF_3이랑,TFIDF_3학년에서,TFIDF_7층,TFIDF_가게,TFIDF_가구에,TFIDF_가꾸면서,TFIDF_가끔,TFIDF_가끔씩,TFIDF_가니까,TFIDF_가려,TFIDF_가려고,TFIDF_가서,TFIDF_가야,TFIDF_가전제품,TFIDF_가족이라도,TFIDF_가족이랑,TFIDF_가지고,TFIDF_갑자기,TFIDF_갔다,TFIDF_갔었어,TFIDF_갔을,TFIDF_갖춰지진,TFIDF_같고,TFIDF_같긴,TFIDF_같더라,TFIDF_같아,TFIDF_같아서,TFIDF_같은,TFIDF_같은데,TFIDF_같이,TFIDF_개성이,TFIDF_거가,TFIDF_거기,TFIDF_거기는,TFIDF_거기서,TFIDF_거기에,TFIDF_거냐,TFIDF_거는,TFIDF_거면은,TFIDF_거실에다가,TFIDF_거야,TFIDF_거에,TFIDF_거여서,TFIDF_거의,TFIDF_건물도,TFIDF_건물이,TFIDF_건물이야,TFIDF_것도,TFIDF_게임을,TFIDF_게임하는,TFIDF_게임하면,TFIDF_경험이,TFIDF_계속,TFIDF_계약,TFIDF_계약해서,TFIDF_고등학교,TFIDF_고등학교도,TFIDF_고민,TFIDF_곳을,TFIDF_공간은,TFIDF_공간이,TFIDF_공간이나,TFIDF_공간이라고,TFIDF_관리가,TFIDF_관리를,TFIDF_관리하는,TFIDF_괜찮았는데,TFIDF_괜찮은,TFIDF_교환,TFIDF_구해서,TFIDF_군대,TFIDF_귀찮고,TFIDF_그거,TFIDF_그거를,TFIDF_그거에,TFIDF_그걸,TFIDF_그게,TFIDF_그냥,TFIDF_그때,TFIDF_그래,TFIDF_그래도,TFIDF_그래서,TFIDF_그랬던,TFIDF_그러,TFIDF_그러는데,TFIDF_그러니까,TFIDF_그러더라,TFIDF_그러면,TFIDF_그러면서,TFIDF_그러진,TFIDF_그런,TFIDF_그런가,TFIDF_그런지,TFIDF_그럼에도,TFIDF_그렇게,TFIDF_그렇더라고,TFIDF_그리,TFIDF_그리고,TFIDF_그만,TFIDF_그만인데,TFIDF_그제서야,TFIDF_그쪽을,TFIDF_근데,TFIDF_근처에서,TFIDF_기계,TFIDF_기본,TFIDF_기억이,TFIDF_깔끔한,TFIDF_깔끔한데,TFIDF_깔끔해,TFIDF_깔아둔,TFIDF_깨지니까,TFIDF_꼭대기,TFIDF_꾸미고,TFIDF_꾸미기도,TFIDF_끼고,TFIDF_나고,TFIDF_나는,TFIDF_나도,TFIDF_나만의,TFIDF_나서,TFIDF_나서부터,TFIDF_나오고,TFIDF_나중에,TFIDF_나한테,TFIDF_나한테는,TFIDF_낫겠다,TFIDF_내가,TFIDF_내고,TFIDF_내년에는,TFIDF_내는,TFIDF_내려가고,TFIDF_내면,TFIDF_내에,TFIDF_내에서,TFIDF_냄새가,TFIDF_냄새도,TFIDF_냉장고,TFIDF_냉장고랑,TFIDF_너는,TFIDF_너도,TFIDF_너무,TFIDF_너처럼,TFIDF_너희,TFIDF_넓어서,TFIDF_넘치더라고,TFIDF_넣어,TFIDF_넣으면은,TFIDF_넣을,TFIDF_네가,TFIDF_놀고,TFIDF_놀던,TFIDF_놓아두고,TFIDF_놓은,TFIDF_놨다가,TFIDF_놨단,TFIDF_누가,TFIDF_누나가,TFIDF_누나도,TFIDF_누나랑,TFIDF_누워서,TFIDF_눈치는,TFIDF_느낌으로,TFIDF_늦게,TFIDF_늦게까지,TFIDF_다녔었는데,TFIDF_다니고,TFIDF_다니는,TFIDF_다니던,TFIDF_다닐,TFIDF_다락방에서,TFIDF_다르고,TFIDF_다른,TFIDF_다시,TFIDF_다음에,TFIDF_단지,TFIDF_단지가,TFIDF_당첨,TFIDF_대구,TFIDF_대해,TFIDF_대해서,TFIDF_대화하고,TFIDF_더러운,TFIDF_더러워지고,TFIDF_데에서,TFIDF_데에서도,TFIDF_도서관,TFIDF_도서관은,TFIDF_돈이,TFIDF_돌아갔었던,TFIDF_동네로,TFIDF_동물,TFIDF_동안,TFIDF_돼서,TFIDF_되게,TFIDF_되는,TFIDF_되는데,TFIDF_되니까,TFIDF_되면은,TFIDF_되어,TFIDF_된다면은,TFIDF_두고,TFIDF_둘러져,TFIDF_듣고,TFIDF_들긴,TFIDF_들려,TFIDF_들려서,TFIDF_들어가,TFIDF_들어갈,TFIDF_들어오고,TFIDF_들어온단,TFIDF_들어올,TFIDF_들어왔다는,TFIDF_등록해,TFIDF_따로,TFIDF_따로따로,TFIDF_딱히,TFIDF_때까지,TFIDF_때까지는,TFIDF_때는,TFIDF_때마다,TFIDF_때문에,TFIDF_때부터,TFIDF_때에서부터,TFIDF_때쯤에,TFIDF_떠드는,TFIDF_떠들면서,TFIDF_떨어진,TFIDF_똑같은,TFIDF_띠가,TFIDF_로망,TFIDF_마당에서,TFIDF_마련되어,TFIDF_마시고,TFIDF_막상,TFIDF_만들고,TFIDF_만들어,TFIDF_만약에,TFIDF_만에,TFIDF_많고,TFIDF_많아서,TFIDF_많았던,TFIDF_많이,TFIDF_말고도,TFIDF_말은,TFIDF_말이야,TFIDF_말하면은,TFIDF_맞는,TFIDF_맞아서,TFIDF_맞춰져,TFIDF_먹은,TFIDF_먼지가,TFIDF_멀어서,TFIDF_멀어지고,TFIDF_멀어지니까,TFIDF_멀어진다,TFIDF_모르겠고,TFIDF_모습이,TFIDF_목욕탕이나,TFIDF_못한,TFIDF_무슨,TFIDF_문에만,TFIDF_뭉쳐져,TFIDF_뭐라,TFIDF_뭐라고,TFIDF_뭐지,TFIDF_뭔가,TFIDF_미생물들이,TFIDF_미생물로,TFIDF_밑의,TFIDF_바뀌는,TFIDF_바로,TFIDF_반경이,TFIDF_받았었던,TFIDF_발전을,TFIDF_밥솥이랑,TFIDF_방식대로,TFIDF_방에,TFIDF_방으로,TFIDF_방음이,TFIDF_방이,TFIDF_버리기가,TFIDF_번갈아서,TFIDF_벌레가,TFIDF_벽간,TFIDF_별로,TFIDF_별로다,TFIDF_보고,TFIDF_보니까,TFIDF_보이고,TFIDF_보이더라고,TFIDF_보통,TFIDF_본가,TFIDF_본가도,TFIDF_본가에,TFIDF_봐서,TFIDF_부담스럽긴,TFIDF_부랴부랴,TFIDF_분담,TFIDF_분리수거,TFIDF_분리수거가,TFIDF_분양,TFIDF_분해를,TFIDF_분해해,TFIDF_불편,TFIDF_붙어,TFIDF_비밀,TFIDF_비싸다,TFIDF_비해,TFIDF_빈백,TFIDF_빈백도,TFIDF_빨라,TFIDF_사는,TFIDF_사는데,TFIDF_사니까,TFIDF_사람들도,TFIDF_사람은,TFIDF_사람이,TFIDF_사실,TFIDF_살게,TFIDF_살고,TFIDF_살기,TFIDF_살기에는,TFIDF_살까,TFIDF_살다,TFIDF_살던,TFIDF_살라고,TFIDF_살면은,TFIDF_살아,TFIDF_살았고,TFIDF_살았었는데,TFIDF_살잖아,TFIDF_상관없는데,TFIDF_상태였는데,TFIDF_상황이,TFIDF_새로,TFIDF_새벽에,TFIDF_색깔로,TFIDF_생각은,TFIDF_생각을,TFIDF_생각이,TFIDF_생기는데,TFIDF_생기잖아,TFIDF_생긴다곤,TFIDF_생길진,TFIDF_생활,TFIDF_생활하는,TFIDF_서도,TFIDF_서울,TFIDF_서울에,TFIDF_서울에서,TFIDF_섞여,TFIDF_설거지나,TFIDF_설거지만,TFIDF_설거지하고,TFIDF_설계해서,TFIDF_설치해서,TFIDF_세탁기,TFIDF_소리,TFIDF_소음,TFIDF_소음은,TFIDF_소음이,TFIDF_순간,TFIDF_순서대로,TFIDF_쉽사리,TFIDF_스트레스를,TFIDF_스트레스받고,TFIDF_시간이,TFIDF_시끄러웠었다고,TFIDF_시설,TFIDF_시설들이,TFIDF_시설이,TFIDF_식물,TFIDF_식으로,TFIDF_신고가,TFIDF_신도시,TFIDF_싫다,TFIDF_싶다,TFIDF_싶다는,TFIDF_싶다라는,TFIDF_싶어,TFIDF_싶어서,TFIDF_싶었는데,TFIDF_싶었다,TFIDF_싶었던,TFIDF_싶은,TFIDF_싸우거나,TFIDF_싸우지는,TFIDF_싸우진,TFIDF_싸운,TFIDF_싸웠었고,TFIDF_싸웠었던,TFIDF_쌓아,TFIDF_써야지라는,TFIDF_썼단,TFIDF_쓰고,TFIDF_쓰레기,TFIDF_쓰레기를,TFIDF_쓰자,TFIDF_아니,TFIDF_아니고,TFIDF_아니면,TFIDF_아니면은,TFIDF_아니었던,TFIDF_아마,TFIDF_아무도,TFIDF_아무래도,TFIDF_아무리,TFIDF_아무튼,TFIDF_아빠,TFIDF_아빠가,TFIDF_아쉽고,TFIDF_아예,TFIDF_아줌마들도,TFIDF_아직은,TFIDF_아파,TFIDF_아파트,TFIDF_아파트가,TFIDF_아파트라,TFIDF_아파트에,TFIDF_아파트여,TFIDF_안에서,TFIDF_않고,TFIDF_않아,TFIDF_않았던,TFIDF_않을까,TFIDF_앞에,TFIDF_앞으로,TFIDF_애매하고,TFIDF_약간,TFIDF_얘기만,TFIDF_어느,TFIDF_어디서,TFIDF_어디에,TFIDF_어떤,TFIDF_어떨,TFIDF_어떻게,TFIDF_어린이집,TFIDF_어릴,TFIDF_어쨌든,TFIDF_언제,TFIDF_얻고,TFIDF_엄마,TFIDF_엄마가,TFIDF_엄청,TFIDF_없는,TFIDF_없는데,TFIDF_없단,TFIDF_없어,TFIDF_없어서,TFIDF_없으니까,TFIDF_없이,TFIDF_에어프라이어는,TFIDF_여가,TFIDF_여기,TFIDF_여기가,TFIDF_여름,TFIDF_연두색,TFIDF_연장할,TFIDF_연장해서,TFIDF_옆의,TFIDF_예전에는,TFIDF_오고,TFIDF_오븐,TFIDF_오빠가,TFIDF_오빠는,TFIDF_오빠랑,TFIDF_오빠한테,TFIDF_오피스텔이잖아,TFIDF_올라가,TFIDF_올라온다,TFIDF_올해,TFIDF_옷가,TFIDF_옷도,TFIDF_옷이나,TFIDF_옷장,TFIDF_와서,TFIDF_완전,TFIDF_왔고,TFIDF_왔다,TFIDF_왔었단,TFIDF_왔을,TFIDF_왜냐하면,TFIDF_왜냐하면은,TFIDF_요즘에,TFIDF_우리,TFIDF_우리가,TFIDF_우리집이,TFIDF_운영하고,TFIDF_원래,TFIDF_월세가,TFIDF_위에,TFIDF_위에는,TFIDF_위층이,TFIDF_유치원,TFIDF_유튜브,TFIDF_음식물,TFIDF_음식물에,TFIDF_의자,TFIDF_이거,TFIDF_이게,TFIDF_이래서,TFIDF_이러면,TFIDF_이런,TFIDF_이렇게,TFIDF_이번에,TFIDF_이사,TFIDF_이사를,TFIDF_이사하느라,TFIDF_이상하게,TFIDF_이상한,TFIDF_이제,TFIDF_이후에,TFIDF_인스타그램에서,TFIDF_인테리어,TFIDF_인테리어는,TFIDF_인테리어라고,TFIDF_인프라가,TFIDF_일단,TFIDF_일상생활,TFIDF_잃어,TFIDF_입구,TFIDF_입주된다는,TFIDF_있거나,TFIDF_있고,TFIDF_있긴,TFIDF_있는,TFIDF_있는데,TFIDF_있는지,TFIDF_있는지가,TFIDF_있다,TFIDF_있단,TFIDF_있더라고,TFIDF_있어,TFIDF_있어서,TFIDF_있었는데,TFIDF_있었단,TFIDF_있었던,TFIDF_있었어,TFIDF_있으니까,TFIDF_있으면,TFIDF_있잖아,TFIDF_자고,TFIDF_자는,TFIDF_자라고,TFIDF_자주,TFIDF_자취도,TFIDF_자취를,TFIDF_자취하고,TFIDF_자취하면,TFIDF_자취하면서,TFIDF_작아서,TFIDF_작업실,TFIDF_작은방이,TFIDF_잡초,TFIDF_저게,TFIDF_저런,TFIDF_적도,TFIDF_적은,TFIDF_적응이,TFIDF_적이,TFIDF_전세로,TFIDF_전원주택,TFIDF_전원주택에,TFIDF_전원주택에서,TFIDF_전원주택인데,TFIDF_전자레인지랑,TFIDF_전체적으로,TFIDF_전화하면은,TFIDF_절대,TFIDF_정도,TFIDF_정도는,TFIDF_정도에,TFIDF_정리는,TFIDF_정말,TFIDF_정원을,TFIDF_제일,TFIDF_제한이,TFIDF_조금만,TFIDF_조심해야겠다,TFIDF_좁아,TFIDF_좋다고,TFIDF_좋더라고,TFIDF_좋았던,TFIDF_좋은,TFIDF_좋을,TFIDF_주고,TFIDF_주는,TFIDF_주민들,TFIDF_주변,TFIDF_주변에,TFIDF_주변에서,TFIDF_준대,TFIDF_중3,TFIDF_중심에,TFIDF_중에,TFIDF_중학교,TFIDF_줘도,TFIDF_지금,TFIDF_지금도,TFIDF_지어서,TFIDF_지역에,TFIDF_지은,TFIDF_지인이,TFIDF_지켜야,TFIDF_지하에,TFIDF_직장을,TFIDF_직전에,TFIDF_직접,TFIDF_진짜,TFIDF_짐도,TFIDF_짐을,TFIDF_집도,TFIDF_집안일,TFIDF_집안일을,TFIDF_집에,TFIDF_집에서,TFIDF_집은,TFIDF_집을,TFIDF_집이,TFIDF_집인가,TFIDF_짜증을,TFIDF_쪼금,TFIDF_쪼끔,TFIDF_쪼끔만,TFIDF_쪽으로,TFIDF_찾겠는,TFIDF_찾아와서,TFIDF_찾아왔던,TFIDF_처음,TFIDF_처음에,TFIDF_첫날인데,TFIDF_청소,TFIDF_청소를,TFIDF_청약,TFIDF_초등학교,TFIDF_초등학교랑,TFIDF_초반에,TFIDF_최근에,TFIDF_층간,TFIDF_층은,TFIDF_층이라,TFIDF_치우고,TFIDF_친구들이나,TFIDF_친구들이랑,TFIDF_친구들이랑도,TFIDF_친구들인데,TFIDF_침대,TFIDF_컸었는데,TFIDF_크기가,TFIDF_큰방,TFIDF_키우고,TFIDF_특히,TFIDF_티도,TFIDF_패턴이,TFIDF_패턴이나,TFIDF_편이야,TFIDF_편하긴,TFIDF_편하단,TFIDF_하고,TFIDF_하기가,TFIDF_하나도,TFIDF_하는,TFIDF_하는데,TFIDF_하니까,TFIDF_하더라고,TFIDF_하려면은,TFIDF_하루,TFIDF_하면,TFIDF_하면서,TFIDF_하면은,TFIDF_하자라고,TFIDF_하지,TFIDF_하진,TFIDF_학교,TFIDF_학생을,TFIDF_한데,TFIDF_한동네,TFIDF_한번,TFIDF_한번쯤은,TFIDF_한집에서,TFIDF_할머니,TFIDF_해도,TFIDF_해서,TFIDF_해야,TFIDF_했는데,TFIDF_했던,TFIDF_했어도,TFIDF_했었는데,TFIDF_했잖아,TFIDF_행거,TFIDF_헤맸던,TFIDF_헬스장도,TFIDF_헬스장을,TFIDF_헬스장이,TFIDF_헬스장이나,TFIDF_형제,TFIDF_호부터,TFIDF_혹시,TFIDF_혼자,TFIDF_혼자가,TFIDF_화내기,TFIDF_화장실,TFIDF_확실히,TFIDF_회사,TFIDF_훨씬,TFIDF_휴식,TFIDF_흙으로,TFIDF_힘든,TFIDF_힘들고,TFIDF_힘들긴,TFIDF_힘들다고,TFIDF_힘들어,TFIDF_힘들어서
SD2401267,20대,너희 집은 지금 오피스텔이잖아. 그 층간 소음 좀 있는 거 같아? 나 지금 7층 사는데 딱히 층간 소음은 없는 거 같은데 좀 그 아파트에 이상한 사람은 좀 있는 거 같더라. 왜냐하면은 우리가 집에 아무도 없는 상태였는데 갑자기 밑의 집에서 올라온다 아 그 밑의 집인가 어디서 막 신고가 들어왔다는 거야. 이 이 시간이 너무 시끄러웠었다고. 그래 가지고 그게 그게 꼭 밑의 집은 아니고 밑의 층은 아니었던 거 같은데 그런 사람이 좀 있어서 좀 뭐지 좀 조심해야겠다 이런 적은 있었어. 이런 적이 있어. 그리고 너는 지금 자취를 그 1곳에서만 했던 거야 이사 없이? 나도 지금 누나랑 같이 살라고 하면은 절대 못 살 거 같아. 누나랑 진짜 맞는 게 하나도 없단 말이야. 누나도 막 나도 새벽에 전화하면은 누나가 뭐라 하고. 어떨 때 누나가 새벽에 게임하면 또 나한테 이제 내가 이제 스트레스받고. 그래서 이제 만약에 내가 너처럼 그러니까 형제 같이 살라고 하면은 나는 못 살 거 같아. 그리고 그리고 그 이사를 좀 많이 다녔었는데 이사 다닐 때마다 이제 방이 있긴 한데 이게 크기가 이제 큰방 작은방이 있었단 말이야. 그래 가지고 누가 큰방 쓸 거냐 이런 거 때문에 또 엄청 싸운 적 싸웠었고 싸웠었던 거 같아. 그러면 본가도 그러면 지금 살던 데 쭉 계속 살고 있었던 거야 어릴 때부터? 나는 이제 어릴 때부터 정말 많이 다녔었는데 초등학교랑 중학교 때까지는 그래도 한동네 내에서 왔다 갔다 했던 거여서 좀 이제 이사하느라 좀 귀찮고 막 집 바뀌는 게 좀 불편 적응이 안 되 초반에 적응이 안 되는 게 있긴 했어도 이 친구들이랑 멀어진다 이런 거 없어서 괜찮았는데 중학교 3학년에서 이제 고등학교 때 한번 아예 학 그 학 우리 지금 다니는 학교 쪽으로 이사를 왔었단 말이야. 근데 그때 정말 좀 좋았던 친구들인데 완전 멀어지니까 그때 쪼끔 이제 스트레스를 받았었던 경험이 있고. 그래서 또 그래 가지고 이제 고등학교 1학년 때에서부터 2학년 때 또 이사를 가야 되는 상황이 된 거야. 근데 그래서 원래 다니던 고등학교 쪽으로 가려 했었는데 그러진 않고 이제 다시 원래 동네로 돌아갔었던 적이 있어. 나도 그런 전원주택에서 사는 꿈 같은 게 있었던 거 같아. 그 내가 직접 집을 만들고 아 설계해서 막 비밀 공간이나 아 이제 정말 큰 목욕탕이나 아니면 음 어떤 작업실 뭐 이런 걸 만들어 두고 싶다는 생각이 있었어. 만들고 싶다는. 그리 너 근데 지금 자취하고 있잖아. 그러면 그 가전제품 같은 거는 뭐 뭐 있어? 어 이러면 안 되는데. 나는 이제 본가에 살잖아. 어 집안일을 거의 다 안 하고 엄마가 하고 있어. 그러니까 설거지만 이제 내가 먹은 거 설거지하고 이제 그리고 옷 옷이나 분리수거 이런 거는 엄마 아빠가 거의 다 하는 거 같아. 그 자취하면서 이런 설거지나 분리수거 때문에 막 오빠랑 막 싸우거나 그러진 않아? 난 지금 너무 자취를 하고 싶어. 왜냐하면은 일단 난 이제 혼자가 편하단 말이야. 그래 가지고 이제 나만의 일상생활 패턴이 있는데 어쨌든 가족이랑 살면은 아무리 가족이라도 쪼금 지켜야 되는 게 있으니까 그런 게 이제 좀 나한테는 너무 좀 힘들고 내가 하고 싶은 것도 너무 제한이 되는 거 같아서 학교 근처에서 자취하고 싶다는 생각은 있는데 이게 자취도 어쨌든 돈이 많이 깨지니까 쉽사리 하진 못 하고 있고. 음 아마 군대 갔다 와서 자취를 할 수 있으면 하지 않을까 이런 생각이 있어. 음 너는 음 너희 집 인테리어는 혹시 어떻게 돼 있어? 음 우리 집은 이번에 새로 지은 아파트여 가지고 그냥 전체적으로 완전 깔끔한 느낌으로 지금 돼 있는데 이게 아파 이제 방 청소를 쪼끔만 안 해도 이제 옷가 방이 좀 좁아 가지고 옷도 막 의자 위에 올라가 있고 침대 위에 뭉쳐져 있고. 그래 가지고 인테리어는 깔끔한데 방 정리는 되게 안 돼 있는 거 같아. 그리고 또 새로 지은 아파트라 했잖아. 이게 요즘에 새로 지어서 그런가. 아파트가 되게 개성이 넘치더라고. 건물도 막 다 이 모습이 막 다르고. 막 저게 아파트 건물이야 이런 것도 있고. 그리고 처음에 이사 왔을 때 첫날인데 집을 못 찾겠는 거야. 왜냐하면은 보통 아파트 단지가 뭐 몇 호부터 몇 호 1에서 3 3에서 5 이렇게 순서대로 있는데 거기는 막 1에서 3이랑 17에서 19 이렇게 붙어 있고. 막 이상하게 다 붙어 있는 거야. 그래 가지고 처음 이사 갔을 때 그 아파트 단지 안에서 길 잃어 가지고 한 20분 30분 정도 헤맸던 기억이 있어. 너는 만약에 이제 앞으로 회사 다니고 할 거면은 하면은 혼자 살게 되면은 서울에서 계속 살고 싶어? 아니면은 대구? 이게 새로 지은 아파트여 가지고 이게 헬스장이나 도서관 뭐 어린이집 이런 게 입주된다는 얘기만 있고 아직은 인프라가 갖춰지진 못한 거 같아. 그래서 헬스장도 아마 생긴다곤 하는데 어 언제 생길진 잘 모르겠고. 그 아파트 단지 내에 도서관은 지금도 운영하고 있고. 그거 말고도 뭔가 주민들 휴식 공간이라고 하면서 건물이 몇 개 있더라고. 거기서 막 좀 차 같은 거 마시고 막 떠들면서 있는 아줌마들도 있고. 그 빈백 빈백도 있잖아. 그런 것도 아파트 단지 내에 몇 개 깔아둔 거야. 그래 가지고 거기서 좀 누워서 막 떠드는 사람들도 보고 이런 시설이 좀 있었어.,0.014965986394557823,0.02857142857142857,0.013605442176870748,0.0013605442176870747,0.005442176870748299,0.0027210884353741495,0.0027210884353741495,0.02312925170068027,0.0326530612244898,0.02040816326530612,0.004081632653061225,0.0163265306122449,0.0013605442176870747,0.005442176870748299,0.013605442176870748,0.0027210884353741495,0.004081632653061225,0.004081632653061225,0.024489795918367346,0.021768707482993196,0.0013605442176870747,0.0013605442176870747,0.005442176870748299,0.006802721088435374,0.0013605442176870747,0.004081632653061225,0.02040816326530612,0.0013605442176870747,0.0013605442176870747,0.009523809523809525,0.04353741496598639,0.0013605442176870747,0.005442176870748299,0.0013605442176870747,0.010884353741496598,0.005442176870748299,0.0013605442176870747,0.0027210884353741495,0.012244897959183673,0.0013605442176870747,0.0013605442176870747,0.006802721088435374,0.004081632653061225,0.0027210884353741495,0.027210884353741496,0.009523809523809525,0.010884353741496598,0.0013605442176870747,0.006802721088435374,0.024489795918367346,0.010884353741496598,0.0013605442176870747,0.006802721088435374,0.0027210884353741495,0.0013605442176870747,0.005442176870748299,0.0013605442176870747,0.0013605442176870747,0.0013605442176870747,0.006802721088435374,0.0013605442176870747,0.0027210884353741495,0.0013605442176870747,0.0027210884353741495,0.013605442176870748,0.0013605442176870747,0.006802721088435374,0.0013605442176870747,0.02857142857142857,0.0027210884353741495,0.0027210884353741495,0.0027210884353741495,0.005442176870748299,0.0013605442176870747,0.00816326530612245,0.004081632653061225,0.00816326530612245,0.0013605442176870747,0.005442176870748299,0.0027210884353741495,0.0013605442176870747,0.0013605442176870747,0.0027210884353741495,0.0013605442176870747,0.0013605442176870747,0.0013605442176870747,0.005442176870748299,0.0013605442176870747,0.005442176870748299,0.0027210884353741495,0.0013605442176870747,0.0027210884353741495,0.0027210884353741495,0.005442176870748299,0.004081632653061225,0.0013605442176870747,0.0027210884353741495,0.0013605442176870747,0.0013605442176870747,0.0013605442176870747,0.005442176870748299,0.004081632653061225,0.0013605442176870747,0.0013605442176870747,0.0013605442176870747,0.0027210884353741495,0.009523809523809525,0.014965986394557823,0.0013605442176870747,0.0013605442176870747,0.0013605442176870747,0.0027210884353741495,0.0013605442176870747,0.004081632653061225,0.0013605442176870747,0.004081632653061225,0.0013605442176870747,0.0013605442176870747,0.0027210884353741495,0.0027210884353741495,0.0027210884353741495,0.0013605442176870747,0.0013605442176870747,0.0027210884353741495,0.0027210884353741495,0.0013605442176870747,0.0027210884353741495,0.0013605442176870747,0.0027210884353741495,0.0013605442176870747,0.0013605442176870747,0.0013605442176870747,0.0013605442176870747,0.0013605442176870747,0.0013605442176870747,0.0013605442176870747,0.005442176870748299,0.004081632653061225,0.0013605442176870747,0.0013605442176870747,0.0027210884353741495,0.0027210884353741495,0.0013605442176870747,0.0013605442176870747,0.0013605442176870747,0.004081632653061225,0.0013605442176870747,0.0013605442176870747,0.004081632653061225,0.0013605442176870747,0.0027210884353741495,0.005442176870748299,0.0027210884353741495,0.004081632653061225,0.0013605442176870747,0.005442176870748299,0.0027210884353741495,0.0013605442176870747,0.0013605442176870747,0.0013605442176870747,0.0013605442176870747,0.0027210884353741495,0.0013605442176870747,0.0013605442176870747,0.0013605442176870747,0.0013605442176870747,0.0013605442176870747,0.0027210884353741495,0.0027210884353741495,0.0013605442176870747,0.0013605442176870747,0.0013605442176870747,0.0013605442176870747,0.0013605442176870747,0.0013605442176870747,0.0013605442176870747,0.0013605442176870747,0.0013605442176870747,0.0013605442176870747,0.0013605442176870747,0.0027210884353741495,0.0013605442176870747,0.0027210884353741495,0.0013605442176870747,0.0013605442176870747,0.005442176870748299,0.005442176870748299,0.005442176870748299,0.0013605442176870747,0.0013605442176870747,0.0013605442176870747,0.0013605442176870747,0.0013605442176870747,0.0013605442176870747,0.0013605442176870747,0.0027210884353741495,0.0013605442176870747,0.0013605442176870747,0.0013605442176870747,0.0013605442176870747,0.0027210884353741495,0.0013605442176870747,0.0013605442176870747,0.0013605442176870747,0.004081632653061225,0.0013605442176870747,0.0013605442176870747,0.0013605442176870747,0.0013605442176870747,0.0027210884353741495,0.0013605442176870747,0.0013605442176870747,0.0013605442176870747,0.005442176870748299,0.0027210884353741495,0.0013605442176870747,0.0013605442176870747,0.0027210884353741495,0.0013605442176870747,0.0013605442176870747,0.0013605442176870747,0.0013605442176870747,0.0013605442176870747,0.0013605442176870747,0.0013605442176870747,0.0013605442176870747,0.0013605442176870747,0.0013605442176870747,0.0027210884353741495,0.0027210884353741495,0.0013605442176870747,0.0013605442176870747,0.0013605442176870747,0.0013605442176870747,0.0013605442176870747,0.0013605442176870747,0.0013605442176870747,0.0013605442176870747,0.0027210884353741495,0.0013605442176870747,0.0013605442176870747,0.0013605442176870747,0.0013605442176870747,0.0013605442176870747,0.0013605442176870747,0.0013605442176870747,0.0013605442176870747,0.0013605442176870747,0.0013605442176870747,0.0013605442176870747,0.0027210884353741495,0.0013605442176870747,0.0013605442176870747,0.0013605442176870747,0.0013605442176870747,0.0013605442176870747,0.0013605442176870747,0.0013605442176870747,0.0,0.0,0.0,0.0,0.0,0.0,0.0,0.0,0.0,0.0,0.0,0.0,0.0,0.0,0.0,0.0,0.0,0.0,0.0,0.0,0.0,0.0,0.0,0.0,0.0,0.0,0.0,0.0,0.0,0.0,0.0,0.0,0.0,0.0,0.0,0.0,0.0,0.0,0.0,0.0,0.0,0.0,0.0,0.0,0.0,0.0,0.0,0.0,0.0,0.0,0.0,0.0,0.0,0.0,0.0,0.0,0.0,0.0,0.0,0.0,0.0,0.0,0.0,0.0,0.0,0.0,0.0,0.0,0.0,0.0,0.0,0.0,0.0,0.0,0.0,0.0,0.0,0.0,0.0,0.0,0.0,0.0,0.0,0.0,0.0,0.0,0.0,0.0,0.0,0.0,0.0,0.0,0.0,0.0,0.0,0.0,0.0,0.0,0.0,0.0,0.0,0.0,0.0,0.0,0.0,0.0,0.0,0.0,0.0,0.0,0.0,0.0,0.0,0.0,0.0,0.0,0.0,0.0,0.0,0.0,0.0,0.0,0.0,0.0,0.0,0.0,0.0,0.0,0.0,0.0,0.0,0.0,0.0,0.0,0.0,0.0,0.0,0.0,0.0,0.0,0.0,0.0,0.0,0.0,0.0,0.0,0.0,0.0,0.0,0.0,0.0,0.0,0.0,0.0,0.0,0.0,0.0,0.0,0.0,0.0,0.0,0.0,0.0,0.0,0.0,0.0,0.0,0.0,0.0,0.0,0.0,0.0,0.0,0.0,0.0,0.0,0.0,0.0,0.0,0.0,0.0,0.0,0.0,0.0,0.0,0.0,0.0,0.0,0.0,0.0,0.0,0.0,0.0,0.0,0.0,0.0,0.0,0.0,0.0,0.0,0.0,0.0,0.0,0.0,0.0,0.0,0.0,0.0,0.0,0.0,0.0,0.0,0.0,0.0,0.0,0.0,0.0,0.0,0.0,0.0,0.0,0.0,0.0,0.0,0.0,0.0,0.0,0.0,0.0,0.0,0.0,0.0,0.0,0.0,0.0,0.0,0.0,0.0,0.0,0.0,0.0,0.0,0.0,0.0,0.0,0.0,0.0,0.0,0.0,0.0,0.0,0.0,0.0,0.0,0.0,0.0,0.0,0.0,0.0,0.0,0.0,0.0,0.0,0.0,0.0,0.0,0.0,0.0,0.0,0.0,0.0,0.0,0.0,0.0,0.0,0.0,0.0,0.0,0.0,0.0,0.0,0.0,0.0,0.0,0.0,0.0,0.0,0.0,0.0,0.0,0.0,0.0,0.0,0.0,0.0,0.0,0.0,0.0,0.0,0.0,0.0,0.0,0.0,0.0,0.0,0.0,0.0,0.0,0.0,0.0,0.0,0.0,0.0,0.0,0.0,0.0,0.0,0.0,0.0,0.0,0.0,0.0,0.0,0.0,0.0,0.0,0.0,0.0,0.0,0.0,0.0,0.0,0.0,0.0,0.0,0.0,0.0,0.0,0.0,0.0,0.0,0.0,0.0,0.0,0.0,0.0,0.0,0.0,0.0,0.0,0.0,0.5309759984456154,0.0,0.0,0.0,0.0,0.0,0.0,0.0,0.0,0.0,0.0,0.0,0.0,0.0,0.0,0.0,0.0,0.0,0.0,0.0,0.0,0.0,0.0,0.0,0.0,0.0,0.0,0.0,0.0,0.0,0.0,0.0,0.0,0.0,0.0,0.0,0.0,0.0,0.0,0.0,0.0,0.0,0.0,0.0,0.0,0.0,0.0,0.0,0.0,0.0,0.0,0.0,0.0,0.0,0.0,0.0,0.0,0.0,0.0,0.0,0.0,0.0,0.0,0.0,0.0,0.0,0.0,0.0,0.0,0.0,0.0,0.0,0.0,0.0,0.0,0.0,0.0,0.0,0.0,0.0,0.0,0.0,0.0,0.0,0.0,0.0,0.0,0.0,0.0,0.0,0.0,0.0,0.0,0.0,0.0,0.0,0.0,0.0,0.0,0.0,0.0,0.0,0.0,0.0,0.0,0.0,0.0,0.0,0.0,0.0,0.0,0.0,0.0,0.0,0.0,0.0,0.0,0.0,0.0,0.0,0.0,0.0,0.0,0.0,0.0,0.0,0.0,0.0,0.0,0.0,0.0,0.0,0.0,0.0,0.0,0.0,0.0,0.0,0.0,0.0,0.0,0.0,0.0,0.0,0.0,0.0,0.0,0.0,0.0,0.0,0.0,0.0,0.0,0.0,0.0,0.0,0.0,0.0,0.0,0.0,0.0,0.0,0.0,0.0,0.0,0.0,0.0,0.0,0.0,0.0,0.0,0.0,0.0,0.0,0.0,0.0,0.0,0.0,0.0,0.0,0.0,0.0,0.0,0.0,0.0,0.0,0.0,0.0,0.0,0.0,0.0,0.0,0.0,0.0,0.0,0.0,0.0,0.0,0.0,0.0,0.0,0.0,0.0,0.0,0.0,0.0,0.0,0.0,0.0,0.0,0.0,0.0,0.0,0.0,0.0,0.0,0.0,0.0,0.0,0.0,0.0,0.0,0.0,0.0,0.0,0.0,0.0,0.0,0.0,0.0,0.0,0.0,0.0,0.0,0.0,0.0,0.0,0.0,0.0,0.0,0.0,0.0,0.0,0.0,0.0,0.0,0.0,0.0,0.0,0.0,0.0,0.0,0.0,0.0,0.0,0.0,0.0,0.0,0.0,0.0,0.0,0.0,0.0,0.0,0.0,0.0,0.0,0.0,0.0,0.0,0.0,0.0,0.0,0.0,0.0,0.0,0.0,0.0,0.0,0.0,0.0,0.0,0.0,0.0,0.0,0.0,0.0,0.0,0.0,0.0,0.0,0.0,0.0,0.0,0.0,0.0,0.0,0.0,0.0,0.0,0.0,0.0,0.0,0.0,0.0,0.0,0.0,0.0,0.0,0.0,0.0,0.0,0.0,0.0,0.0,0.0,0.0,0.0,0.0,0.0,0.0,0.0,0.0,0.0,0.0,0.5727083341341351,0.0,0.0,0.0,0.0,0.0,0.0,0.0,0.0,0.0,0.0,0.0,0.0,0.0,0.0,0.0,0.0,0.0,0.0,0.0,0.0,0.0,0.0,0.0,0.0,0.0,0.0,0.0,0.0,0.0,0.0,0.0,0.0,0.0,0.0,0.0,0.0,0.0,0.0,0.0,0.0,0.0,0.0,0.0,0.0,0.0,0.0,0.0,0.0,0.0,0.0,0.0,0.0,0.0,0.0,0.0,0.0,0.0,0.0,0.0,0.0,0.0,0.0,0.0,0.0,0.0,0.0,0.0,0.0,0.0,0.0,0.0,0.0,0.0,0.0,0.0,0.0,0.0,0.0,0.0,0.0,0.0,0.0,0.0,0.0,0.0,0.0,0.0,0.0,0.0,0.0,0.0,0.0,0.0,0.0,0.0,0.0,0.0,0.0,0.0,0.0,0.0,0.0,0.0,0.0,0.0,0.0,0.0,0.0,0.0,0.0,0.0,0.0,0.0,0.0,0.0,0.0,0.0,0.0,0.0,0.0,0.0,0.0,0.0,0.0,0.0,0.0,0.0,0.0,0.0,0.37242630261982157,0.0,0.0,0.0,0.0,0.0,0.0,0.0,0.0,0.0,0.0,0.0,0.0,0.0,0.0,0.0,0.0,0.0,0.0,0.5013664350601412,0.0,0.0,0.0,0.0,0.0,0.0,0.0,0.0,0.0,0.0,0.0,0.0,0.0,0.0,0.0,0.0,0.0,0.0,0.0,0.0,0.0,0.0,0.0,0.0,0.0,0.0,0.0,0.0,0.0,0.0,0.0,0.0,0.0,0.0,0.0,0.0,0.0,0.0,0.0,0.0,0.0,0.0,0.0,0.0,0.0,0.0,0.0,0.0,0.0,0.0,0.0,0.0,0.0,0.0,0.0,0.0,0.0,0.0,0.0,0.0,0.0,0.0,0.0,0.0,0.0,0.0,0.0,0.0,0.0,0.0,0.0,0.0,0.0,0.0,0.0,0.0,0.0,0.0,0.0,0.0,0.0,0.0,0.0,0.0,0.0,0.0,0.0,0.0,0.0,0.0,0.0,0.0,0.0,0.0,0.0,0.0
SD2401267,20대,너희 집은 지금 오피스텔이잖아. 그 층간 소음 좀 있는 거 같아? 나 지금 7층 사는데 딱히 층간 소음은 없는 거 같은데 좀 그 아파트에 이상한 사람은 좀 있는 거 같더라. 왜냐하면은 우리가 집에 아무도 없는 상태였는데 갑자기 밑의 집에서 올라온다 아 그 밑의 집인가 어디서 막 신고가 들어왔다는 거야. 이 이 시간이 너무 시끄러웠었다고. 그래 가지고 그게 그게 꼭 밑의 집은 아니고 밑의 층은 아니었던 거 같은데 그런 사람이 좀 있어서 좀 뭐지 좀 조심해야겠다 이런 적은 있었어. 이런 적이 있어. 그리고 너는 지금 자취를 그 1곳에서만 했던 거야 이사 없이? 나도 지금 누나랑 같이 살라고 하면은 절대 못 살 거 같아. 누나랑 진짜 맞는 게 하나도 없단 말이야. 누나도 막 나도 새벽에 전화하면은 누나가 뭐라 하고. 어떨 때 누나가 새벽에 게임하면 또 나한테 이제 내가 이제 스트레스받고. 그래서 이제 만약에 내가 너처럼 그러니까 형제 같이 살라고 하면은 나는 못 살 거 같아. 그리고 그리고 그 이사를 좀 많이 다녔었는데 이사 다닐 때마다 이제 방이 있긴 한데 이게 크기가 이제 큰방 작은방이 있었단 말이야. 그래 가지고 누가 큰방 쓸 거냐 이런 거 때문에 또 엄청 싸운 적 싸웠었고 싸웠었던 거 같아. 그러면 본가도 그러면 지금 살던 데 쭉 계속 살고 있었던 거야 어릴 때부터? 나는 이제 어릴 때부터 정말 많이 다녔었는데 초등학교랑 중학교 때까지는 그래도 한동네 내에서 왔다 갔다 했던 거여서 좀 이제 이사하느라 좀 귀찮고 막 집 바뀌는 게 좀 불편 적응이 안 되 초반에 적응이 안 되는 게 있긴 했어도 이 친구들이랑 멀어진다 이런 거 없어서 괜찮았는데 중학교 3학년에서 이제 고등학교 때 한번 아예 학 그 학 우리 지금 다니는 학교 쪽으로 이사를 왔었단 말이야. 근데 그때 정말 좀 좋았던 친구들인데 완전 멀어지니까 그때 쪼끔 이제 스트레스를 받았었던 경험이 있고. 그래서 또 그래 가지고 이제 고등학교 1학년 때에서부터 2학년 때 또 이사를 가야 되는 상황이 된 거야. 근데 그래서 원래 다니던 고등학교 쪽으로 가려 했었는데 그러진 않고 이제 다시 원래 동네로 돌아갔었던 적이 있어. 나도 그런 전원주택에서 사는 꿈 같은 게 있었던 거 같아. 그 내가 직접 집을 만들고 아 설계해서 막 비밀 공간이나 아 이제 정말 큰 목욕탕이나 아니면 음 어떤 작업실 뭐 이런 걸 만들어 두고 싶다는 생각이 있었어. 만들고 싶다는. 그리 너 근데 지금 자취하고 있잖아. 그러면 그 가전제품 같은 거는 뭐 뭐 있어? 어 이러면 안 되는데. 나는 이제 본가에 살잖아. 어 집안일을 거의 다 안 하고 엄마가 하고 있어. 그러니까 설거지만 이제 내가 먹은 거 설거지하고 이제 그리고 옷 옷이나 분리수거 이런 거는 엄마 아빠가 거의 다 하는 거 같아. 그 자취하면서 이런 설거지나 분리수거 때문에 막 오빠랑 막 싸우거나 그러진 않아? 난 지금 너무 자취를 하고 싶어. 왜냐하면은 일단 난 이제 혼자가 편하단 말이야. 그래 가지고 이제 나만의 일상생활 패턴이 있는데 어쨌든 가족이랑 살면은 아무리 가족이라도 쪼금 지켜야 되는 게 있으니까 그런 게 이제 좀 나한테는 너무 좀 힘들고 내가 하고 싶은 것도 너무 제한이 되는 거 같아서 학교 근처에서 자취하고 싶다는 생각은 있는데 이게 자취도 어쨌든 돈이 많이 깨지니까 쉽사리 하진 못 하고 있고. 음 아마 군대 갔다 와서 자취를 할 수 있으면 하지 않을까 이런 생각이 있어. 음 너는 음 너희 집 인테리어는 혹시 어떻게 돼 있어? 음 우리 집은 이번에 새로 지은 아파트여 가지고 그냥 전체적으로 완전 깔끔한 느낌으로 지금 돼 있는데 이게 아파 이제 방 청소를 쪼끔만 안 해도 이제 옷가 방이 좀 좁아 가지고 옷도 막 의자 위에 올라가 있고 침대 위에 뭉쳐져 있고. 그래 가지고 인테리어는 깔끔한데 방 정리는 되게 안 돼 있는 거 같아. 그리고 또 새로 지은 아파트라 했잖아. 이게 요즘에 새로 지어서 그런가. 아파트가 되게 개성이 넘치더라고. 건물도 막 다 이 모습이 막 다르고. 막 저게 아파트 건물이야 이런 것도 있고. 그리고 처음에 이사 왔을 때 첫날인데 집을 못 찾겠는 거야. 왜냐하면은 보통 아파트 단지가 뭐 몇 호부터 몇 호 1에서 3 3에서 5 이렇게 순서대로 있는데 거기는 막 1에서 3이랑 17에서 19 이렇게 붙어 있고. 막 이상하게 다 붙어 있는 거야. 그래 가지고 처음 이사 갔을 때 그 아파트 단지 안에서 길 잃어 가지고 한 20분 30분 정도 헤맸던 기억이 있어. 너는 만약에 이제 앞으로 회사 다니고 할 거면은 하면은 혼자 살게 되면은 서울에서 계속 살고 싶어? 아니면은 대구? 이게 새로 지은 아파트여 가지고 이게 헬스장이나 도서관 뭐 어린이집 이런 게 입주된다는 얘기만 있고 아직은 인프라가 갖춰지진 못한 거 같아. 그래서 헬스장도 아마 생긴다곤 하는데 어 언제 생길진 잘 모르겠고. 그 아파트 단지 내에 도서관은 지금도 운영하고 있고. 그거 말고도 뭔가 주민들 휴식 공간이라고 하면서 건물이 몇 개 있더라고. 거기서 막 좀 차 같은 거 마시고 막 떠들면서 있는 아줌마들도 있고. 그 빈백 빈백도 있잖아. 그런 것도 아파트 단지 내에 몇 개 깔아둔 거야. 그래 가지고 거기서 좀 누워서 막 떠드는 사람들도 보고 이런 시설이 좀 있었어.,0.014965986394557823,0.02857142857142857,0.013605442176870748,0.0013605442176870747,0.005442176870748299,0.0027210884353741495,0.0027210884353741495,0.02312925170068027,0.0326530612244898,0.02040816326530612,0.004081632653061225,0.0163265306122449,0.0013605442176870747,0.005442176870748299,0.013605442176870748,0.0027210884353741495,0.004081632653061225,0.004081632653061225,0.024489795918367346,0.021768707482993196,0.0013605442176870747,0.0013605442176870747,0.005442176870748299,0.006802721088435374,0.0013605442176870747,0.004081632653061225,0.02040816326530612,0.0013605442176870747,0.0013605442176870747,0.009523809523809525,0.04353741496598639,0.0013605442176870747,0.005442176870748299,0.0013605442176870747,0.010884353741496598,0.005442176870748299,0.0013605442176870747,0.0027210884353741495,0.012244897959183673,0.0013605442176870747,0.0013605442176870747,0.006802721088435374,0.004081632653061225,0.0027210884353741495,0.027210884353741496,0.009523809523809525,0.010884353741496598,0.0013605442176870747,0.006802721088435374,0.024489795918367346,0.010884353741496598,0.0013605442176870747,0.006802721088435374,0.0027210884353741495,0.0013605442176870747,0.005442176870748299,0.0013605442176870747,0.0013605442176870747,0.0013605442176870747,0.006802721088435374,0.0013605442176870747,0.0027210884353741495,0.0013605442176870747,0.0027210884353741495,0.013605442176870748,0.0013605442176870747,0.006802721088435374,0.0013605442176870747,0.02857142857142857,0.0027210884353741495,0.0027210884353741495,0.0027210884353741495,0.005442176870748299,0.0013605442176870747,0.00816326530612245,0.004081632653061225,0.00816326530612245,0.0013605442176870747,0.005442176870748299,0.0027210884353741495,0.0013605442176870747,0.0013605442176870747,0.0027210884353741495,0.0013605442176870747,0.0013605442176870747,0.0013605442176870747,0.005442176870748299,0.0013605442176870747,0.005442176870748299,0.0027210884353741495,0.0013605442176870747,0.0027210884353741495,0.0027210884353741495,0.005442176870748299,0.004081632653061225,0.0013605442176870747,0.0027210884353741495,0.0013605442176870747,0.0013605442176870747,0.0013605442176870747,0.005442176870748299,0.004081632653061225,0.0013605442176870747,0.0013605442176870747,0.0013605442176870747,0.0027210884353741495,0.009523809523809525,0.014965986394557823,0.0013605442176870747,0.0013605442176870747,0.0013605442176870747,0.0027210884353741495,0.0013605442176870747,0.004081632653061225,0.0013605442176870747,0.004081632653061225,0.0013605442176870747,0.0013605442176870747,0.0027210884353741495,0.0027210884353741495,0.0027210884353741495,0.0013605442176870747,0.0013605442176870747,0.0027210884353741495,0.0027210884353741495,0.0013605442176870747,0.0027210884353741495,0.0013605442176870747,0.0027210884353741495,0.0013605442176870747,0.0013605442176870747,0.0013605442176870747,0.0013605442176870747,0.0013605442176870747,0.0013605442176870747,0.0013605442176870747,0.005442176870748299,0.004081632653061225,0.0013605442176870747,0.0013605442176870747,0.0027210884353741495,0.0027210884353741495,0.0013605442176870747,0.0013605442176870747,0.0013605442176870747,0.004081632653061225,0.0013605442176870747,0.0013605442176870747,0.004081632653061225,0.0013605442176870747,0.0027210884353741495,0.005442176870748299,0.0027210884353741495,0.004081632653061225,0.0013605442176870747,0.005442176870748299,0.0027210884353741495,0.0013605442176870747,0.0013605442176870747,0.0013605442176870747,0.0013605442176870747,0.0027210884353741495,0.0013605442176870747,0.0013605442176870747,0.0013605442176870747,0.0013605442176870747,0.0013605442176870747,0.0027210884353741495,0.0027210884353741495,0.0013605442176870747,0.0013605442176870747,0.0013605442176870747,0.0013605442176870747,0.0013605442176870747,0.0013605442176870747,0.0013605442176870747,0.0013605442176870747,0.0013605442176870747,0.0013605442176870747,0.0013605442176870747,0.0027210884353741495,0.0013605442176870747,0.0027210884353741495,0.0013605442176870747,0.0013605442176870747,0.005442176870748299,0.005442176870748299,0.005442176870748299,0.0013605442176870747,0.0013605442176870747,0.0013605442176870747,0.0013605442176870747,0.0013605442176870747,0.0013605442176870747,0.0013605442176870747,0.0027210884353741495,0.0013605442176870747,0.0013605442176870747,0.0013605442176870747,0.0013605442176870747,0.0027210884353741495,0.0013605442176870747,0.0013605442176870747,0.0013605442176870747,0.004081632653061225,0.0013605442176870747,0.0013605442176870747,0.0013605442176870747,0.0013605442176870747,0.0027210884353741495,0.0013605442176870747,0.0013605442176870747,0.0013605442176870747,0.005442176870748299,0.0027210884353741495,0.0013605442176870747,0.0013605442176870747,0.0027210884353741495,0.0013605442176870747,0.0013605442176870747,0.0013605442176870747,0.0013605442176870747,0.0013605442176870747,0.0013605442176870747,0.0013605442176870747,0.0013605442176870747,0.0013605442176870747,0.0013605442176870747,0.0027210884353741495,0.0027210884353741495,0.0013605442176870747,0.0013605442176870747,0.0013605442176870747,0.0013605442176870747,0.0013605442176870747,0.0013605442176870747,0.0013605442176870747,0.0013605442176870747,0.0027210884353741495,0.0013605442176870747,0.0013605442176870747,0.0013605442176870747,0.0013605442176870747,0.0013605442176870747,0.0013605442176870747,0.0013605442176870747,0.0013605442176870747,0.0013605442176870747,0.0013605442176870747,0.0013605442176870747,0.0027210884353741495,0.0013605442176870747,0.0013605442176870747,0.0013605442176870747,0.0013605442176870747,0.0013605442176870747,0.0013605442176870747,0.0013605442176870747,0.0,0.0,0.0,0.0,0.0,0.0,0.0,0.0,0.0,0.0,0.0,0.0,0.0,0.0,0.0,0.0,0.0,0.0,0.0,0.0,0.0,0.0,0.0,0.0,0.0,0.0,0.0,0.0,0.0,0.0,0.0,0.0,0.0,0.0,0.0,0.0,0.0,0.0,0.0,0.0,0.0,0.0,0.0,0.0,0.0,0.0,0.0,0.0,0.0,0.0,0.0,0.0,0.0,0.0,0.0,0.0,0.0,0.0,0.0,0.0,0.0,0.0,0.0,0.0,0.0,0.0,0.0,0.0,0.0,0.0,0.0,0.0,0.0,0.0,0.0,0.0,0.0,0.0,0.0,0.0,0.0,0.0,0.0,0.0,0.0,0.0,0.0,0.0,0.0,0.0,0.0,0.0,0.0,0.0,0.0,0.0,0.0,0.0,0.0,0.0,0.0,0.0,0.0,0.0,0.0,0.0,0.0,0.0,0.0,0.0,0.0,0.0,0.0,0.0,0.0,0.0,0.0,0.0,0.0,0.0,0.0,0.0,0.0,0.0,0.0,0.0,0.0,0.0,0.0,0.0,0.0,0.0,0.0,0.0,0.0,0.0,0.0,0.0,0.0,0.0,0.0,0.0,0.0,0.0,0.0,0.0,0.0,0.0,0.0,0.0,0.0,0.0,0.0,0.0,0.0,0.0,0.0,0.0,0.0,0.0,0.0,0.0,0.0,0.0,0.0,0.0,0.0,0.0,0.0,0.0,0.0,0.0,0.0,0.0,0.0,0.0,0.0,0.0,0.0,0.0,0.0,0.0,0.0,0.0,0.0,0.0,0.0,0.0,0.0,0.0,0.0,0.0,0.0,0.0,0.0,0.0,0.0,0.0,0.0,0.0,0.0,0.0,0.0,0.0,0.0,0.0,0.0,0.0,0.0,0.0,0.0,0.0,0.0,0.0,0.0,0.0,0.0,0.0,0.0,0.0,0.0,0.0,0.0,0.0,0.0,0.0,0.0,0.0,0.0,0.0,0.0,0.0,0.0,0.3723144795109387,0.0,0.0,0.0,0.0,0.0,0.0,0.0,0.0,0.0,0.0,0.0,0.0,0.0,0.0,0.0,0.0,0.0,0.0,0.0,0.0,0.0,0.0,0.0,0.0,0.0,0.0,0.0,0.0,0.0,0.0,0.0,0.0,0.0,0.0,0.0,0.0,0.0,0.0,0.0,0.0,0.0,0.0,0.0,0.0,0.0,0.0,0.0,0.0,0.0,0.0,0.0,0.0,0.0,0.0,0.0,0.0,0.0,0.0,0.0,0.0,0.0,0.0,0.0,0.0,0.0,0.0,0.0,0.0,0.0,0.0,0.0,0.0,0.0,0.0,0.0,0.0,0.0,0.0,0.0,0.0,0.0,0.0,0.0,0.0,0.0,0.0,0.0,0.0,0.0,0.0,0.0,0.0,0.0,0.0,0.0,0.0,0.0,0.0,0.0,0.0,0.0,0.0,0.0,0.0,0.0,0.0,0.0,0.0,0.0,0.0,0.0,0.0,0.0,0.0,0.0,0.0,0.0,0.0,0.0,0.0,0.0,0.0,0.0,0.0,0.0,0.0,0.0,0.0,0.0,0.0,0.0,0.0,0.0,0.0,0.0,0.0,0.0,0.0,0.0,0.0,0.0,0.0,0.0,0.0,0.0,0.0,0.0,0.0,0.0,0.0,0.0,0.0,0.0,0.0,0.0,0.0,0.0,0.0,0.0,0.0,0.0,0.0,0.0,0.0,0.0,0.0,0.0,0.0,0.0,0.0,0.0,0.0,0.0,0.0,0.0,0.0,0.0,0.0,0.0,0.0,0.0,0.0,0.0,0.0,0.0,0.0,0.0,0.0,0.0,0.0,0.0,0.0,0.0,0.0,0.0,0.0,0.0,0.0,0.0,0.0,0.0,0.0,0.0,0.0,0.0,0.0,0.0,0.0,0.0,0.0,0.0,0.0,0.0,0.0,0.0,0.0,0.0,0.0,0.0,0.0,0.0,0.0,0.0,0.0,0.0,0.0,0.0,0.0,0.0,0.0,0.0,0.0,0.0,0.0,0.0,0.0,0.0,0.0,0.0,0.0,0.0,0.0,0.0,0.0,0.0,0.0,0.0,0.0,0.0,0.0,0.0,0.0,0.0,0.0,0.0,0.0,0.0,0.0,0.0,0.0,0.0,0.0,0.0,0.0,0.0,0.0,0.0,0.0,0.0,0.0,0.0,0.0,0.0,0.0,0.0,0.0,0.0,0.0,0.0,0.0,0.0,0.0,0.0,0.0,0.0,0.0,0.0,0.0,0.0,0.0,0.0,0.0,0.0,0.0,0.0,0.0,0.0,0.0,0.0,0.0,0.0,0.0,0.0,0.0,0.0,0.0,0.0,0.0,0.0,0.0,0.0,0.0,0.0,0.0,0.0,0.0,0.0,0.0,0.0,0.0,0.0,0.0,0.0,0.0,0.0,0.0,0.0,0.0,0.0,0.0,0.0,0.0,0.0,0.6253100325089109,0.0,0.0,0.0,0.0,0.0,0.0,0.0,0.0,0.0,0.0,0.0,0.0,0.0,0.0,0.0,0.0,0.0,0.0,0.0,0.0,0.0,0.0,0.0,0.0,0.0,0.0,0.0,0.0,0.0,0.0,0.0,0.0,0.0,0.0,0.0,0.0,0.0,0.0,0.0,0.0,0.0,0.0,0.0,0.0,0.0,0.0,0.0,0.0,0.0,0.0,0.0,0.0,0.0,0.0,0.0,0.0,0.0,0.0,0.0,0.0,0.0,0.0,0.0,0.0,0.0,0.0,0.0,0.0,0.0,0.0,0.0,0.0,0.0,0.0,0.0,0.0,0.0,0.0,0.0,0.0,0.0,0.0,0.0,0.0,0.0,0.0,0.0,0.0,0.0,0.0,0.0,0.0,0.0,0.0,0.0,0.0,0.0,0.0,0.0,0.0,0.0,0.0,0.0,0.0,0.0,0.0,0.0,0.0,0.0,0.0,0.0,0.0,0.0,0.0,0.0,0.0,0.0,0.0,0.0,0.0,0.0,0.0,0.0,0.0,0.0,0.0,0.0,0.0,0.0,0.0,0.0,0.0,0.0,0.0,0.0,0.0,0.0,0.0,0.0,0.0,0.0,0.0,0.0,0.0,0.0,0.0,0.0,0.0,0.0,0.0,0.0,0.0,0.0,0.0,0.0,0.0,0.0,0.0,0.0,0.0,0.0,0.0,0.0,0.0,0.0,0.0,0.444444702246435,0.0,0.0,0.0,0.0,0.0,0.0,0.0,0.0,0.0,0.0,0.0,0.0,0.0,0.0,0.0,0.0,0.0,0.0,0.0,0.0,0.0,0.0,0.0,0.0,0.0,0.0,0.0,0.0,0.0,0.0,0.0,0.0,0.0,0.0,0.0,0.0,0.0,0.0,0.0,0.0,0.0,0.0,0.0,0.0,0.0,0.0,0.0,0.0,0.0,0.0,0.0,0.0,0.0,0.0,0.0,0.0,0.0,0.0,0.0,0.0,0.0,0.0,0.0,0.0,0.0,0.0,0.0,0.0,0.0,0.0,0.0,0.0,0.0,0.0,0.0,0.0,0.0,0.0,0.0,0.0,0.0,0.0,0.0,0.0,0.0,0.0,0.0,0.0,0.0,0.0,0.0,0.0,0.0,0.0,0.0,0.0,0.0,0.0,0.0,0.0,0.0,0.0,0.0,0.0,0.0,0.0,0.0,0.0,0.0,0.0,0.0,0.0,0.5223391601586856,0.0,0.0,0.0,0.0,0.0,0.0,0.0,0.0,0.0,0.0,0.0,0.0,0.0,0.0,0.0,0.0,0.0,0.0,0.0,0.0,0.0,0.0,0.0,0.0,0.0,0.0,0.0,0.0,0.0,0.0,0.0,0.0,0.0,0.0,0.0,0.0,0.0,0.0,0.0,0.0,0.0,0.0,0.0,0.0,0.0,0.0,0.0,0.0,0.0,0.0,0.0,0.0,0.0,0.0,0.0,0.0,0.0,0.0,0.0,0.0,0.0,0.0,0.0,0.0,0.0,0.0,0.0,0.0,0.0,0.0,0.0,0.0,0.0,0.0
SD2401267,20대,너희 집은 지금 오피스텔이잖아. 그 층간 소음 좀 있는 거 같아? 나 지금 7층 사는데 딱히 층간 소음은 없는 거 같은데 좀 그 아파트에 이상한 사람은 좀 있는 거 같더라. 왜냐하면은 우리가 집에 아무도 없는 상태였는데 갑자기 밑의 집에서 올라온다 아 그 밑의 집인가 어디서 막 신고가 들어왔다는 거야. 이 이 시간이 너무 시끄러웠었다고. 그래 가지고 그게 그게 꼭 밑의 집은 아니고 밑의 층은 아니었던 거 같은데 그런 사람이 좀 있어서 좀 뭐지 좀 조심해야겠다 이런 적은 있었어. 이런 적이 있어. 그리고 너는 지금 자취를 그 1곳에서만 했던 거야 이사 없이? 나도 지금 누나랑 같이 살라고 하면은 절대 못 살 거 같아. 누나랑 진짜 맞는 게 하나도 없단 말이야. 누나도 막 나도 새벽에 전화하면은 누나가 뭐라 하고. 어떨 때 누나가 새벽에 게임하면 또 나한테 이제 내가 이제 스트레스받고. 그래서 이제 만약에 내가 너처럼 그러니까 형제 같이 살라고 하면은 나는 못 살 거 같아. 그리고 그리고 그 이사를 좀 많이 다녔었는데 이사 다닐 때마다 이제 방이 있긴 한데 이게 크기가 이제 큰방 작은방이 있었단 말이야. 그래 가지고 누가 큰방 쓸 거냐 이런 거 때문에 또 엄청 싸운 적 싸웠었고 싸웠었던 거 같아. 그러면 본가도 그러면 지금 살던 데 쭉 계속 살고 있었던 거야 어릴 때부터? 나는 이제 어릴 때부터 정말 많이 다녔었는데 초등학교랑 중학교 때까지는 그래도 한동네 내에서 왔다 갔다 했던 거여서 좀 이제 이사하느라 좀 귀찮고 막 집 바뀌는 게 좀 불편 적응이 안 되 초반에 적응이 안 되는 게 있긴 했어도 이 친구들이랑 멀어진다 이런 거 없어서 괜찮았는데 중학교 3학년에서 이제 고등학교 때 한번 아예 학 그 학 우리 지금 다니는 학교 쪽으로 이사를 왔었단 말이야. 근데 그때 정말 좀 좋았던 친구들인데 완전 멀어지니까 그때 쪼끔 이제 스트레스를 받았었던 경험이 있고. 그래서 또 그래 가지고 이제 고등학교 1학년 때에서부터 2학년 때 또 이사를 가야 되는 상황이 된 거야. 근데 그래서 원래 다니던 고등학교 쪽으로 가려 했었는데 그러진 않고 이제 다시 원래 동네로 돌아갔었던 적이 있어. 나도 그런 전원주택에서 사는 꿈 같은 게 있었던 거 같아. 그 내가 직접 집을 만들고 아 설계해서 막 비밀 공간이나 아 이제 정말 큰 목욕탕이나 아니면 음 어떤 작업실 뭐 이런 걸 만들어 두고 싶다는 생각이 있었어. 만들고 싶다는. 그리 너 근데 지금 자취하고 있잖아. 그러면 그 가전제품 같은 거는 뭐 뭐 있어? 어 이러면 안 되는데. 나는 이제 본가에 살잖아. 어 집안일을 거의 다 안 하고 엄마가 하고 있어. 그러니까 설거지만 이제 내가 먹은 거 설거지하고 이제 그리고 옷 옷이나 분리수거 이런 거는 엄마 아빠가 거의 다 하는 거 같아. 그 자취하면서 이런 설거지나 분리수거 때문에 막 오빠랑 막 싸우거나 그러진 않아? 난 지금 너무 자취를 하고 싶어. 왜냐하면은 일단 난 이제 혼자가 편하단 말이야. 그래 가지고 이제 나만의 일상생활 패턴이 있는데 어쨌든 가족이랑 살면은 아무리 가족이라도 쪼금 지켜야 되는 게 있으니까 그런 게 이제 좀 나한테는 너무 좀 힘들고 내가 하고 싶은 것도 너무 제한이 되는 거 같아서 학교 근처에서 자취하고 싶다는 생각은 있는데 이게 자취도 어쨌든 돈이 많이 깨지니까 쉽사리 하진 못 하고 있고. 음 아마 군대 갔다 와서 자취를 할 수 있으면 하지 않을까 이런 생각이 있어. 음 너는 음 너희 집 인테리어는 혹시 어떻게 돼 있어? 음 우리 집은 이번에 새로 지은 아파트여 가지고 그냥 전체적으로 완전 깔끔한 느낌으로 지금 돼 있는데 이게 아파 이제 방 청소를 쪼끔만 안 해도 이제 옷가 방이 좀 좁아 가지고 옷도 막 의자 위에 올라가 있고 침대 위에 뭉쳐져 있고. 그래 가지고 인테리어는 깔끔한데 방 정리는 되게 안 돼 있는 거 같아. 그리고 또 새로 지은 아파트라 했잖아. 이게 요즘에 새로 지어서 그런가. 아파트가 되게 개성이 넘치더라고. 건물도 막 다 이 모습이 막 다르고. 막 저게 아파트 건물이야 이런 것도 있고. 그리고 처음에 이사 왔을 때 첫날인데 집을 못 찾겠는 거야. 왜냐하면은 보통 아파트 단지가 뭐 몇 호부터 몇 호 1에서 3 3에서 5 이렇게 순서대로 있는데 거기는 막 1에서 3이랑 17에서 19 이렇게 붙어 있고. 막 이상하게 다 붙어 있는 거야. 그래 가지고 처음 이사 갔을 때 그 아파트 단지 안에서 길 잃어 가지고 한 20분 30분 정도 헤맸던 기억이 있어. 너는 만약에 이제 앞으로 회사 다니고 할 거면은 하면은 혼자 살게 되면은 서울에서 계속 살고 싶어? 아니면은 대구? 이게 새로 지은 아파트여 가지고 이게 헬스장이나 도서관 뭐 어린이집 이런 게 입주된다는 얘기만 있고 아직은 인프라가 갖춰지진 못한 거 같아. 그래서 헬스장도 아마 생긴다곤 하는데 어 언제 생길진 잘 모르겠고. 그 아파트 단지 내에 도서관은 지금도 운영하고 있고. 그거 말고도 뭔가 주민들 휴식 공간이라고 하면서 건물이 몇 개 있더라고. 거기서 막 좀 차 같은 거 마시고 막 떠들면서 있는 아줌마들도 있고. 그 빈백 빈백도 있잖아. 그런 것도 아파트 단지 내에 몇 개 깔아둔 거야. 그래 가지고 거기서 좀 누워서 막 떠드는 사람들도 보고 이런 시설이 좀 있었어.,0.014965986394557823,0.02857142857142857,0.013605442176870748,0.0013605442176870747,0.005442176870748299,0.0027210884353741495,0.0027210884353741495,0.02312925170068027,0.0326530612244898,0.02040816326530612,0.004081632653061225,0.0163265306122449,0.0013605442176870747,0.005442176870748299,0.013605442176870748,0.0027210884353741495,0.004081632653061225,0.004081632653061225,0.024489795918367346,0.021768707482993196,0.0013605442176870747,0.0013605442176870747,0.005442176870748299,0.006802721088435374,0.0013605442176870747,0.004081632653061225,0.02040816326530612,0.0013605442176870747,0.0013605442176870747,0.009523809523809525,0.04353741496598639,0.0013605442176870747,0.005442176870748299,0.0013605442176870747,0.010884353741496598,0.005442176870748299,0.0013605442176870747,0.0027210884353741495,0.012244897959183673,0.0013605442176870747,0.0013605442176870747,0.006802721088435374,0.004081632653061225,0.0027210884353741495,0.027210884353741496,0.009523809523809525,0.010884353741496598,0.0013605442176870747,0.006802721088435374,0.024489795918367346,0.010884353741496598,0.0013605442176870747,0.006802721088435374,0.0027210884353741495,0.0013605442176870747,0.005442176870748299,0.0013605442176870747,0.0013605442176870747,0.0013605442176870747,0.006802721088435374,0.0013605442176870747,0.0027210884353741495,0.0013605442176870747,0.0027210884353741495,0.013605442176870748,0.0013605442176870747,0.006802721088435374,0.0013605442176870747,0.02857142857142857,0.0027210884353741495,0.0027210884353741495,0.0027210884353741495,0.005442176870748299,0.0013605442176870747,0.00816326530612245,0.004081632653061225,0.00816326530612245,0.0013605442176870747,0.005442176870748299,0.0027210884353741495,0.0013605442176870747,0.0013605442176870747,0.0027210884353741495,0.0013605442176870747,0.0013605442176870747,0.0013605442176870747,0.005442176870748299,0.0013605442176870747,0.005442176870748299,0.0027210884353741495,0.0013605442176870747,0.0027210884353741495,0.0027210884353741495,0.005442176870748299,0.004081632653061225,0.0013605442176870747,0.0027210884353741495,0.0013605442176870747,0.0013605442176870747,0.0013605442176870747,0.005442176870748299,0.004081632653061225,0.0013605442176870747,0.0013605442176870747,0.0013605442176870747,0.0027210884353741495,0.009523809523809525,0.014965986394557823,0.0013605442176870747,0.0013605442176870747,0.0013605442176870747,0.0027210884353741495,0.0013605442176870747,0.004081632653061225,0.0013605442176870747,0.004081632653061225,0.0013605442176870747,0.0013605442176870747,0.0027210884353741495,0.0027210884353741495,0.0027210884353741495,0.0013605442176870747,0.0013605442176870747,0.0027210884353741495,0.0027210884353741495,0.0013605442176870747,0.0027210884353741495,0.0013605442176870747,0.0027210884353741495,0.0013605442176870747,0.0013605442176870747,0.0013605442176870747,0.0013605442176870747,0.0013605442176870747,0.0013605442176870747,0.0013605442176870747,0.005442176870748299,0.004081632653061225,0.0013605442176870747,0.0013605442176870747,0.0027210884353741495,0.0027210884353741495,0.0013605442176870747,0.0013605442176870747,0.0013605442176870747,0.004081632653061225,0.0013605442176870747,0.0013605442176870747,0.004081632653061225,0.0013605442176870747,0.0027210884353741495,0.005442176870748299,0.0027210884353741495,0.004081632653061225,0.0013605442176870747,0.005442176870748299,0.0027210884353741495,0.0013605442176870747,0.0013605442176870747,0.0013605442176870747,0.0013605442176870747,0.0027210884353741495,0.0013605442176870747,0.0013605442176870747,0.0013605442176870747,0.0013605442176870747,0.0013605442176870747,0.0027210884353741495,0.0027210884353741495,0.0013605442176870747,0.0013605442176870747,0.0013605442176870747,0.0013605442176870747,0.0013605442176870747,0.0013605442176870747,0.0013605442176870747,0.0013605442176870747,0.0013605442176870747,0.0013605442176870747,0.0013605442176870747,0.0027210884353741495,0.0013605442176870747,0.0027210884353741495,0.0013605442176870747,0.0013605442176870747,0.005442176870748299,0.005442176870748299,0.005442176870748299,0.0013605442176870747,0.0013605442176870747,0.0013605442176870747,0.0013605442176870747,0.0013605442176870747,0.0013605442176870747,0.0013605442176870747,0.0027210884353741495,0.0013605442176870747,0.0013605442176870747,0.0013605442176870747,0.0013605442176870747,0.0027210884353741495,0.0013605442176870747,0.0013605442176870747,0.0013605442176870747,0.004081632653061225,0.0013605442176870747,0.0013605442176870747,0.0013605442176870747,0.0013605442176870747,0.0027210884353741495,0.0013605442176870747,0.0013605442176870747,0.0013605442176870747,0.005442176870748299,0.0027210884353741495,0.0013605442176870747,0.0013605442176870747,0.0027210884353741495,0.0013605442176870747,0.0013605442176870747,0.0013605442176870747,0.0013605442176870747,0.0013605442176870747,0.0013605442176870747,0.0013605442176870747,0.0013605442176870747,0.0013605442176870747,0.0013605442176870747,0.0027210884353741495,0.0027210884353741495,0.0013605442176870747,0.0013605442176870747,0.0013605442176870747,0.0013605442176870747,0.0013605442176870747,0.0013605442176870747,0.0013605442176870747,0.0013605442176870747,0.0027210884353741495,0.0013605442176870747,0.0013605442176870747,0.0013605442176870747,0.0013605442176870747,0.0013605442176870747,0.0013605442176870747,0.0013605442176870747,0.0013605442176870747,0.0013605442176870747,0.0013605442176870747,0.0013605442176870747,0.0027210884353741495,0.0013605442176870747,0.0013605442176870747,0.0013605442176870747,0.0013605442176870747,0.0013605442176870747,0.0013605442176870747,0.0013605442176870747,0.0,0.0,0.0,0.0,0.0,0.0,0.0,0.0,0.0,0.0,0.0,0.0,0.0,0.0,0.0,0.0,0.0,0.0,0.0,0.0,0.0,0.0,0.0,0.0,0.0,0.0,0.0,0.0,0.0,0.0,0.0,0.0,0.0,0.0,0.0,0.0,0.0,0.0,0.0,0.0,0.0,0.0,0.0,0.0,0.0,0.0,0.0,0.0,0.0,0.0,0.0,0.0,0.0,0.0,0.0,0.0,0.0,0.0,0.0,0.0,0.0,0.0,0.0,0.0,0.0,0.0,0.0,0.0,0.0,0.0,0.0,0.0,0.0,0.0,0.0,0.0,0.0,0.0,0.0,0.0,0.0,0.0,0.0,0.0,0.0,0.0,0.0,0.0,0.0,0.0,0.0,0.0,0.0,0.0,0.0,0.0,0.0,0.0,0.0,0.0,0.0,0.0,0.0,0.0,0.0,0.0,0.0,0.0,0.0,0.0,0.0,0.0,0.0,0.0,0.0,0.0,0.0,0.0,0.0,0.0,0.0,0.0,0.0,0.0,0.0,0.0,0.0,0.0,0.0,0.0,0.0,0.0,0.0,0.0,0.0,0.0,0.0,0.0,0.0,0.0,0.0,0.0,0.0,0.0,0.0,0.0,0.0,0.0,0.0,0.0,0.0,0.0,0.0,0.0,0.0,0.0,0.0,0.0,0.0,0.0,0.0,0.0,0.0,0.0,0.0,0.0,0.0,0.0,0.0,0.0,0.0,0.0,0.0,0.0,0.0,0.0,0.0,0.0,0.0,0.0,0.0,0.0,0.0,0.0,0.0,0.0,0.0,0.0,0.0,0.0,0.0,0.0,0.0,0.0,0.0,0.0,0.0,0.0,0.0,0.0,0.0,0.0,0.0,0.0,0.0,0.0,0.0,0.0,0.0,0.0,0.661910693309635,0.0,0.0,0.0,0.0,0.0,0.0,0.0,0.0,0.0,0.0,0.0,0.0,0.0,0.0,0.0,0.0,0.0,0.0,0.0,0.0,0.0,0.0,0.0,0.0,0.0,0.0,0.0,0.0,0.0,0.0,0.0,0.0,0.0,0.0,0.0,0.0,0.0,0.0,0.0,0.0,0.0,0.0,0.0,0.0,0.0,0.0,0.0,0.0,0.0,0.0,0.0,0.0,0.0,0.0,0.0,0.0,0.0,0.0,0.0,0.0,0.0,0.0,0.0,0.0,0.0,0.0,0.0,0.0,0.0,0.0,0.0,0.0,0.0,0.0,0.0,0.0,0.0,0.0,0.0,0.0,0.0,0.0,0.0,0.0,0.0,0.0,0.0,0.0,0.0,0.0,0.0,0.0,0.0,0.0,0.0,0.0,0.0,0.0,0.0,0.0,0.0,0.0,0.0,0.0,0.0,0.0,0.0,0.0,0.0,0.0,0.0,0.0,0.0,0.0,0.0,0.0,0.0,0.0,0.0,0.0,0.0,0.0,0.0,0.0,0.0,0.0,0.0,0.0,0.0,0.0,0.0,0.0,0.0,0.0,0.0,0.0,0.0,0.0,0.0,0.0,0.0,0.0,0.0,0.0,0.0,0.0,0.0,0.0,0.0,0.0,0.0,0.0,0.0,0.0,0.0,0.0,0.0,0.0,0.0,0.0,0.0,0.0,0.0,0.0,0.0,0.0,0.0,0.0,0.0,0.0,0.0,0.0,0.0,0.0,0.0,0.0,0.0,0.0,0.0,0.0,0.0,0.0,0.0,0.0,0.0,0.0,0.0,0.0,0.0,0.0,0.0,0.0,0.0,0.0,0.0,0.0,0.0,0.0,0.0,0.0,0.0,0.0,0.0,0.0,0.0,0.0,0.0,0.0,0.0,0.0,0.0,0.0,0.0,0.0,0.0,0.0,0.0,0.0,0.0,0.0,0.0,0.0,0.0,0.0,0.0,0.0,0.0,0.0,0.0,0.0,0.0,0.0,0.0,0.0,0.0,0.0,0.0,0.0,0.0,0.0,0.0,0.0,0.0,0.0,0.0,0.0,0.0,0.0,0.0,0.0,0.0,0.0,0.0,0.0,0.0,0.0,0.0,0.0,0.0,0.0,0.0,0.0,0.0,0.0,0.0,0.0,0.0,0.0,0.0,0.0,0.0,0.0,0.0,0.0,0.0,0.0,0.0,0.0,0.0,0.0,0.0,0.0,0.0,0.0,0.0,0.0,0.0,0.0,0.0,0.0,0.0,0.0,0.0,0.0,0.0,0.0,0.0,0.0,0.0,0.0,0.0,0.0,0.0,0.0,0.0,0.0,0.0,0.0,0.0,0.0,0.6136783250994163,0.0,0.0,0.0,0.0,0.0,0.0,0.0,0.0,0.0,0.0,0.0,0.0,0.0,0.0,0.0,0.0,0.0,0.0,0.0,0.0,0.0,0.0,0.0,0.0,0.0,0.0,0.0,0.0,0.0,0.0,0.0,0.0,0.0,0.0,0.0,0.0,0.0,0.0,0.0,0.0,0.0,0.0,0.0,0.0,0.0,0.0,0.0,0.0,0.0,0.0,0.0,0.0,0.0,0.0,0.0,0.0,0.0,0.0,0.0,0.0,0.0,0.0,0.0,0.0,0.0,0.0,0.0,0.0,0.0,0.0,0.0,0.0,0.0,0.0,0.0,0.0,0.0,0.0,0.0,0.0,0.0,0.0,0.0,0.0,0.0,0.0,0.0,0.0,0.0,0.0,0.0,0.0,0.0,0.0,0.0,0.0,0.0,0.0,0.0,0.0,0.0,0.0,0.0,0.0,0.0,0.0,0.0,0.0,0.0,0.0,0.0,0.0,0.0,0.0,0.0,0.0,0.0,0.0,0.0,0.0,0.0,0.0,0.0,0.0,0.0,0.0,0.0,0.0,0.0,0.0,0.0,0.0,0.0,0.0,0.0,0.0,0.0,0.0,0.0,0.0,0.0,0.0,0.0,0.0,0.0,0.0,0.0,0.0,0.0,0.0,0.0,0.0,0.0,0.0,0.0,0.0,0.0,0.0,0.0,0.0,0.0,0.0,0.0,0.0,0.0,0.0,0.0,0.0,0.0,0.0,0.0,0.0,0.0,0.0,0.0,0.0,0.0,0.0,0.0,0.0,0.0,0.0,0.0,0.0,0.0,0.0,0.0,0.0,0.0,0.0,0.0,0.0,0.0,0.0,0.0,0.0,0.0,0.0,0.0,0.0,0.0,0.0,0.0,0.0,0.0,0.0,0.0,0.0,0.0,0.0,0.0,0.0,0.0,0.0,0.0,0.0,0.0,0.0,0.0,0.0,0.0,0.0,0.0,0.0,0.0,0.0,0.0,0.0,0.0,0.0,0.0,0.0,0.0,0.0,0.0,0.0,0.0,0.0,0.0,0.0,0.0,0.0,0.0,0.0,0.0,0.0,0.0,0.0,0.0,0.0,0.0,0.0,0.0,0.0,0.0,0.0,0.0,0.0,0.0,0.0,0.0,0.0,0.0,0.0,0.0,0.0,0.0,0.0,0.0,0.0,0.0,0.0,0.0,0.0,0.0,0.0,0.0,0.0,0.0,0.0,0.0,0.0,0.0,0.0,0.4304336736194479,0.0,0.0,0.0,0.0,0.0,0.0,0.0,0.0,0.0,0.0,0.0,0.0,0.0,0.0,0.0,0.0,0.0,0.0,0.0,0.0,0.0,0.0,0.0,0.0,0.0,0.0,0.0,0.0,0.0,0.0,0.0,0.0,0.0,0.0,0.0,0.0,0.0,0.0,0.0,0.0,0.0,0.0,0.0,0.0,0.0,0.0,0.0,0.0,0.0,0.0,0.0,0.0,0.0,0.0,0.0,0.0,0.0,0.0,0.0,0.0,0.0,0.0,0.0,0.0,0.0,0.0,0.0,0.0,0.0,0.0,0.0,0.0,0.0,0.0,0.0,0.0,0.0,0.0,0.0,0.0,0.0,0.0,0.0,0.0,0.0,0.0,0.0,0.0,0.0,0.0,0.0,0.0,0.0,0.0,0.0,0.0,0.0,0.0,0.0,0.0,0.0,0.0,0.0,0.0,0.0,0.0,0.0,0.0,0.0,0.0,0.0,0.0,0.0,0.0,0.0
SD2401267,20대,너희 집은 지금 오피스텔이잖아. 그 층간 소음 좀 있는 거 같아? 나 지금 7층 사는데 딱히 층간 소음은 없는 거 같은데 좀 그 아파트에 이상한 사람은 좀 있는 거 같더라. 왜냐하면은 우리가 집에 아무도 없는 상태였는데 갑자기 밑의 집에서 올라온다 아 그 밑의 집인가 어디서 막 신고가 들어왔다는 거야. 이 이 시간이 너무 시끄러웠었다고. 그래 가지고 그게 그게 꼭 밑의 집은 아니고 밑의 층은 아니었던 거 같은데 그런 사람이 좀 있어서 좀 뭐지 좀 조심해야겠다 이런 적은 있었어. 이런 적이 있어. 그리고 너는 지금 자취를 그 1곳에서만 했던 거야 이사 없이? 나도 지금 누나랑 같이 살라고 하면은 절대 못 살 거 같아. 누나랑 진짜 맞는 게 하나도 없단 말이야. 누나도 막 나도 새벽에 전화하면은 누나가 뭐라 하고. 어떨 때 누나가 새벽에 게임하면 또 나한테 이제 내가 이제 스트레스받고. 그래서 이제 만약에 내가 너처럼 그러니까 형제 같이 살라고 하면은 나는 못 살 거 같아. 그리고 그리고 그 이사를 좀 많이 다녔었는데 이사 다닐 때마다 이제 방이 있긴 한데 이게 크기가 이제 큰방 작은방이 있었단 말이야. 그래 가지고 누가 큰방 쓸 거냐 이런 거 때문에 또 엄청 싸운 적 싸웠었고 싸웠었던 거 같아. 그러면 본가도 그러면 지금 살던 데 쭉 계속 살고 있었던 거야 어릴 때부터? 나는 이제 어릴 때부터 정말 많이 다녔었는데 초등학교랑 중학교 때까지는 그래도 한동네 내에서 왔다 갔다 했던 거여서 좀 이제 이사하느라 좀 귀찮고 막 집 바뀌는 게 좀 불편 적응이 안 되 초반에 적응이 안 되는 게 있긴 했어도 이 친구들이랑 멀어진다 이런 거 없어서 괜찮았는데 중학교 3학년에서 이제 고등학교 때 한번 아예 학 그 학 우리 지금 다니는 학교 쪽으로 이사를 왔었단 말이야. 근데 그때 정말 좀 좋았던 친구들인데 완전 멀어지니까 그때 쪼끔 이제 스트레스를 받았었던 경험이 있고. 그래서 또 그래 가지고 이제 고등학교 1학년 때에서부터 2학년 때 또 이사를 가야 되는 상황이 된 거야. 근데 그래서 원래 다니던 고등학교 쪽으로 가려 했었는데 그러진 않고 이제 다시 원래 동네로 돌아갔었던 적이 있어. 나도 그런 전원주택에서 사는 꿈 같은 게 있었던 거 같아. 그 내가 직접 집을 만들고 아 설계해서 막 비밀 공간이나 아 이제 정말 큰 목욕탕이나 아니면 음 어떤 작업실 뭐 이런 걸 만들어 두고 싶다는 생각이 있었어. 만들고 싶다는. 그리 너 근데 지금 자취하고 있잖아. 그러면 그 가전제품 같은 거는 뭐 뭐 있어? 어 이러면 안 되는데. 나는 이제 본가에 살잖아. 어 집안일을 거의 다 안 하고 엄마가 하고 있어. 그러니까 설거지만 이제 내가 먹은 거 설거지하고 이제 그리고 옷 옷이나 분리수거 이런 거는 엄마 아빠가 거의 다 하는 거 같아. 그 자취하면서 이런 설거지나 분리수거 때문에 막 오빠랑 막 싸우거나 그러진 않아? 난 지금 너무 자취를 하고 싶어. 왜냐하면은 일단 난 이제 혼자가 편하단 말이야. 그래 가지고 이제 나만의 일상생활 패턴이 있는데 어쨌든 가족이랑 살면은 아무리 가족이라도 쪼금 지켜야 되는 게 있으니까 그런 게 이제 좀 나한테는 너무 좀 힘들고 내가 하고 싶은 것도 너무 제한이 되는 거 같아서 학교 근처에서 자취하고 싶다는 생각은 있는데 이게 자취도 어쨌든 돈이 많이 깨지니까 쉽사리 하진 못 하고 있고. 음 아마 군대 갔다 와서 자취를 할 수 있으면 하지 않을까 이런 생각이 있어. 음 너는 음 너희 집 인테리어는 혹시 어떻게 돼 있어? 음 우리 집은 이번에 새로 지은 아파트여 가지고 그냥 전체적으로 완전 깔끔한 느낌으로 지금 돼 있는데 이게 아파 이제 방 청소를 쪼끔만 안 해도 이제 옷가 방이 좀 좁아 가지고 옷도 막 의자 위에 올라가 있고 침대 위에 뭉쳐져 있고. 그래 가지고 인테리어는 깔끔한데 방 정리는 되게 안 돼 있는 거 같아. 그리고 또 새로 지은 아파트라 했잖아. 이게 요즘에 새로 지어서 그런가. 아파트가 되게 개성이 넘치더라고. 건물도 막 다 이 모습이 막 다르고. 막 저게 아파트 건물이야 이런 것도 있고. 그리고 처음에 이사 왔을 때 첫날인데 집을 못 찾겠는 거야. 왜냐하면은 보통 아파트 단지가 뭐 몇 호부터 몇 호 1에서 3 3에서 5 이렇게 순서대로 있는데 거기는 막 1에서 3이랑 17에서 19 이렇게 붙어 있고. 막 이상하게 다 붙어 있는 거야. 그래 가지고 처음 이사 갔을 때 그 아파트 단지 안에서 길 잃어 가지고 한 20분 30분 정도 헤맸던 기억이 있어. 너는 만약에 이제 앞으로 회사 다니고 할 거면은 하면은 혼자 살게 되면은 서울에서 계속 살고 싶어? 아니면은 대구? 이게 새로 지은 아파트여 가지고 이게 헬스장이나 도서관 뭐 어린이집 이런 게 입주된다는 얘기만 있고 아직은 인프라가 갖춰지진 못한 거 같아. 그래서 헬스장도 아마 생긴다곤 하는데 어 언제 생길진 잘 모르겠고. 그 아파트 단지 내에 도서관은 지금도 운영하고 있고. 그거 말고도 뭔가 주민들 휴식 공간이라고 하면서 건물이 몇 개 있더라고. 거기서 막 좀 차 같은 거 마시고 막 떠들면서 있는 아줌마들도 있고. 그 빈백 빈백도 있잖아. 그런 것도 아파트 단지 내에 몇 개 깔아둔 거야. 그래 가지고 거기서 좀 누워서 막 떠드는 사람들도 보고 이런 시설이 좀 있었어.,0.014965986394557823,0.02857142857142857,0.013605442176870748,0.0013605442176870747,0.005442176870748299,0.0027210884353741495,0.0027210884353741495,0.02312925170068027,0.0326530612244898,0.02040816326530612,0.004081632653061225,0.0163265306122449,0.0013605442176870747,0.005442176870748299,0.013605442176870748,0.0027210884353741495,0.004081632653061225,0.004081632653061225,0.024489795918367346,0.021768707482993196,0.0013605442176870747,0.0013605442176870747,0.005442176870748299,0.006802721088435374,0.0013605442176870747,0.004081632653061225,0.02040816326530612,0.0013605442176870747,0.0013605442176870747,0.009523809523809525,0.04353741496598639,0.0013605442176870747,0.005442176870748299,0.0013605442176870747,0.010884353741496598,0.005442176870748299,0.0013605442176870747,0.0027210884353741495,0.012244897959183673,0.0013605442176870747,0.0013605442176870747,0.006802721088435374,0.004081632653061225,0.0027210884353741495,0.027210884353741496,0.009523809523809525,0.010884353741496598,0.0013605442176870747,0.006802721088435374,0.024489795918367346,0.010884353741496598,0.0013605442176870747,0.006802721088435374,0.0027210884353741495,0.0013605442176870747,0.005442176870748299,0.0013605442176870747,0.0013605442176870747,0.0013605442176870747,0.006802721088435374,0.0013605442176870747,0.0027210884353741495,0.0013605442176870747,0.0027210884353741495,0.013605442176870748,0.0013605442176870747,0.006802721088435374,0.0013605442176870747,0.02857142857142857,0.0027210884353741495,0.0027210884353741495,0.0027210884353741495,0.005442176870748299,0.0013605442176870747,0.00816326530612245,0.004081632653061225,0.00816326530612245,0.0013605442176870747,0.005442176870748299,0.0027210884353741495,0.0013605442176870747,0.0013605442176870747,0.0027210884353741495,0.0013605442176870747,0.0013605442176870747,0.0013605442176870747,0.005442176870748299,0.0013605442176870747,0.005442176870748299,0.0027210884353741495,0.0013605442176870747,0.0027210884353741495,0.0027210884353741495,0.005442176870748299,0.004081632653061225,0.0013605442176870747,0.0027210884353741495,0.0013605442176870747,0.0013605442176870747,0.0013605442176870747,0.005442176870748299,0.004081632653061225,0.0013605442176870747,0.0013605442176870747,0.0013605442176870747,0.0027210884353741495,0.009523809523809525,0.014965986394557823,0.0013605442176870747,0.0013605442176870747,0.0013605442176870747,0.0027210884353741495,0.0013605442176870747,0.004081632653061225,0.0013605442176870747,0.004081632653061225,0.0013605442176870747,0.0013605442176870747,0.0027210884353741495,0.0027210884353741495,0.0027210884353741495,0.0013605442176870747,0.0013605442176870747,0.0027210884353741495,0.0027210884353741495,0.0013605442176870747,0.0027210884353741495,0.0013605442176870747,0.0027210884353741495,0.0013605442176870747,0.0013605442176870747,0.0013605442176870747,0.0013605442176870747,0.0013605442176870747,0.0013605442176870747,0.0013605442176870747,0.005442176870748299,0.004081632653061225,0.0013605442176870747,0.0013605442176870747,0.0027210884353741495,0.0027210884353741495,0.0013605442176870747,0.0013605442176870747,0.0013605442176870747,0.004081632653061225,0.0013605442176870747,0.0013605442176870747,0.004081632653061225,0.0013605442176870747,0.0027210884353741495,0.005442176870748299,0.0027210884353741495,0.004081632653061225,0.0013605442176870747,0.005442176870748299,0.0027210884353741495,0.0013605442176870747,0.0013605442176870747,0.0013605442176870747,0.0013605442176870747,0.0027210884353741495,0.0013605442176870747,0.0013605442176870747,0.0013605442176870747,0.0013605442176870747,0.0013605442176870747,0.0027210884353741495,0.0027210884353741495,0.0013605442176870747,0.0013605442176870747,0.0013605442176870747,0.0013605442176870747,0.0013605442176870747,0.0013605442176870747,0.0013605442176870747,0.0013605442176870747,0.0013605442176870747,0.0013605442176870747,0.0013605442176870747,0.0027210884353741495,0.0013605442176870747,0.0027210884353741495,0.0013605442176870747,0.0013605442176870747,0.005442176870748299,0.005442176870748299,0.005442176870748299,0.0013605442176870747,0.0013605442176870747,0.0013605442176870747,0.0013605442176870747,0.0013605442176870747,0.0013605442176870747,0.0013605442176870747,0.0027210884353741495,0.0013605442176870747,0.0013605442176870747,0.0013605442176870747,0.0013605442176870747,0.0027210884353741495,0.0013605442176870747,0.0013605442176870747,0.0013605442176870747,0.004081632653061225,0.0013605442176870747,0.0013605442176870747,0.0013605442176870747,0.0013605442176870747,0.0027210884353741495,0.0013605442176870747,0.0013605442176870747,0.0013605442176870747,0.005442176870748299,0.0027210884353741495,0.0013605442176870747,0.0013605442176870747,0.0027210884353741495,0.0013605442176870747,0.0013605442176870747,0.0013605442176870747,0.0013605442176870747,0.0013605442176870747,0.0013605442176870747,0.0013605442176870747,0.0013605442176870747,0.0013605442176870747,0.0013605442176870747,0.0027210884353741495,0.0027210884353741495,0.0013605442176870747,0.0013605442176870747,0.0013605442176870747,0.0013605442176870747,0.0013605442176870747,0.0013605442176870747,0.0013605442176870747,0.0013605442176870747,0.0027210884353741495,0.0013605442176870747,0.0013605442176870747,0.0013605442176870747,0.0013605442176870747,0.0013605442176870747,0.0013605442176870747,0.0013605442176870747,0.0013605442176870747,0.0013605442176870747,0.0013605442176870747,0.0013605442176870747,0.0027210884353741495,0.0013605442176870747,0.0013605442176870747,0.0013605442176870747,0.0013605442176870747,0.0013605442176870747,0.0013605442176870747,0.0013605442176870747,0.0,0.0,0.0,0.0,0.0,0.0,0.0,0.0,0.0,0.0,0.0,0.0,0.0,0.0,0.0,0.0,0.0,0.0,0.0,0.0,0.0,0.0,0.0,0.0,0.0,0.0,0.0,0.0,0.0,0.0,0.0,0.0,0.0,0.0,0.0,0.0,0.0,0.0,0.0,0.0,0.0,0.0,0.0,0.0,0.0,0.0,0.0,0.0,0.0,0.0,0.0,0.0,0.0,0.0,0.0,0.0,0.0,0.0,0.0,0.0,0.0,0.0,0.0,0.0,0.0,0.0,0.0,0.0,0.0,0.0,0.0,0.0,0.0,0.0,0.0,0.0,0.0,0.0,0.0,0.0,0.0,0.0,0.0,0.0,0.0,0.0,0.0,0.0,0.0,0.0,0.0,0.0,0.0,0.0,0.0,0.0,0.0,0.0,0.0,0.0,0.0,0.0,0.0,0.0,0.0,0.0,0.0,0.0,0.0,0.0,0.0,0.0,0.0,0.0,0.0,0.0,0.0,0.0,0.0,0.0,0.0,0.0,0.0,0.0,0.0,0.0,0.0,0.0,0.0,0.0,0.0,0.0,0.0,0.0,0.0,0.0,0.0,0.0,0.0,0.0,0.0,0.0,0.0,0.0,0.0,0.0,0.0,0.0,0.0,0.0,0.0,0.0,0.0,0.0,0.0,0.0,0.0,0.0,0.0,0.0,0.0,0.0,0.0,0.0,0.0,0.0,0.0,0.0,0.0,0.0,0.0,0.0,0.0,0.0,0.0,0.0,0.0,0.0,0.0,0.0,0.0,0.0,0.0,0.0,0.0,0.0,0.0,0.0,0.0,0.0,0.0,0.0,0.0,0.0,0.0,0.0,0.0,0.0,0.0,0.0,0.0,0.0,0.0,0.0,0.0,0.0,0.0,0.0,0.0,0.0,0.0,0.0,0.0,0.0,0.0,0.0,0.0,0.0,0.0,0.0,0.0,0.0,0.0,0.0,0.0,0.0,0.0,0.0,0.0,0.0,0.0,0.0,0.0,0.0,0.0,0.0,0.4165462518387343,0.0,0.0,0.0,0.0,0.0,0.0,0.0,0.0,0.0,0.0,0.0,0.0,0.0,0.0,0.0,0.0,0.0,0.0,0.0,0.0,0.0,0.0,0.0,0.0,0.0,0.0,0.0,0.0,0.0,0.0,0.0,0.0,0.0,0.0,0.0,0.0,0.0,0.0,0.0,0.0,0.0,0.0,0.0,0.0,0.0,0.0,0.0,0.0,0.0,0.0,0.0,0.0,0.0,0.0,0.0,0.0,0.0,0.0,0.0,0.0,0.0,0.0,0.0,0.0,0.0,0.0,0.0,0.0,0.0,0.0,0.0,0.0,0.0,0.0,0.0,0.0,0.0,0.0,0.0,0.0,0.0,0.0,0.0,0.0,0.0,0.0,0.0,0.0,0.0,0.0,0.0,0.0,0.0,0.0,0.0,0.0,0.0,0.0,0.0,0.0,0.0,0.0,0.0,0.0,0.0,0.0,0.0,0.0,0.0,0.0,0.0,0.0,0.0,0.0,0.0,0.0,0.0,0.0,0.0,0.0,0.0,0.0,0.0,0.0,0.0,0.0,0.0,0.0,0.0,0.0,0.0,0.0,0.0,0.0,0.0,0.0,0.0,0.0,0.0,0.0,0.0,0.0,0.0,0.0,0.0,0.0,0.0,0.0,0.0,0.0,0.0,0.0,0.0,0.0,0.0,0.0,0.0,0.0,0.0,0.0,0.0,0.0,0.0,0.0,0.0,0.0,0.0,0.0,0.0,0.0,0.0,0.0,0.0,0.0,0.0,0.0,0.0,0.0,0.0,0.0,0.0,0.0,0.0,0.0,0.0,0.0,0.0,0.4986617319666661,0.0,0.0,0.0,0.0,0.0,0.0,0.0,0.0,0.0,0.0,0.0,0.0,0.0,0.0,0.0,0.0,0.0,0.0,0.0,0.0,0.0,0.0,0.0,0.0,0.0,0.0,0.0,0.0,0.0,0.0,0.0,0.0,0.0,0.0,0.0,0.0,0.0,0.0,0.0,0.0,0.0,0.0,0.0,0.0,0.0,0.0,0.0,0.0,0.0,0.0,0.0,0.0,0.0,0.0,0.0,0.0,0.0,0.0,0.0,0.0,0.0,0.0,0.0,0.0,0.0,0.0,0.0,0.0,0.0,0.0,0.0,0.0,0.0,0.0,0.0,0.0,0.0,0.0,0.0,0.0,0.0,0.0,0.0,0.0,0.0,0.0,0.0,0.0,0.0,0.0,0.0,0.0,0.0,0.0,0.0,0.0,0.0,0.0,0.0,0.0,0.0,0.0,0.0,0.0,0.0,0.0,0.0,0.0,0.0,0.0,0.0,0.0,0.0,0.0,0.0,0.0,0.0,0.0,0.0,0.0,0.0,0.0,0.0,0.0,0.0,0.0,0.0,0.0,0.0,0.0,0.0,0.0,0.0,0.0,0.0,0.0,0.0,0.0,0.0,0.0,0.0,0.0,0.0,0.4365437692381951,0.0,0.0,0.0,0.0,0.0,0.0,0.0,0.0,0.0,0.0,0.0,0.0,0.0,0.0,0.0,0.0,0.0,0.0,0.0,0.0,0.0,0.0,0.0,0.0,0.0,0.0,0.0,0.0,0.0,0.0,0.0,0.0,0.0,0.0,0.0,0.0,0.0,0.0,0.0,0.0,0.0,0.0,0.0,0.0,0.0,0.0,0.0,0.0,0.0,0.0,0.0,0.0,0.0,0.0,0.0,0.0,0.0,0.0,0.0,0.0,0.0,0.0,0.0,0.0,0.0,0.0,0.0,0.0,0.0,0.0,0.0,0.0,0.0,0.0,0.0,0.0,0.0,0.0,0.0,0.0,0.0,0.0,0.0,0.0,0.4623250531493161,0.0,0.0,0.0,0.0,0.0,0.0,0.0,0.0,0.0,0.0,0.0,0.0,0.0,0.0,0.0,0.0,0.0,0.0,0.0,0.0,0.0,0.0,0.0,0.0,0.0,0.0,0.0,0.0,0.0,0.0,0.0,0.0,0.0,0.0,0.0,0.0,0.0,0.0,0.0,0.0,0.0,0.0,0.0,0.0,0.0,0.0,0.0,0.0,0.0,0.0,0.0,0.0,0.0,0.0,0.0,0.0,0.0,0.0,0.0,0.0,0.0,0.0,0.0,0.0,0.0,0.0,0.0,0.0,0.0,0.0,0.0,0.0,0.0,0.0,0.0,0.0,0.0,0.0,0.0,0.0,0.0,0.0,0.0,0.0,0.0,0.0,0.0,0.0,0.0,0.0,0.0,0.0,0.0,0.0,0.0,0.0,0.0,0.0,0.0,0.0,0.0,0.0,0.0,0.0,0.0,0.0,0.0,0.0,0.0,0.0,0.0,0.0,0.0,0.0,0.0,0.0,0.0,0.0,0.0,0.0,0.0,0.0,0.0,0.0,0.0,0.0,0.0,0.0,0.0,0.0,0.0,0.0,0.0,0.0,0.0,0.0,0.0,0.0,0.0,0.0,0.0,0.0,0.0,0.0,0.0,0.0,0.0,0.0,0.0,0.0,0.0,0.0,0.0,0.0,0.0,0.0,0.0,0.0,0.0,0.0,0.0,0.0,0.0,0.0,0.0,0.0,0.0,0.0,0.0,0.0,0.0,0.0,0.0,0.0,0.0,0.0,0.0,0.0,0.0,0.0,0.0,0.0,0.0,0.0,0.0,0.0,0.0,0.0,0.0,0.0,0.0,0.0,0.0,0.4165462518387343,0.0,0.0,0.0,0.0,0.0,0.0,0.0,0.0,0.0,0.0,0.0,0.0,0.0,0.0,0.0,0.0,0.0,0.0,0.0,0.0,0.0,0.0,0.0,0.0,0.0,0.0,0.0,0.0,0.0,0.0,0.0,0.0,0.0,0.0,0.0,0.0,0.0,0.0,0.0,0.0,0.0,0.0,0.0,0.0,0.0,0.0,0.0,0.0,0.0,0.0,0.0,0.0,0.0,0.0,0.0,0.0,0.0,0.0,0.0,0.0,0.0,0.0,0.0,0.0,0.0,0.0,0.0,0.0,0.0,0.0,0.0,0.0,0.0,0.0
SD2401267,20대,너희 집은 지금 오피스텔이잖아. 그 층간 소음 좀 있는 거 같아? 나 지금 7층 사는데 딱히 층간 소음은 없는 거 같은데 좀 그 아파트에 이상한 사람은 좀 있는 거 같더라. 왜냐하면은 우리가 집에 아무도 없는 상태였는데 갑자기 밑의 집에서 올라온다 아 그 밑의 집인가 어디서 막 신고가 들어왔다는 거야. 이 이 시간이 너무 시끄러웠었다고. 그래 가지고 그게 그게 꼭 밑의 집은 아니고 밑의 층은 아니었던 거 같은데 그런 사람이 좀 있어서 좀 뭐지 좀 조심해야겠다 이런 적은 있었어. 이런 적이 있어. 그리고 너는 지금 자취를 그 1곳에서만 했던 거야 이사 없이? 나도 지금 누나랑 같이 살라고 하면은 절대 못 살 거 같아. 누나랑 진짜 맞는 게 하나도 없단 말이야. 누나도 막 나도 새벽에 전화하면은 누나가 뭐라 하고. 어떨 때 누나가 새벽에 게임하면 또 나한테 이제 내가 이제 스트레스받고. 그래서 이제 만약에 내가 너처럼 그러니까 형제 같이 살라고 하면은 나는 못 살 거 같아. 그리고 그리고 그 이사를 좀 많이 다녔었는데 이사 다닐 때마다 이제 방이 있긴 한데 이게 크기가 이제 큰방 작은방이 있었단 말이야. 그래 가지고 누가 큰방 쓸 거냐 이런 거 때문에 또 엄청 싸운 적 싸웠었고 싸웠었던 거 같아. 그러면 본가도 그러면 지금 살던 데 쭉 계속 살고 있었던 거야 어릴 때부터? 나는 이제 어릴 때부터 정말 많이 다녔었는데 초등학교랑 중학교 때까지는 그래도 한동네 내에서 왔다 갔다 했던 거여서 좀 이제 이사하느라 좀 귀찮고 막 집 바뀌는 게 좀 불편 적응이 안 되 초반에 적응이 안 되는 게 있긴 했어도 이 친구들이랑 멀어진다 이런 거 없어서 괜찮았는데 중학교 3학년에서 이제 고등학교 때 한번 아예 학 그 학 우리 지금 다니는 학교 쪽으로 이사를 왔었단 말이야. 근데 그때 정말 좀 좋았던 친구들인데 완전 멀어지니까 그때 쪼끔 이제 스트레스를 받았었던 경험이 있고. 그래서 또 그래 가지고 이제 고등학교 1학년 때에서부터 2학년 때 또 이사를 가야 되는 상황이 된 거야. 근데 그래서 원래 다니던 고등학교 쪽으로 가려 했었는데 그러진 않고 이제 다시 원래 동네로 돌아갔었던 적이 있어. 나도 그런 전원주택에서 사는 꿈 같은 게 있었던 거 같아. 그 내가 직접 집을 만들고 아 설계해서 막 비밀 공간이나 아 이제 정말 큰 목욕탕이나 아니면 음 어떤 작업실 뭐 이런 걸 만들어 두고 싶다는 생각이 있었어. 만들고 싶다는. 그리 너 근데 지금 자취하고 있잖아. 그러면 그 가전제품 같은 거는 뭐 뭐 있어? 어 이러면 안 되는데. 나는 이제 본가에 살잖아. 어 집안일을 거의 다 안 하고 엄마가 하고 있어. 그러니까 설거지만 이제 내가 먹은 거 설거지하고 이제 그리고 옷 옷이나 분리수거 이런 거는 엄마 아빠가 거의 다 하는 거 같아. 그 자취하면서 이런 설거지나 분리수거 때문에 막 오빠랑 막 싸우거나 그러진 않아? 난 지금 너무 자취를 하고 싶어. 왜냐하면은 일단 난 이제 혼자가 편하단 말이야. 그래 가지고 이제 나만의 일상생활 패턴이 있는데 어쨌든 가족이랑 살면은 아무리 가족이라도 쪼금 지켜야 되는 게 있으니까 그런 게 이제 좀 나한테는 너무 좀 힘들고 내가 하고 싶은 것도 너무 제한이 되는 거 같아서 학교 근처에서 자취하고 싶다는 생각은 있는데 이게 자취도 어쨌든 돈이 많이 깨지니까 쉽사리 하진 못 하고 있고. 음 아마 군대 갔다 와서 자취를 할 수 있으면 하지 않을까 이런 생각이 있어. 음 너는 음 너희 집 인테리어는 혹시 어떻게 돼 있어? 음 우리 집은 이번에 새로 지은 아파트여 가지고 그냥 전체적으로 완전 깔끔한 느낌으로 지금 돼 있는데 이게 아파 이제 방 청소를 쪼끔만 안 해도 이제 옷가 방이 좀 좁아 가지고 옷도 막 의자 위에 올라가 있고 침대 위에 뭉쳐져 있고. 그래 가지고 인테리어는 깔끔한데 방 정리는 되게 안 돼 있는 거 같아. 그리고 또 새로 지은 아파트라 했잖아. 이게 요즘에 새로 지어서 그런가. 아파트가 되게 개성이 넘치더라고. 건물도 막 다 이 모습이 막 다르고. 막 저게 아파트 건물이야 이런 것도 있고. 그리고 처음에 이사 왔을 때 첫날인데 집을 못 찾겠는 거야. 왜냐하면은 보통 아파트 단지가 뭐 몇 호부터 몇 호 1에서 3 3에서 5 이렇게 순서대로 있는데 거기는 막 1에서 3이랑 17에서 19 이렇게 붙어 있고. 막 이상하게 다 붙어 있는 거야. 그래 가지고 처음 이사 갔을 때 그 아파트 단지 안에서 길 잃어 가지고 한 20분 30분 정도 헤맸던 기억이 있어. 너는 만약에 이제 앞으로 회사 다니고 할 거면은 하면은 혼자 살게 되면은 서울에서 계속 살고 싶어? 아니면은 대구? 이게 새로 지은 아파트여 가지고 이게 헬스장이나 도서관 뭐 어린이집 이런 게 입주된다는 얘기만 있고 아직은 인프라가 갖춰지진 못한 거 같아. 그래서 헬스장도 아마 생긴다곤 하는데 어 언제 생길진 잘 모르겠고. 그 아파트 단지 내에 도서관은 지금도 운영하고 있고. 그거 말고도 뭔가 주민들 휴식 공간이라고 하면서 건물이 몇 개 있더라고. 거기서 막 좀 차 같은 거 마시고 막 떠들면서 있는 아줌마들도 있고. 그 빈백 빈백도 있잖아. 그런 것도 아파트 단지 내에 몇 개 깔아둔 거야. 그래 가지고 거기서 좀 누워서 막 떠드는 사람들도 보고 이런 시설이 좀 있었어.,0.014965986394557823,0.02857142857142857,0.013605442176870748,0.0013605442176870747,0.005442176870748299,0.0027210884353741495,0.0027210884353741495,0.02312925170068027,0.0326530612244898,0.02040816326530612,0.004081632653061225,0.0163265306122449,0.0013605442176870747,0.005442176870748299,0.013605442176870748,0.0027210884353741495,0.004081632653061225,0.004081632653061225,0.024489795918367346,0.021768707482993196,0.0013605442176870747,0.0013605442176870747,0.005442176870748299,0.006802721088435374,0.0013605442176870747,0.004081632653061225,0.02040816326530612,0.0013605442176870747,0.0013605442176870747,0.009523809523809525,0.04353741496598639,0.0013605442176870747,0.005442176870748299,0.0013605442176870747,0.010884353741496598,0.005442176870748299,0.0013605442176870747,0.0027210884353741495,0.012244897959183673,0.0013605442176870747,0.0013605442176870747,0.006802721088435374,0.004081632653061225,0.0027210884353741495,0.027210884353741496,0.009523809523809525,0.010884353741496598,0.0013605442176870747,0.006802721088435374,0.024489795918367346,0.010884353741496598,0.0013605442176870747,0.006802721088435374,0.0027210884353741495,0.0013605442176870747,0.005442176870748299,0.0013605442176870747,0.0013605442176870747,0.0013605442176870747,0.006802721088435374,0.0013605442176870747,0.0027210884353741495,0.0013605442176870747,0.0027210884353741495,0.013605442176870748,0.0013605442176870747,0.006802721088435374,0.0013605442176870747,0.02857142857142857,0.0027210884353741495,0.0027210884353741495,0.0027210884353741495,0.005442176870748299,0.0013605442176870747,0.00816326530612245,0.004081632653061225,0.00816326530612245,0.0013605442176870747,0.005442176870748299,0.0027210884353741495,0.0013605442176870747,0.0013605442176870747,0.0027210884353741495,0.0013605442176870747,0.0013605442176870747,0.0013605442176870747,0.005442176870748299,0.0013605442176870747,0.005442176870748299,0.0027210884353741495,0.0013605442176870747,0.0027210884353741495,0.0027210884353741495,0.005442176870748299,0.004081632653061225,0.0013605442176870747,0.0027210884353741495,0.0013605442176870747,0.0013605442176870747,0.0013605442176870747,0.005442176870748299,0.004081632653061225,0.0013605442176870747,0.0013605442176870747,0.0013605442176870747,0.0027210884353741495,0.009523809523809525,0.014965986394557823,0.0013605442176870747,0.0013605442176870747,0.0013605442176870747,0.0027210884353741495,0.0013605442176870747,0.004081632653061225,0.0013605442176870747,0.004081632653061225,0.0013605442176870747,0.0013605442176870747,0.0027210884353741495,0.0027210884353741495,0.0027210884353741495,0.0013605442176870747,0.0013605442176870747,0.0027210884353741495,0.0027210884353741495,0.0013605442176870747,0.0027210884353741495,0.0013605442176870747,0.0027210884353741495,0.0013605442176870747,0.0013605442176870747,0.0013605442176870747,0.0013605442176870747,0.0013605442176870747,0.0013605442176870747,0.0013605442176870747,0.005442176870748299,0.004081632653061225,0.0013605442176870747,0.0013605442176870747,0.0027210884353741495,0.0027210884353741495,0.0013605442176870747,0.0013605442176870747,0.0013605442176870747,0.004081632653061225,0.0013605442176870747,0.0013605442176870747,0.004081632653061225,0.0013605442176870747,0.0027210884353741495,0.005442176870748299,0.0027210884353741495,0.004081632653061225,0.0013605442176870747,0.005442176870748299,0.0027210884353741495,0.0013605442176870747,0.0013605442176870747,0.0013605442176870747,0.0013605442176870747,0.0027210884353741495,0.0013605442176870747,0.0013605442176870747,0.0013605442176870747,0.0013605442176870747,0.0013605442176870747,0.0027210884353741495,0.0027210884353741495,0.0013605442176870747,0.0013605442176870747,0.0013605442176870747,0.0013605442176870747,0.0013605442176870747,0.0013605442176870747,0.0013605442176870747,0.0013605442176870747,0.0013605442176870747,0.0013605442176870747,0.0013605442176870747,0.0027210884353741495,0.0013605442176870747,0.0027210884353741495,0.0013605442176870747,0.0013605442176870747,0.005442176870748299,0.005442176870748299,0.005442176870748299,0.0013605442176870747,0.0013605442176870747,0.0013605442176870747,0.0013605442176870747,0.0013605442176870747,0.0013605442176870747,0.0013605442176870747,0.0027210884353741495,0.0013605442176870747,0.0013605442176870747,0.0013605442176870747,0.0013605442176870747,0.0027210884353741495,0.0013605442176870747,0.0013605442176870747,0.0013605442176870747,0.004081632653061225,0.0013605442176870747,0.0013605442176870747,0.0013605442176870747,0.0013605442176870747,0.0027210884353741495,0.0013605442176870747,0.0013605442176870747,0.0013605442176870747,0.005442176870748299,0.0027210884353741495,0.0013605442176870747,0.0013605442176870747,0.0027210884353741495,0.0013605442176870747,0.0013605442176870747,0.0013605442176870747,0.0013605442176870747,0.0013605442176870747,0.0013605442176870747,0.0013605442176870747,0.0013605442176870747,0.0013605442176870747,0.0013605442176870747,0.0027210884353741495,0.0027210884353741495,0.0013605442176870747,0.0013605442176870747,0.0013605442176870747,0.0013605442176870747,0.0013605442176870747,0.0013605442176870747,0.0013605442176870747,0.0013605442176870747,0.0027210884353741495,0.0013605442176870747,0.0013605442176870747,0.0013605442176870747,0.0013605442176870747,0.0013605442176870747,0.0013605442176870747,0.0013605442176870747,0.0013605442176870747,0.0013605442176870747,0.0013605442176870747,0.0013605442176870747,0.0027210884353741495,0.0013605442176870747,0.0013605442176870747,0.0013605442176870747,0.0013605442176870747,0.0013605442176870747,0.0013605442176870747,0.0013605442176870747,0.0,0.0,0.0,0.0,0.0,0.0,0.0,0.0,0.0,0.0,0.0,0.0,0.0,0.0,0.0,0.0,0.0,0.0,0.0,0.0,0.0,0.0,0.0,0.0,0.0,0.0,0.0,0.0,0.0,0.0,0.0,0.0,0.0,0.0,0.0,0.0,0.0,0.0,0.0,0.0,0.0,0.0,0.0,0.0,0.0,0.0,0.0,0.0,0.0,0.0,0.0,0.0,0.0,0.0,0.0,0.0,0.0,0.0,0.0,0.0,0.0,0.0,0.0,0.0,0.0,0.0,0.0,0.0,0.0,0.0,0.0,0.0,0.0,0.0,0.0,0.0,0.0,0.0,0.0,0.0,0.0,0.0,0.0,0.0,0.0,0.0,0.0,0.0,0.0,0.0,0.0,0.0,0.0,0.0,0.0,0.0,0.0,0.0,0.0,0.0,0.0,0.0,0.0,0.0,0.0,0.0,0.0,0.0,0.0,0.0,0.0,0.0,0.0,0.0,0.0,0.0,0.0,0.0,0.0,0.0,0.0,0.0,0.0,0.0,0.0,0.0,0.0,0.0,0.0,0.0,0.0,0.0,0.0,0.0,0.0,0.0,0.0,0.0,0.0,0.0,0.0,0.0,0.0,0.0,0.0,0.0,0.0,0.0,0.0,0.0,0.0,0.0,0.0,0.0,0.0,0.0,0.0,0.0,0.0,0.0,0.0,0.0,0.0,0.0,0.0,0.0,0.0,0.0,0.0,0.0,0.0,0.0,0.0,0.0,0.0,0.0,0.0,0.0,0.0,0.0,0.0,0.0,0.0,0.0,0.0,0.0,0.0,0.0,0.0,0.0,0.0,0.0,0.0,0.0,0.0,0.0,0.0,0.0,0.0,0.0,0.0,0.0,0.0,0.0,0.0,0.0,0.0,0.0,0.0,0.0,0.0,0.0,0.0,0.0,0.0,0.0,0.0,0.0,0.0,0.0,0.0,0.0,0.0,0.0,0.0,0.0,0.0,0.0,0.0,0.0,0.0,0.0,0.4865431619671211,0.0,0.0,0.0,0.0,0.0,0.0,0.0,0.0,0.0,0.0,0.0,0.0,0.0,0.0,0.0,0.0,0.0,0.0,0.0,0.0,0.0,0.0,0.0,0.0,0.0,0.0,0.0,0.0,0.0,0.0,0.0,0.0,0.0,0.0,0.0,0.0,0.0,0.0,0.0,0.0,0.0,0.0,0.0,0.0,0.0,0.0,0.0,0.0,0.0,0.0,0.0,0.0,0.0,0.0,0.0,0.0,0.0,0.0,0.0,0.0,0.0,0.0,0.0,0.0,0.0,0.0,0.0,0.0,0.0,0.0,0.0,0.0,0.0,0.0,0.0,0.0,0.0,0.0,0.0,0.0,0.0,0.0,0.0,0.0,0.0,0.0,0.0,0.0,0.0,0.0,0.0,0.0,0.0,0.0,0.0,0.0,0.0,0.0,0.0,0.0,0.0,0.0,0.0,0.0,0.0,0.0,0.0,0.0,0.0,0.0,0.0,0.0,0.0,0.0,0.0,0.0,0.0,0.0,0.0,0.0,0.0,0.0,0.0,0.0,0.0,0.0,0.0,0.0,0.0,0.0,0.0,0.0,0.0,0.0,0.0,0.0,0.0,0.0,0.0,0.0,0.0,0.0,0.0,0.0,0.0,0.0,0.0,0.0,0.0,0.0,0.0,0.0,0.0,0.0,0.0,0.0,0.0,0.0,0.0,0.0,0.0,0.0,0.0,0.0,0.0,0.0,0.0,0.0,0.0,0.0,0.0,0.0,0.0,0.0,0.0,0.0,0.0,0.0,0.0,0.0,0.0,0.0,0.0,0.0,0.0,0.0,0.0,0.0,0.0,0.0,0.0,0.0,0.0,0.0,0.0,0.0,0.0,0.0,0.0,0.0,0.0,0.0,0.0,0.0,0.0,0.0,0.0,0.0,0.0,0.0,0.0,0.0,0.0,0.0,0.0,0.0,0.0,0.0,0.0,0.0,0.0,0.0,0.0,0.0,0.0,0.0,0.0,0.0,0.0,0.0,0.0,0.0,0.0,0.0,0.0,0.0,0.0,0.0,0.0,0.0,0.0,0.0,0.0,0.0,0.0,0.0,0.0,0.0,0.0,0.0,0.0,0.0,0.0,0.0,0.0,0.0,0.0,0.0,0.0,0.0,0.0,0.0,0.0,0.0,0.0,0.0,0.0,0.0,0.0,0.0,0.0,0.0,0.0,0.0,0.0,0.0,0.0,0.0,0.0,0.0,0.0,0.0,0.0,0.0,0.0,0.0,0.0,0.0,0.0,0.0,0.0,0.4510895438652232,0.0,0.0,0.0,0.0,0.0,0.0,0.0,0.0,0.0,0.0,0.0,0.0,0.0,0.0,0.0,0.0,0.0,0.0,0.0,0.0,0.0,0.0,0.0,0.0,0.0,0.0,0.0,0.0,0.0,0.0,0.0,0.0,0.0,0.0,0.0,0.0,0.0,0.0,0.0,0.0,0.0,0.0,0.0,0.0,0.0,0.0,0.0,0.0,0.0,0.0,0.0,0.0,0.0,0.0,0.0,0.0,0.0,0.0,0.0,0.0,0.0,0.0,0.0,0.0,0.0,0.0,0.0,0.0,0.0,0.0,0.0,0.0,0.0,0.0,0.0,0.0,0.0,0.0,0.0,0.0,0.0,0.0,0.0,0.0,0.0,0.0,0.0,0.0,0.0,0.0,0.0,0.0,0.0,0.0,0.0,0.0,0.0,0.0,0.0,0.0,0.0,0.0,0.4510895438652232,0.0,0.0,0.0,0.0,0.0,0.0,0.0,0.0,0.0,0.0,0.0,0.0,0.0,0.0,0.0,0.0,0.0,0.0,0.0,0.0,0.0,0.0,0.0,0.0,0.0,0.0,0.0,0.0,0.0,0.0,0.0,0.0,0.0,0.0,0.0,0.0,0.0,0.0,0.0,0.0,0.0,0.0,0.0,0.0,0.0,0.0,0.0,0.0,0.0,0.0,0.0,0.0,0.0,0.0,0.0,0.0,0.0,0.0,0.0,0.0,0.0,0.0,0.0,0.0,0.0,0.0,0.0,0.0,0.0,0.0,0.0,0.0,0.0,0.0,0.0,0.0,0.0,0.0,0.0,0.0,0.0,0.0,0.0,0.0,0.0,0.0,0.0,0.0,0.0,0.0,0.4865431619671211,0.0,0.0,0.0,0.0,0.0,0.0,0.0,0.0,0.0,0.0,0.0,0.0,0.0,0.0,0.0,0.34581490701963846,0.0,0.0,0.0,0.0,0.0,0.0,0.0,0.0,0.0,0.0,0.0,0.0,0.0,0.0,0.0,0.0,0.0,0.0,0.0,0.0,0.0,0.0,0.0,0.0,0.0,0.0,0.0,0.0,0.0,0.0,0.0,0.0,0.0,0.0,0.0,0.0,0.0,0.0,0.0,0.0,0.0,0.0,0.0,0.0,0.0,0.0,0.0,0.0,0.0,0.0,0.0,0.0,0.0,0.0,0.0,0.0,0.0,0.0,0.0,0.0,0.0,0.0,0.0,0.0,0.0,0.0,0.0,0.0,0.0,0.0,0.0,0.0,0.0,0.0,0.0,0.0,0.0,0.0,0.0,0.0,0.0,0.0,0.0,0.0,0.0,0.0,0.0,0.0,0.0,0.0,0.0,0.0,0.0,0.0,0.0,0.0,0.0,0.0,0.0,0.0,0.0,0.0,0.0,0.0,0.0,0.0,0.0,0.0,0.0,0.0,0.0,0.0,0.0,0.0,0.0,0.0,0.0,0.0,0.0,0.0,0.0,0.0,0.0,0.0,0.0,0.0,0.0,0.0,0.0,0.0,0.0,0.0,0.0,0.0,0.0,0.0,0.0,0.0,0.0,0.0,0.0,0.0,0.0,0.0,0.0,0.0,0.0,0.0,0.0,0.0,0.0,0.0,0.0,0.0,0.0,0.0,0.0,0.0,0.0,0.0,0.0,0.0,0.0,0.0,0.0,0.0,0.0,0.0,0.0,0.0,0.0,0.0,0.0,0.0,0.0,0.0,0.0,0.0,0.0,0.0,0.0,0.0,0.0,0.0,0.0,0.0,0.0
SD2401267,20대,너희 집은 지금 오피스텔이잖아. 그 층간 소음 좀 있는 거 같아? 나 지금 7층 사는데 딱히 층간 소음은 없는 거 같은데 좀 그 아파트에 이상한 사람은 좀 있는 거 같더라. 왜냐하면은 우리가 집에 아무도 없는 상태였는데 갑자기 밑의 집에서 올라온다 아 그 밑의 집인가 어디서 막 신고가 들어왔다는 거야. 이 이 시간이 너무 시끄러웠었다고. 그래 가지고 그게 그게 꼭 밑의 집은 아니고 밑의 층은 아니었던 거 같은데 그런 사람이 좀 있어서 좀 뭐지 좀 조심해야겠다 이런 적은 있었어. 이런 적이 있어. 그리고 너는 지금 자취를 그 1곳에서만 했던 거야 이사 없이? 나도 지금 누나랑 같이 살라고 하면은 절대 못 살 거 같아. 누나랑 진짜 맞는 게 하나도 없단 말이야. 누나도 막 나도 새벽에 전화하면은 누나가 뭐라 하고. 어떨 때 누나가 새벽에 게임하면 또 나한테 이제 내가 이제 스트레스받고. 그래서 이제 만약에 내가 너처럼 그러니까 형제 같이 살라고 하면은 나는 못 살 거 같아. 그리고 그리고 그 이사를 좀 많이 다녔었는데 이사 다닐 때마다 이제 방이 있긴 한데 이게 크기가 이제 큰방 작은방이 있었단 말이야. 그래 가지고 누가 큰방 쓸 거냐 이런 거 때문에 또 엄청 싸운 적 싸웠었고 싸웠었던 거 같아. 그러면 본가도 그러면 지금 살던 데 쭉 계속 살고 있었던 거야 어릴 때부터? 나는 이제 어릴 때부터 정말 많이 다녔었는데 초등학교랑 중학교 때까지는 그래도 한동네 내에서 왔다 갔다 했던 거여서 좀 이제 이사하느라 좀 귀찮고 막 집 바뀌는 게 좀 불편 적응이 안 되 초반에 적응이 안 되는 게 있긴 했어도 이 친구들이랑 멀어진다 이런 거 없어서 괜찮았는데 중학교 3학년에서 이제 고등학교 때 한번 아예 학 그 학 우리 지금 다니는 학교 쪽으로 이사를 왔었단 말이야. 근데 그때 정말 좀 좋았던 친구들인데 완전 멀어지니까 그때 쪼끔 이제 스트레스를 받았었던 경험이 있고. 그래서 또 그래 가지고 이제 고등학교 1학년 때에서부터 2학년 때 또 이사를 가야 되는 상황이 된 거야. 근데 그래서 원래 다니던 고등학교 쪽으로 가려 했었는데 그러진 않고 이제 다시 원래 동네로 돌아갔었던 적이 있어. 나도 그런 전원주택에서 사는 꿈 같은 게 있었던 거 같아. 그 내가 직접 집을 만들고 아 설계해서 막 비밀 공간이나 아 이제 정말 큰 목욕탕이나 아니면 음 어떤 작업실 뭐 이런 걸 만들어 두고 싶다는 생각이 있었어. 만들고 싶다는. 그리 너 근데 지금 자취하고 있잖아. 그러면 그 가전제품 같은 거는 뭐 뭐 있어? 어 이러면 안 되는데. 나는 이제 본가에 살잖아. 어 집안일을 거의 다 안 하고 엄마가 하고 있어. 그러니까 설거지만 이제 내가 먹은 거 설거지하고 이제 그리고 옷 옷이나 분리수거 이런 거는 엄마 아빠가 거의 다 하는 거 같아. 그 자취하면서 이런 설거지나 분리수거 때문에 막 오빠랑 막 싸우거나 그러진 않아? 난 지금 너무 자취를 하고 싶어. 왜냐하면은 일단 난 이제 혼자가 편하단 말이야. 그래 가지고 이제 나만의 일상생활 패턴이 있는데 어쨌든 가족이랑 살면은 아무리 가족이라도 쪼금 지켜야 되는 게 있으니까 그런 게 이제 좀 나한테는 너무 좀 힘들고 내가 하고 싶은 것도 너무 제한이 되는 거 같아서 학교 근처에서 자취하고 싶다는 생각은 있는데 이게 자취도 어쨌든 돈이 많이 깨지니까 쉽사리 하진 못 하고 있고. 음 아마 군대 갔다 와서 자취를 할 수 있으면 하지 않을까 이런 생각이 있어. 음 너는 음 너희 집 인테리어는 혹시 어떻게 돼 있어? 음 우리 집은 이번에 새로 지은 아파트여 가지고 그냥 전체적으로 완전 깔끔한 느낌으로 지금 돼 있는데 이게 아파 이제 방 청소를 쪼끔만 안 해도 이제 옷가 방이 좀 좁아 가지고 옷도 막 의자 위에 올라가 있고 침대 위에 뭉쳐져 있고. 그래 가지고 인테리어는 깔끔한데 방 정리는 되게 안 돼 있는 거 같아. 그리고 또 새로 지은 아파트라 했잖아. 이게 요즘에 새로 지어서 그런가. 아파트가 되게 개성이 넘치더라고. 건물도 막 다 이 모습이 막 다르고. 막 저게 아파트 건물이야 이런 것도 있고. 그리고 처음에 이사 왔을 때 첫날인데 집을 못 찾겠는 거야. 왜냐하면은 보통 아파트 단지가 뭐 몇 호부터 몇 호 1에서 3 3에서 5 이렇게 순서대로 있는데 거기는 막 1에서 3이랑 17에서 19 이렇게 붙어 있고. 막 이상하게 다 붙어 있는 거야. 그래 가지고 처음 이사 갔을 때 그 아파트 단지 안에서 길 잃어 가지고 한 20분 30분 정도 헤맸던 기억이 있어. 너는 만약에 이제 앞으로 회사 다니고 할 거면은 하면은 혼자 살게 되면은 서울에서 계속 살고 싶어? 아니면은 대구? 이게 새로 지은 아파트여 가지고 이게 헬스장이나 도서관 뭐 어린이집 이런 게 입주된다는 얘기만 있고 아직은 인프라가 갖춰지진 못한 거 같아. 그래서 헬스장도 아마 생긴다곤 하는데 어 언제 생길진 잘 모르겠고. 그 아파트 단지 내에 도서관은 지금도 운영하고 있고. 그거 말고도 뭔가 주민들 휴식 공간이라고 하면서 건물이 몇 개 있더라고. 거기서 막 좀 차 같은 거 마시고 막 떠들면서 있는 아줌마들도 있고. 그 빈백 빈백도 있잖아. 그런 것도 아파트 단지 내에 몇 개 깔아둔 거야. 그래 가지고 거기서 좀 누워서 막 떠드는 사람들도 보고 이런 시설이 좀 있었어.,0.014965986394557823,0.02857142857142857,0.013605442176870748,0.0013605442176870747,0.005442176870748299,0.0027210884353741495,0.0027210884353741495,0.02312925170068027,0.0326530612244898,0.02040816326530612,0.004081632653061225,0.0163265306122449,0.0013605442176870747,0.005442176870748299,0.013605442176870748,0.0027210884353741495,0.004081632653061225,0.004081632653061225,0.024489795918367346,0.021768707482993196,0.0013605442176870747,0.0013605442176870747,0.005442176870748299,0.006802721088435374,0.0013605442176870747,0.004081632653061225,0.02040816326530612,0.0013605442176870747,0.0013605442176870747,0.009523809523809525,0.04353741496598639,0.0013605442176870747,0.005442176870748299,0.0013605442176870747,0.010884353741496598,0.005442176870748299,0.0013605442176870747,0.0027210884353741495,0.012244897959183673,0.0013605442176870747,0.0013605442176870747,0.006802721088435374,0.004081632653061225,0.0027210884353741495,0.027210884353741496,0.009523809523809525,0.010884353741496598,0.0013605442176870747,0.006802721088435374,0.024489795918367346,0.010884353741496598,0.0013605442176870747,0.006802721088435374,0.0027210884353741495,0.0013605442176870747,0.005442176870748299,0.0013605442176870747,0.0013605442176870747,0.0013605442176870747,0.006802721088435374,0.0013605442176870747,0.0027210884353741495,0.0013605442176870747,0.0027210884353741495,0.013605442176870748,0.0013605442176870747,0.006802721088435374,0.0013605442176870747,0.02857142857142857,0.0027210884353741495,0.0027210884353741495,0.0027210884353741495,0.005442176870748299,0.0013605442176870747,0.00816326530612245,0.004081632653061225,0.00816326530612245,0.0013605442176870747,0.005442176870748299,0.0027210884353741495,0.0013605442176870747,0.0013605442176870747,0.0027210884353741495,0.0013605442176870747,0.0013605442176870747,0.0013605442176870747,0.005442176870748299,0.0013605442176870747,0.005442176870748299,0.0027210884353741495,0.0013605442176870747,0.0027210884353741495,0.0027210884353741495,0.005442176870748299,0.004081632653061225,0.0013605442176870747,0.0027210884353741495,0.0013605442176870747,0.0013605442176870747,0.0013605442176870747,0.005442176870748299,0.004081632653061225,0.0013605442176870747,0.0013605442176870747,0.0013605442176870747,0.0027210884353741495,0.009523809523809525,0.014965986394557823,0.0013605442176870747,0.0013605442176870747,0.0013605442176870747,0.0027210884353741495,0.0013605442176870747,0.004081632653061225,0.0013605442176870747,0.004081632653061225,0.0013605442176870747,0.0013605442176870747,0.0027210884353741495,0.0027210884353741495,0.0027210884353741495,0.0013605442176870747,0.0013605442176870747,0.0027210884353741495,0.0027210884353741495,0.0013605442176870747,0.0027210884353741495,0.0013605442176870747,0.0027210884353741495,0.0013605442176870747,0.0013605442176870747,0.0013605442176870747,0.0013605442176870747,0.0013605442176870747,0.0013605442176870747,0.0013605442176870747,0.005442176870748299,0.004081632653061225,0.0013605442176870747,0.0013605442176870747,0.0027210884353741495,0.0027210884353741495,0.0013605442176870747,0.0013605442176870747,0.0013605442176870747,0.004081632653061225,0.0013605442176870747,0.0013605442176870747,0.004081632653061225,0.0013605442176870747,0.0027210884353741495,0.005442176870748299,0.0027210884353741495,0.004081632653061225,0.0013605442176870747,0.005442176870748299,0.0027210884353741495,0.0013605442176870747,0.0013605442176870747,0.0013605442176870747,0.0013605442176870747,0.0027210884353741495,0.0013605442176870747,0.0013605442176870747,0.0013605442176870747,0.0013605442176870747,0.0013605442176870747,0.0027210884353741495,0.0027210884353741495,0.0013605442176870747,0.0013605442176870747,0.0013605442176870747,0.0013605442176870747,0.0013605442176870747,0.0013605442176870747,0.0013605442176870747,0.0013605442176870747,0.0013605442176870747,0.0013605442176870747,0.0013605442176870747,0.0027210884353741495,0.0013605442176870747,0.0027210884353741495,0.0013605442176870747,0.0013605442176870747,0.005442176870748299,0.005442176870748299,0.005442176870748299,0.0013605442176870747,0.0013605442176870747,0.0013605442176870747,0.0013605442176870747,0.0013605442176870747,0.0013605442176870747,0.0013605442176870747,0.0027210884353741495,0.0013605442176870747,0.0013605442176870747,0.0013605442176870747,0.0013605442176870747,0.0027210884353741495,0.0013605442176870747,0.0013605442176870747,0.0013605442176870747,0.004081632653061225,0.0013605442176870747,0.0013605442176870747,0.0013605442176870747,0.0013605442176870747,0.0027210884353741495,0.0013605442176870747,0.0013605442176870747,0.0013605442176870747,0.005442176870748299,0.0027210884353741495,0.0013605442176870747,0.0013605442176870747,0.0027210884353741495,0.0013605442176870747,0.0013605442176870747,0.0013605442176870747,0.0013605442176870747,0.0013605442176870747,0.0013605442176870747,0.0013605442176870747,0.0013605442176870747,0.0013605442176870747,0.0013605442176870747,0.0027210884353741495,0.0027210884353741495,0.0013605442176870747,0.0013605442176870747,0.0013605442176870747,0.0013605442176870747,0.0013605442176870747,0.0013605442176870747,0.0013605442176870747,0.0013605442176870747,0.0027210884353741495,0.0013605442176870747,0.0013605442176870747,0.0013605442176870747,0.0013605442176870747,0.0013605442176870747,0.0013605442176870747,0.0013605442176870747,0.0013605442176870747,0.0013605442176870747,0.0013605442176870747,0.0013605442176870747,0.0027210884353741495,0.0013605442176870747,0.0013605442176870747,0.0013605442176870747,0.0013605442176870747,0.0013605442176870747,0.0013605442176870747,0.0013605442176870747,0.0,0.0,0.0,0.0,0.0,0.0,0.0,0.0,0.0,0.0,0.0,0.0,0.0,0.0,0.0,0.0,0.0,0.0,0.0,0.0,0.0,0.0,0.0,0.0,0.0,0.0,0.0,0.0,0.0,0.0,0.0,0.0,0.0,0.0,0.0,0.0,0.0,0.0,0.0,0.0,0.0,0.0,0.0,0.0,0.0,0.0,0.0,0.0,0.0,0.0,0.0,0.0,0.0,0.0,0.0,0.0,0.0,0.0,0.0,0.0,0.0,0.0,0.0,0.0,0.0,0.0,0.0,0.0,0.0,0.0,0.0,0.0,0.0,0.0,0.0,0.0,0.0,0.0,0.0,0.0,0.0,0.0,0.0,0.0,0.0,0.0,0.0,0.0,0.0,0.0,0.0,0.0,0.0,0.0,0.0,0.0,0.0,0.0,0.0,0.0,0.0,0.0,0.0,0.0,0.0,0.0,0.0,0.0,0.0,0.0,0.0,0.0,0.0,0.0,0.0,0.0,0.0,0.0,0.0,0.0,0.0,0.0,0.0,0.0,0.0,0.0,0.0,0.0,0.0,0.0,0.0,0.0,0.0,0.0,0.0,0.0,0.0,0.0,0.0,0.0,0.0,0.0,0.0,0.0,0.0,0.0,0.0,0.0,0.0,0.0,0.0,0.0,0.0,0.0,0.0,0.0,0.0,0.0,0.0,0.0,0.0,0.0,0.0,0.0,0.0,0.0,0.0,0.0,0.0,0.0,0.0,0.0,0.0,0.0,0.0,0.0,0.0,0.0,0.0,0.0,0.0,0.0,0.0,0.0,0.0,0.0,0.0,0.0,0.0,0.0,0.0,0.0,0.0,0.0,0.0,0.0,0.0,0.0,0.0,0.0,0.0,0.0,0.0,0.0,0.0,0.0,0.0,0.0,0.0,0.0,0.0,0.0,0.0,0.0,0.0,0.0,0.0,0.0,0.0,0.0,0.0,0.0,0.0,0.0,0.0,0.0,0.0,0.0,0.0,0.0,0.0,0.0,0.0,0.0,0.0,0.0,0.0,0.0,0.0,0.0,0.0,0.0,0.0,0.0,0.0,0.0,0.0,0.0,0.0,0.0,0.0,0.0,0.0,0.0,0.0,0.0,0.0,0.0,0.0,0.0,0.0,0.0,0.0,0.0,0.0,0.0,0.0,0.0,0.0,0.0,0.0,0.0,0.0,0.0,0.0,0.0,0.0,0.0,0.0,0.0,0.0,0.0,0.0,0.0,0.0,0.0,0.0,0.0,0.0,0.0,0.0,0.0,0.0,0.0,0.0,0.0,0.0,0.0,0.0,0.0,0.0,0.0,0.0,0.0,0.0,0.0,0.0,0.0,0.0,0.0,0.0,0.0,0.0,0.0,0.0,0.0,0.0,0.0,0.0,0.0,0.0,0.0,0.0,0.0,0.0,0.0,0.0,0.0,0.0,0.0,0.0,0.0,0.0,0.0,0.0,0.0,0.0,0.0,0.0,0.0,0.0,0.0,0.0,0.0,0.0,0.0,0.0,0.0,0.0,0.0,0.0,0.0,0.0,0.0,0.0,0.0,0.0,0.0,0.0,0.0,0.0,0.0,0.0,0.0,0.0,0.0,0.0,0.0,0.0,0.0,0.0,0.0,0.0,0.0,0.0,0.0,0.0,0.0,0.0,0.0,0.0,0.0,0.0,0.0,0.0,0.0,0.0,0.0,0.0,0.0,0.0,0.0,0.0,0.0,0.0,0.0,0.0,0.0,0.0,0.0,0.0,0.0,0.0,0.0,0.0,0.0,0.0,0.0,0.0,0.0,0.0,0.0,0.0,0.0,0.0,0.0,0.0,0.0,0.0,0.0,0.0,0.0,0.0,0.0,0.0,0.0,0.0,0.0,0.0,0.0,0.0,0.0,0.0,0.0,0.0,0.0,0.0,0.0,0.0,0.0,0.0,0.0,0.0,0.0,0.0,0.0,0.0,0.0,0.0,0.0,0.0,0.0,0.0,0.0,0.0,0.0,0.0,0.0,0.0,0.0,0.0,0.0,0.0,0.0,0.0,0.0,0.0,0.0,0.0,0.0,0.0,0.0,0.0,0.0,0.0,0.0,0.0,0.0,0.0,0.0,0.0,0.0,0.0,0.0,0.0,0.0,0.0,0.0,0.0,0.0,0.0,0.0,0.0,0.0,0.0,0.0,0.0,0.0,0.0,0.0,0.0,0.0,0.0,0.0,0.0,0.0,0.0,0.0,0.0,0.0,0.0,0.0,0.0,0.0,0.0,0.0,0.0,0.0,0.0,0.0,0.0,0.0,0.0,0.0,0.0,0.0,0.0,0.0,0.0,0.0,0.0,0.0,0.0,0.0,0.0,0.0,0.0,0.0,0.0,0.0,0.0,0.4269636530377749,0.0,0.0,0.0,0.0,0.0,0.0,0.0,0.0,0.0,0.0,0.0,0.0,0.0,0.0,0.0,0.0,0.0,0.0,0.0,0.0,0.0,0.0,0.0,0.0,0.0,0.0,0.0,0.0,0.0,0.0,0.0,0.0,0.0,0.0,0.0,0.0,0.0,0.0,0.0,0.0,0.0,0.0,0.0,0.0,0.0,0.0,0.0,0.0,0.0,0.0,0.0,0.0,0.0,0.0,0.0,0.0,0.0,0.0,0.0,0.0,0.0,0.0,0.0,0.0,0.0,0.0,0.0,0.0,0.0,0.0,0.0,0.3958514979784146,0.0,0.0,0.0,0.0,0.0,0.0,0.0,0.0,0.0,0.0,0.0,0.0,0.0,0.0,0.0,0.0,0.0,0.0,0.0,0.0,0.0,0.0,0.0,0.0,0.0,0.0,0.0,0.0,0.0,0.0,0.0,0.0,0.0,0.0,0.0,0.0,0.0,0.0,0.0,0.3958514979784146,0.0,0.0,0.0,0.0,0.0,0.0,0.0,0.0,0.0,0.0,0.0,0.0,0.0,0.0,0.0,0.0,0.0,0.0,0.0,0.0,0.0,0.0,0.0,0.0,0.0,0.0,0.0,0.0,0.0,0.0,0.0,0.0,0.0,0.0,0.0,0.0,0.0,0.37377707266552124,0.0,0.0,0.4269636530377749,0.0,0.0,0.0,0.0,0.0,0.0,0.0,0.0,0.0,0.0,0.0,0.0,0.0,0.0,0.0,0.0,0.0,0.0,0.0,0.0,0.0,0.0,0.0,0.0,0.0,0.0,0.0,0.0,0.0,0.0,0.0,0.0,0.0,0.0,0.0,0.0,0.0,0.0,0.0,0.0,0.0,0.0,0.0,0.0,0.0,0.0,0.0,0.0,0.0,0.0,0.0,0.0,0.0,0.0,0.0,0.0,0.0,0.0,0.0,0.0,0.0,0.0,0.0,0.0,0.0,0.0,0.0,0.0,0.0,0.0,0.0,0.0,0.0,0.0,0.0,0.0,0.0,0.0,0.0,0.0,0.0,0.0,0.0,0.0,0.0,0.0,0.0,0.0,0.0,0.0,0.0,0.0,0.0,0.0,0.0,0.0,0.0,0.0,0.0,0.0,0.0,0.0,0.0,0.0,0.0,0.0,0.0,0.0,0.0,0.0,0.0,0.0,0.0,0.0,0.0,0.0,0.0,0.0,0.0,0.0,0.0,0.0,0.0,0.0,0.0,0.0,0.0,0.0,0.4269636530377749,0.0,0.0,0.0,0.0,0.0,0.0,0.0,0.0,0.0,0.0,0.0,0.0,0.0,0.0,0.0,0.0,0.0,0.0,0.0,0.0,0.0,0.0,0.0,0.0,0.0,0.0,0.0,0.0,0.0,0.0,0.0,0.0,0.0,0.0,0.0,0.0,0.0,0.0,0.0,0.0,0.0,0.0,0.0,0.0,0.0,0.0,0.0,0.0,0.0,0.0,0.0,0.0,0.0,0.0,0.0,0.0,0.0,0.0,0.0,0.0,0.0,0.0,0.0,0.0,0.0,0.0,0.0,0.0,0.0,0.0,0.0,0.0,0.0,0.0,0.0,0.0,0.0,0.0,0.0,0.0,0.0,0.0,0.0,0.0,0.0,0.0,0.0,0.0,0.0,0.0,0.0,0.0,0.0,0.0,0.0,0.0,0.0,0.0
SD2401267,20대,너희 집은 지금 오피스텔이잖아. 그 층간 소음 좀 있는 거 같아? 나 지금 7층 사는데 딱히 층간 소음은 없는 거 같은데 좀 그 아파트에 이상한 사람은 좀 있는 거 같더라. 왜냐하면은 우리가 집에 아무도 없는 상태였는데 갑자기 밑의 집에서 올라온다 아 그 밑의 집인가 어디서 막 신고가 들어왔다는 거야. 이 이 시간이 너무 시끄러웠었다고. 그래 가지고 그게 그게 꼭 밑의 집은 아니고 밑의 층은 아니었던 거 같은데 그런 사람이 좀 있어서 좀 뭐지 좀 조심해야겠다 이런 적은 있었어. 이런 적이 있어. 그리고 너는 지금 자취를 그 1곳에서만 했던 거야 이사 없이? 나도 지금 누나랑 같이 살라고 하면은 절대 못 살 거 같아. 누나랑 진짜 맞는 게 하나도 없단 말이야. 누나도 막 나도 새벽에 전화하면은 누나가 뭐라 하고. 어떨 때 누나가 새벽에 게임하면 또 나한테 이제 내가 이제 스트레스받고. 그래서 이제 만약에 내가 너처럼 그러니까 형제 같이 살라고 하면은 나는 못 살 거 같아. 그리고 그리고 그 이사를 좀 많이 다녔었는데 이사 다닐 때마다 이제 방이 있긴 한데 이게 크기가 이제 큰방 작은방이 있었단 말이야. 그래 가지고 누가 큰방 쓸 거냐 이런 거 때문에 또 엄청 싸운 적 싸웠었고 싸웠었던 거 같아. 그러면 본가도 그러면 지금 살던 데 쭉 계속 살고 있었던 거야 어릴 때부터? 나는 이제 어릴 때부터 정말 많이 다녔었는데 초등학교랑 중학교 때까지는 그래도 한동네 내에서 왔다 갔다 했던 거여서 좀 이제 이사하느라 좀 귀찮고 막 집 바뀌는 게 좀 불편 적응이 안 되 초반에 적응이 안 되는 게 있긴 했어도 이 친구들이랑 멀어진다 이런 거 없어서 괜찮았는데 중학교 3학년에서 이제 고등학교 때 한번 아예 학 그 학 우리 지금 다니는 학교 쪽으로 이사를 왔었단 말이야. 근데 그때 정말 좀 좋았던 친구들인데 완전 멀어지니까 그때 쪼끔 이제 스트레스를 받았었던 경험이 있고. 그래서 또 그래 가지고 이제 고등학교 1학년 때에서부터 2학년 때 또 이사를 가야 되는 상황이 된 거야. 근데 그래서 원래 다니던 고등학교 쪽으로 가려 했었는데 그러진 않고 이제 다시 원래 동네로 돌아갔었던 적이 있어. 나도 그런 전원주택에서 사는 꿈 같은 게 있었던 거 같아. 그 내가 직접 집을 만들고 아 설계해서 막 비밀 공간이나 아 이제 정말 큰 목욕탕이나 아니면 음 어떤 작업실 뭐 이런 걸 만들어 두고 싶다는 생각이 있었어. 만들고 싶다는. 그리 너 근데 지금 자취하고 있잖아. 그러면 그 가전제품 같은 거는 뭐 뭐 있어? 어 이러면 안 되는데. 나는 이제 본가에 살잖아. 어 집안일을 거의 다 안 하고 엄마가 하고 있어. 그러니까 설거지만 이제 내가 먹은 거 설거지하고 이제 그리고 옷 옷이나 분리수거 이런 거는 엄마 아빠가 거의 다 하는 거 같아. 그 자취하면서 이런 설거지나 분리수거 때문에 막 오빠랑 막 싸우거나 그러진 않아? 난 지금 너무 자취를 하고 싶어. 왜냐하면은 일단 난 이제 혼자가 편하단 말이야. 그래 가지고 이제 나만의 일상생활 패턴이 있는데 어쨌든 가족이랑 살면은 아무리 가족이라도 쪼금 지켜야 되는 게 있으니까 그런 게 이제 좀 나한테는 너무 좀 힘들고 내가 하고 싶은 것도 너무 제한이 되는 거 같아서 학교 근처에서 자취하고 싶다는 생각은 있는데 이게 자취도 어쨌든 돈이 많이 깨지니까 쉽사리 하진 못 하고 있고. 음 아마 군대 갔다 와서 자취를 할 수 있으면 하지 않을까 이런 생각이 있어. 음 너는 음 너희 집 인테리어는 혹시 어떻게 돼 있어? 음 우리 집은 이번에 새로 지은 아파트여 가지고 그냥 전체적으로 완전 깔끔한 느낌으로 지금 돼 있는데 이게 아파 이제 방 청소를 쪼끔만 안 해도 이제 옷가 방이 좀 좁아 가지고 옷도 막 의자 위에 올라가 있고 침대 위에 뭉쳐져 있고. 그래 가지고 인테리어는 깔끔한데 방 정리는 되게 안 돼 있는 거 같아. 그리고 또 새로 지은 아파트라 했잖아. 이게 요즘에 새로 지어서 그런가. 아파트가 되게 개성이 넘치더라고. 건물도 막 다 이 모습이 막 다르고. 막 저게 아파트 건물이야 이런 것도 있고. 그리고 처음에 이사 왔을 때 첫날인데 집을 못 찾겠는 거야. 왜냐하면은 보통 아파트 단지가 뭐 몇 호부터 몇 호 1에서 3 3에서 5 이렇게 순서대로 있는데 거기는 막 1에서 3이랑 17에서 19 이렇게 붙어 있고. 막 이상하게 다 붙어 있는 거야. 그래 가지고 처음 이사 갔을 때 그 아파트 단지 안에서 길 잃어 가지고 한 20분 30분 정도 헤맸던 기억이 있어. 너는 만약에 이제 앞으로 회사 다니고 할 거면은 하면은 혼자 살게 되면은 서울에서 계속 살고 싶어? 아니면은 대구? 이게 새로 지은 아파트여 가지고 이게 헬스장이나 도서관 뭐 어린이집 이런 게 입주된다는 얘기만 있고 아직은 인프라가 갖춰지진 못한 거 같아. 그래서 헬스장도 아마 생긴다곤 하는데 어 언제 생길진 잘 모르겠고. 그 아파트 단지 내에 도서관은 지금도 운영하고 있고. 그거 말고도 뭔가 주민들 휴식 공간이라고 하면서 건물이 몇 개 있더라고. 거기서 막 좀 차 같은 거 마시고 막 떠들면서 있는 아줌마들도 있고. 그 빈백 빈백도 있잖아. 그런 것도 아파트 단지 내에 몇 개 깔아둔 거야. 그래 가지고 거기서 좀 누워서 막 떠드는 사람들도 보고 이런 시설이 좀 있었어.,0.014965986394557823,0.02857142857142857,0.013605442176870748,0.0013605442176870747,0.005442176870748299,0.0027210884353741495,0.0027210884353741495,0.02312925170068027,0.0326530612244898,0.02040816326530612,0.004081632653061225,0.0163265306122449,0.0013605442176870747,0.005442176870748299,0.013605442176870748,0.0027210884353741495,0.004081632653061225,0.004081632653061225,0.024489795918367346,0.021768707482993196,0.0013605442176870747,0.0013605442176870747,0.005442176870748299,0.006802721088435374,0.0013605442176870747,0.004081632653061225,0.02040816326530612,0.0013605442176870747,0.0013605442176870747,0.009523809523809525,0.04353741496598639,0.0013605442176870747,0.005442176870748299,0.0013605442176870747,0.010884353741496598,0.005442176870748299,0.0013605442176870747,0.0027210884353741495,0.012244897959183673,0.0013605442176870747,0.0013605442176870747,0.006802721088435374,0.004081632653061225,0.0027210884353741495,0.027210884353741496,0.009523809523809525,0.010884353741496598,0.0013605442176870747,0.006802721088435374,0.024489795918367346,0.010884353741496598,0.0013605442176870747,0.006802721088435374,0.0027210884353741495,0.0013605442176870747,0.005442176870748299,0.0013605442176870747,0.0013605442176870747,0.0013605442176870747,0.006802721088435374,0.0013605442176870747,0.0027210884353741495,0.0013605442176870747,0.0027210884353741495,0.013605442176870748,0.0013605442176870747,0.006802721088435374,0.0013605442176870747,0.02857142857142857,0.0027210884353741495,0.0027210884353741495,0.0027210884353741495,0.005442176870748299,0.0013605442176870747,0.00816326530612245,0.004081632653061225,0.00816326530612245,0.0013605442176870747,0.005442176870748299,0.0027210884353741495,0.0013605442176870747,0.0013605442176870747,0.0027210884353741495,0.0013605442176870747,0.0013605442176870747,0.0013605442176870747,0.005442176870748299,0.0013605442176870747,0.005442176870748299,0.0027210884353741495,0.0013605442176870747,0.0027210884353741495,0.0027210884353741495,0.005442176870748299,0.004081632653061225,0.0013605442176870747,0.0027210884353741495,0.0013605442176870747,0.0013605442176870747,0.0013605442176870747,0.005442176870748299,0.004081632653061225,0.0013605442176870747,0.0013605442176870747,0.0013605442176870747,0.0027210884353741495,0.009523809523809525,0.014965986394557823,0.0013605442176870747,0.0013605442176870747,0.0013605442176870747,0.0027210884353741495,0.0013605442176870747,0.004081632653061225,0.0013605442176870747,0.004081632653061225,0.0013605442176870747,0.0013605442176870747,0.0027210884353741495,0.0027210884353741495,0.0027210884353741495,0.0013605442176870747,0.0013605442176870747,0.0027210884353741495,0.0027210884353741495,0.0013605442176870747,0.0027210884353741495,0.0013605442176870747,0.0027210884353741495,0.0013605442176870747,0.0013605442176870747,0.0013605442176870747,0.0013605442176870747,0.0013605442176870747,0.0013605442176870747,0.0013605442176870747,0.005442176870748299,0.004081632653061225,0.0013605442176870747,0.0013605442176870747,0.0027210884353741495,0.0027210884353741495,0.0013605442176870747,0.0013605442176870747,0.0013605442176870747,0.004081632653061225,0.0013605442176870747,0.0013605442176870747,0.004081632653061225,0.0013605442176870747,0.0027210884353741495,0.005442176870748299,0.0027210884353741495,0.004081632653061225,0.0013605442176870747,0.005442176870748299,0.0027210884353741495,0.0013605442176870747,0.0013605442176870747,0.0013605442176870747,0.0013605442176870747,0.0027210884353741495,0.0013605442176870747,0.0013605442176870747,0.0013605442176870747,0.0013605442176870747,0.0013605442176870747,0.0027210884353741495,0.0027210884353741495,0.0013605442176870747,0.0013605442176870747,0.0013605442176870747,0.0013605442176870747,0.0013605442176870747,0.0013605442176870747,0.0013605442176870747,0.0013605442176870747,0.0013605442176870747,0.0013605442176870747,0.0013605442176870747,0.0027210884353741495,0.0013605442176870747,0.0027210884353741495,0.0013605442176870747,0.0013605442176870747,0.005442176870748299,0.005442176870748299,0.005442176870748299,0.0013605442176870747,0.0013605442176870747,0.0013605442176870747,0.0013605442176870747,0.0013605442176870747,0.0013605442176870747,0.0013605442176870747,0.0027210884353741495,0.0013605442176870747,0.0013605442176870747,0.0013605442176870747,0.0013605442176870747,0.0027210884353741495,0.0013605442176870747,0.0013605442176870747,0.0013605442176870747,0.004081632653061225,0.0013605442176870747,0.0013605442176870747,0.0013605442176870747,0.0013605442176870747,0.0027210884353741495,0.0013605442176870747,0.0013605442176870747,0.0013605442176870747,0.005442176870748299,0.0027210884353741495,0.0013605442176870747,0.0013605442176870747,0.0027210884353741495,0.0013605442176870747,0.0013605442176870747,0.0013605442176870747,0.0013605442176870747,0.0013605442176870747,0.0013605442176870747,0.0013605442176870747,0.0013605442176870747,0.0013605442176870747,0.0013605442176870747,0.0027210884353741495,0.0027210884353741495,0.0013605442176870747,0.0013605442176870747,0.0013605442176870747,0.0013605442176870747,0.0013605442176870747,0.0013605442176870747,0.0013605442176870747,0.0013605442176870747,0.0027210884353741495,0.0013605442176870747,0.0013605442176870747,0.0013605442176870747,0.0013605442176870747,0.0013605442176870747,0.0013605442176870747,0.0013605442176870747,0.0013605442176870747,0.0013605442176870747,0.0013605442176870747,0.0013605442176870747,0.0027210884353741495,0.0013605442176870747,0.0013605442176870747,0.0013605442176870747,0.0013605442176870747,0.0013605442176870747,0.0013605442176870747,0.0013605442176870747,0.0,0.0,0.0,0.0,0.0,0.0,0.0,0.0,0.0,0.0,0.0,0.0,0.0,0.0,0.0,0.0,0.0,0.0,0.0,0.0,0.0,0.0,0.0,0.0,0.0,0.0,0.0,0.0,0.0,0.0,0.0,0.0,0.0,0.0,0.0,0.0,0.0,0.0,0.0,0.0,0.0,0.0,0.0,0.0,0.0,0.0,0.0,0.0,0.0,0.0,0.0,0.0,0.0,0.0,0.0,0.0,0.0,0.0,0.0,0.0,0.0,0.0,0.0,0.0,0.0,0.0,0.0,0.0,0.0,0.0,0.0,0.0,0.0,0.0,0.0,0.0,0.0,0.0,0.0,0.0,0.0,0.0,0.0,0.0,0.0,0.0,0.0,0.0,0.0,0.0,0.0,0.0,0.0,0.0,0.0,0.0,0.0,0.0,0.0,0.0,0.0,0.0,0.0,0.0,0.0,0.0,0.0,0.0,0.0,0.0,0.0,0.0,0.0,0.0,0.0,0.0,0.0,0.0,0.0,0.0,0.0,0.0,0.0,0.0,0.0,0.0,0.0,0.0,0.0,0.0,0.0,0.0,0.0,0.0,0.0,0.0,0.0,0.0,0.0,0.0,0.0,0.0,0.0,0.0,0.0,0.0,0.0,0.0,0.0,0.0,0.0,0.0,0.0,0.0,0.0,0.0,0.0,0.0,0.0,0.0,0.0,0.0,0.0,0.0,0.0,0.0,0.0,0.0,0.0,0.0,0.0,0.0,0.0,0.0,0.0,0.0,0.0,0.0,0.0,0.0,0.0,0.0,0.0,0.0,0.0,0.0,0.0,0.0,0.0,0.0,0.0,0.0,0.0,0.0,0.0,0.0,0.0,0.0,0.0,0.0,0.0,0.0,0.0,0.0,0.0,0.0,0.0,0.0,0.0,0.0,0.0,0.0,0.0,0.0,0.0,0.0,0.0,0.0,0.0,0.0,0.0,0.0,0.0,0.0,0.0,0.3079235995547387,0.0,0.0,0.0,0.0,0.0,0.0,0.0,0.0,0.0,0.0,0.0,0.0,0.0,0.0,0.0,0.0,0.0,0.0,0.0,0.0,0.0,0.0,0.21358511626193522,0.0,0.0,0.0,0.0,0.0,0.0,0.0,0.0,0.0,0.0,0.0,0.0,0.0,0.0,0.0,0.0,0.0,0.0,0.0,0.0,0.0,0.0,0.0,0.0,0.0,0.0,0.0,0.0,0.0,0.0,0.0,0.0,0.0,0.0,0.0,0.0,0.0,0.0,0.0,0.0,0.0,0.0,0.0,0.0,0.0,0.0,0.0,0.0,0.0,0.0,0.0,0.0,0.0,0.0,0.0,0.0,0.0,0.0,0.0,0.0,0.0,0.0,0.0,0.0,0.0,0.0,0.0,0.0,0.0,0.0,0.0,0.0,0.0,0.0,0.0,0.0,0.0,0.0,0.0,0.0,0.0,0.0,0.0,0.0,0.0,0.0,0.0,0.0,0.0,0.0,0.0,0.0,0.0,0.0,0.0,0.0,0.0,0.0,0.0,0.0,0.0,0.0,0.0,0.0,0.0,0.0,0.0,0.0,0.0,0.0,0.0,0.0,0.0,0.0,0.0,0.0,0.0,0.0,0.0,0.0,0.0,0.0,0.0,0.0,0.0,0.0,0.0,0.0,0.0,0.0,0.0,0.0,0.0,0.0,0.0,0.0,0.0,0.0,0.0,0.0,0.0,0.0,0.0,0.0,0.0,0.0,0.0,0.0,0.0,0.0,0.0,0.0,0.0,0.0,0.0,0.0,0.0,0.0,0.0,0.0,0.0,0.0,0.0,0.0,0.0,0.0,0.0,0.0,0.0,0.0,0.0,0.3079235995547387,0.0,0.0,0.0,0.0,0.0,0.0,0.0,0.0,0.0,0.0,0.0,0.0,0.0,0.0,0.0,0.0,0.0,0.0,0.0,0.0,0.0,0.0,0.0,0.0,0.0,0.0,0.0,0.0,0.0,0.0,0.0,0.0,0.0,0.0,0.0,0.0,0.0,0.0,0.0,0.0,0.0,0.0,0.0,0.0,0.0,0.0,0.0,0.0,0.0,0.0,0.0,0.0,0.0,0.0,0.0,0.0,0.5391315201063149,0.0,0.0,0.0,0.0,0.0,0.0,0.0,0.0,0.0,0.0,0.0,0.0,0.0,0.0,0.0,0.0,0.0,0.0,0.0,0.0,0.0,0.0,0.0,0.0,0.0,0.0,0.0,0.0,0.0,0.0,0.0,0.0,0.0,0.0,0.0,0.0,0.0,0.0,0.0,0.0,0.0,0.0,0.0,0.0,0.0,0.0,0.0,0.0,0.0,0.0,0.0,0.0,0.0,0.0,0.0,0.0,0.0,0.0,0.0,0.0,0.0,0.0,0.0,0.0,0.0,0.0,0.0,0.0,0.0,0.0,0.0,0.0,0.0,0.0,0.0,0.0,0.0,0.0,0.0,0.0,0.0,0.0,0.0,0.0,0.0,0.0,0.0,0.0,0.0,0.0,0.0,0.0,0.0,0.0,0.0,0.0,0.0,0.0,0.0,0.0,0.0,0.0,0.0,0.0,0.3079235995547387,0.0,0.0,0.0,0.0,0.0,0.0,0.0,0.0,0.0,0.0,0.0,0.0,0.0,0.0,0.0,0.0,0.0,0.0,0.0,0.0,0.0,0.0,0.0,0.0,0.0,0.0,0.0,0.0,0.0,0.0,0.0,0.0,0.0,0.0,0.0,0.0,0.0,0.0,0.0,0.0,0.0,0.0,0.0,0.0,0.0,0.0,0.0,0.0,0.0,0.0,0.0,0.0,0.0,0.0,0.0,0.0,0.0,0.3079235995547387,0.0,0.0,0.0,0.0,0.0,0.0,0.0,0.0,0.0,0.0,0.0,0.0,0.0,0.0,0.0,0.0,0.0,0.0,0.0,0.0,0.0,0.0,0.0,0.0,0.0,0.0,0.0,0.0,0.0,0.0,0.0,0.0,0.0,0.0,0.0,0.0,0.0,0.3079235995547387,0.0,0.0,0.0,0.0,0.0,0.0,0.0,0.0,0.0,0.0,0.0,0.0,0.0,0.0,0.0,0.0,0.0,0.0,0.0,0.0,0.0,0.0,0.0,0.0,0.0,0.0,0.0,0.0,0.0,0.0,0.0,0.0,0.0,0.0,0.0,0.0,0.0,0.0,0.0,0.0,0.0,0.0,0.0,0.0,0.0,0.0,0.0,0.0,0.0,0.0,0.0,0.0,0.0,0.0,0.0,0.0,0.0,0.0,0.0,0.0,0.0,0.0,0.0,0.0,0.0,0.0,0.0,0.0,0.0,0.0,0.0,0.0,0.0,0.0,0.0,0.0,0.0,0.0,0.0,0.0,0.0,0.0,0.0,0.0,0.0,0.0,0.0,0.0,0.0,0.0,0.0,0.0,0.0,0.0,0.0,0.0,0.0,0.0,0.0,0.0,0.0,0.0,0.0,0.0,0.0,0.0,0.0,0.0,0.0,0.0,0.0,0.0,0.0,0.0,0.0,0.0,0.0,0.0,0.0,0.0,0.0,0.0,0.0,0.0,0.0,0.0,0.0,0.0,0.0,0.0,0.0,0.0,0.0,0.0,0.0,0.0,0.0,0.0,0.0,0.0,0.0,0.0,0.0,0.0,0.0,0.3079235995547387,0.0,0.0,0.0,0.3079235995547387,0.0,0.0,0.0,0.0,0.0,0.0,0.0,0.0,0.0,0.0,0.0,0.0,0.0,0.0,0.0,0.0,0.0,0.0,0.0,0.0,0.0,0.0,0.0,0.0,0.0,0.0,0.0,0.0,0.0,0.0,0.0,0.0,0.0,0.0,0.0,0.0,0.0,0.0,0.0,0.0,0.0,0.0,0.0,0.0,0.0,0.0,0.0,0.0,0.0,0.0,0.0,0.0,0.0,0.0,0.0,0.0,0.0,0.0,0.0,0.0,0.0,0.0,0.0,0.0,0.0,0.0,0.0,0.0,0.0,0.0,0.0,0.0,0.0,0.0,0.0,0.0,0.0,0.0,0.0,0.0,0.0,0.0,0.0,0.0,0.0,0.0,0.0,0.0,0.0,0.0,0.0,0.0,0.0
SD2401267,20대,너희 집은 지금 오피스텔이잖아. 그 층간 소음 좀 있는 거 같아? 나 지금 7층 사는데 딱히 층간 소음은 없는 거 같은데 좀 그 아파트에 이상한 사람은 좀 있는 거 같더라. 왜냐하면은 우리가 집에 아무도 없는 상태였는데 갑자기 밑의 집에서 올라온다 아 그 밑의 집인가 어디서 막 신고가 들어왔다는 거야. 이 이 시간이 너무 시끄러웠었다고. 그래 가지고 그게 그게 꼭 밑의 집은 아니고 밑의 층은 아니었던 거 같은데 그런 사람이 좀 있어서 좀 뭐지 좀 조심해야겠다 이런 적은 있었어. 이런 적이 있어. 그리고 너는 지금 자취를 그 1곳에서만 했던 거야 이사 없이? 나도 지금 누나랑 같이 살라고 하면은 절대 못 살 거 같아. 누나랑 진짜 맞는 게 하나도 없단 말이야. 누나도 막 나도 새벽에 전화하면은 누나가 뭐라 하고. 어떨 때 누나가 새벽에 게임하면 또 나한테 이제 내가 이제 스트레스받고. 그래서 이제 만약에 내가 너처럼 그러니까 형제 같이 살라고 하면은 나는 못 살 거 같아. 그리고 그리고 그 이사를 좀 많이 다녔었는데 이사 다닐 때마다 이제 방이 있긴 한데 이게 크기가 이제 큰방 작은방이 있었단 말이야. 그래 가지고 누가 큰방 쓸 거냐 이런 거 때문에 또 엄청 싸운 적 싸웠었고 싸웠었던 거 같아. 그러면 본가도 그러면 지금 살던 데 쭉 계속 살고 있었던 거야 어릴 때부터? 나는 이제 어릴 때부터 정말 많이 다녔었는데 초등학교랑 중학교 때까지는 그래도 한동네 내에서 왔다 갔다 했던 거여서 좀 이제 이사하느라 좀 귀찮고 막 집 바뀌는 게 좀 불편 적응이 안 되 초반에 적응이 안 되는 게 있긴 했어도 이 친구들이랑 멀어진다 이런 거 없어서 괜찮았는데 중학교 3학년에서 이제 고등학교 때 한번 아예 학 그 학 우리 지금 다니는 학교 쪽으로 이사를 왔었단 말이야. 근데 그때 정말 좀 좋았던 친구들인데 완전 멀어지니까 그때 쪼끔 이제 스트레스를 받았었던 경험이 있고. 그래서 또 그래 가지고 이제 고등학교 1학년 때에서부터 2학년 때 또 이사를 가야 되는 상황이 된 거야. 근데 그래서 원래 다니던 고등학교 쪽으로 가려 했었는데 그러진 않고 이제 다시 원래 동네로 돌아갔었던 적이 있어. 나도 그런 전원주택에서 사는 꿈 같은 게 있었던 거 같아. 그 내가 직접 집을 만들고 아 설계해서 막 비밀 공간이나 아 이제 정말 큰 목욕탕이나 아니면 음 어떤 작업실 뭐 이런 걸 만들어 두고 싶다는 생각이 있었어. 만들고 싶다는. 그리 너 근데 지금 자취하고 있잖아. 그러면 그 가전제품 같은 거는 뭐 뭐 있어? 어 이러면 안 되는데. 나는 이제 본가에 살잖아. 어 집안일을 거의 다 안 하고 엄마가 하고 있어. 그러니까 설거지만 이제 내가 먹은 거 설거지하고 이제 그리고 옷 옷이나 분리수거 이런 거는 엄마 아빠가 거의 다 하는 거 같아. 그 자취하면서 이런 설거지나 분리수거 때문에 막 오빠랑 막 싸우거나 그러진 않아? 난 지금 너무 자취를 하고 싶어. 왜냐하면은 일단 난 이제 혼자가 편하단 말이야. 그래 가지고 이제 나만의 일상생활 패턴이 있는데 어쨌든 가족이랑 살면은 아무리 가족이라도 쪼금 지켜야 되는 게 있으니까 그런 게 이제 좀 나한테는 너무 좀 힘들고 내가 하고 싶은 것도 너무 제한이 되는 거 같아서 학교 근처에서 자취하고 싶다는 생각은 있는데 이게 자취도 어쨌든 돈이 많이 깨지니까 쉽사리 하진 못 하고 있고. 음 아마 군대 갔다 와서 자취를 할 수 있으면 하지 않을까 이런 생각이 있어. 음 너는 음 너희 집 인테리어는 혹시 어떻게 돼 있어? 음 우리 집은 이번에 새로 지은 아파트여 가지고 그냥 전체적으로 완전 깔끔한 느낌으로 지금 돼 있는데 이게 아파 이제 방 청소를 쪼끔만 안 해도 이제 옷가 방이 좀 좁아 가지고 옷도 막 의자 위에 올라가 있고 침대 위에 뭉쳐져 있고. 그래 가지고 인테리어는 깔끔한데 방 정리는 되게 안 돼 있는 거 같아. 그리고 또 새로 지은 아파트라 했잖아. 이게 요즘에 새로 지어서 그런가. 아파트가 되게 개성이 넘치더라고. 건물도 막 다 이 모습이 막 다르고. 막 저게 아파트 건물이야 이런 것도 있고. 그리고 처음에 이사 왔을 때 첫날인데 집을 못 찾겠는 거야. 왜냐하면은 보통 아파트 단지가 뭐 몇 호부터 몇 호 1에서 3 3에서 5 이렇게 순서대로 있는데 거기는 막 1에서 3이랑 17에서 19 이렇게 붙어 있고. 막 이상하게 다 붙어 있는 거야. 그래 가지고 처음 이사 갔을 때 그 아파트 단지 안에서 길 잃어 가지고 한 20분 30분 정도 헤맸던 기억이 있어. 너는 만약에 이제 앞으로 회사 다니고 할 거면은 하면은 혼자 살게 되면은 서울에서 계속 살고 싶어? 아니면은 대구? 이게 새로 지은 아파트여 가지고 이게 헬스장이나 도서관 뭐 어린이집 이런 게 입주된다는 얘기만 있고 아직은 인프라가 갖춰지진 못한 거 같아. 그래서 헬스장도 아마 생긴다곤 하는데 어 언제 생길진 잘 모르겠고. 그 아파트 단지 내에 도서관은 지금도 운영하고 있고. 그거 말고도 뭔가 주민들 휴식 공간이라고 하면서 건물이 몇 개 있더라고. 거기서 막 좀 차 같은 거 마시고 막 떠들면서 있는 아줌마들도 있고. 그 빈백 빈백도 있잖아. 그런 것도 아파트 단지 내에 몇 개 깔아둔 거야. 그래 가지고 거기서 좀 누워서 막 떠드는 사람들도 보고 이런 시설이 좀 있었어.,0.014965986394557823,0.02857142857142857,0.013605442176870748,0.0013605442176870747,0.005442176870748299,0.0027210884353741495,0.0027210884353741495,0.02312925170068027,0.0326530612244898,0.02040816326530612,0.004081632653061225,0.0163265306122449,0.0013605442176870747,0.005442176870748299,0.013605442176870748,0.0027210884353741495,0.004081632653061225,0.004081632653061225,0.024489795918367346,0.021768707482993196,0.0013605442176870747,0.0013605442176870747,0.005442176870748299,0.006802721088435374,0.0013605442176870747,0.004081632653061225,0.02040816326530612,0.0013605442176870747,0.0013605442176870747,0.009523809523809525,0.04353741496598639,0.0013605442176870747,0.005442176870748299,0.0013605442176870747,0.010884353741496598,0.005442176870748299,0.0013605442176870747,0.0027210884353741495,0.012244897959183673,0.0013605442176870747,0.0013605442176870747,0.006802721088435374,0.004081632653061225,0.0027210884353741495,0.027210884353741496,0.009523809523809525,0.010884353741496598,0.0013605442176870747,0.006802721088435374,0.024489795918367346,0.010884353741496598,0.0013605442176870747,0.006802721088435374,0.0027210884353741495,0.0013605442176870747,0.005442176870748299,0.0013605442176870747,0.0013605442176870747,0.0013605442176870747,0.006802721088435374,0.0013605442176870747,0.0027210884353741495,0.0013605442176870747,0.0027210884353741495,0.013605442176870748,0.0013605442176870747,0.006802721088435374,0.0013605442176870747,0.02857142857142857,0.0027210884353741495,0.0027210884353741495,0.0027210884353741495,0.005442176870748299,0.0013605442176870747,0.00816326530612245,0.004081632653061225,0.00816326530612245,0.0013605442176870747,0.005442176870748299,0.0027210884353741495,0.0013605442176870747,0.0013605442176870747,0.0027210884353741495,0.0013605442176870747,0.0013605442176870747,0.0013605442176870747,0.005442176870748299,0.0013605442176870747,0.005442176870748299,0.0027210884353741495,0.0013605442176870747,0.0027210884353741495,0.0027210884353741495,0.005442176870748299,0.004081632653061225,0.0013605442176870747,0.0027210884353741495,0.0013605442176870747,0.0013605442176870747,0.0013605442176870747,0.005442176870748299,0.004081632653061225,0.0013605442176870747,0.0013605442176870747,0.0013605442176870747,0.0027210884353741495,0.009523809523809525,0.014965986394557823,0.0013605442176870747,0.0013605442176870747,0.0013605442176870747,0.0027210884353741495,0.0013605442176870747,0.004081632653061225,0.0013605442176870747,0.004081632653061225,0.0013605442176870747,0.0013605442176870747,0.0027210884353741495,0.0027210884353741495,0.0027210884353741495,0.0013605442176870747,0.0013605442176870747,0.0027210884353741495,0.0027210884353741495,0.0013605442176870747,0.0027210884353741495,0.0013605442176870747,0.0027210884353741495,0.0013605442176870747,0.0013605442176870747,0.0013605442176870747,0.0013605442176870747,0.0013605442176870747,0.0013605442176870747,0.0013605442176870747,0.005442176870748299,0.004081632653061225,0.0013605442176870747,0.0013605442176870747,0.0027210884353741495,0.0027210884353741495,0.0013605442176870747,0.0013605442176870747,0.0013605442176870747,0.004081632653061225,0.0013605442176870747,0.0013605442176870747,0.004081632653061225,0.0013605442176870747,0.0027210884353741495,0.005442176870748299,0.0027210884353741495,0.004081632653061225,0.0013605442176870747,0.005442176870748299,0.0027210884353741495,0.0013605442176870747,0.0013605442176870747,0.0013605442176870747,0.0013605442176870747,0.0027210884353741495,0.0013605442176870747,0.0013605442176870747,0.0013605442176870747,0.0013605442176870747,0.0013605442176870747,0.0027210884353741495,0.0027210884353741495,0.0013605442176870747,0.0013605442176870747,0.0013605442176870747,0.0013605442176870747,0.0013605442176870747,0.0013605442176870747,0.0013605442176870747,0.0013605442176870747,0.0013605442176870747,0.0013605442176870747,0.0013605442176870747,0.0027210884353741495,0.0013605442176870747,0.0027210884353741495,0.0013605442176870747,0.0013605442176870747,0.005442176870748299,0.005442176870748299,0.005442176870748299,0.0013605442176870747,0.0013605442176870747,0.0013605442176870747,0.0013605442176870747,0.0013605442176870747,0.0013605442176870747,0.0013605442176870747,0.0027210884353741495,0.0013605442176870747,0.0013605442176870747,0.0013605442176870747,0.0013605442176870747,0.0027210884353741495,0.0013605442176870747,0.0013605442176870747,0.0013605442176870747,0.004081632653061225,0.0013605442176870747,0.0013605442176870747,0.0013605442176870747,0.0013605442176870747,0.0027210884353741495,0.0013605442176870747,0.0013605442176870747,0.0013605442176870747,0.005442176870748299,0.0027210884353741495,0.0013605442176870747,0.0013605442176870747,0.0027210884353741495,0.0013605442176870747,0.0013605442176870747,0.0013605442176870747,0.0013605442176870747,0.0013605442176870747,0.0013605442176870747,0.0013605442176870747,0.0013605442176870747,0.0013605442176870747,0.0013605442176870747,0.0027210884353741495,0.0027210884353741495,0.0013605442176870747,0.0013605442176870747,0.0013605442176870747,0.0013605442176870747,0.0013605442176870747,0.0013605442176870747,0.0013605442176870747,0.0013605442176870747,0.0027210884353741495,0.0013605442176870747,0.0013605442176870747,0.0013605442176870747,0.0013605442176870747,0.0013605442176870747,0.0013605442176870747,0.0013605442176870747,0.0013605442176870747,0.0013605442176870747,0.0013605442176870747,0.0013605442176870747,0.0027210884353741495,0.0013605442176870747,0.0013605442176870747,0.0013605442176870747,0.0013605442176870747,0.0013605442176870747,0.0013605442176870747,0.0013605442176870747,0.0,0.0,0.0,0.0,0.0,0.0,0.0,0.0,0.0,0.0,0.0,0.0,0.0,0.0,0.0,0.0,0.0,0.0,0.0,0.0,0.0,0.0,0.0,0.0,0.0,0.0,0.0,0.0,0.0,0.0,0.0,0.0,0.0,0.0,0.0,0.0,0.0,0.0,0.0,0.0,0.0,0.0,0.0,0.0,0.0,0.0,0.0,0.0,0.0,0.0,0.0,0.0,0.0,0.0,0.0,0.0,0.0,0.0,0.0,0.0,0.0,0.0,0.0,0.0,0.0,0.0,0.0,0.0,0.0,0.0,0.0,0.0,0.0,0.0,0.0,0.0,0.0,0.0,0.0,0.0,0.0,0.0,0.0,0.0,0.0,0.0,0.0,0.0,0.0,0.0,0.0,0.0,0.0,0.0,0.0,0.0,0.0,0.0,0.0,0.0,0.0,0.0,0.0,0.0,0.0,0.0,0.0,0.0,0.0,0.0,0.0,0.0,0.0,0.0,0.0,0.0,0.0,0.0,0.0,0.0,0.0,0.0,0.0,0.0,0.0,0.0,0.0,0.0,0.0,0.0,0.0,0.0,0.0,0.0,0.0,0.0,0.0,0.0,0.0,0.0,0.0,0.0,0.0,0.0,0.0,0.0,0.0,0.0,0.0,0.0,0.0,0.0,0.0,0.0,0.0,0.0,0.0,0.0,0.0,0.0,0.0,0.0,0.0,0.0,0.0,0.0,0.0,0.0,0.0,0.0,0.0,0.0,0.0,0.0,0.0,0.0,0.0,0.0,0.0,0.0,0.0,0.0,0.0,0.0,0.0,0.0,0.0,0.0,0.0,0.0,0.0,0.0,0.0,0.0,0.0,0.0,0.0,0.0,0.0,0.0,0.0,0.0,0.0,0.0,0.0,0.0,0.0,0.0,0.0,0.0,0.0,0.0,0.0,0.0,0.0,0.0,0.0,0.0,0.0,0.0,0.0,0.0,0.0,0.0,0.0,0.0,0.0,0.0,0.0,0.0,0.0,0.0,0.0,0.0,0.0,0.0,0.0,0.0,0.0,0.0,0.0,0.0,0.0,0.0,0.0,0.0,0.0,0.0,0.0,0.0,0.0,0.0,0.0,0.0,0.0,0.0,0.0,0.0,0.0,0.0,0.0,0.0,0.0,0.0,0.0,0.0,0.0,0.0,0.0,0.0,0.0,0.0,0.0,0.0,0.0,0.0,0.0,0.0,0.0,0.0,0.0,0.0,0.0,0.0,0.0,0.0,0.0,0.0,0.0,0.0,0.0,0.0,0.0,0.0,0.0,0.0,0.0,0.0,0.0,0.0,0.0,0.0,0.0,0.0,0.0,0.0,0.0,0.0,0.0,0.0,0.0,0.0,0.0,0.0,0.0,0.0,0.0,0.0,0.0,0.0,0.0,0.0,0.0,0.0,0.0,0.0,0.0,0.0,0.0,0.0,0.0,0.0,0.0,0.0,0.0,0.0,0.0,0.0,0.0,0.0,0.0,0.0,0.0,0.0,0.0,0.0,0.0,0.0,0.0,0.4403559539354659,0.0,0.0,0.0,0.0,0.0,0.0,0.0,0.0,0.0,0.0,0.0,0.0,0.0,0.0,0.0,0.0,0.0,0.0,0.0,0.0,0.0,0.0,0.0,0.0,0.0,0.0,0.0,0.0,0.0,0.0,0.0,0.0,0.0,0.0,0.0,0.0,0.0,0.0,0.0,0.0,0.0,0.0,0.0,0.0,0.0,0.0,0.0,0.0,0.0,0.0,0.0,0.0,0.0,0.0,0.0,0.0,0.0,0.0,0.0,0.0,0.0,0.0,0.0,0.0,0.0,0.0,0.0,0.0,0.0,0.0,0.0,0.0,0.0,0.0,0.0,0.0,0.0,0.0,0.0,0.0,0.0,0.0,0.0,0.0,0.0,0.0,0.0,0.0,0.0,0.0,0.0,0.0,0.0,0.0,0.0,0.0,0.0,0.0,0.0,0.0,0.0,0.0,0.0,0.0,0.0,0.0,0.0,0.0,0.0,0.0,0.0,0.0,0.0,0.0,0.0,0.0,0.0,0.0,0.0,0.0,0.0,0.0,0.0,0.0,0.0,0.0,0.0,0.0,0.0,0.0,0.0,0.0,0.0,0.0,0.0,0.0,0.0,0.0,0.0,0.0,0.0,0.0,0.0,0.0,0.0,0.0,0.0,0.0,0.0,0.0,0.0,0.0,0.0,0.0,0.0,0.0,0.0,0.0,0.0,0.0,0.0,0.0,0.0,0.0,0.0,0.0,0.0,0.0,0.0,0.0,0.0,0.0,0.0,0.0,0.0,0.0,0.0,0.0,0.0,0.0,0.0,0.0,0.0,0.0,0.0,0.0,0.0,0.0,0.0,0.0,0.0,0.0,0.0,0.0,0.0,0.0,0.0,0.0,0.0,0.0,0.0,0.0,0.0,0.0,0.0,0.0,0.0,0.0,0.0,0.0,0.0,0.0,0.0,0.0,0.0,0.0,0.0,0.0,0.0,0.0,0.0,0.0,0.0,0.0,0.0,0.6348569263359998,0.6348569263359998,0.0,0.0,0.0,0.0,0.0,0.0,0.0,0.0,0.0,0.0,0.0,0.0,0.0,0.0,0.0,0.0,0.0,0.0,0.0,0.0,0.0,0.0,0.0,0.0,0.0,0.0,0.0,0.0,0.0,0.0,0.0,0.0,0.0,0.0,0.0,0.0,0.0,0.0,0.0,0.0,0.0,0.0,0.0,0.0,0.0,0.0,0.0,0.0,0.0,0.0,0.0,0.0,0.0,0.0,0.0,0.0,0.0,0.0,0.0,0.0,0.0,0.0,0.0,0.0,0.0,0.0,0.0,0.0,0.0,0.0,0.0,0.0,0.0,0.0,0.0,0.0,0.0,0.0,0.0,0.0,0.0,0.0,0.0,0.0,0.0,0.0,0.0,0.0,0.0,0.0,0.0,0.0,0.0,0.0,0.0,0.0,0.0,0.0,0.0,0.0,0.0,0.0,0.0,0.0,0.0,0.0,0.0,0.0,0.0,0.0,0.0,0.0,0.0,0.0,0.0,0.0,0.0,0.0,0.0,0.0,0.0,0.0,0.0,0.0,0.0,0.0,0.0,0.0,0.0,0.0,0.0,0.0,0.0,0.0,0.0,0.0,0.0,0.0,0.0,0.0,0.0,0.0,0.0,0.0,0.0,0.0,0.0,0.0,0.0,0.0,0.0,0.0,0.0,0.0,0.0,0.0,0.0,0.0,0.0,0.0,0.0,0.0,0.0,0.0,0.0,0.0,0.0,0.0,0.0,0.0,0.0,0.0,0.0,0.0,0.0,0.0,0.0,0.0,0.0,0.0,0.0,0.0,0.0,0.0,0.0,0.0,0.0,0.0,0.0,0.0,0.0,0.0,0.0,0.0,0.0,0.0,0.0,0.0,0.0,0.0,0.0,0.0,0.0,0.0,0.0,0.0,0.0,0.0,0.0,0.0,0.0,0.0,0.0,0.0,0.0,0.0,0.0,0.0,0.0,0.0,0.0,0.0,0.0,0.0,0.0,0.0,0.0,0.0,0.0,0.0,0.0,0.0,0.0,0.0,0.0,0.0,0.0,0.0,0.0,0.0,0.0,0.0,0.0,0.0,0.0,0.0,0.0,0.0,0.0,0.0,0.0,0.0,0.0,0.0,0.0,0.0,0.0,0.0,0.0,0.0,0.0,0.0,0.0,0.0,0.0,0.0,0.0,0.0,0.0,0.0,0.0,0.0,0.0,0.0,0.0,0.0,0.0,0.0,0.0,0.0,0.0,0.0,0.0,0.0,0.0,0.0,0.0,0.0,0.0,0.0,0.0,0.0,0.0,0.0,0.0,0.0,0.0,0.0,0.0,0.0,0.0,0.0,0.0,0.0,0.0,0.0,0.0,0.0,0.0,0.0,0.0,0.0,0.0,0.0,0.0,0.0,0.0,0.0,0.0,0.0,0.0,0.0,0.0,0.0,0.0,0.0,0.0,0.0,0.0,0.0,0.0,0.0,0.0,0.0,0.0,0.0,0.0,0.0,0.0,0.0,0.0,0.0,0.0,0.0,0.0
SD2401267,20대,너희 집은 지금 오피스텔이잖아. 그 층간 소음 좀 있는 거 같아? 나 지금 7층 사는데 딱히 층간 소음은 없는 거 같은데 좀 그 아파트에 이상한 사람은 좀 있는 거 같더라. 왜냐하면은 우리가 집에 아무도 없는 상태였는데 갑자기 밑의 집에서 올라온다 아 그 밑의 집인가 어디서 막 신고가 들어왔다는 거야. 이 이 시간이 너무 시끄러웠었다고. 그래 가지고 그게 그게 꼭 밑의 집은 아니고 밑의 층은 아니었던 거 같은데 그런 사람이 좀 있어서 좀 뭐지 좀 조심해야겠다 이런 적은 있었어. 이런 적이 있어. 그리고 너는 지금 자취를 그 1곳에서만 했던 거야 이사 없이? 나도 지금 누나랑 같이 살라고 하면은 절대 못 살 거 같아. 누나랑 진짜 맞는 게 하나도 없단 말이야. 누나도 막 나도 새벽에 전화하면은 누나가 뭐라 하고. 어떨 때 누나가 새벽에 게임하면 또 나한테 이제 내가 이제 스트레스받고. 그래서 이제 만약에 내가 너처럼 그러니까 형제 같이 살라고 하면은 나는 못 살 거 같아. 그리고 그리고 그 이사를 좀 많이 다녔었는데 이사 다닐 때마다 이제 방이 있긴 한데 이게 크기가 이제 큰방 작은방이 있었단 말이야. 그래 가지고 누가 큰방 쓸 거냐 이런 거 때문에 또 엄청 싸운 적 싸웠었고 싸웠었던 거 같아. 그러면 본가도 그러면 지금 살던 데 쭉 계속 살고 있었던 거야 어릴 때부터? 나는 이제 어릴 때부터 정말 많이 다녔었는데 초등학교랑 중학교 때까지는 그래도 한동네 내에서 왔다 갔다 했던 거여서 좀 이제 이사하느라 좀 귀찮고 막 집 바뀌는 게 좀 불편 적응이 안 되 초반에 적응이 안 되는 게 있긴 했어도 이 친구들이랑 멀어진다 이런 거 없어서 괜찮았는데 중학교 3학년에서 이제 고등학교 때 한번 아예 학 그 학 우리 지금 다니는 학교 쪽으로 이사를 왔었단 말이야. 근데 그때 정말 좀 좋았던 친구들인데 완전 멀어지니까 그때 쪼끔 이제 스트레스를 받았었던 경험이 있고. 그래서 또 그래 가지고 이제 고등학교 1학년 때에서부터 2학년 때 또 이사를 가야 되는 상황이 된 거야. 근데 그래서 원래 다니던 고등학교 쪽으로 가려 했었는데 그러진 않고 이제 다시 원래 동네로 돌아갔었던 적이 있어. 나도 그런 전원주택에서 사는 꿈 같은 게 있었던 거 같아. 그 내가 직접 집을 만들고 아 설계해서 막 비밀 공간이나 아 이제 정말 큰 목욕탕이나 아니면 음 어떤 작업실 뭐 이런 걸 만들어 두고 싶다는 생각이 있었어. 만들고 싶다는. 그리 너 근데 지금 자취하고 있잖아. 그러면 그 가전제품 같은 거는 뭐 뭐 있어? 어 이러면 안 되는데. 나는 이제 본가에 살잖아. 어 집안일을 거의 다 안 하고 엄마가 하고 있어. 그러니까 설거지만 이제 내가 먹은 거 설거지하고 이제 그리고 옷 옷이나 분리수거 이런 거는 엄마 아빠가 거의 다 하는 거 같아. 그 자취하면서 이런 설거지나 분리수거 때문에 막 오빠랑 막 싸우거나 그러진 않아? 난 지금 너무 자취를 하고 싶어. 왜냐하면은 일단 난 이제 혼자가 편하단 말이야. 그래 가지고 이제 나만의 일상생활 패턴이 있는데 어쨌든 가족이랑 살면은 아무리 가족이라도 쪼금 지켜야 되는 게 있으니까 그런 게 이제 좀 나한테는 너무 좀 힘들고 내가 하고 싶은 것도 너무 제한이 되는 거 같아서 학교 근처에서 자취하고 싶다는 생각은 있는데 이게 자취도 어쨌든 돈이 많이 깨지니까 쉽사리 하진 못 하고 있고. 음 아마 군대 갔다 와서 자취를 할 수 있으면 하지 않을까 이런 생각이 있어. 음 너는 음 너희 집 인테리어는 혹시 어떻게 돼 있어? 음 우리 집은 이번에 새로 지은 아파트여 가지고 그냥 전체적으로 완전 깔끔한 느낌으로 지금 돼 있는데 이게 아파 이제 방 청소를 쪼끔만 안 해도 이제 옷가 방이 좀 좁아 가지고 옷도 막 의자 위에 올라가 있고 침대 위에 뭉쳐져 있고. 그래 가지고 인테리어는 깔끔한데 방 정리는 되게 안 돼 있는 거 같아. 그리고 또 새로 지은 아파트라 했잖아. 이게 요즘에 새로 지어서 그런가. 아파트가 되게 개성이 넘치더라고. 건물도 막 다 이 모습이 막 다르고. 막 저게 아파트 건물이야 이런 것도 있고. 그리고 처음에 이사 왔을 때 첫날인데 집을 못 찾겠는 거야. 왜냐하면은 보통 아파트 단지가 뭐 몇 호부터 몇 호 1에서 3 3에서 5 이렇게 순서대로 있는데 거기는 막 1에서 3이랑 17에서 19 이렇게 붙어 있고. 막 이상하게 다 붙어 있는 거야. 그래 가지고 처음 이사 갔을 때 그 아파트 단지 안에서 길 잃어 가지고 한 20분 30분 정도 헤맸던 기억이 있어. 너는 만약에 이제 앞으로 회사 다니고 할 거면은 하면은 혼자 살게 되면은 서울에서 계속 살고 싶어? 아니면은 대구? 이게 새로 지은 아파트여 가지고 이게 헬스장이나 도서관 뭐 어린이집 이런 게 입주된다는 얘기만 있고 아직은 인프라가 갖춰지진 못한 거 같아. 그래서 헬스장도 아마 생긴다곤 하는데 어 언제 생길진 잘 모르겠고. 그 아파트 단지 내에 도서관은 지금도 운영하고 있고. 그거 말고도 뭔가 주민들 휴식 공간이라고 하면서 건물이 몇 개 있더라고. 거기서 막 좀 차 같은 거 마시고 막 떠들면서 있는 아줌마들도 있고. 그 빈백 빈백도 있잖아. 그런 것도 아파트 단지 내에 몇 개 깔아둔 거야. 그래 가지고 거기서 좀 누워서 막 떠드는 사람들도 보고 이런 시설이 좀 있었어.,0.014965986394557823,0.02857142857142857,0.013605442176870748,0.0013605442176870747,0.005442176870748299,0.0027210884353741495,0.0027210884353741495,0.02312925170068027,0.0326530612244898,0.02040816326530612,0.004081632653061225,0.0163265306122449,0.0013605442176870747,0.005442176870748299,0.013605442176870748,0.0027210884353741495,0.004081632653061225,0.004081632653061225,0.024489795918367346,0.021768707482993196,0.0013605442176870747,0.0013605442176870747,0.005442176870748299,0.006802721088435374,0.0013605442176870747,0.004081632653061225,0.02040816326530612,0.0013605442176870747,0.0013605442176870747,0.009523809523809525,0.04353741496598639,0.0013605442176870747,0.005442176870748299,0.0013605442176870747,0.010884353741496598,0.005442176870748299,0.0013605442176870747,0.0027210884353741495,0.012244897959183673,0.0013605442176870747,0.0013605442176870747,0.006802721088435374,0.004081632653061225,0.0027210884353741495,0.027210884353741496,0.009523809523809525,0.010884353741496598,0.0013605442176870747,0.006802721088435374,0.024489795918367346,0.010884353741496598,0.0013605442176870747,0.006802721088435374,0.0027210884353741495,0.0013605442176870747,0.005442176870748299,0.0013605442176870747,0.0013605442176870747,0.0013605442176870747,0.006802721088435374,0.0013605442176870747,0.0027210884353741495,0.0013605442176870747,0.0027210884353741495,0.013605442176870748,0.0013605442176870747,0.006802721088435374,0.0013605442176870747,0.02857142857142857,0.0027210884353741495,0.0027210884353741495,0.0027210884353741495,0.005442176870748299,0.0013605442176870747,0.00816326530612245,0.004081632653061225,0.00816326530612245,0.0013605442176870747,0.005442176870748299,0.0027210884353741495,0.0013605442176870747,0.0013605442176870747,0.0027210884353741495,0.0013605442176870747,0.0013605442176870747,0.0013605442176870747,0.005442176870748299,0.0013605442176870747,0.005442176870748299,0.0027210884353741495,0.0013605442176870747,0.0027210884353741495,0.0027210884353741495,0.005442176870748299,0.004081632653061225,0.0013605442176870747,0.0027210884353741495,0.0013605442176870747,0.0013605442176870747,0.0013605442176870747,0.005442176870748299,0.004081632653061225,0.0013605442176870747,0.0013605442176870747,0.0013605442176870747,0.0027210884353741495,0.009523809523809525,0.014965986394557823,0.0013605442176870747,0.0013605442176870747,0.0013605442176870747,0.0027210884353741495,0.0013605442176870747,0.004081632653061225,0.0013605442176870747,0.004081632653061225,0.0013605442176870747,0.0013605442176870747,0.0027210884353741495,0.0027210884353741495,0.0027210884353741495,0.0013605442176870747,0.0013605442176870747,0.0027210884353741495,0.0027210884353741495,0.0013605442176870747,0.0027210884353741495,0.0013605442176870747,0.0027210884353741495,0.0013605442176870747,0.0013605442176870747,0.0013605442176870747,0.0013605442176870747,0.0013605442176870747,0.0013605442176870747,0.0013605442176870747,0.005442176870748299,0.004081632653061225,0.0013605442176870747,0.0013605442176870747,0.0027210884353741495,0.0027210884353741495,0.0013605442176870747,0.0013605442176870747,0.0013605442176870747,0.004081632653061225,0.0013605442176870747,0.0013605442176870747,0.004081632653061225,0.0013605442176870747,0.0027210884353741495,0.005442176870748299,0.0027210884353741495,0.004081632653061225,0.0013605442176870747,0.005442176870748299,0.0027210884353741495,0.0013605442176870747,0.0013605442176870747,0.0013605442176870747,0.0013605442176870747,0.0027210884353741495,0.0013605442176870747,0.0013605442176870747,0.0013605442176870747,0.0013605442176870747,0.0013605442176870747,0.0027210884353741495,0.0027210884353741495,0.0013605442176870747,0.0013605442176870747,0.0013605442176870747,0.0013605442176870747,0.0013605442176870747,0.0013605442176870747,0.0013605442176870747,0.0013605442176870747,0.0013605442176870747,0.0013605442176870747,0.0013605442176870747,0.0027210884353741495,0.0013605442176870747,0.0027210884353741495,0.0013605442176870747,0.0013605442176870747,0.005442176870748299,0.005442176870748299,0.005442176870748299,0.0013605442176870747,0.0013605442176870747,0.0013605442176870747,0.0013605442176870747,0.0013605442176870747,0.0013605442176870747,0.0013605442176870747,0.0027210884353741495,0.0013605442176870747,0.0013605442176870747,0.0013605442176870747,0.0013605442176870747,0.0027210884353741495,0.0013605442176870747,0.0013605442176870747,0.0013605442176870747,0.004081632653061225,0.0013605442176870747,0.0013605442176870747,0.0013605442176870747,0.0013605442176870747,0.0027210884353741495,0.0013605442176870747,0.0013605442176870747,0.0013605442176870747,0.005442176870748299,0.0027210884353741495,0.0013605442176870747,0.0013605442176870747,0.0027210884353741495,0.0013605442176870747,0.0013605442176870747,0.0013605442176870747,0.0013605442176870747,0.0013605442176870747,0.0013605442176870747,0.0013605442176870747,0.0013605442176870747,0.0013605442176870747,0.0013605442176870747,0.0027210884353741495,0.0027210884353741495,0.0013605442176870747,0.0013605442176870747,0.0013605442176870747,0.0013605442176870747,0.0013605442176870747,0.0013605442176870747,0.0013605442176870747,0.0013605442176870747,0.0027210884353741495,0.0013605442176870747,0.0013605442176870747,0.0013605442176870747,0.0013605442176870747,0.0013605442176870747,0.0013605442176870747,0.0013605442176870747,0.0013605442176870747,0.0013605442176870747,0.0013605442176870747,0.0013605442176870747,0.0027210884353741495,0.0013605442176870747,0.0013605442176870747,0.0013605442176870747,0.0013605442176870747,0.0013605442176870747,0.0013605442176870747,0.0013605442176870747,0.0,0.0,0.0,0.0,0.0,0.0,0.0,0.0,0.0,0.0,0.0,0.0,0.0,0.0,0.0,0.0,0.0,0.0,0.0,0.0,0.0,0.0,0.0,0.0,0.0,0.0,0.0,0.0,0.0,0.0,0.0,0.0,0.0,0.0,0.0,0.0,0.0,0.0,0.0,0.0,0.0,0.0,0.0,0.0,0.0,0.0,0.0,0.0,0.0,0.0,0.0,0.0,0.0,0.0,0.0,0.0,0.0,0.0,0.0,0.0,0.0,0.0,0.0,0.0,0.0,0.0,0.0,0.0,0.0,0.0,0.0,0.0,0.0,0.0,0.0,0.0,0.0,0.0,0.0,0.0,0.0,0.0,0.0,0.0,0.0,0.0,0.0,0.0,0.0,0.0,0.0,0.0,0.0,0.0,0.0,0.0,0.0,0.0,0.0,0.0,0.0,0.0,0.0,0.0,0.0,0.0,0.0,0.0,0.0,0.0,0.0,0.0,0.0,0.0,0.0,0.0,0.0,0.0,0.0,0.0,0.0,0.0,0.0,0.0,0.0,0.0,0.0,0.0,0.0,0.0,0.0,0.0,0.0,0.0,0.0,0.0,0.0,0.0,0.0,0.0,0.0,0.0,0.0,0.0,0.0,0.0,0.0,0.0,0.0,0.0,0.0,0.0,0.0,0.0,0.0,0.0,0.0,0.0,0.0,0.0,0.0,0.0,0.0,0.0,0.0,0.0,0.0,0.0,0.0,0.0,0.0,0.0,0.0,0.0,0.0,0.0,0.0,0.0,0.0,0.0,0.0,0.0,0.0,0.0,0.0,0.0,0.0,0.0,0.0,0.0,0.0,0.0,0.0,0.0,0.0,0.0,0.0,0.0,0.0,0.0,0.0,0.0,0.0,0.0,0.0,0.0,0.0,0.0,0.0,0.0,0.0,0.0,0.0,0.0,0.0,0.0,0.0,0.0,0.0,0.0,0.0,0.0,0.0,0.0,0.26724363691191916,0.0,0.0,0.0,0.0,0.0,0.0,0.0,0.0,0.0,0.0,0.0,0.0,0.0,0.0,0.0,0.0,0.0,0.0,0.0,0.0,0.0,0.0,0.0,0.0,0.0,0.0,0.0,0.0,0.0,0.0,0.0,0.0,0.0,0.0,0.0,0.0,0.0,0.0,0.0,0.0,0.0,0.0,0.0,0.0,0.0,0.0,0.0,0.0,0.0,0.0,0.0,0.0,0.0,0.0,0.0,0.0,0.0,0.0,0.0,0.6368735362259315,0.0,0.0,0.3085746633626248,0.0,0.0,0.0,0.0,0.0,0.0,0.0,0.0,0.0,0.0,0.0,0.0,0.0,0.0,0.0,0.0,0.0,0.0,0.0,0.0,0.0,0.0,0.0,0.0,0.0,0.0,0.0,0.0,0.0,0.0,0.0,0.0,0.0,0.0,0.0,0.0,0.0,0.0,0.0,0.0,0.0,0.0,0.0,0.0,0.0,0.0,0.0,0.0,0.0,0.0,0.0,0.0,0.0,0.0,0.0,0.0,0.0,0.0,0.0,0.0,0.0,0.0,0.0,0.0,0.0,0.0,0.0,0.0,0.0,0.0,0.0,0.0,0.0,0.0,0.0,0.0,0.0,0.0,0.0,0.0,0.0,0.0,0.0,0.0,0.0,0.0,0.0,0.0,0.0,0.0,0.0,0.0,0.0,0.0,0.0,0.0,0.0,0.0,0.0,0.0,0.0,0.0,0.0,0.0,0.0,0.0,0.0,0.0,0.0,0.0,0.0,0.0,0.0,0.0,0.0,0.0,0.0,0.0,0.0,0.0,0.0,0.0,0.0,0.0,0.0,0.0,0.0,0.0,0.0,0.0,0.0,0.0,0.0,0.0,0.0,0.0,0.0,0.0,0.0,0.0,0.0,0.0,0.0,0.0,0.0,0.0,0.0,0.0,0.0,0.0,0.0,0.0,0.0,0.0,0.0,0.0,0.0,0.0,0.0,0.0,0.0,0.0,0.0,0.0,0.0,0.0,0.0,0.0,0.0,0.0,0.0,0.0,0.0,0.0,0.0,0.0,0.0,0.0,0.0,0.0,0.0,0.0,0.0,0.0,0.0,0.0,0.0,0.0,0.0,0.3597677945636714,0.0,0.0,0.0,0.0,0.0,0.0,0.0,0.0,0.0,0.0,0.0,0.0,0.0,0.0,0.0,0.0,0.0,0.0,0.0,0.0,0.0,0.0,0.0,0.0,0.0,0.0,0.0,0.0,0.0,0.0,0.0,0.0,0.0,0.0,0.0,0.0,0.0,0.0,0.0,0.0,0.0,0.0,0.0,0.0,0.0,0.0,0.0,0.0,0.0,0.0,0.0,0.0,0.0,0.0,0.0,0.0,0.0,0.0,0.0,0.0,0.0,0.0,0.0,0.0,0.0,0.0,0.0,0.0,0.0,0.0,0.0,0.0,0.0,0.0,0.0,0.0,0.0,0.0,0.0,0.0,0.0,0.0,0.0,0.0,0.0,0.0,0.0,0.0,0.0,0.0,0.0,0.0,0.0,0.0,0.0,0.0,0.0,0.0,0.0,0.0,0.0,0.0,0.0,0.0,0.0,0.0,0.0,0.0,0.0,0.0,0.0,0.0,0.0,0.0,0.0,0.0,0.0,0.0,0.0,0.0,0.0,0.0,0.0,0.0,0.0,0.0,0.0,0.0,0.0,0.0,0.410960925764718,0.0,0.0,0.0,0.0,0.0,0.0,0.0,0.0,0.0,0.0,0.0,0.0,0.0,0.0,0.0,0.0,0.0,0.0,0.0,0.0,0.0,0.0,0.0,0.0,0.0,0.0,0.0,0.0,0.0,0.0,0.0,0.0,0.0,0.0,0.0,0.0,0.0,0.0,0.0,0.0,0.0,0.0,0.0,0.0,0.0,0.0,0.0,0.0,0.0,0.0,0.0,0.0,0.0,0.0,0.0,0.0,0.0,0.0,0.0,0.0,0.0,0.0,0.0,0.0,0.0,0.0,0.0,0.0,0.0,0.0,0.0,0.0,0.0,0.0,0.0,0.0,0.0,0.0,0.0,0.0,0.0,0.0,0.0,0.0,0.0,0.0,0.0,0.0,0.0,0.0,0.0,0.0,0.0,0.0,0.0,0.0,0.0,0.0,0.0,0.0,0.0,0.0,0.0,0.0,0.0,0.0,0.0,0.0,0.0,0.0,0.0,0.0,0.0,0.0,0.0,0.0,0.0,0.0,0.0,0.0,0.0,0.0,0.0,0.0,0.0,0.0,0.0,0.0,0.0,0.0,0.0,0.0,0.0,0.0,0.0,0.0,0.0,0.0,0.0,0.0,0.0,0.0,0.0,0.0,0.0,0.0,0.0,0.0,0.0,0.0,0.0,0.0,0.0,0.0,0.0,0.0,0.0,0.0,0.0,0.0,0.0,0.0,0.0,0.0,0.0,0.0,0.0,0.0,0.0,0.0,0.0,0.0,0.0,0.0,0.0,0.0,0.0,0.0,0.0,0.0,0.0,0.0,0.0,0.0,0.0,0.0,0.0,0.0,0.0,0.0,0.0,0.0,0.0,0.0,0.0,0.0,0.0,0.0,0.0,0.0,0.0,0.0,0.0,0.0,0.0,0.0,0.0,0.0,0.0,0.0,0.0,0.0,0.0,0.0,0.0,0.0,0.3597677945636714,0.0,0.0,0.0,0.0,0.0,0.0,0.0,0.0,0.0,0.0,0.0,0.0,0.0,0.0,0.0,0.0,0.0,0.0,0.0,0.0,0.0,0.0,0.0,0.0,0.0,0.0,0.0,0.0,0.0,0.0,0.0,0.0,0.0,0.0,0.0,0.0,0.0,0.0,0.0,0.0,0.0,0.0,0.0,0.0,0.0,0.0,0.0,0.0,0.0,0.0,0.0,0.0,0.0,0.0,0.0,0.0,0.0,0.0,0.0,0.0,0.0,0.0,0.0,0.0,0.0,0.0,0.0,0.0,0.0,0.0,0.0,0.0,0.0,0.0,0.0,0.0,0.0,0.0,0.0,0.0,0.0,0.0,0.0,0.0,0.0,0.0,0.0,0.0,0.0,0.0,0.0,0.0,0.0,0.0,0.0,0.0
SD2401267,20대,너희 집은 지금 오피스텔이잖아. 그 층간 소음 좀 있는 거 같아? 나 지금 7층 사는데 딱히 층간 소음은 없는 거 같은데 좀 그 아파트에 이상한 사람은 좀 있는 거 같더라. 왜냐하면은 우리가 집에 아무도 없는 상태였는데 갑자기 밑의 집에서 올라온다 아 그 밑의 집인가 어디서 막 신고가 들어왔다는 거야. 이 이 시간이 너무 시끄러웠었다고. 그래 가지고 그게 그게 꼭 밑의 집은 아니고 밑의 층은 아니었던 거 같은데 그런 사람이 좀 있어서 좀 뭐지 좀 조심해야겠다 이런 적은 있었어. 이런 적이 있어. 그리고 너는 지금 자취를 그 1곳에서만 했던 거야 이사 없이? 나도 지금 누나랑 같이 살라고 하면은 절대 못 살 거 같아. 누나랑 진짜 맞는 게 하나도 없단 말이야. 누나도 막 나도 새벽에 전화하면은 누나가 뭐라 하고. 어떨 때 누나가 새벽에 게임하면 또 나한테 이제 내가 이제 스트레스받고. 그래서 이제 만약에 내가 너처럼 그러니까 형제 같이 살라고 하면은 나는 못 살 거 같아. 그리고 그리고 그 이사를 좀 많이 다녔었는데 이사 다닐 때마다 이제 방이 있긴 한데 이게 크기가 이제 큰방 작은방이 있었단 말이야. 그래 가지고 누가 큰방 쓸 거냐 이런 거 때문에 또 엄청 싸운 적 싸웠었고 싸웠었던 거 같아. 그러면 본가도 그러면 지금 살던 데 쭉 계속 살고 있었던 거야 어릴 때부터? 나는 이제 어릴 때부터 정말 많이 다녔었는데 초등학교랑 중학교 때까지는 그래도 한동네 내에서 왔다 갔다 했던 거여서 좀 이제 이사하느라 좀 귀찮고 막 집 바뀌는 게 좀 불편 적응이 안 되 초반에 적응이 안 되는 게 있긴 했어도 이 친구들이랑 멀어진다 이런 거 없어서 괜찮았는데 중학교 3학년에서 이제 고등학교 때 한번 아예 학 그 학 우리 지금 다니는 학교 쪽으로 이사를 왔었단 말이야. 근데 그때 정말 좀 좋았던 친구들인데 완전 멀어지니까 그때 쪼끔 이제 스트레스를 받았었던 경험이 있고. 그래서 또 그래 가지고 이제 고등학교 1학년 때에서부터 2학년 때 또 이사를 가야 되는 상황이 된 거야. 근데 그래서 원래 다니던 고등학교 쪽으로 가려 했었는데 그러진 않고 이제 다시 원래 동네로 돌아갔었던 적이 있어. 나도 그런 전원주택에서 사는 꿈 같은 게 있었던 거 같아. 그 내가 직접 집을 만들고 아 설계해서 막 비밀 공간이나 아 이제 정말 큰 목욕탕이나 아니면 음 어떤 작업실 뭐 이런 걸 만들어 두고 싶다는 생각이 있었어. 만들고 싶다는. 그리 너 근데 지금 자취하고 있잖아. 그러면 그 가전제품 같은 거는 뭐 뭐 있어? 어 이러면 안 되는데. 나는 이제 본가에 살잖아. 어 집안일을 거의 다 안 하고 엄마가 하고 있어. 그러니까 설거지만 이제 내가 먹은 거 설거지하고 이제 그리고 옷 옷이나 분리수거 이런 거는 엄마 아빠가 거의 다 하는 거 같아. 그 자취하면서 이런 설거지나 분리수거 때문에 막 오빠랑 막 싸우거나 그러진 않아? 난 지금 너무 자취를 하고 싶어. 왜냐하면은 일단 난 이제 혼자가 편하단 말이야. 그래 가지고 이제 나만의 일상생활 패턴이 있는데 어쨌든 가족이랑 살면은 아무리 가족이라도 쪼금 지켜야 되는 게 있으니까 그런 게 이제 좀 나한테는 너무 좀 힘들고 내가 하고 싶은 것도 너무 제한이 되는 거 같아서 학교 근처에서 자취하고 싶다는 생각은 있는데 이게 자취도 어쨌든 돈이 많이 깨지니까 쉽사리 하진 못 하고 있고. 음 아마 군대 갔다 와서 자취를 할 수 있으면 하지 않을까 이런 생각이 있어. 음 너는 음 너희 집 인테리어는 혹시 어떻게 돼 있어? 음 우리 집은 이번에 새로 지은 아파트여 가지고 그냥 전체적으로 완전 깔끔한 느낌으로 지금 돼 있는데 이게 아파 이제 방 청소를 쪼끔만 안 해도 이제 옷가 방이 좀 좁아 가지고 옷도 막 의자 위에 올라가 있고 침대 위에 뭉쳐져 있고. 그래 가지고 인테리어는 깔끔한데 방 정리는 되게 안 돼 있는 거 같아. 그리고 또 새로 지은 아파트라 했잖아. 이게 요즘에 새로 지어서 그런가. 아파트가 되게 개성이 넘치더라고. 건물도 막 다 이 모습이 막 다르고. 막 저게 아파트 건물이야 이런 것도 있고. 그리고 처음에 이사 왔을 때 첫날인데 집을 못 찾겠는 거야. 왜냐하면은 보통 아파트 단지가 뭐 몇 호부터 몇 호 1에서 3 3에서 5 이렇게 순서대로 있는데 거기는 막 1에서 3이랑 17에서 19 이렇게 붙어 있고. 막 이상하게 다 붙어 있는 거야. 그래 가지고 처음 이사 갔을 때 그 아파트 단지 안에서 길 잃어 가지고 한 20분 30분 정도 헤맸던 기억이 있어. 너는 만약에 이제 앞으로 회사 다니고 할 거면은 하면은 혼자 살게 되면은 서울에서 계속 살고 싶어? 아니면은 대구? 이게 새로 지은 아파트여 가지고 이게 헬스장이나 도서관 뭐 어린이집 이런 게 입주된다는 얘기만 있고 아직은 인프라가 갖춰지진 못한 거 같아. 그래서 헬스장도 아마 생긴다곤 하는데 어 언제 생길진 잘 모르겠고. 그 아파트 단지 내에 도서관은 지금도 운영하고 있고. 그거 말고도 뭔가 주민들 휴식 공간이라고 하면서 건물이 몇 개 있더라고. 거기서 막 좀 차 같은 거 마시고 막 떠들면서 있는 아줌마들도 있고. 그 빈백 빈백도 있잖아. 그런 것도 아파트 단지 내에 몇 개 깔아둔 거야. 그래 가지고 거기서 좀 누워서 막 떠드는 사람들도 보고 이런 시설이 좀 있었어.,0.014965986394557823,0.02857142857142857,0.013605442176870748,0.0013605442176870747,0.005442176870748299,0.0027210884353741495,0.0027210884353741495,0.02312925170068027,0.0326530612244898,0.02040816326530612,0.004081632653061225,0.0163265306122449,0.0013605442176870747,0.005442176870748299,0.013605442176870748,0.0027210884353741495,0.004081632653061225,0.004081632653061225,0.024489795918367346,0.021768707482993196,0.0013605442176870747,0.0013605442176870747,0.005442176870748299,0.006802721088435374,0.0013605442176870747,0.004081632653061225,0.02040816326530612,0.0013605442176870747,0.0013605442176870747,0.009523809523809525,0.04353741496598639,0.0013605442176870747,0.005442176870748299,0.0013605442176870747,0.010884353741496598,0.005442176870748299,0.0013605442176870747,0.0027210884353741495,0.012244897959183673,0.0013605442176870747,0.0013605442176870747,0.006802721088435374,0.004081632653061225,0.0027210884353741495,0.027210884353741496,0.009523809523809525,0.010884353741496598,0.0013605442176870747,0.006802721088435374,0.024489795918367346,0.010884353741496598,0.0013605442176870747,0.006802721088435374,0.0027210884353741495,0.0013605442176870747,0.005442176870748299,0.0013605442176870747,0.0013605442176870747,0.0013605442176870747,0.006802721088435374,0.0013605442176870747,0.0027210884353741495,0.0013605442176870747,0.0027210884353741495,0.013605442176870748,0.0013605442176870747,0.006802721088435374,0.0013605442176870747,0.02857142857142857,0.0027210884353741495,0.0027210884353741495,0.0027210884353741495,0.005442176870748299,0.0013605442176870747,0.00816326530612245,0.004081632653061225,0.00816326530612245,0.0013605442176870747,0.005442176870748299,0.0027210884353741495,0.0013605442176870747,0.0013605442176870747,0.0027210884353741495,0.0013605442176870747,0.0013605442176870747,0.0013605442176870747,0.005442176870748299,0.0013605442176870747,0.005442176870748299,0.0027210884353741495,0.0013605442176870747,0.0027210884353741495,0.0027210884353741495,0.005442176870748299,0.004081632653061225,0.0013605442176870747,0.0027210884353741495,0.0013605442176870747,0.0013605442176870747,0.0013605442176870747,0.005442176870748299,0.004081632653061225,0.0013605442176870747,0.0013605442176870747,0.0013605442176870747,0.0027210884353741495,0.009523809523809525,0.014965986394557823,0.0013605442176870747,0.0013605442176870747,0.0013605442176870747,0.0027210884353741495,0.0013605442176870747,0.004081632653061225,0.0013605442176870747,0.004081632653061225,0.0013605442176870747,0.0013605442176870747,0.0027210884353741495,0.0027210884353741495,0.0027210884353741495,0.0013605442176870747,0.0013605442176870747,0.0027210884353741495,0.0027210884353741495,0.0013605442176870747,0.0027210884353741495,0.0013605442176870747,0.0027210884353741495,0.0013605442176870747,0.0013605442176870747,0.0013605442176870747,0.0013605442176870747,0.0013605442176870747,0.0013605442176870747,0.0013605442176870747,0.005442176870748299,0.004081632653061225,0.0013605442176870747,0.0013605442176870747,0.0027210884353741495,0.0027210884353741495,0.0013605442176870747,0.0013605442176870747,0.0013605442176870747,0.004081632653061225,0.0013605442176870747,0.0013605442176870747,0.004081632653061225,0.0013605442176870747,0.0027210884353741495,0.005442176870748299,0.0027210884353741495,0.004081632653061225,0.0013605442176870747,0.005442176870748299,0.0027210884353741495,0.0013605442176870747,0.0013605442176870747,0.0013605442176870747,0.0013605442176870747,0.0027210884353741495,0.0013605442176870747,0.0013605442176870747,0.0013605442176870747,0.0013605442176870747,0.0013605442176870747,0.0027210884353741495,0.0027210884353741495,0.0013605442176870747,0.0013605442176870747,0.0013605442176870747,0.0013605442176870747,0.0013605442176870747,0.0013605442176870747,0.0013605442176870747,0.0013605442176870747,0.0013605442176870747,0.0013605442176870747,0.0013605442176870747,0.0027210884353741495,0.0013605442176870747,0.0027210884353741495,0.0013605442176870747,0.0013605442176870747,0.005442176870748299,0.005442176870748299,0.005442176870748299,0.0013605442176870747,0.0013605442176870747,0.0013605442176870747,0.0013605442176870747,0.0013605442176870747,0.0013605442176870747,0.0013605442176870747,0.0027210884353741495,0.0013605442176870747,0.0013605442176870747,0.0013605442176870747,0.0013605442176870747,0.0027210884353741495,0.0013605442176870747,0.0013605442176870747,0.0013605442176870747,0.004081632653061225,0.0013605442176870747,0.0013605442176870747,0.0013605442176870747,0.0013605442176870747,0.0027210884353741495,0.0013605442176870747,0.0013605442176870747,0.0013605442176870747,0.005442176870748299,0.0027210884353741495,0.0013605442176870747,0.0013605442176870747,0.0027210884353741495,0.0013605442176870747,0.0013605442176870747,0.0013605442176870747,0.0013605442176870747,0.0013605442176870747,0.0013605442176870747,0.0013605442176870747,0.0013605442176870747,0.0013605442176870747,0.0013605442176870747,0.0027210884353741495,0.0027210884353741495,0.0013605442176870747,0.0013605442176870747,0.0013605442176870747,0.0013605442176870747,0.0013605442176870747,0.0013605442176870747,0.0013605442176870747,0.0013605442176870747,0.0027210884353741495,0.0013605442176870747,0.0013605442176870747,0.0013605442176870747,0.0013605442176870747,0.0013605442176870747,0.0013605442176870747,0.0013605442176870747,0.0013605442176870747,0.0013605442176870747,0.0013605442176870747,0.0013605442176870747,0.0027210884353741495,0.0013605442176870747,0.0013605442176870747,0.0013605442176870747,0.0013605442176870747,0.0013605442176870747,0.0013605442176870747,0.0013605442176870747,0.0,0.0,0.0,0.0,0.0,0.0,0.0,0.0,0.0,0.0,0.0,0.0,0.0,0.0,0.0,0.0,0.0,0.0,0.0,0.0,0.0,0.0,0.0,0.0,0.0,0.0,0.0,0.0,0.0,0.0,0.0,0.0,0.0,0.0,0.0,0.0,0.0,0.0,0.0,0.0,0.0,0.0,0.0,0.0,0.0,0.0,0.0,0.0,0.0,0.0,0.0,0.0,0.0,0.0,0.0,0.0,0.0,0.0,0.0,0.0,0.0,0.0,0.0,0.0,0.0,0.0,0.0,0.0,0.0,0.0,0.0,0.0,0.0,0.0,0.0,0.0,0.0,0.0,0.0,0.0,0.0,0.0,0.0,0.0,0.0,0.0,0.0,0.0,0.0,0.0,0.0,0.0,0.0,0.0,0.0,0.0,0.0,0.0,0.0,0.0,0.0,0.0,0.0,0.0,0.0,0.0,0.0,0.0,0.0,0.0,0.0,0.0,0.0,0.0,0.0,0.0,0.0,0.0,0.0,0.0,0.0,0.0,0.0,0.0,0.0,0.0,0.0,0.0,0.0,0.0,0.0,0.0,0.0,0.0,0.0,0.0,0.0,0.0,0.0,0.0,0.0,0.0,0.0,0.0,0.0,0.0,0.0,0.0,0.0,0.0,0.0,0.0,0.0,0.0,0.0,0.0,0.0,0.0,0.0,0.0,0.0,0.0,0.0,0.0,0.0,0.0,0.0,0.0,0.0,0.0,0.0,0.0,0.0,0.0,0.0,0.0,0.0,0.0,0.0,0.0,0.0,0.0,0.0,0.0,0.0,0.0,0.0,0.0,0.0,0.0,0.0,0.0,0.0,0.0,0.0,0.0,0.0,0.0,0.0,0.0,0.0,0.0,0.0,0.0,0.0,0.0,0.0,0.0,0.0,0.0,0.0,0.0,0.0,0.0,0.0,0.0,0.0,0.0,0.0,0.0,0.0,0.0,0.0,0.0,0.0,0.0,0.0,0.0,0.0,0.0,0.0,0.0,0.0,0.0,0.0,0.0,0.35675821419090153,0.0,0.0,0.0,0.0,0.0,0.0,0.0,0.0,0.0,0.0,0.0,0.0,0.0,0.0,0.0,0.0,0.0,0.0,0.0,0.0,0.0,0.0,0.0,0.0,0.0,0.0,0.0,0.0,0.0,0.0,0.0,0.0,0.0,0.0,0.0,0.0,0.0,0.0,0.0,0.0,0.0,0.0,0.0,0.0,0.0,0.0,0.0,0.0,0.0,0.0,0.0,0.0,0.0,0.0,0.0,0.0,0.0,0.0,0.0,0.0,0.0,0.267481433654447,0.0,0.0,0.0,0.0,0.0,0.0,0.0,0.0,0.0,0.0,0.0,0.0,0.0,0.0,0.0,0.0,0.0,0.0,0.0,0.0,0.0,0.0,0.0,0.0,0.0,0.0,0.0,0.0,0.0,0.0,0.0,0.0,0.0,0.0,0.0,0.0,0.0,0.0,0.0,0.0,0.0,0.0,0.0,0.0,0.0,0.0,0.0,0.0,0.0,0.0,0.0,0.0,0.0,0.0,0.0,0.0,0.0,0.0,0.0,0.0,0.0,0.0,0.0,0.0,0.0,0.0,0.0,0.0,0.0,0.0,0.0,0.0,0.0,0.0,0.0,0.0,0.0,0.0,0.0,0.0,0.0,0.0,0.0,0.0,0.0,0.0,0.0,0.0,0.0,0.0,0.0,0.0,0.0,0.0,0.0,0.0,0.0,0.0,0.0,0.0,0.0,0.0,0.0,0.0,0.0,0.0,0.0,0.0,0.0,0.0,0.0,0.0,0.0,0.0,0.0,0.0,0.0,0.0,0.0,0.0,0.0,0.0,0.0,0.0,0.0,0.0,0.0,0.0,0.0,0.0,0.0,0.0,0.0,0.0,0.0,0.0,0.0,0.0,0.0,0.0,0.0,0.0,0.0,0.0,0.0,0.0,0.0,0.0,0.0,0.0,0.0,0.0,0.0,0.0,0.0,0.0,0.0,0.0,0.0,0.0,0.0,0.0,0.0,0.0,0.0,0.0,0.0,0.0,0.0,0.0,0.0,0.0,0.0,0.0,0.0,0.0,0.0,0.0,0.3738854325110538,0.0,0.0,0.0,0.0,0.0,0.0,0.0,0.0,0.0,0.0,0.0,0.0,0.0,0.0,0.0,0.0,0.0,0.0,0.0,0.0,0.0,0.0,0.0,0.0,0.0,0.0,0.0,0.0,0.0,0.0,0.0,0.0,0.0,0.0,0.0,0.0,0.0,0.0,0.0,0.0,0.0,0.0,0.0,0.0,0.0,0.0,0.0,0.3738854325110538,0.0,0.0,0.0,0.0,0.0,0.0,0.0,0.0,0.0,0.0,0.0,0.0,0.0,0.0,0.0,0.0,0.0,0.0,0.0,0.0,0.0,0.0,0.0,0.0,0.0,0.0,0.0,0.0,0.0,0.0,0.0,0.0,0.0,0.0,0.0,0.0,0.0,0.0,0.0,0.0,0.0,0.0,0.0,0.0,0.0,0.0,0.0,0.0,0.0,0.0,0.0,0.0,0.0,0.0,0.0,0.0,0.0,0.0,0.0,0.0,0.0,0.0,0.0,0.0,0.0,0.0,0.0,0.0,0.0,0.0,0.0,0.0,0.0,0.0,0.0,0.0,0.0,0.0,0.0,0.0,0.0,0.0,0.0,0.0,0.0,0.4270874319393572,0.0,0.0,0.0,0.0,0.0,0.0,0.0,0.0,0.0,0.0,0.0,0.0,0.0,0.0,0.0,0.0,0.0,0.0,0.0,0.0,0.0,0.0,0.0,0.0,0.0,0.0,0.0,0.0,0.0,0.0,0.0,0.0,0.0,0.0,0.0,0.0,0.0,0.0,0.0,0.0,0.0,0.0,0.0,0.0,0.0,0.0,0.0,0.0,0.0,0.0,0.0,0.0,0.0,0.0,0.0,0.0,0.0,0.0,0.0,0.0,0.0,0.0,0.0,0.0,0.0,0.0,0.0,0.0,0.0,0.0,0.0,0.0,0.0,0.0,0.0,0.0,0.0,0.0,0.0,0.0,0.0,0.0,0.0,0.0,0.0,0.0,0.0,0.0,0.0,0.0,0.0,0.0,0.0,0.0,0.0,0.0,0.0,0.0,0.0,0.0,0.0,0.0,0.0,0.0,0.0,0.0,0.0,0.0,0.0,0.0,0.0,0.0,0.0,0.0,0.0,0.0,0.0,0.0,0.0,0.0,0.0,0.0,0.0,0.0,0.0,0.0,0.0,0.0,0.0,0.0,0.3959662573104113,0.0,0.0,0.0,0.0,0.0,0.0,0.0,0.0,0.0,0.0,0.0,0.0,0.0,0.0,0.0,0.0,0.0,0.0,0.0,0.0,0.0,0.0,0.0,0.0,0.0,0.0,0.0,0.0,0.0,0.0,0.0,0.0,0.0,0.0,0.0,0.0,0.0,0.0,0.0,0.0,0.0,0.0,0.0,0.0,0.0,0.0,0.0,0.0,0.0,0.0,0.0,0.0,0.0,0.0,0.0,0.0,0.0,0.0,0.0,0.0,0.0,0.0,0.0,0.0,0.0,0.0,0.0,0.0,0.0,0.0,0.0,0.0,0.0,0.0,0.0,0.0,0.0,0.0,0.0,0.0,0.0,0.0,0.0,0.0,0.0,0.0,0.0,0.0,0.0,0.0,0.0,0.0,0.0,0.0,0.0,0.0,0.0,0.0,0.0,0.0,0.0,0.0,0.0,0.0,0.0,0.4270874319393572,0.0,0.0,0.0,0.0,0.0,0.0,0.0,0.0,0.0,0.0,0.0,0.0,0.0,0.0,0.0,0.0,0.0,0.0,0.0,0.0,0.0,0.0,0.0,0.0,0.0,0.0,0.0,0.0,0.0,0.0,0.0,0.0,0.0,0.0,0.0,0.0,0.0,0.0,0.0,0.0,0.0,0.0,0.0,0.0,0.0,0.0,0.0,0.0,0.0,0.0,0.0,0.0,0.0,0.0,0.0,0.0,0.0,0.0,0.0,0.0,0.0,0.0,0.0,0.0,0.0,0.0,0.0,0.0,0.0,0.0,0.0,0.0,0.0
SD2401267,20대,너희 집은 지금 오피스텔이잖아. 그 층간 소음 좀 있는 거 같아? 나 지금 7층 사는데 딱히 층간 소음은 없는 거 같은데 좀 그 아파트에 이상한 사람은 좀 있는 거 같더라. 왜냐하면은 우리가 집에 아무도 없는 상태였는데 갑자기 밑의 집에서 올라온다 아 그 밑의 집인가 어디서 막 신고가 들어왔다는 거야. 이 이 시간이 너무 시끄러웠었다고. 그래 가지고 그게 그게 꼭 밑의 집은 아니고 밑의 층은 아니었던 거 같은데 그런 사람이 좀 있어서 좀 뭐지 좀 조심해야겠다 이런 적은 있었어. 이런 적이 있어. 그리고 너는 지금 자취를 그 1곳에서만 했던 거야 이사 없이? 나도 지금 누나랑 같이 살라고 하면은 절대 못 살 거 같아. 누나랑 진짜 맞는 게 하나도 없단 말이야. 누나도 막 나도 새벽에 전화하면은 누나가 뭐라 하고. 어떨 때 누나가 새벽에 게임하면 또 나한테 이제 내가 이제 스트레스받고. 그래서 이제 만약에 내가 너처럼 그러니까 형제 같이 살라고 하면은 나는 못 살 거 같아. 그리고 그리고 그 이사를 좀 많이 다녔었는데 이사 다닐 때마다 이제 방이 있긴 한데 이게 크기가 이제 큰방 작은방이 있었단 말이야. 그래 가지고 누가 큰방 쓸 거냐 이런 거 때문에 또 엄청 싸운 적 싸웠었고 싸웠었던 거 같아. 그러면 본가도 그러면 지금 살던 데 쭉 계속 살고 있었던 거야 어릴 때부터? 나는 이제 어릴 때부터 정말 많이 다녔었는데 초등학교랑 중학교 때까지는 그래도 한동네 내에서 왔다 갔다 했던 거여서 좀 이제 이사하느라 좀 귀찮고 막 집 바뀌는 게 좀 불편 적응이 안 되 초반에 적응이 안 되는 게 있긴 했어도 이 친구들이랑 멀어진다 이런 거 없어서 괜찮았는데 중학교 3학년에서 이제 고등학교 때 한번 아예 학 그 학 우리 지금 다니는 학교 쪽으로 이사를 왔었단 말이야. 근데 그때 정말 좀 좋았던 친구들인데 완전 멀어지니까 그때 쪼끔 이제 스트레스를 받았었던 경험이 있고. 그래서 또 그래 가지고 이제 고등학교 1학년 때에서부터 2학년 때 또 이사를 가야 되는 상황이 된 거야. 근데 그래서 원래 다니던 고등학교 쪽으로 가려 했었는데 그러진 않고 이제 다시 원래 동네로 돌아갔었던 적이 있어. 나도 그런 전원주택에서 사는 꿈 같은 게 있었던 거 같아. 그 내가 직접 집을 만들고 아 설계해서 막 비밀 공간이나 아 이제 정말 큰 목욕탕이나 아니면 음 어떤 작업실 뭐 이런 걸 만들어 두고 싶다는 생각이 있었어. 만들고 싶다는. 그리 너 근데 지금 자취하고 있잖아. 그러면 그 가전제품 같은 거는 뭐 뭐 있어? 어 이러면 안 되는데. 나는 이제 본가에 살잖아. 어 집안일을 거의 다 안 하고 엄마가 하고 있어. 그러니까 설거지만 이제 내가 먹은 거 설거지하고 이제 그리고 옷 옷이나 분리수거 이런 거는 엄마 아빠가 거의 다 하는 거 같아. 그 자취하면서 이런 설거지나 분리수거 때문에 막 오빠랑 막 싸우거나 그러진 않아? 난 지금 너무 자취를 하고 싶어. 왜냐하면은 일단 난 이제 혼자가 편하단 말이야. 그래 가지고 이제 나만의 일상생활 패턴이 있는데 어쨌든 가족이랑 살면은 아무리 가족이라도 쪼금 지켜야 되는 게 있으니까 그런 게 이제 좀 나한테는 너무 좀 힘들고 내가 하고 싶은 것도 너무 제한이 되는 거 같아서 학교 근처에서 자취하고 싶다는 생각은 있는데 이게 자취도 어쨌든 돈이 많이 깨지니까 쉽사리 하진 못 하고 있고. 음 아마 군대 갔다 와서 자취를 할 수 있으면 하지 않을까 이런 생각이 있어. 음 너는 음 너희 집 인테리어는 혹시 어떻게 돼 있어? 음 우리 집은 이번에 새로 지은 아파트여 가지고 그냥 전체적으로 완전 깔끔한 느낌으로 지금 돼 있는데 이게 아파 이제 방 청소를 쪼끔만 안 해도 이제 옷가 방이 좀 좁아 가지고 옷도 막 의자 위에 올라가 있고 침대 위에 뭉쳐져 있고. 그래 가지고 인테리어는 깔끔한데 방 정리는 되게 안 돼 있는 거 같아. 그리고 또 새로 지은 아파트라 했잖아. 이게 요즘에 새로 지어서 그런가. 아파트가 되게 개성이 넘치더라고. 건물도 막 다 이 모습이 막 다르고. 막 저게 아파트 건물이야 이런 것도 있고. 그리고 처음에 이사 왔을 때 첫날인데 집을 못 찾겠는 거야. 왜냐하면은 보통 아파트 단지가 뭐 몇 호부터 몇 호 1에서 3 3에서 5 이렇게 순서대로 있는데 거기는 막 1에서 3이랑 17에서 19 이렇게 붙어 있고. 막 이상하게 다 붙어 있는 거야. 그래 가지고 처음 이사 갔을 때 그 아파트 단지 안에서 길 잃어 가지고 한 20분 30분 정도 헤맸던 기억이 있어. 너는 만약에 이제 앞으로 회사 다니고 할 거면은 하면은 혼자 살게 되면은 서울에서 계속 살고 싶어? 아니면은 대구? 이게 새로 지은 아파트여 가지고 이게 헬스장이나 도서관 뭐 어린이집 이런 게 입주된다는 얘기만 있고 아직은 인프라가 갖춰지진 못한 거 같아. 그래서 헬스장도 아마 생긴다곤 하는데 어 언제 생길진 잘 모르겠고. 그 아파트 단지 내에 도서관은 지금도 운영하고 있고. 그거 말고도 뭔가 주민들 휴식 공간이라고 하면서 건물이 몇 개 있더라고. 거기서 막 좀 차 같은 거 마시고 막 떠들면서 있는 아줌마들도 있고. 그 빈백 빈백도 있잖아. 그런 것도 아파트 단지 내에 몇 개 깔아둔 거야. 그래 가지고 거기서 좀 누워서 막 떠드는 사람들도 보고 이런 시설이 좀 있었어.,0.014965986394557823,0.02857142857142857,0.013605442176870748,0.0013605442176870747,0.005442176870748299,0.0027210884353741495,0.0027210884353741495,0.02312925170068027,0.0326530612244898,0.02040816326530612,0.004081632653061225,0.0163265306122449,0.0013605442176870747,0.005442176870748299,0.013605442176870748,0.0027210884353741495,0.004081632653061225,0.004081632653061225,0.024489795918367346,0.021768707482993196,0.0013605442176870747,0.0013605442176870747,0.005442176870748299,0.006802721088435374,0.0013605442176870747,0.004081632653061225,0.02040816326530612,0.0013605442176870747,0.0013605442176870747,0.009523809523809525,0.04353741496598639,0.0013605442176870747,0.005442176870748299,0.0013605442176870747,0.010884353741496598,0.005442176870748299,0.0013605442176870747,0.0027210884353741495,0.012244897959183673,0.0013605442176870747,0.0013605442176870747,0.006802721088435374,0.004081632653061225,0.0027210884353741495,0.027210884353741496,0.009523809523809525,0.010884353741496598,0.0013605442176870747,0.006802721088435374,0.024489795918367346,0.010884353741496598,0.0013605442176870747,0.006802721088435374,0.0027210884353741495,0.0013605442176870747,0.005442176870748299,0.0013605442176870747,0.0013605442176870747,0.0013605442176870747,0.006802721088435374,0.0013605442176870747,0.0027210884353741495,0.0013605442176870747,0.0027210884353741495,0.013605442176870748,0.0013605442176870747,0.006802721088435374,0.0013605442176870747,0.02857142857142857,0.0027210884353741495,0.0027210884353741495,0.0027210884353741495,0.005442176870748299,0.0013605442176870747,0.00816326530612245,0.004081632653061225,0.00816326530612245,0.0013605442176870747,0.005442176870748299,0.0027210884353741495,0.0013605442176870747,0.0013605442176870747,0.0027210884353741495,0.0013605442176870747,0.0013605442176870747,0.0013605442176870747,0.005442176870748299,0.0013605442176870747,0.005442176870748299,0.0027210884353741495,0.0013605442176870747,0.0027210884353741495,0.0027210884353741495,0.005442176870748299,0.004081632653061225,0.0013605442176870747,0.0027210884353741495,0.0013605442176870747,0.0013605442176870747,0.0013605442176870747,0.005442176870748299,0.004081632653061225,0.0013605442176870747,0.0013605442176870747,0.0013605442176870747,0.0027210884353741495,0.009523809523809525,0.014965986394557823,0.0013605442176870747,0.0013605442176870747,0.0013605442176870747,0.0027210884353741495,0.0013605442176870747,0.004081632653061225,0.0013605442176870747,0.004081632653061225,0.0013605442176870747,0.0013605442176870747,0.0027210884353741495,0.0027210884353741495,0.0027210884353741495,0.0013605442176870747,0.0013605442176870747,0.0027210884353741495,0.0027210884353741495,0.0013605442176870747,0.0027210884353741495,0.0013605442176870747,0.0027210884353741495,0.0013605442176870747,0.0013605442176870747,0.0013605442176870747,0.0013605442176870747,0.0013605442176870747,0.0013605442176870747,0.0013605442176870747,0.005442176870748299,0.004081632653061225,0.0013605442176870747,0.0013605442176870747,0.0027210884353741495,0.0027210884353741495,0.0013605442176870747,0.0013605442176870747,0.0013605442176870747,0.004081632653061225,0.0013605442176870747,0.0013605442176870747,0.004081632653061225,0.0013605442176870747,0.0027210884353741495,0.005442176870748299,0.0027210884353741495,0.004081632653061225,0.0013605442176870747,0.005442176870748299,0.0027210884353741495,0.0013605442176870747,0.0013605442176870747,0.0013605442176870747,0.0013605442176870747,0.0027210884353741495,0.0013605442176870747,0.0013605442176870747,0.0013605442176870747,0.0013605442176870747,0.0013605442176870747,0.0027210884353741495,0.0027210884353741495,0.0013605442176870747,0.0013605442176870747,0.0013605442176870747,0.0013605442176870747,0.0013605442176870747,0.0013605442176870747,0.0013605442176870747,0.0013605442176870747,0.0013605442176870747,0.0013605442176870747,0.0013605442176870747,0.0027210884353741495,0.0013605442176870747,0.0027210884353741495,0.0013605442176870747,0.0013605442176870747,0.005442176870748299,0.005442176870748299,0.005442176870748299,0.0013605442176870747,0.0013605442176870747,0.0013605442176870747,0.0013605442176870747,0.0013605442176870747,0.0013605442176870747,0.0013605442176870747,0.0027210884353741495,0.0013605442176870747,0.0013605442176870747,0.0013605442176870747,0.0013605442176870747,0.0027210884353741495,0.0013605442176870747,0.0013605442176870747,0.0013605442176870747,0.004081632653061225,0.0013605442176870747,0.0013605442176870747,0.0013605442176870747,0.0013605442176870747,0.0027210884353741495,0.0013605442176870747,0.0013605442176870747,0.0013605442176870747,0.005442176870748299,0.0027210884353741495,0.0013605442176870747,0.0013605442176870747,0.0027210884353741495,0.0013605442176870747,0.0013605442176870747,0.0013605442176870747,0.0013605442176870747,0.0013605442176870747,0.0013605442176870747,0.0013605442176870747,0.0013605442176870747,0.0013605442176870747,0.0013605442176870747,0.0027210884353741495,0.0027210884353741495,0.0013605442176870747,0.0013605442176870747,0.0013605442176870747,0.0013605442176870747,0.0013605442176870747,0.0013605442176870747,0.0013605442176870747,0.0013605442176870747,0.0027210884353741495,0.0013605442176870747,0.0013605442176870747,0.0013605442176870747,0.0013605442176870747,0.0013605442176870747,0.0013605442176870747,0.0013605442176870747,0.0013605442176870747,0.0013605442176870747,0.0013605442176870747,0.0013605442176870747,0.0027210884353741495,0.0013605442176870747,0.0013605442176870747,0.0013605442176870747,0.0013605442176870747,0.0013605442176870747,0.0013605442176870747,0.0013605442176870747,0.0,0.0,0.0,0.0,0.0,0.0,0.0,0.0,0.0,0.0,0.0,0.0,0.0,0.0,0.0,0.0,0.0,0.0,0.0,0.0,0.0,0.0,0.0,0.0,0.0,0.0,0.0,0.0,0.0,0.0,0.0,0.0,0.0,0.0,0.0,0.0,0.0,0.0,0.0,0.0,0.0,0.0,0.0,0.0,0.0,0.0,0.0,0.0,0.0,0.0,0.0,0.0,0.0,0.0,0.0,0.0,0.0,0.0,0.0,0.0,0.0,0.0,0.0,0.0,0.0,0.0,0.0,0.0,0.0,0.0,0.0,0.0,0.0,0.0,0.0,0.0,0.0,0.0,0.0,0.0,0.0,0.0,0.0,0.0,0.0,0.0,0.0,0.0,0.0,0.0,0.0,0.0,0.0,0.0,0.0,0.0,0.0,0.0,0.0,0.0,0.0,0.0,0.0,0.0,0.0,0.0,0.0,0.0,0.0,0.0,0.0,0.0,0.0,0.0,0.0,0.0,0.0,0.0,0.0,0.0,0.0,0.0,0.0,0.0,0.0,0.0,0.0,0.0,0.0,0.0,0.0,0.0,0.0,0.0,0.0,0.0,0.0,0.0,0.0,0.0,0.0,0.0,0.0,0.0,0.0,0.0,0.0,0.0,0.0,0.0,0.0,0.0,0.0,0.0,0.0,0.0,0.0,0.0,0.0,0.0,0.0,0.0,0.0,0.0,0.0,0.0,0.0,0.0,0.0,0.0,0.0,0.0,0.0,0.0,0.0,0.0,0.0,0.0,0.0,0.0,0.0,0.0,0.0,0.0,0.0,0.0,0.0,0.0,0.0,0.0,0.0,0.0,0.0,0.0,0.0,0.0,0.0,0.0,0.0,0.0,0.0,0.0,0.0,0.0,0.0,0.0,0.0,0.0,0.0,0.0,0.0,0.0,0.0,0.0,0.0,0.0,0.0,0.0,0.0,0.0,0.0,0.0,0.0,0.0,0.0,0.0,0.0,0.0,0.0,0.0,0.0,0.0,0.0,0.0,0.0,0.0,0.0,0.0,0.0,0.0,0.0,0.0,0.0,0.0,0.0,0.0,0.0,0.0,0.0,0.0,0.0,0.0,0.0,0.0,0.0,0.0,0.0,0.0,0.0,0.0,0.0,0.0,0.0,0.0,0.0,0.0,0.0,0.0,0.0,0.0,0.0,0.0,0.0,0.0,0.0,0.0,0.0,0.0,0.0,0.0,0.0,0.0,0.0,0.0,0.0,0.0,0.0,0.0,0.0,0.0,0.0,0.0,0.0,0.0,0.0,0.0,0.0,0.0,0.0,0.0,0.0,0.0,0.0,0.0,0.0,0.0,0.0,0.0,0.0,0.0,0.0,0.0,0.0,0.0,0.0,0.0,0.0,0.0,0.0,0.0,0.0,0.0,0.0,0.0,0.0,0.0,0.0,0.0,0.0,0.0,0.0,0.0,0.0,0.0,0.0,0.0,0.0,0.0,0.0,0.0,0.0,0.0,0.0,0.0,0.0,0.0,0.0,0.0,0.0,0.0,0.0,0.0,0.0,0.0,0.0,0.0,0.0,0.0,0.0,0.0,0.0,0.0,0.0,0.0,0.0,0.0,0.0,0.0,0.0,0.0,0.0,0.0,0.0,0.0,0.0,0.0,0.0,0.0,0.0,0.0,0.0,0.0,0.0,0.0,0.0,0.0,0.0,0.0,0.0,0.0,0.0,0.0,0.0,0.0,0.0,0.0,0.0,0.0,0.0,0.0,0.0,0.0,0.0,0.0,0.0,0.0,0.0,0.0,0.0,0.0,0.0,0.0,0.0,0.0,0.0,0.0,0.0,0.0,0.0,0.0,0.0,0.0,0.0,0.0,0.0,0.0,0.0,0.0,0.0,0.0,0.0,0.0,0.0,0.0,0.0,0.0,0.0,0.0,0.0,0.0,0.0,0.0,0.0,0.0,0.0,0.0,0.0,0.0,0.0,0.0,0.0,0.0,0.0,0.0,0.0,0.0,0.0,0.0,0.0,0.0,0.0,0.0,0.0,0.0,0.0,0.0,0.0,0.0,0.0,0.0,0.0,0.0,0.0,0.5012255963657484,0.0,0.0,0.0,0.0,0.0,0.0,0.0,0.0,0.0,0.0,0.0,0.0,0.0,0.0,0.0,0.0,0.0,0.0,0.0,0.0,0.0,0.0,0.0,0.0,0.0,0.0,0.0,0.0,0.0,0.0,0.0,0.0,0.0,0.0,0.0,0.0,0.0,0.0,0.0,0.0,0.0,0.0,0.0,0.0,0.0,0.0,0.0,0.0,0.0,0.0,0.0,0.0,0.0,0.0,0.0,0.0,0.0,0.0,0.0,0.0,0.0,0.0,0.0,0.0,0.0,0.0,0.0,0.0,0.0,0.0,0.0,0.0,0.0,0.0,0.0,0.0,0.0,0.0,0.0,0.0,0.0,0.0,0.0,0.0,0.0,0.0,0.0,0.0,0.0,0.0,0.0,0.0,0.0,0.0,0.0,0.0,0.0,0.0,0.0,0.0,0.0,0.0,0.0,0.0,0.0,0.0,0.0,0.0,0.0,0.0,0.0,0.0,0.0,0.0,0.0,0.0,0.0,0.0,0.0,0.0,0.0,0.0,0.0,0.0,0.0,0.0,0.0,0.0,0.0,0.0,0.0,0.0,0.0,0.0,0.0,0.0,0.0,0.0,0.0,0.0,0.0,0.0,0.0,0.0,0.0,0.0,0.0,0.0,0.0,0.0,0.0,0.0,0.0,0.0,0.0,0.0,0.0,0.0,0.0,0.0,0.0,0.0,0.0,0.0,0.0,0.0,0.0,0.0,0.0,0.0,0.0,0.0,0.0,0.0,0.0,0.0,0.0,0.0,0.0,0.0,0.0,0.0,0.0,0.0,0.0,0.0,0.0,0.0,0.0,0.0,0.0,0.0,0.0,0.0,0.0,0.0,0.0,0.0,0.0,0.0,0.0,0.0,0.0,0.0,0.0,0.0,0.0,0.0,0.0,0.0,0.0,0.0,0.0,0.0,0.0,0.0,0.0,0.0,0.0,0.0,0.0,0.0,0.0,0.0,0.0,0.0,0.0,0.0,0.0,0.0,0.0,0.0,0.0,0.0,0.0,0.0,0.0,0.2984336366389806,0.0,0.0,0.0,0.0,0.0,0.0,0.0,0.0,0.0,0.0,0.0,0.0,0.0,0.0,0.0,0.0,0.0,0.0,0.0,0.0,0.0,0.0,0.0,0.0,0.0,0.0,0.0,0.0,0.0,0.0,0.0,0.0,0.0,0.0,0.43878825474177857,0.0,0.0,0.0,0.0,0.0,0.0,0.0,0.0,0.0,0.0,0.0,0.0,0.0,0.0,0.0,0.0,0.0,0.0,0.0,0.46470209287100983,0.0,0.0,0.0,0.0,0.0,0.0,0.0,0.0,0.0,0.0,0.0,0.0,0.0,0.0,0.0,0.0,0.0,0.0,0.0,0.0,0.5012255963657484,0.0,0.0,0.0,0.0,0.0,0.0,0.0,0.0,0.0,0.0,0.0,0.0,0.0,0.0,0.0,0.0,0.0,0.0,0.0,0.0,0.0,0.0,0.0,0.0,0.0,0.0,0.0,0.0,0.0,0.0,0.0,0.0,0.0,0.0,0.0,0.0,0.0,0.0,0.0,0.0,0.0,0.0,0.0,0.0,0.0,0.0,0.0,0.0,0.0,0.0,0.0,0.0,0.0,0.0,0.0,0.0,0.0,0.0,0.0,0.0,0.0,0.0,0.0,0.0,0.0,0.0,0.0,0.0,0.0,0.0,0.0,0.0,0.0,0.0,0.0,0.0,0.0,0.0,0.0,0.0,0.0,0.0,0.0,0.0,0.0,0.0,0.0,0.0,0.0,0.0,0.0,0.0,0.0,0.0,0.0,0.0,0.0,0.0,0.0,0.0,0.0,0.0,0.0,0.0,0.0,0.0,0.0,0.0,0.0,0.0,0.0,0.0,0.0,0.0,0.0,0.0,0.0,0.0,0.0,0.0,0.0,0.0,0.0,0.0,0.0,0.0,0.0,0.0,0.0,0.0,0.0,0.0,0.0,0.0
SD2401267,20대,너희 집은 지금 오피스텔이잖아. 그 층간 소음 좀 있는 거 같아? 나 지금 7층 사는데 딱히 층간 소음은 없는 거 같은데 좀 그 아파트에 이상한 사람은 좀 있는 거 같더라. 왜냐하면은 우리가 집에 아무도 없는 상태였는데 갑자기 밑의 집에서 올라온다 아 그 밑의 집인가 어디서 막 신고가 들어왔다는 거야. 이 이 시간이 너무 시끄러웠었다고. 그래 가지고 그게 그게 꼭 밑의 집은 아니고 밑의 층은 아니었던 거 같은데 그런 사람이 좀 있어서 좀 뭐지 좀 조심해야겠다 이런 적은 있었어. 이런 적이 있어. 그리고 너는 지금 자취를 그 1곳에서만 했던 거야 이사 없이? 나도 지금 누나랑 같이 살라고 하면은 절대 못 살 거 같아. 누나랑 진짜 맞는 게 하나도 없단 말이야. 누나도 막 나도 새벽에 전화하면은 누나가 뭐라 하고. 어떨 때 누나가 새벽에 게임하면 또 나한테 이제 내가 이제 스트레스받고. 그래서 이제 만약에 내가 너처럼 그러니까 형제 같이 살라고 하면은 나는 못 살 거 같아. 그리고 그리고 그 이사를 좀 많이 다녔었는데 이사 다닐 때마다 이제 방이 있긴 한데 이게 크기가 이제 큰방 작은방이 있었단 말이야. 그래 가지고 누가 큰방 쓸 거냐 이런 거 때문에 또 엄청 싸운 적 싸웠었고 싸웠었던 거 같아. 그러면 본가도 그러면 지금 살던 데 쭉 계속 살고 있었던 거야 어릴 때부터? 나는 이제 어릴 때부터 정말 많이 다녔었는데 초등학교랑 중학교 때까지는 그래도 한동네 내에서 왔다 갔다 했던 거여서 좀 이제 이사하느라 좀 귀찮고 막 집 바뀌는 게 좀 불편 적응이 안 되 초반에 적응이 안 되는 게 있긴 했어도 이 친구들이랑 멀어진다 이런 거 없어서 괜찮았는데 중학교 3학년에서 이제 고등학교 때 한번 아예 학 그 학 우리 지금 다니는 학교 쪽으로 이사를 왔었단 말이야. 근데 그때 정말 좀 좋았던 친구들인데 완전 멀어지니까 그때 쪼끔 이제 스트레스를 받았었던 경험이 있고. 그래서 또 그래 가지고 이제 고등학교 1학년 때에서부터 2학년 때 또 이사를 가야 되는 상황이 된 거야. 근데 그래서 원래 다니던 고등학교 쪽으로 가려 했었는데 그러진 않고 이제 다시 원래 동네로 돌아갔었던 적이 있어. 나도 그런 전원주택에서 사는 꿈 같은 게 있었던 거 같아. 그 내가 직접 집을 만들고 아 설계해서 막 비밀 공간이나 아 이제 정말 큰 목욕탕이나 아니면 음 어떤 작업실 뭐 이런 걸 만들어 두고 싶다는 생각이 있었어. 만들고 싶다는. 그리 너 근데 지금 자취하고 있잖아. 그러면 그 가전제품 같은 거는 뭐 뭐 있어? 어 이러면 안 되는데. 나는 이제 본가에 살잖아. 어 집안일을 거의 다 안 하고 엄마가 하고 있어. 그러니까 설거지만 이제 내가 먹은 거 설거지하고 이제 그리고 옷 옷이나 분리수거 이런 거는 엄마 아빠가 거의 다 하는 거 같아. 그 자취하면서 이런 설거지나 분리수거 때문에 막 오빠랑 막 싸우거나 그러진 않아? 난 지금 너무 자취를 하고 싶어. 왜냐하면은 일단 난 이제 혼자가 편하단 말이야. 그래 가지고 이제 나만의 일상생활 패턴이 있는데 어쨌든 가족이랑 살면은 아무리 가족이라도 쪼금 지켜야 되는 게 있으니까 그런 게 이제 좀 나한테는 너무 좀 힘들고 내가 하고 싶은 것도 너무 제한이 되는 거 같아서 학교 근처에서 자취하고 싶다는 생각은 있는데 이게 자취도 어쨌든 돈이 많이 깨지니까 쉽사리 하진 못 하고 있고. 음 아마 군대 갔다 와서 자취를 할 수 있으면 하지 않을까 이런 생각이 있어. 음 너는 음 너희 집 인테리어는 혹시 어떻게 돼 있어? 음 우리 집은 이번에 새로 지은 아파트여 가지고 그냥 전체적으로 완전 깔끔한 느낌으로 지금 돼 있는데 이게 아파 이제 방 청소를 쪼끔만 안 해도 이제 옷가 방이 좀 좁아 가지고 옷도 막 의자 위에 올라가 있고 침대 위에 뭉쳐져 있고. 그래 가지고 인테리어는 깔끔한데 방 정리는 되게 안 돼 있는 거 같아. 그리고 또 새로 지은 아파트라 했잖아. 이게 요즘에 새로 지어서 그런가. 아파트가 되게 개성이 넘치더라고. 건물도 막 다 이 모습이 막 다르고. 막 저게 아파트 건물이야 이런 것도 있고. 그리고 처음에 이사 왔을 때 첫날인데 집을 못 찾겠는 거야. 왜냐하면은 보통 아파트 단지가 뭐 몇 호부터 몇 호 1에서 3 3에서 5 이렇게 순서대로 있는데 거기는 막 1에서 3이랑 17에서 19 이렇게 붙어 있고. 막 이상하게 다 붙어 있는 거야. 그래 가지고 처음 이사 갔을 때 그 아파트 단지 안에서 길 잃어 가지고 한 20분 30분 정도 헤맸던 기억이 있어. 너는 만약에 이제 앞으로 회사 다니고 할 거면은 하면은 혼자 살게 되면은 서울에서 계속 살고 싶어? 아니면은 대구? 이게 새로 지은 아파트여 가지고 이게 헬스장이나 도서관 뭐 어린이집 이런 게 입주된다는 얘기만 있고 아직은 인프라가 갖춰지진 못한 거 같아. 그래서 헬스장도 아마 생긴다곤 하는데 어 언제 생길진 잘 모르겠고. 그 아파트 단지 내에 도서관은 지금도 운영하고 있고. 그거 말고도 뭔가 주민들 휴식 공간이라고 하면서 건물이 몇 개 있더라고. 거기서 막 좀 차 같은 거 마시고 막 떠들면서 있는 아줌마들도 있고. 그 빈백 빈백도 있잖아. 그런 것도 아파트 단지 내에 몇 개 깔아둔 거야. 그래 가지고 거기서 좀 누워서 막 떠드는 사람들도 보고 이런 시설이 좀 있었어.,0.014965986394557823,0.02857142857142857,0.013605442176870748,0.0013605442176870747,0.005442176870748299,0.0027210884353741495,0.0027210884353741495,0.02312925170068027,0.0326530612244898,0.02040816326530612,0.004081632653061225,0.0163265306122449,0.0013605442176870747,0.005442176870748299,0.013605442176870748,0.0027210884353741495,0.004081632653061225,0.004081632653061225,0.024489795918367346,0.021768707482993196,0.0013605442176870747,0.0013605442176870747,0.005442176870748299,0.006802721088435374,0.0013605442176870747,0.004081632653061225,0.02040816326530612,0.0013605442176870747,0.0013605442176870747,0.009523809523809525,0.04353741496598639,0.0013605442176870747,0.005442176870748299,0.0013605442176870747,0.010884353741496598,0.005442176870748299,0.0013605442176870747,0.0027210884353741495,0.012244897959183673,0.0013605442176870747,0.0013605442176870747,0.006802721088435374,0.004081632653061225,0.0027210884353741495,0.027210884353741496,0.009523809523809525,0.010884353741496598,0.0013605442176870747,0.006802721088435374,0.024489795918367346,0.010884353741496598,0.0013605442176870747,0.006802721088435374,0.0027210884353741495,0.0013605442176870747,0.005442176870748299,0.0013605442176870747,0.0013605442176870747,0.0013605442176870747,0.006802721088435374,0.0013605442176870747,0.0027210884353741495,0.0013605442176870747,0.0027210884353741495,0.013605442176870748,0.0013605442176870747,0.006802721088435374,0.0013605442176870747,0.02857142857142857,0.0027210884353741495,0.0027210884353741495,0.0027210884353741495,0.005442176870748299,0.0013605442176870747,0.00816326530612245,0.004081632653061225,0.00816326530612245,0.0013605442176870747,0.005442176870748299,0.0027210884353741495,0.0013605442176870747,0.0013605442176870747,0.0027210884353741495,0.0013605442176870747,0.0013605442176870747,0.0013605442176870747,0.005442176870748299,0.0013605442176870747,0.005442176870748299,0.0027210884353741495,0.0013605442176870747,0.0027210884353741495,0.0027210884353741495,0.005442176870748299,0.004081632653061225,0.0013605442176870747,0.0027210884353741495,0.0013605442176870747,0.0013605442176870747,0.0013605442176870747,0.005442176870748299,0.004081632653061225,0.0013605442176870747,0.0013605442176870747,0.0013605442176870747,0.0027210884353741495,0.009523809523809525,0.014965986394557823,0.0013605442176870747,0.0013605442176870747,0.0013605442176870747,0.0027210884353741495,0.0013605442176870747,0.004081632653061225,0.0013605442176870747,0.004081632653061225,0.0013605442176870747,0.0013605442176870747,0.0027210884353741495,0.0027210884353741495,0.0027210884353741495,0.0013605442176870747,0.0013605442176870747,0.0027210884353741495,0.0027210884353741495,0.0013605442176870747,0.0027210884353741495,0.0013605442176870747,0.0027210884353741495,0.0013605442176870747,0.0013605442176870747,0.0013605442176870747,0.0013605442176870747,0.0013605442176870747,0.0013605442176870747,0.0013605442176870747,0.005442176870748299,0.004081632653061225,0.0013605442176870747,0.0013605442176870747,0.0027210884353741495,0.0027210884353741495,0.0013605442176870747,0.0013605442176870747,0.0013605442176870747,0.004081632653061225,0.0013605442176870747,0.0013605442176870747,0.004081632653061225,0.0013605442176870747,0.0027210884353741495,0.005442176870748299,0.0027210884353741495,0.004081632653061225,0.0013605442176870747,0.005442176870748299,0.0027210884353741495,0.0013605442176870747,0.0013605442176870747,0.0013605442176870747,0.0013605442176870747,0.0027210884353741495,0.0013605442176870747,0.0013605442176870747,0.0013605442176870747,0.0013605442176870747,0.0013605442176870747,0.0027210884353741495,0.0027210884353741495,0.0013605442176870747,0.0013605442176870747,0.0013605442176870747,0.0013605442176870747,0.0013605442176870747,0.0013605442176870747,0.0013605442176870747,0.0013605442176870747,0.0013605442176870747,0.0013605442176870747,0.0013605442176870747,0.0027210884353741495,0.0013605442176870747,0.0027210884353741495,0.0013605442176870747,0.0013605442176870747,0.005442176870748299,0.005442176870748299,0.005442176870748299,0.0013605442176870747,0.0013605442176870747,0.0013605442176870747,0.0013605442176870747,0.0013605442176870747,0.0013605442176870747,0.0013605442176870747,0.0027210884353741495,0.0013605442176870747,0.0013605442176870747,0.0013605442176870747,0.0013605442176870747,0.0027210884353741495,0.0013605442176870747,0.0013605442176870747,0.0013605442176870747,0.004081632653061225,0.0013605442176870747,0.0013605442176870747,0.0013605442176870747,0.0013605442176870747,0.0027210884353741495,0.0013605442176870747,0.0013605442176870747,0.0013605442176870747,0.005442176870748299,0.0027210884353741495,0.0013605442176870747,0.0013605442176870747,0.0027210884353741495,0.0013605442176870747,0.0013605442176870747,0.0013605442176870747,0.0013605442176870747,0.0013605442176870747,0.0013605442176870747,0.0013605442176870747,0.0013605442176870747,0.0013605442176870747,0.0013605442176870747,0.0027210884353741495,0.0027210884353741495,0.0013605442176870747,0.0013605442176870747,0.0013605442176870747,0.0013605442176870747,0.0013605442176870747,0.0013605442176870747,0.0013605442176870747,0.0013605442176870747,0.0027210884353741495,0.0013605442176870747,0.0013605442176870747,0.0013605442176870747,0.0013605442176870747,0.0013605442176870747,0.0013605442176870747,0.0013605442176870747,0.0013605442176870747,0.0013605442176870747,0.0013605442176870747,0.0013605442176870747,0.0027210884353741495,0.0013605442176870747,0.0013605442176870747,0.0013605442176870747,0.0013605442176870747,0.0013605442176870747,0.0013605442176870747,0.0013605442176870747,0.0,0.0,0.0,0.0,0.0,0.0,0.0,0.0,0.0,0.0,0.0,0.0,0.0,0.0,0.0,0.0,0.0,0.0,0.0,0.0,0.0,0.0,0.0,0.0,0.0,0.0,0.0,0.0,0.0,0.0,0.0,0.0,0.0,0.0,0.0,0.0,0.0,0.0,0.0,0.0,0.0,0.0,0.0,0.0,0.0,0.0,0.0,0.0,0.0,0.0,0.0,0.0,0.0,0.0,0.0,0.0,0.0,0.0,0.0,0.0,0.0,0.0,0.0,0.0,0.0,0.0,0.0,0.0,0.0,0.0,0.0,0.0,0.0,0.0,0.0,0.0,0.0,0.0,0.0,0.0,0.0,0.0,0.0,0.0,0.0,0.0,0.0,0.0,0.0,0.0,0.0,0.0,0.0,0.0,0.0,0.0,0.0,0.0,0.0,0.0,0.0,0.0,0.0,0.0,0.0,0.0,0.0,0.0,0.0,0.0,0.0,0.0,0.0,0.0,0.0,0.0,0.0,0.0,0.0,0.0,0.0,0.0,0.0,0.0,0.0,0.0,0.0,0.0,0.0,0.0,0.0,0.0,0.0,0.0,0.0,0.0,0.0,0.0,0.0,0.0,0.0,0.0,0.0,0.0,0.0,0.0,0.0,0.0,0.0,0.0,0.0,0.0,0.0,0.0,0.0,0.0,0.0,0.0,0.0,0.0,0.0,0.0,0.0,0.0,0.0,0.0,0.0,0.0,0.0,0.0,0.0,0.0,0.0,0.0,0.0,0.0,0.0,0.0,0.0,0.0,0.0,0.0,0.0,0.0,0.0,0.0,0.0,0.0,0.0,0.0,0.0,0.0,0.0,0.0,0.0,0.0,0.0,0.0,0.0,0.0,0.0,0.0,0.0,0.0,0.0,0.0,0.0,0.0,0.0,0.0,0.0,0.0,0.0,0.0,0.0,0.0,0.0,0.0,0.0,0.0,0.0,0.0,0.0,0.0,0.0,0.0,0.0,0.0,0.0,0.0,0.0,0.0,0.0,0.0,0.0,0.0,0.0,0.0,0.0,0.0,0.0,0.0,0.0,0.0,0.0,0.0,0.0,0.0,0.0,0.0,0.0,0.0,0.0,0.0,0.0,0.0,0.0,0.0,0.0,0.0,0.0,0.0,0.0,0.0,0.0,0.0,0.0,0.0,0.0,0.0,0.0,0.0,0.0,0.0,0.0,0.0,0.0,0.0,0.0,0.0,0.0,0.0,0.0,0.0,0.0,0.0,0.0,0.0,0.0,0.0,0.0,0.0,0.0,0.0,0.0,0.0,0.0,0.0,0.0,0.0,0.0,0.0,0.0,0.0,0.0,0.0,0.0,0.0,0.0,0.0,0.0,0.0,0.0,0.0,0.0,0.0,0.0,0.0,0.0,0.0,0.0,0.0,0.0,0.0,0.0,0.0,0.0,0.0,0.0,0.0,0.0,0.0,0.0,0.0,0.0,0.0,0.0,0.0,0.0,0.0,0.0,0.0,0.0,0.0,0.0,0.0,0.0,0.0,0.0,0.0,0.0,0.0,0.0,0.0,0.0,0.0,0.0,0.0,0.0,0.0,0.0,0.0,0.0,0.0,0.0,0.0,0.0,0.0,0.0,0.0,0.0,0.0,0.0,0.0,0.0,0.0,0.0,0.0,0.0,0.0,0.0,0.0,0.0,0.0,0.0,0.0,0.0,0.0,0.0,0.0,0.0,0.0,0.0,0.0,0.0,0.0,0.0,0.0,0.0,0.0,0.0,0.0,0.0,0.0,0.0,0.0,0.0,0.0,0.0,0.0,0.0,0.0,0.0,0.0,0.0,0.0,0.0,0.0,0.0,0.0,0.0,0.0,0.0,0.0,0.0,0.0,0.0,0.0,0.0,0.0,0.0,0.0,0.0,0.0,0.0,0.0,0.0,0.0,0.0,0.0,0.0,0.0,0.0,0.0,0.0,0.0,0.0,0.0,0.0,0.0,0.0,0.0,0.0,0.0,0.0,0.0,0.0,0.0,0.0,0.0,0.0,0.0,0.0,0.0,0.0,0.0,0.0,0.0,0.0,0.0,0.0,0.0,0.0,0.0,0.0,0.0,0.0,0.0,0.0,0.0,0.0,0.0,0.0,0.0,0.0,0.0,0.0,0.0,0.0,0.0,0.0,0.0,0.0,0.0,0.0,0.0,0.0,0.0,0.0,0.0,0.0,0.0,0.0,0.0,0.0,0.0,0.0,0.0,0.0,0.0,0.0,0.0,0.0,0.0,0.0,0.0,0.0,0.0,0.0,0.0,0.0,0.0,0.0,0.0,0.0,0.0,0.0,0.0,0.0,0.0,0.0,0.0,0.0,0.0,0.0,0.0,0.0,0.0,0.0,0.0,0.0,0.0,0.0,0.0,0.0,0.0,0.0,0.0,0.0,0.0,0.0,0.0,0.0,0.0,0.0,0.0,0.0,0.0,0.0,0.0,0.0,0.0,0.0,0.0,0.0,0.0,0.0,0.0,0.0,0.0,0.0,0.0,0.0,0.0,0.0,0.0,0.0,0.0,0.0,0.0,0.0,0.0,0.0,0.0,0.0,0.0,0.0,0.0,0.0,0.0,0.0,0.0,0.0,0.0,0.0,0.0,0.0,0.0,0.0,0.0,0.0,0.0,0.0,0.0,0.0,0.0,0.0,0.0,0.0,0.0,0.0,0.0,0.0,0.0,0.0,0.0,0.0,0.0,0.0,0.0,0.0,0.0,0.0,0.0,0.0,0.0,0.0,0.0,0.0,0.0,0.0,0.0,0.0,0.0,0.0,0.0,0.0,0.0,0.0,0.0,0.0,0.0,0.0,0.0,0.0,0.0,0.0,0.0,0.0,0.0,0.0,0.0,0.0,0.0,0.0,0.0,0.0,0.0,0.0,0.0,0.0,0.0,0.0,0.0,0.0,0.0,0.0,0.0,0.0,0.0,0.0,0.0,0.0,0.0,0.0,0.0,0.0,0.0,0.0,0.0,0.0,0.0,0.0,0.0,0.0,0.0,0.0,0.0,0.0,0.0,0.0,0.0,0.0,0.0,0.0,0.0,0.0,0.0,0.0,0.0,0.0,0.0,0.0,0.0,0.0,0.0,0.0,0.0,0.0,0.0,0.0,0.4653668905732344,0.0,0.0,0.0,0.0,0.0,0.0,0.0,0.0,0.0,0.0,0.0,0.0,0.0,0.0,0.0,0.0,0.0,0.0,0.0,0.0,0.0,0.0,0.0,0.0,0.0,0.0,0.0,0.0,0.0,0.5082621787415775,0.0,0.0,0.0,0.0,0.0,0.0,0.0,0.0,0.0,0.0,0.0,0.0,0.0,0.0,0.0,0.0,0.0,0.0,0.0,0.0,0.0,0.0,0.0,0.0,0.0,0.0,0.7246400588009635,0.0,0.0,0.0,0.0,0.0,0.0,0.0,0.0,0.0,0.0,0.0,0.0,0.0,0.0,0.0,0.0,0.0,0.0,0.0,0.0,0.0,0.0,0.0,0.0,0.0,0.0,0.0,0.0,0.0,0.0,0.0,0.0,0.0,0.0,0.0,0.0,0.0,0.0,0.0,0.0,0.0,0.0,0.0,0.0,0.0,0.0,0.0,0.0,0.0,0.0,0.0,0.0,0.0,0.0,0.0,0.0,0.0,0.0,0.0,0.0,0.0,0.0,0.0,0.0,0.0,0.0,0.0,0.0,0.0,0.0,0.0,0.0,0.0,0.0,0.0,0.0,0.0,0.0,0.0,0.0,0.0,0.0,0.0,0.0,0.0,0.0,0.0,0.0,0.0,0.0,0.0,0.0,0.0,0.0,0.0,0.0,0.0,0.0,0.0,0.0,0.0,0.0,0.0,0.0,0.0,0.0,0.0,0.0,0.0,0.0,0.0,0.0,0.0,0.0,0.0,0.0,0.0,0.0,0.0,0.0,0.0,0.0,0.0,0.0,0.0,0.0,0.0,0.0,0.0,0.0,0.0,0.0,0.0,0.0,0.0,0.0,0.0,0.0,0.0,0.0,0.0,0.0,0.0,0.0,0.0,0.0,0.0,0.0,0.0,0.0,0.0,0.0,0.0
SD2401267,20대,너희 집은 지금 오피스텔이잖아. 그 층간 소음 좀 있는 거 같아? 나 지금 7층 사는데 딱히 층간 소음은 없는 거 같은데 좀 그 아파트에 이상한 사람은 좀 있는 거 같더라. 왜냐하면은 우리가 집에 아무도 없는 상태였는데 갑자기 밑의 집에서 올라온다 아 그 밑의 집인가 어디서 막 신고가 들어왔다는 거야. 이 이 시간이 너무 시끄러웠었다고. 그래 가지고 그게 그게 꼭 밑의 집은 아니고 밑의 층은 아니었던 거 같은데 그런 사람이 좀 있어서 좀 뭐지 좀 조심해야겠다 이런 적은 있었어. 이런 적이 있어. 그리고 너는 지금 자취를 그 1곳에서만 했던 거야 이사 없이? 나도 지금 누나랑 같이 살라고 하면은 절대 못 살 거 같아. 누나랑 진짜 맞는 게 하나도 없단 말이야. 누나도 막 나도 새벽에 전화하면은 누나가 뭐라 하고. 어떨 때 누나가 새벽에 게임하면 또 나한테 이제 내가 이제 스트레스받고. 그래서 이제 만약에 내가 너처럼 그러니까 형제 같이 살라고 하면은 나는 못 살 거 같아. 그리고 그리고 그 이사를 좀 많이 다녔었는데 이사 다닐 때마다 이제 방이 있긴 한데 이게 크기가 이제 큰방 작은방이 있었단 말이야. 그래 가지고 누가 큰방 쓸 거냐 이런 거 때문에 또 엄청 싸운 적 싸웠었고 싸웠었던 거 같아. 그러면 본가도 그러면 지금 살던 데 쭉 계속 살고 있었던 거야 어릴 때부터? 나는 이제 어릴 때부터 정말 많이 다녔었는데 초등학교랑 중학교 때까지는 그래도 한동네 내에서 왔다 갔다 했던 거여서 좀 이제 이사하느라 좀 귀찮고 막 집 바뀌는 게 좀 불편 적응이 안 되 초반에 적응이 안 되는 게 있긴 했어도 이 친구들이랑 멀어진다 이런 거 없어서 괜찮았는데 중학교 3학년에서 이제 고등학교 때 한번 아예 학 그 학 우리 지금 다니는 학교 쪽으로 이사를 왔었단 말이야. 근데 그때 정말 좀 좋았던 친구들인데 완전 멀어지니까 그때 쪼끔 이제 스트레스를 받았었던 경험이 있고. 그래서 또 그래 가지고 이제 고등학교 1학년 때에서부터 2학년 때 또 이사를 가야 되는 상황이 된 거야. 근데 그래서 원래 다니던 고등학교 쪽으로 가려 했었는데 그러진 않고 이제 다시 원래 동네로 돌아갔었던 적이 있어. 나도 그런 전원주택에서 사는 꿈 같은 게 있었던 거 같아. 그 내가 직접 집을 만들고 아 설계해서 막 비밀 공간이나 아 이제 정말 큰 목욕탕이나 아니면 음 어떤 작업실 뭐 이런 걸 만들어 두고 싶다는 생각이 있었어. 만들고 싶다는. 그리 너 근데 지금 자취하고 있잖아. 그러면 그 가전제품 같은 거는 뭐 뭐 있어? 어 이러면 안 되는데. 나는 이제 본가에 살잖아. 어 집안일을 거의 다 안 하고 엄마가 하고 있어. 그러니까 설거지만 이제 내가 먹은 거 설거지하고 이제 그리고 옷 옷이나 분리수거 이런 거는 엄마 아빠가 거의 다 하는 거 같아. 그 자취하면서 이런 설거지나 분리수거 때문에 막 오빠랑 막 싸우거나 그러진 않아? 난 지금 너무 자취를 하고 싶어. 왜냐하면은 일단 난 이제 혼자가 편하단 말이야. 그래 가지고 이제 나만의 일상생활 패턴이 있는데 어쨌든 가족이랑 살면은 아무리 가족이라도 쪼금 지켜야 되는 게 있으니까 그런 게 이제 좀 나한테는 너무 좀 힘들고 내가 하고 싶은 것도 너무 제한이 되는 거 같아서 학교 근처에서 자취하고 싶다는 생각은 있는데 이게 자취도 어쨌든 돈이 많이 깨지니까 쉽사리 하진 못 하고 있고. 음 아마 군대 갔다 와서 자취를 할 수 있으면 하지 않을까 이런 생각이 있어. 음 너는 음 너희 집 인테리어는 혹시 어떻게 돼 있어? 음 우리 집은 이번에 새로 지은 아파트여 가지고 그냥 전체적으로 완전 깔끔한 느낌으로 지금 돼 있는데 이게 아파 이제 방 청소를 쪼끔만 안 해도 이제 옷가 방이 좀 좁아 가지고 옷도 막 의자 위에 올라가 있고 침대 위에 뭉쳐져 있고. 그래 가지고 인테리어는 깔끔한데 방 정리는 되게 안 돼 있는 거 같아. 그리고 또 새로 지은 아파트라 했잖아. 이게 요즘에 새로 지어서 그런가. 아파트가 되게 개성이 넘치더라고. 건물도 막 다 이 모습이 막 다르고. 막 저게 아파트 건물이야 이런 것도 있고. 그리고 처음에 이사 왔을 때 첫날인데 집을 못 찾겠는 거야. 왜냐하면은 보통 아파트 단지가 뭐 몇 호부터 몇 호 1에서 3 3에서 5 이렇게 순서대로 있는데 거기는 막 1에서 3이랑 17에서 19 이렇게 붙어 있고. 막 이상하게 다 붙어 있는 거야. 그래 가지고 처음 이사 갔을 때 그 아파트 단지 안에서 길 잃어 가지고 한 20분 30분 정도 헤맸던 기억이 있어. 너는 만약에 이제 앞으로 회사 다니고 할 거면은 하면은 혼자 살게 되면은 서울에서 계속 살고 싶어? 아니면은 대구? 이게 새로 지은 아파트여 가지고 이게 헬스장이나 도서관 뭐 어린이집 이런 게 입주된다는 얘기만 있고 아직은 인프라가 갖춰지진 못한 거 같아. 그래서 헬스장도 아마 생긴다곤 하는데 어 언제 생길진 잘 모르겠고. 그 아파트 단지 내에 도서관은 지금도 운영하고 있고. 그거 말고도 뭔가 주민들 휴식 공간이라고 하면서 건물이 몇 개 있더라고. 거기서 막 좀 차 같은 거 마시고 막 떠들면서 있는 아줌마들도 있고. 그 빈백 빈백도 있잖아. 그런 것도 아파트 단지 내에 몇 개 깔아둔 거야. 그래 가지고 거기서 좀 누워서 막 떠드는 사람들도 보고 이런 시설이 좀 있었어.,0.014965986394557823,0.02857142857142857,0.013605442176870748,0.0013605442176870747,0.005442176870748299,0.0027210884353741495,0.0027210884353741495,0.02312925170068027,0.0326530612244898,0.02040816326530612,0.004081632653061225,0.0163265306122449,0.0013605442176870747,0.005442176870748299,0.013605442176870748,0.0027210884353741495,0.004081632653061225,0.004081632653061225,0.024489795918367346,0.021768707482993196,0.0013605442176870747,0.0013605442176870747,0.005442176870748299,0.006802721088435374,0.0013605442176870747,0.004081632653061225,0.02040816326530612,0.0013605442176870747,0.0013605442176870747,0.009523809523809525,0.04353741496598639,0.0013605442176870747,0.005442176870748299,0.0013605442176870747,0.010884353741496598,0.005442176870748299,0.0013605442176870747,0.0027210884353741495,0.012244897959183673,0.0013605442176870747,0.0013605442176870747,0.006802721088435374,0.004081632653061225,0.0027210884353741495,0.027210884353741496,0.009523809523809525,0.010884353741496598,0.0013605442176870747,0.006802721088435374,0.024489795918367346,0.010884353741496598,0.0013605442176870747,0.006802721088435374,0.0027210884353741495,0.0013605442176870747,0.005442176870748299,0.0013605442176870747,0.0013605442176870747,0.0013605442176870747,0.006802721088435374,0.0013605442176870747,0.0027210884353741495,0.0013605442176870747,0.0027210884353741495,0.013605442176870748,0.0013605442176870747,0.006802721088435374,0.0013605442176870747,0.02857142857142857,0.0027210884353741495,0.0027210884353741495,0.0027210884353741495,0.005442176870748299,0.0013605442176870747,0.00816326530612245,0.004081632653061225,0.00816326530612245,0.0013605442176870747,0.005442176870748299,0.0027210884353741495,0.0013605442176870747,0.0013605442176870747,0.0027210884353741495,0.0013605442176870747,0.0013605442176870747,0.0013605442176870747,0.005442176870748299,0.0013605442176870747,0.005442176870748299,0.0027210884353741495,0.0013605442176870747,0.0027210884353741495,0.0027210884353741495,0.005442176870748299,0.004081632653061225,0.0013605442176870747,0.0027210884353741495,0.0013605442176870747,0.0013605442176870747,0.0013605442176870747,0.005442176870748299,0.004081632653061225,0.0013605442176870747,0.0013605442176870747,0.0013605442176870747,0.0027210884353741495,0.009523809523809525,0.014965986394557823,0.0013605442176870747,0.0013605442176870747,0.0013605442176870747,0.0027210884353741495,0.0013605442176870747,0.004081632653061225,0.0013605442176870747,0.004081632653061225,0.0013605442176870747,0.0013605442176870747,0.0027210884353741495,0.0027210884353741495,0.0027210884353741495,0.0013605442176870747,0.0013605442176870747,0.0027210884353741495,0.0027210884353741495,0.0013605442176870747,0.0027210884353741495,0.0013605442176870747,0.0027210884353741495,0.0013605442176870747,0.0013605442176870747,0.0013605442176870747,0.0013605442176870747,0.0013605442176870747,0.0013605442176870747,0.0013605442176870747,0.005442176870748299,0.004081632653061225,0.0013605442176870747,0.0013605442176870747,0.0027210884353741495,0.0027210884353741495,0.0013605442176870747,0.0013605442176870747,0.0013605442176870747,0.004081632653061225,0.0013605442176870747,0.0013605442176870747,0.004081632653061225,0.0013605442176870747,0.0027210884353741495,0.005442176870748299,0.0027210884353741495,0.004081632653061225,0.0013605442176870747,0.005442176870748299,0.0027210884353741495,0.0013605442176870747,0.0013605442176870747,0.0013605442176870747,0.0013605442176870747,0.0027210884353741495,0.0013605442176870747,0.0013605442176870747,0.0013605442176870747,0.0013605442176870747,0.0013605442176870747,0.0027210884353741495,0.0027210884353741495,0.0013605442176870747,0.0013605442176870747,0.0013605442176870747,0.0013605442176870747,0.0013605442176870747,0.0013605442176870747,0.0013605442176870747,0.0013605442176870747,0.0013605442176870747,0.0013605442176870747,0.0013605442176870747,0.0027210884353741495,0.0013605442176870747,0.0027210884353741495,0.0013605442176870747,0.0013605442176870747,0.005442176870748299,0.005442176870748299,0.005442176870748299,0.0013605442176870747,0.0013605442176870747,0.0013605442176870747,0.0013605442176870747,0.0013605442176870747,0.0013605442176870747,0.0013605442176870747,0.0027210884353741495,0.0013605442176870747,0.0013605442176870747,0.0013605442176870747,0.0013605442176870747,0.0027210884353741495,0.0013605442176870747,0.0013605442176870747,0.0013605442176870747,0.004081632653061225,0.0013605442176870747,0.0013605442176870747,0.0013605442176870747,0.0013605442176870747,0.0027210884353741495,0.0013605442176870747,0.0013605442176870747,0.0013605442176870747,0.005442176870748299,0.0027210884353741495,0.0013605442176870747,0.0013605442176870747,0.0027210884353741495,0.0013605442176870747,0.0013605442176870747,0.0013605442176870747,0.0013605442176870747,0.0013605442176870747,0.0013605442176870747,0.0013605442176870747,0.0013605442176870747,0.0013605442176870747,0.0013605442176870747,0.0027210884353741495,0.0027210884353741495,0.0013605442176870747,0.0013605442176870747,0.0013605442176870747,0.0013605442176870747,0.0013605442176870747,0.0013605442176870747,0.0013605442176870747,0.0013605442176870747,0.0027210884353741495,0.0013605442176870747,0.0013605442176870747,0.0013605442176870747,0.0013605442176870747,0.0013605442176870747,0.0013605442176870747,0.0013605442176870747,0.0013605442176870747,0.0013605442176870747,0.0013605442176870747,0.0013605442176870747,0.0027210884353741495,0.0013605442176870747,0.0013605442176870747,0.0013605442176870747,0.0013605442176870747,0.0013605442176870747,0.0013605442176870747,0.0013605442176870747,0.0,0.0,0.0,0.0,0.0,0.0,0.0,0.0,0.0,0.0,0.0,0.0,0.0,0.0,0.0,0.0,0.0,0.0,0.0,0.0,0.0,0.0,0.0,0.0,0.0,0.0,0.0,0.0,0.0,0.0,0.0,0.0,0.0,0.0,0.0,0.0,0.0,0.0,0.0,0.0,0.0,0.0,0.0,0.0,0.0,0.0,0.0,0.0,0.0,0.0,0.0,0.0,0.0,0.0,0.0,0.0,0.0,0.0,0.0,0.0,0.0,0.0,0.0,0.0,0.0,0.0,0.0,0.0,0.0,0.0,0.0,0.0,0.0,0.0,0.0,0.0,0.0,0.0,0.0,0.0,0.0,0.0,0.0,0.0,0.0,0.0,0.0,0.0,0.0,0.0,0.0,0.0,0.0,0.0,0.0,0.0,0.0,0.0,0.0,0.0,0.0,0.0,0.0,0.0,0.0,0.0,0.0,0.0,0.0,0.0,0.0,0.0,0.0,0.0,0.0,0.0,0.0,0.0,0.0,0.0,0.0,0.0,0.0,0.0,0.0,0.0,0.0,0.0,0.0,0.0,0.0,0.0,0.0,0.0,0.0,0.0,0.0,0.0,0.0,0.0,0.0,0.0,0.0,0.0,0.0,0.0,0.0,0.0,0.0,0.0,0.0,0.0,0.0,0.0,0.0,0.0,0.0,0.0,0.0,0.0,0.0,0.0,0.0,0.0,0.0,0.0,0.0,0.0,0.0,0.0,0.0,0.0,0.0,0.0,0.0,0.0,0.0,0.0,0.0,0.0,0.0,0.0,0.0,0.0,0.0,0.0,0.0,0.0,0.0,0.0,0.0,0.0,0.0,0.0,0.0,0.0,0.0,0.0,0.4099880228565145,0.0,0.0,0.0,0.0,0.0,0.0,0.0,0.0,0.0,0.0,0.0,0.0,0.0,0.0,0.0,0.0,0.0,0.0,0.0,0.0,0.0,0.0,0.0,0.0,0.0,0.0,0.0,0.0,0.0,0.0,0.0,0.0,0.0,0.0,0.0,0.0,0.0,0.0,0.0,0.0,0.0,0.0,0.0,0.0,0.0,0.0,0.0,0.0,0.0,0.28438008536673726,0.0,0.0,0.0,0.0,0.0,0.0,0.0,0.0,0.0,0.0,0.0,0.0,0.0,0.0,0.0,0.0,0.0,0.0,0.0,0.0,0.0,0.0,0.0,0.0,0.0,0.0,0.0,0.0,0.0,0.0,0.0,0.0,0.0,0.0,0.0,0.0,0.0,0.0,0.0,0.0,0.0,0.0,0.0,0.0,0.0,0.0,0.0,0.0,0.0,0.0,0.0,0.0,0.0,0.0,0.0,0.0,0.317682905547566,0.0,0.0,0.0,0.0,0.0,0.0,0.0,0.0,0.0,0.0,0.0,0.0,0.0,0.0,0.0,0.0,0.0,0.0,0.0,0.0,0.0,0.0,0.0,0.0,0.0,0.0,0.0,0.0,0.0,0.0,0.0,0.0,0.0,0.0,0.0,0.0,0.0,0.0,0.0,0.0,0.0,0.28438008536673726,0.0,0.0,0.0,0.0,0.0,0.0,0.0,0.0,0.0,0.0,0.0,0.0,0.0,0.0,0.0,0.0,0.0,0.0,0.0,0.0,0.0,0.0,0.0,0.0,0.0,0.0,0.0,0.0,0.0,0.0,0.0,0.0,0.0,0.0,0.0,0.0,0.0,0.0,0.0,0.0,0.0,0.0,0.0,0.0,0.0,0.0,0.0,0.0,0.0,0.0,0.0,0.0,0.0,0.0,0.0,0.0,0.0,0.0,0.0,0.0,0.0,0.0,0.0,0.0,0.0,0.0,0.0,0.0,0.0,0.0,0.0,0.0,0.0,0.0,0.0,0.0,0.0,0.0,0.0,0.0,0.0,0.0,0.0,0.0,0.0,0.0,0.0,0.0,0.0,0.0,0.0,0.0,0.0,0.0,0.0,0.0,0.0,0.0,0.0,0.0,0.0,0.0,0.0,0.0,0.0,0.0,0.0,0.0,0.0,0.0,0.0,0.0,0.0,0.0,0.0,0.0,0.0,0.0,0.0,0.0,0.0,0.0,0.0,0.0,0.0,0.0,0.0,0.0,0.0,0.0,0.0,0.0,0.0,0.0,0.0,0.0,0.0,0.0,0.0,0.0,0.0,0.0,0.0,0.0,0.0,0.0,0.0,0.0,0.0,0.0,0.0,0.0,0.0,0.0,0.0,0.0,0.0,0.0,0.0,0.0,0.0,0.0,0.0,0.0,0.0,0.0,0.0,0.0,0.0,0.0,0.0,0.0,0.0,0.0,0.0,0.0,0.0,0.0,0.0,0.0,0.0,0.0,0.0,0.0,0.0,0.0,0.0,0.0,0.0,0.0,0.0,0.0,0.0,0.0,0.0,0.0,0.0,0.0,0.0,0.0,0.0,0.0,0.0,0.0,0.0,0.0,0.0,0.0,0.0,0.0,0.0,0.0,0.0,0.0,0.0,0.0,0.0,0.0,0.0,0.0,0.0,0.0,0.0,0.0,0.0,0.0,0.0,0.0,0.0,0.0,0.0,0.0,0.0,0.0,0.0,0.0,0.0,0.0,0.0,0.0,0.0,0.0,0.0,0.0,0.0,0.0,0.0,0.0,0.0,0.0,0.0,0.0,0.0,0.0,0.0,0.0,0.0,0.0,0.0,0.0,0.0,0.0,0.0,0.0,0.0,0.0,0.0,0.0,0.0,0.0,0.0,0.0,0.0,0.0,0.0,0.0,0.0,0.0,0.0,0.0,0.0,0.0,0.0,0.0,0.0,0.0,0.0,0.0,0.0,0.0,0.0,0.0,0.0,0.0,0.0,0.0,0.0,0.0,0.0,0.0,0.0,0.0,0.0,0.0,0.0,0.0,0.0,0.0,0.0,0.0,0.0,0.3801128546803983,0.0,0.0,0.0,0.0,0.0,0.0,0.0,0.0,0.0,0.0,0.0,0.0,0.0,0.0,0.0,0.0,0.0,0.0,0.0,0.0,0.0,0.0,0.0,0.0,0.0,0.0,0.0,0.0,0.0,0.0,0.0,0.0,0.0,0.0,0.0,0.0,0.0,0.0,0.0,0.0,0.0,0.0,0.0,0.0,0.0,0.0,0.0,0.0,0.0,0.0,0.0,0.0,0.0,0.0,0.317682905547566,0.0,0.0,0.0,0.0,0.0,0.0,0.0,0.0,0.0,0.0,0.0,0.0,0.0,0.0,0.0,0.0,0.0,0.0,0.0,0.0,0.0,0.0,0.0,0.0,0.0,0.0,0.0,0.0,0.0,0.0,0.0,0.0,0.0,0.0,0.0,0.0,0.0,0.0,0.0,0.0,0.32904091735230423,0.0,0.0,0.0,0.0,0.0,0.0,0.0,0.0,0.0,0.0,0.0,0.0,0.0,0.0,0.0,0.0,0.0,0.0,0.0,0.0,0.0,0.0,0.0,0.0,0.0,0.0,0.0,0.0,0.0,0.0,0.0,0.0,0.0,0.0,0.0,0.0,0.0,0.0,0.0,0.0,0.0,0.0,0.0,0.0,0.0,0.0,0.0,0.0,0.0,0.0,0.26661096821947183,0.0,0.0,0.0,0.0,0.0,0.0,0.0,0.0,0.0,0.0,0.0,0.0,0.0,0.0,0.0,0.0,0.0,0.0,0.0,0.0,0.0,0.0,0.0,0.0,0.0,0.0,0.0,0.0,0.0,0.0,0.0,0.0,0.0,0.0,0.0,0.0,0.0,0.0,0.0,0.0,0.0,0.0,0.0,0.0,0.0,0.0,0.0,0.0,0.0,0.0,0.0,0.0,0.0,0.0,0.0,0.0,0.0,0.0,0.0,0.0,0.0,0.0,0.0,0.0,0.0,0.0,0.0,0.0,0.0,0.0,0.0,0.0,0.0,0.0,0.0,0.0,0.0,0.0,0.0,0.0,0.0,0.0,0.0,0.0,0.0,0.0,0.0,0.3801128546803983,0.0,0.0,0.0,0.0,0.0,0.0,0.0,0.0,0.0,0.0,0.0,0.0,0.0,0.0,0.0,0.0,0.0,0.0,0.0,0.0,0.0,0.0,0.0,0.0,0.0,0.0,0.0
SD2401267,20대,너희 집은 지금 오피스텔이잖아. 그 층간 소음 좀 있는 거 같아? 나 지금 7층 사는데 딱히 층간 소음은 없는 거 같은데 좀 그 아파트에 이상한 사람은 좀 있는 거 같더라. 왜냐하면은 우리가 집에 아무도 없는 상태였는데 갑자기 밑의 집에서 올라온다 아 그 밑의 집인가 어디서 막 신고가 들어왔다는 거야. 이 이 시간이 너무 시끄러웠었다고. 그래 가지고 그게 그게 꼭 밑의 집은 아니고 밑의 층은 아니었던 거 같은데 그런 사람이 좀 있어서 좀 뭐지 좀 조심해야겠다 이런 적은 있었어. 이런 적이 있어. 그리고 너는 지금 자취를 그 1곳에서만 했던 거야 이사 없이? 나도 지금 누나랑 같이 살라고 하면은 절대 못 살 거 같아. 누나랑 진짜 맞는 게 하나도 없단 말이야. 누나도 막 나도 새벽에 전화하면은 누나가 뭐라 하고. 어떨 때 누나가 새벽에 게임하면 또 나한테 이제 내가 이제 스트레스받고. 그래서 이제 만약에 내가 너처럼 그러니까 형제 같이 살라고 하면은 나는 못 살 거 같아. 그리고 그리고 그 이사를 좀 많이 다녔었는데 이사 다닐 때마다 이제 방이 있긴 한데 이게 크기가 이제 큰방 작은방이 있었단 말이야. 그래 가지고 누가 큰방 쓸 거냐 이런 거 때문에 또 엄청 싸운 적 싸웠었고 싸웠었던 거 같아. 그러면 본가도 그러면 지금 살던 데 쭉 계속 살고 있었던 거야 어릴 때부터? 나는 이제 어릴 때부터 정말 많이 다녔었는데 초등학교랑 중학교 때까지는 그래도 한동네 내에서 왔다 갔다 했던 거여서 좀 이제 이사하느라 좀 귀찮고 막 집 바뀌는 게 좀 불편 적응이 안 되 초반에 적응이 안 되는 게 있긴 했어도 이 친구들이랑 멀어진다 이런 거 없어서 괜찮았는데 중학교 3학년에서 이제 고등학교 때 한번 아예 학 그 학 우리 지금 다니는 학교 쪽으로 이사를 왔었단 말이야. 근데 그때 정말 좀 좋았던 친구들인데 완전 멀어지니까 그때 쪼끔 이제 스트레스를 받았었던 경험이 있고. 그래서 또 그래 가지고 이제 고등학교 1학년 때에서부터 2학년 때 또 이사를 가야 되는 상황이 된 거야. 근데 그래서 원래 다니던 고등학교 쪽으로 가려 했었는데 그러진 않고 이제 다시 원래 동네로 돌아갔었던 적이 있어. 나도 그런 전원주택에서 사는 꿈 같은 게 있었던 거 같아. 그 내가 직접 집을 만들고 아 설계해서 막 비밀 공간이나 아 이제 정말 큰 목욕탕이나 아니면 음 어떤 작업실 뭐 이런 걸 만들어 두고 싶다는 생각이 있었어. 만들고 싶다는. 그리 너 근데 지금 자취하고 있잖아. 그러면 그 가전제품 같은 거는 뭐 뭐 있어? 어 이러면 안 되는데. 나는 이제 본가에 살잖아. 어 집안일을 거의 다 안 하고 엄마가 하고 있어. 그러니까 설거지만 이제 내가 먹은 거 설거지하고 이제 그리고 옷 옷이나 분리수거 이런 거는 엄마 아빠가 거의 다 하는 거 같아. 그 자취하면서 이런 설거지나 분리수거 때문에 막 오빠랑 막 싸우거나 그러진 않아? 난 지금 너무 자취를 하고 싶어. 왜냐하면은 일단 난 이제 혼자가 편하단 말이야. 그래 가지고 이제 나만의 일상생활 패턴이 있는데 어쨌든 가족이랑 살면은 아무리 가족이라도 쪼금 지켜야 되는 게 있으니까 그런 게 이제 좀 나한테는 너무 좀 힘들고 내가 하고 싶은 것도 너무 제한이 되는 거 같아서 학교 근처에서 자취하고 싶다는 생각은 있는데 이게 자취도 어쨌든 돈이 많이 깨지니까 쉽사리 하진 못 하고 있고. 음 아마 군대 갔다 와서 자취를 할 수 있으면 하지 않을까 이런 생각이 있어. 음 너는 음 너희 집 인테리어는 혹시 어떻게 돼 있어? 음 우리 집은 이번에 새로 지은 아파트여 가지고 그냥 전체적으로 완전 깔끔한 느낌으로 지금 돼 있는데 이게 아파 이제 방 청소를 쪼끔만 안 해도 이제 옷가 방이 좀 좁아 가지고 옷도 막 의자 위에 올라가 있고 침대 위에 뭉쳐져 있고. 그래 가지고 인테리어는 깔끔한데 방 정리는 되게 안 돼 있는 거 같아. 그리고 또 새로 지은 아파트라 했잖아. 이게 요즘에 새로 지어서 그런가. 아파트가 되게 개성이 넘치더라고. 건물도 막 다 이 모습이 막 다르고. 막 저게 아파트 건물이야 이런 것도 있고. 그리고 처음에 이사 왔을 때 첫날인데 집을 못 찾겠는 거야. 왜냐하면은 보통 아파트 단지가 뭐 몇 호부터 몇 호 1에서 3 3에서 5 이렇게 순서대로 있는데 거기는 막 1에서 3이랑 17에서 19 이렇게 붙어 있고. 막 이상하게 다 붙어 있는 거야. 그래 가지고 처음 이사 갔을 때 그 아파트 단지 안에서 길 잃어 가지고 한 20분 30분 정도 헤맸던 기억이 있어. 너는 만약에 이제 앞으로 회사 다니고 할 거면은 하면은 혼자 살게 되면은 서울에서 계속 살고 싶어? 아니면은 대구? 이게 새로 지은 아파트여 가지고 이게 헬스장이나 도서관 뭐 어린이집 이런 게 입주된다는 얘기만 있고 아직은 인프라가 갖춰지진 못한 거 같아. 그래서 헬스장도 아마 생긴다곤 하는데 어 언제 생길진 잘 모르겠고. 그 아파트 단지 내에 도서관은 지금도 운영하고 있고. 그거 말고도 뭔가 주민들 휴식 공간이라고 하면서 건물이 몇 개 있더라고. 거기서 막 좀 차 같은 거 마시고 막 떠들면서 있는 아줌마들도 있고. 그 빈백 빈백도 있잖아. 그런 것도 아파트 단지 내에 몇 개 깔아둔 거야. 그래 가지고 거기서 좀 누워서 막 떠드는 사람들도 보고 이런 시설이 좀 있었어.,0.014965986394557823,0.02857142857142857,0.013605442176870748,0.0013605442176870747,0.005442176870748299,0.0027210884353741495,0.0027210884353741495,0.02312925170068027,0.0326530612244898,0.02040816326530612,0.004081632653061225,0.0163265306122449,0.0013605442176870747,0.005442176870748299,0.013605442176870748,0.0027210884353741495,0.004081632653061225,0.004081632653061225,0.024489795918367346,0.021768707482993196,0.0013605442176870747,0.0013605442176870747,0.005442176870748299,0.006802721088435374,0.0013605442176870747,0.004081632653061225,0.02040816326530612,0.0013605442176870747,0.0013605442176870747,0.009523809523809525,0.04353741496598639,0.0013605442176870747,0.005442176870748299,0.0013605442176870747,0.010884353741496598,0.005442176870748299,0.0013605442176870747,0.0027210884353741495,0.012244897959183673,0.0013605442176870747,0.0013605442176870747,0.006802721088435374,0.004081632653061225,0.0027210884353741495,0.027210884353741496,0.009523809523809525,0.010884353741496598,0.0013605442176870747,0.006802721088435374,0.024489795918367346,0.010884353741496598,0.0013605442176870747,0.006802721088435374,0.0027210884353741495,0.0013605442176870747,0.005442176870748299,0.0013605442176870747,0.0013605442176870747,0.0013605442176870747,0.006802721088435374,0.0013605442176870747,0.0027210884353741495,0.0013605442176870747,0.0027210884353741495,0.013605442176870748,0.0013605442176870747,0.006802721088435374,0.0013605442176870747,0.02857142857142857,0.0027210884353741495,0.0027210884353741495,0.0027210884353741495,0.005442176870748299,0.0013605442176870747,0.00816326530612245,0.004081632653061225,0.00816326530612245,0.0013605442176870747,0.005442176870748299,0.0027210884353741495,0.0013605442176870747,0.0013605442176870747,0.0027210884353741495,0.0013605442176870747,0.0013605442176870747,0.0013605442176870747,0.005442176870748299,0.0013605442176870747,0.005442176870748299,0.0027210884353741495,0.0013605442176870747,0.0027210884353741495,0.0027210884353741495,0.005442176870748299,0.004081632653061225,0.0013605442176870747,0.0027210884353741495,0.0013605442176870747,0.0013605442176870747,0.0013605442176870747,0.005442176870748299,0.004081632653061225,0.0013605442176870747,0.0013605442176870747,0.0013605442176870747,0.0027210884353741495,0.009523809523809525,0.014965986394557823,0.0013605442176870747,0.0013605442176870747,0.0013605442176870747,0.0027210884353741495,0.0013605442176870747,0.004081632653061225,0.0013605442176870747,0.004081632653061225,0.0013605442176870747,0.0013605442176870747,0.0027210884353741495,0.0027210884353741495,0.0027210884353741495,0.0013605442176870747,0.0013605442176870747,0.0027210884353741495,0.0027210884353741495,0.0013605442176870747,0.0027210884353741495,0.0013605442176870747,0.0027210884353741495,0.0013605442176870747,0.0013605442176870747,0.0013605442176870747,0.0013605442176870747,0.0013605442176870747,0.0013605442176870747,0.0013605442176870747,0.005442176870748299,0.004081632653061225,0.0013605442176870747,0.0013605442176870747,0.0027210884353741495,0.0027210884353741495,0.0013605442176870747,0.0013605442176870747,0.0013605442176870747,0.004081632653061225,0.0013605442176870747,0.0013605442176870747,0.004081632653061225,0.0013605442176870747,0.0027210884353741495,0.005442176870748299,0.0027210884353741495,0.004081632653061225,0.0013605442176870747,0.005442176870748299,0.0027210884353741495,0.0013605442176870747,0.0013605442176870747,0.0013605442176870747,0.0013605442176870747,0.0027210884353741495,0.0013605442176870747,0.0013605442176870747,0.0013605442176870747,0.0013605442176870747,0.0013605442176870747,0.0027210884353741495,0.0027210884353741495,0.0013605442176870747,0.0013605442176870747,0.0013605442176870747,0.0013605442176870747,0.0013605442176870747,0.0013605442176870747,0.0013605442176870747,0.0013605442176870747,0.0013605442176870747,0.0013605442176870747,0.0013605442176870747,0.0027210884353741495,0.0013605442176870747,0.0027210884353741495,0.0013605442176870747,0.0013605442176870747,0.005442176870748299,0.005442176870748299,0.005442176870748299,0.0013605442176870747,0.0013605442176870747,0.0013605442176870747,0.0013605442176870747,0.0013605442176870747,0.0013605442176870747,0.0013605442176870747,0.0027210884353741495,0.0013605442176870747,0.0013605442176870747,0.0013605442176870747,0.0013605442176870747,0.0027210884353741495,0.0013605442176870747,0.0013605442176870747,0.0013605442176870747,0.004081632653061225,0.0013605442176870747,0.0013605442176870747,0.0013605442176870747,0.0013605442176870747,0.0027210884353741495,0.0013605442176870747,0.0013605442176870747,0.0013605442176870747,0.005442176870748299,0.0027210884353741495,0.0013605442176870747,0.0013605442176870747,0.0027210884353741495,0.0013605442176870747,0.0013605442176870747,0.0013605442176870747,0.0013605442176870747,0.0013605442176870747,0.0013605442176870747,0.0013605442176870747,0.0013605442176870747,0.0013605442176870747,0.0013605442176870747,0.0027210884353741495,0.0027210884353741495,0.0013605442176870747,0.0013605442176870747,0.0013605442176870747,0.0013605442176870747,0.0013605442176870747,0.0013605442176870747,0.0013605442176870747,0.0013605442176870747,0.0027210884353741495,0.0013605442176870747,0.0013605442176870747,0.0013605442176870747,0.0013605442176870747,0.0013605442176870747,0.0013605442176870747,0.0013605442176870747,0.0013605442176870747,0.0013605442176870747,0.0013605442176870747,0.0013605442176870747,0.0027210884353741495,0.0013605442176870747,0.0013605442176870747,0.0013605442176870747,0.0013605442176870747,0.0013605442176870747,0.0013605442176870747,0.0013605442176870747,0.0,0.0,0.0,0.0,0.0,0.0,0.0,0.0,0.0,0.0,0.0,0.0,0.0,0.0,0.0,0.0,0.0,0.0,0.0,0.0,0.0,0.0,0.0,0.0,0.0,0.0,0.0,0.0,0.0,0.0,0.0,0.0,0.0,0.0,0.0,0.0,0.0,0.0,0.0,0.0,0.0,0.0,0.0,0.0,0.0,0.0,0.0,0.0,0.0,0.0,0.0,0.0,0.0,0.0,0.0,0.0,0.0,0.0,0.0,0.0,0.0,0.0,0.0,0.0,0.0,0.0,0.0,0.0,0.0,0.0,0.0,0.0,0.0,0.0,0.0,0.0,0.0,0.0,0.0,0.0,0.0,0.0,0.0,0.0,0.0,0.0,0.0,0.0,0.0,0.0,0.0,0.0,0.0,0.0,0.0,0.0,0.0,0.0,0.0,0.0,0.0,0.0,0.0,0.0,0.0,0.0,0.0,0.0,0.0,0.0,0.0,0.0,0.0,0.0,0.0,0.0,0.0,0.0,0.0,0.0,0.0,0.0,0.0,0.0,0.0,0.0,0.0,0.0,0.0,0.0,0.0,0.0,0.0,0.0,0.0,0.0,0.0,0.0,0.0,0.0,0.0,0.0,0.0,0.0,0.0,0.0,0.0,0.0,0.0,0.0,0.0,0.0,0.0,0.0,0.0,0.0,0.0,0.0,0.0,0.0,0.0,0.0,0.0,0.0,0.0,0.0,0.0,0.0,0.0,0.0,0.0,0.0,0.0,0.0,0.0,0.0,0.0,0.0,0.0,0.0,0.0,0.0,0.0,0.0,0.0,0.0,0.0,0.0,0.0,0.0,0.0,0.0,0.0,0.0,0.0,0.0,0.0,0.0,0.0,0.0,0.0,0.0,0.0,0.0,0.0,0.0,0.0,0.0,0.0,0.0,0.0,0.0,0.0,0.0,0.0,0.0,0.0,0.0,0.0,0.0,0.0,0.0,0.0,0.0,0.0,0.0,0.0,0.0,0.0,0.0,0.0,0.0,0.0,0.0,0.0,0.0,0.0,0.40589426061961037,0.0,0.0,0.0,0.0,0.0,0.0,0.0,0.0,0.0,0.0,0.0,0.0,0.0,0.0,0.0,0.0,0.0,0.0,0.0,0.0,0.0,0.0,0.0,0.0,0.0,0.0,0.0,0.0,0.0,0.0,0.0,0.0,0.0,0.0,0.0,0.0,0.0,0.0,0.0,0.0,0.0,0.0,0.0,0.0,0.0,0.0,0.0,0.0,0.0,0.0,0.0,0.0,0.0,0.0,0.0,0.0,0.0,0.0,0.0,0.0,0.0,0.0,0.0,0.0,0.0,0.0,0.0,0.0,0.0,0.0,0.0,0.0,0.0,0.0,0.0,0.0,0.0,0.0,0.0,0.0,0.0,0.0,0.0,0.0,0.0,0.0,0.0,0.0,0.40589426061961037,0.0,0.0,0.0,0.0,0.0,0.0,0.0,0.0,0.0,0.0,0.0,0.0,0.0,0.0,0.0,0.0,0.0,0.0,0.0,0.0,0.0,0.0,0.0,0.0,0.0,0.0,0.0,0.0,0.0,0.0,0.0,0.0,0.0,0.0,0.0,0.0,0.0,0.0,0.0,0.0,0.45050239867868097,0.0,0.0,0.0,0.0,0.0,0.0,0.0,0.0,0.0,0.0,0.0,0.0,0.0,0.0,0.0,0.0,0.0,0.0,0.0,0.0,0.0,0.0,0.0,0.0,0.0,0.0,0.0,0.0,0.0,0.0,0.0,0.0,0.0,0.0,0.0,0.0,0.0,0.0,0.0,0.0,0.0,0.0,0.0,0.0,0.0,0.0,0.0,0.0,0.0,0.0,0.0,0.0,0.0,0.0,0.0,0.0,0.0,0.0,0.0,0.0,0.0,0.0,0.0,0.0,0.0,0.0,0.0,0.0,0.0,0.0,0.0,0.0,0.0,0.0,0.0,0.0,0.0,0.0,0.0,0.0,0.0,0.0,0.0,0.0,0.0,0.0,0.0,0.0,0.0,0.0,0.0,0.0,0.0,0.0,0.0,0.0,0.0,0.0,0.0,0.0,0.0,0.0,0.0,0.0,0.0,0.0,0.0,0.0,0.0,0.0,0.0,0.0,0.0,0.0,0.0,0.0,0.0,0.0,0.0,0.0,0.0,0.0,0.0,0.0,0.0,0.0,0.0,0.0,0.0,0.0,0.0,0.0,0.0,0.0,0.0,0.0,0.0,0.0,0.0,0.0,0.0,0.0,0.0,0.0,0.0,0.0,0.0,0.0,0.0,0.0,0.0,0.0,0.0,0.0,0.0,0.0,0.0,0.0,0.0,0.0,0.0,0.0,0.0,0.0,0.0,0.0,0.45050239867868097,0.0,0.0,0.0,0.0,0.0,0.0,0.0,0.0,0.0,0.0,0.0,0.0,0.0,0.0,0.0,0.0,0.0,0.0,0.0,0.0,0.0,0.0,0.0,0.0,0.0,0.0,0.0,0.0,0.0,0.0,0.0,0.0,0.0,0.0,0.0,0.0,0.0,0.0,0.0,0.0,0.0,0.0,0.0,0.0,0.0,0.0,0.0,0.0,0.0,0.0,0.0,0.0,0.0,0.0,0.0,0.0,0.0,0.0,0.0,0.0,0.0,0.0,0.0,0.0,0.0,0.0,0.0,0.0,0.0,0.0,0.0,0.0,0.0,0.0,0.0,0.0,0.0,0.0,0.0,0.0,0.0,0.0,0.0,0.0,0.0,0.0,0.0,0.0,0.0,0.0,0.0,0.0,0.0,0.0,0.0,0.0,0.0,0.0,0.0,0.0,0.0,0.0,0.0,0.0,0.0,0.0,0.0,0.0,0.0,0.0,0.0,0.0,0.0,0.0,0.0,0.0,0.0,0.0,0.0,0.0,0.0,0.0,0.0,0.0,0.0,0.0,0.0,0.0,0.0,0.0,0.0,0.0,0.0,0.0,0.0,0.0,0.0,0.0,0.0,0.0,0.0,0.0,0.0,0.0,0.0,0.0,0.0,0.0,0.0,0.0,0.0,0.0,0.0,0.0,0.0,0.0,0.0,0.0,0.0,0.0,0.0,0.0,0.0,0.0,0.0,0.0,0.0,0.0,0.0,0.0,0.0,0.0,0.0,0.0,0.0,0.0,0.0,0.0,0.0,0.0,0.0,0.0,0.0,0.0,0.0,0.0,0.0,0.0,0.0,0.0,0.0,0.0,0.0,0.0,0.0,0.0,0.0,0.0,0.0,0.0,0.0,0.0,0.0,0.0,0.0,0.0,0.0,0.0,0.0,0.0,0.0,0.0,0.0,0.0,0.0,0.0,0.0,0.0,0.0,0.0,0.0,0.0,0.0,0.0,0.0,0.0,0.0,0.0,0.0,0.0,0.0,0.0,0.0,0.0,0.0,0.0,0.0,0.0,0.0,0.0,0.0,0.0,0.0,0.0,0.0,0.0,0.0,0.0,0.0,0.0,0.0,0.0,0.0,0.0,0.0,0.0,0.0,0.0,0.0,0.0,0.0,0.0,0.0,0.0,0.0,0.0,0.0,0.0,0.0,0.0,0.0,0.3159821595560247,0.0,0.0,0.0,0.0,0.0,0.0,0.0,0.0,0.0,0.0,0.0,0.0,0.0,0.0,0.0,0.0,0.0,0.0,0.0,0.0,0.0,0.0,0.0,0.0,0.0,0.0,0.0,0.0,0.0,0.0,0.0,0.0,0.0,0.0,0.0,0.0,0.0,0.0,0.0,0.0,0.0,0.0,0.0,0.0,0.0,0.0,0.0,0.0,0.0,0.0,0.0,0.0,0.0,0.0,0.0,0.0,0.0,0.0,0.0,0.0,0.0,0.0,0.0,0.0,0.0,0.0,0.0,0.0,0.0,0.0,0.0,0.40589426061961037,0.0,0.0,0.0,0.0,0.0,0.0,0.0,0.0,0.0,0.0,0.0,0.0,0.0,0.0,0.0,0.0,0.0,0.0,0.0,0.0,0.0,0.0,0.0,0.0,0.0,0.0,0.0,0.0,0.0,0.0,0.0,0.0,0.0,0.0,0.0,0.0,0.0,0.0,0.0,0.0,0.0,0.0,0.0
SD2401267,20대,너희 집은 지금 오피스텔이잖아. 그 층간 소음 좀 있는 거 같아? 나 지금 7층 사는데 딱히 층간 소음은 없는 거 같은데 좀 그 아파트에 이상한 사람은 좀 있는 거 같더라. 왜냐하면은 우리가 집에 아무도 없는 상태였는데 갑자기 밑의 집에서 올라온다 아 그 밑의 집인가 어디서 막 신고가 들어왔다는 거야. 이 이 시간이 너무 시끄러웠었다고. 그래 가지고 그게 그게 꼭 밑의 집은 아니고 밑의 층은 아니었던 거 같은데 그런 사람이 좀 있어서 좀 뭐지 좀 조심해야겠다 이런 적은 있었어. 이런 적이 있어. 그리고 너는 지금 자취를 그 1곳에서만 했던 거야 이사 없이? 나도 지금 누나랑 같이 살라고 하면은 절대 못 살 거 같아. 누나랑 진짜 맞는 게 하나도 없단 말이야. 누나도 막 나도 새벽에 전화하면은 누나가 뭐라 하고. 어떨 때 누나가 새벽에 게임하면 또 나한테 이제 내가 이제 스트레스받고. 그래서 이제 만약에 내가 너처럼 그러니까 형제 같이 살라고 하면은 나는 못 살 거 같아. 그리고 그리고 그 이사를 좀 많이 다녔었는데 이사 다닐 때마다 이제 방이 있긴 한데 이게 크기가 이제 큰방 작은방이 있었단 말이야. 그래 가지고 누가 큰방 쓸 거냐 이런 거 때문에 또 엄청 싸운 적 싸웠었고 싸웠었던 거 같아. 그러면 본가도 그러면 지금 살던 데 쭉 계속 살고 있었던 거야 어릴 때부터? 나는 이제 어릴 때부터 정말 많이 다녔었는데 초등학교랑 중학교 때까지는 그래도 한동네 내에서 왔다 갔다 했던 거여서 좀 이제 이사하느라 좀 귀찮고 막 집 바뀌는 게 좀 불편 적응이 안 되 초반에 적응이 안 되는 게 있긴 했어도 이 친구들이랑 멀어진다 이런 거 없어서 괜찮았는데 중학교 3학년에서 이제 고등학교 때 한번 아예 학 그 학 우리 지금 다니는 학교 쪽으로 이사를 왔었단 말이야. 근데 그때 정말 좀 좋았던 친구들인데 완전 멀어지니까 그때 쪼끔 이제 스트레스를 받았었던 경험이 있고. 그래서 또 그래 가지고 이제 고등학교 1학년 때에서부터 2학년 때 또 이사를 가야 되는 상황이 된 거야. 근데 그래서 원래 다니던 고등학교 쪽으로 가려 했었는데 그러진 않고 이제 다시 원래 동네로 돌아갔었던 적이 있어. 나도 그런 전원주택에서 사는 꿈 같은 게 있었던 거 같아. 그 내가 직접 집을 만들고 아 설계해서 막 비밀 공간이나 아 이제 정말 큰 목욕탕이나 아니면 음 어떤 작업실 뭐 이런 걸 만들어 두고 싶다는 생각이 있었어. 만들고 싶다는. 그리 너 근데 지금 자취하고 있잖아. 그러면 그 가전제품 같은 거는 뭐 뭐 있어? 어 이러면 안 되는데. 나는 이제 본가에 살잖아. 어 집안일을 거의 다 안 하고 엄마가 하고 있어. 그러니까 설거지만 이제 내가 먹은 거 설거지하고 이제 그리고 옷 옷이나 분리수거 이런 거는 엄마 아빠가 거의 다 하는 거 같아. 그 자취하면서 이런 설거지나 분리수거 때문에 막 오빠랑 막 싸우거나 그러진 않아? 난 지금 너무 자취를 하고 싶어. 왜냐하면은 일단 난 이제 혼자가 편하단 말이야. 그래 가지고 이제 나만의 일상생활 패턴이 있는데 어쨌든 가족이랑 살면은 아무리 가족이라도 쪼금 지켜야 되는 게 있으니까 그런 게 이제 좀 나한테는 너무 좀 힘들고 내가 하고 싶은 것도 너무 제한이 되는 거 같아서 학교 근처에서 자취하고 싶다는 생각은 있는데 이게 자취도 어쨌든 돈이 많이 깨지니까 쉽사리 하진 못 하고 있고. 음 아마 군대 갔다 와서 자취를 할 수 있으면 하지 않을까 이런 생각이 있어. 음 너는 음 너희 집 인테리어는 혹시 어떻게 돼 있어? 음 우리 집은 이번에 새로 지은 아파트여 가지고 그냥 전체적으로 완전 깔끔한 느낌으로 지금 돼 있는데 이게 아파 이제 방 청소를 쪼끔만 안 해도 이제 옷가 방이 좀 좁아 가지고 옷도 막 의자 위에 올라가 있고 침대 위에 뭉쳐져 있고. 그래 가지고 인테리어는 깔끔한데 방 정리는 되게 안 돼 있는 거 같아. 그리고 또 새로 지은 아파트라 했잖아. 이게 요즘에 새로 지어서 그런가. 아파트가 되게 개성이 넘치더라고. 건물도 막 다 이 모습이 막 다르고. 막 저게 아파트 건물이야 이런 것도 있고. 그리고 처음에 이사 왔을 때 첫날인데 집을 못 찾겠는 거야. 왜냐하면은 보통 아파트 단지가 뭐 몇 호부터 몇 호 1에서 3 3에서 5 이렇게 순서대로 있는데 거기는 막 1에서 3이랑 17에서 19 이렇게 붙어 있고. 막 이상하게 다 붙어 있는 거야. 그래 가지고 처음 이사 갔을 때 그 아파트 단지 안에서 길 잃어 가지고 한 20분 30분 정도 헤맸던 기억이 있어. 너는 만약에 이제 앞으로 회사 다니고 할 거면은 하면은 혼자 살게 되면은 서울에서 계속 살고 싶어? 아니면은 대구? 이게 새로 지은 아파트여 가지고 이게 헬스장이나 도서관 뭐 어린이집 이런 게 입주된다는 얘기만 있고 아직은 인프라가 갖춰지진 못한 거 같아. 그래서 헬스장도 아마 생긴다곤 하는데 어 언제 생길진 잘 모르겠고. 그 아파트 단지 내에 도서관은 지금도 운영하고 있고. 그거 말고도 뭔가 주민들 휴식 공간이라고 하면서 건물이 몇 개 있더라고. 거기서 막 좀 차 같은 거 마시고 막 떠들면서 있는 아줌마들도 있고. 그 빈백 빈백도 있잖아. 그런 것도 아파트 단지 내에 몇 개 깔아둔 거야. 그래 가지고 거기서 좀 누워서 막 떠드는 사람들도 보고 이런 시설이 좀 있었어.,0.014965986394557823,0.02857142857142857,0.013605442176870748,0.0013605442176870747,0.005442176870748299,0.0027210884353741495,0.0027210884353741495,0.02312925170068027,0.0326530612244898,0.02040816326530612,0.004081632653061225,0.0163265306122449,0.0013605442176870747,0.005442176870748299,0.013605442176870748,0.0027210884353741495,0.004081632653061225,0.004081632653061225,0.024489795918367346,0.021768707482993196,0.0013605442176870747,0.0013605442176870747,0.005442176870748299,0.006802721088435374,0.0013605442176870747,0.004081632653061225,0.02040816326530612,0.0013605442176870747,0.0013605442176870747,0.009523809523809525,0.04353741496598639,0.0013605442176870747,0.005442176870748299,0.0013605442176870747,0.010884353741496598,0.005442176870748299,0.0013605442176870747,0.0027210884353741495,0.012244897959183673,0.0013605442176870747,0.0013605442176870747,0.006802721088435374,0.004081632653061225,0.0027210884353741495,0.027210884353741496,0.009523809523809525,0.010884353741496598,0.0013605442176870747,0.006802721088435374,0.024489795918367346,0.010884353741496598,0.0013605442176870747,0.006802721088435374,0.0027210884353741495,0.0013605442176870747,0.005442176870748299,0.0013605442176870747,0.0013605442176870747,0.0013605442176870747,0.006802721088435374,0.0013605442176870747,0.0027210884353741495,0.0013605442176870747,0.0027210884353741495,0.013605442176870748,0.0013605442176870747,0.006802721088435374,0.0013605442176870747,0.02857142857142857,0.0027210884353741495,0.0027210884353741495,0.0027210884353741495,0.005442176870748299,0.0013605442176870747,0.00816326530612245,0.004081632653061225,0.00816326530612245,0.0013605442176870747,0.005442176870748299,0.0027210884353741495,0.0013605442176870747,0.0013605442176870747,0.0027210884353741495,0.0013605442176870747,0.0013605442176870747,0.0013605442176870747,0.005442176870748299,0.0013605442176870747,0.005442176870748299,0.0027210884353741495,0.0013605442176870747,0.0027210884353741495,0.0027210884353741495,0.005442176870748299,0.004081632653061225,0.0013605442176870747,0.0027210884353741495,0.0013605442176870747,0.0013605442176870747,0.0013605442176870747,0.005442176870748299,0.004081632653061225,0.0013605442176870747,0.0013605442176870747,0.0013605442176870747,0.0027210884353741495,0.009523809523809525,0.014965986394557823,0.0013605442176870747,0.0013605442176870747,0.0013605442176870747,0.0027210884353741495,0.0013605442176870747,0.004081632653061225,0.0013605442176870747,0.004081632653061225,0.0013605442176870747,0.0013605442176870747,0.0027210884353741495,0.0027210884353741495,0.0027210884353741495,0.0013605442176870747,0.0013605442176870747,0.0027210884353741495,0.0027210884353741495,0.0013605442176870747,0.0027210884353741495,0.0013605442176870747,0.0027210884353741495,0.0013605442176870747,0.0013605442176870747,0.0013605442176870747,0.0013605442176870747,0.0013605442176870747,0.0013605442176870747,0.0013605442176870747,0.005442176870748299,0.004081632653061225,0.0013605442176870747,0.0013605442176870747,0.0027210884353741495,0.0027210884353741495,0.0013605442176870747,0.0013605442176870747,0.0013605442176870747,0.004081632653061225,0.0013605442176870747,0.0013605442176870747,0.004081632653061225,0.0013605442176870747,0.0027210884353741495,0.005442176870748299,0.0027210884353741495,0.004081632653061225,0.0013605442176870747,0.005442176870748299,0.0027210884353741495,0.0013605442176870747,0.0013605442176870747,0.0013605442176870747,0.0013605442176870747,0.0027210884353741495,0.0013605442176870747,0.0013605442176870747,0.0013605442176870747,0.0013605442176870747,0.0013605442176870747,0.0027210884353741495,0.0027210884353741495,0.0013605442176870747,0.0013605442176870747,0.0013605442176870747,0.0013605442176870747,0.0013605442176870747,0.0013605442176870747,0.0013605442176870747,0.0013605442176870747,0.0013605442176870747,0.0013605442176870747,0.0013605442176870747,0.0027210884353741495,0.0013605442176870747,0.0027210884353741495,0.0013605442176870747,0.0013605442176870747,0.005442176870748299,0.005442176870748299,0.005442176870748299,0.0013605442176870747,0.0013605442176870747,0.0013605442176870747,0.0013605442176870747,0.0013605442176870747,0.0013605442176870747,0.0013605442176870747,0.0027210884353741495,0.0013605442176870747,0.0013605442176870747,0.0013605442176870747,0.0013605442176870747,0.0027210884353741495,0.0013605442176870747,0.0013605442176870747,0.0013605442176870747,0.004081632653061225,0.0013605442176870747,0.0013605442176870747,0.0013605442176870747,0.0013605442176870747,0.0027210884353741495,0.0013605442176870747,0.0013605442176870747,0.0013605442176870747,0.005442176870748299,0.0027210884353741495,0.0013605442176870747,0.0013605442176870747,0.0027210884353741495,0.0013605442176870747,0.0013605442176870747,0.0013605442176870747,0.0013605442176870747,0.0013605442176870747,0.0013605442176870747,0.0013605442176870747,0.0013605442176870747,0.0013605442176870747,0.0013605442176870747,0.0027210884353741495,0.0027210884353741495,0.0013605442176870747,0.0013605442176870747,0.0013605442176870747,0.0013605442176870747,0.0013605442176870747,0.0013605442176870747,0.0013605442176870747,0.0013605442176870747,0.0027210884353741495,0.0013605442176870747,0.0013605442176870747,0.0013605442176870747,0.0013605442176870747,0.0013605442176870747,0.0013605442176870747,0.0013605442176870747,0.0013605442176870747,0.0013605442176870747,0.0013605442176870747,0.0013605442176870747,0.0027210884353741495,0.0013605442176870747,0.0013605442176870747,0.0013605442176870747,0.0013605442176870747,0.0013605442176870747,0.0013605442176870747,0.0013605442176870747,0.0,0.0,0.0,0.0,0.0,0.0,0.0,0.0,0.0,0.0,0.0,0.0,0.0,0.0,0.0,0.0,0.0,0.0,0.0,0.0,0.0,0.0,0.0,0.0,0.0,0.0,0.0,0.0,0.0,0.0,0.0,0.0,0.0,0.0,0.0,0.0,0.0,0.0,0.0,0.0,0.0,0.0,0.0,0.0,0.0,0.0,0.0,0.0,0.0,0.0,0.0,0.0,0.0,0.0,0.0,0.0,0.0,0.0,0.0,0.0,0.0,0.0,0.0,0.0,0.0,0.0,0.0,0.0,0.0,0.0,0.0,0.0,0.0,0.0,0.0,0.0,0.0,0.0,0.0,0.0,0.0,0.0,0.0,0.0,0.0,0.0,0.0,0.0,0.0,0.0,0.0,0.0,0.0,0.0,0.0,0.0,0.0,0.0,0.0,0.0,0.0,0.0,0.0,0.0,0.0,0.0,0.0,0.0,0.0,0.0,0.0,0.0,0.0,0.0,0.0,0.0,0.0,0.0,0.0,0.0,0.0,0.0,0.0,0.0,0.0,0.0,0.0,0.0,0.0,0.0,0.0,0.0,0.0,0.0,0.0,0.0,0.0,0.0,0.0,0.0,0.0,0.0,0.0,0.0,0.0,0.0,0.0,0.0,0.0,0.0,0.0,0.0,0.0,0.0,0.0,0.0,0.0,0.0,0.0,0.0,0.0,0.0,0.0,0.0,0.0,0.0,0.0,0.0,0.0,0.0,0.0,0.0,0.0,0.0,0.0,0.0,0.0,0.0,0.0,0.0,0.0,0.0,0.0,0.0,0.0,0.0,0.0,0.0,0.0,0.0,0.0,0.0,0.0,0.0,0.0,0.0,0.0,0.0,0.0,0.0,0.0,0.0,0.0,0.0,0.0,0.0,0.0,0.0,0.0,0.0,0.0,0.0,0.0,0.0,0.0,0.0,0.0,0.0,0.0,0.0,0.0,0.0,0.0,0.0,0.0,0.0,0.0,0.0,0.0,0.0,0.0,0.0,0.0,0.5115915322771927,0.0,0.0,0.0,0.0,0.0,0.0,0.0,0.0,0.0,0.0,0.0,0.0,0.0,0.0,0.0,0.0,0.0,0.0,0.0,0.0,0.0,0.0,0.0,0.0,0.0,0.0,0.0,0.0,0.0,0.0,0.0,0.0,0.0,0.0,0.0,0.0,0.0,0.0,0.0,0.0,0.0,0.0,0.0,0.0,0.0,0.0,0.0,0.0,0.0,0.0,0.0,0.0,0.0,0.0,0.0,0.0,0.0,0.0,0.0,0.0,0.0,0.0,0.0,0.0,0.0,0.0,0.0,0.0,0.0,0.0,0.0,0.0,0.0,0.0,0.0,0.0,0.0,0.0,0.0,0.0,0.0,0.0,0.0,0.0,0.0,0.0,0.0,0.0,0.0,0.0,0.0,0.0,0.0,0.0,0.0,0.0,0.0,0.0,0.0,0.0,0.0,0.0,0.0,0.0,0.0,0.0,0.0,0.0,0.0,0.0,0.0,0.0,0.0,0.0,0.0,0.0,0.0,0.0,0.0,0.0,0.0,0.0,0.0,0.0,0.0,0.0,0.0,0.0,0.0,0.0,0.0,0.0,0.0,0.0,0.0,0.0,0.0,0.0,0.0,0.0,0.0,0.0,0.0,0.0,0.0,0.0,0.0,0.0,0.0,0.0,0.0,0.0,0.0,0.0,0.0,0.0,0.0,0.0,0.0,0.0,0.0,0.0,0.0,0.0,0.0,0.0,0.0,0.0,0.0,0.0,0.0,0.0,0.0,0.0,0.0,0.0,0.0,0.0,0.0,0.0,0.0,0.0,0.0,0.0,0.0,0.0,0.0,0.0,0.0,0.0,0.0,0.0,0.0,0.0,0.0,0.0,0.0,0.0,0.0,0.0,0.0,0.0,0.0,0.0,0.0,0.0,0.0,0.0,0.0,0.0,0.0,0.0,0.0,0.0,0.0,0.0,0.0,0.0,0.0,0.0,0.0,0.0,0.0,0.0,0.0,0.0,0.0,0.0,0.0,0.0,0.0,0.0,0.0,0.0,0.0,0.0,0.0,0.0,0.0,0.0,0.0,0.0,0.0,0.0,0.0,0.0,0.0,0.0,0.0,0.0,0.0,0.0,0.0,0.0,0.0,0.0,0.0,0.0,0.0,0.0,0.0,0.0,0.0,0.0,0.0,0.0,0.0,0.0,0.0,0.0,0.0,0.0,0.0,0.0,0.0,0.0,0.0,0.0,0.0,0.0,0.0,0.0,0.0,0.0,0.0,0.0,0.0,0.0,0.0,0.0,0.0,0.0,0.0,0.0,0.0,0.0,0.0,0.0,0.0,0.0,0.0,0.0,0.0,0.0,0.0,0.0,0.0,0.0,0.0,0.0,0.0,0.0,0.0,0.0,0.0,0.0,0.0,0.0,0.0,0.0,0.0,0.0,0.0,0.0,0.0,0.0,0.0,0.0,0.0,0.0,0.0,0.0,0.0,0.0,0.0,0.0,0.0,0.0,0.0,0.0,0.0,0.0,0.0,0.0,0.0,0.0,0.0,0.0,0.0,0.0,0.0,0.0,0.0,0.0,0.0,0.0,0.0,0.0,0.0,0.0,0.0,0.0,0.0,0.0,0.0,0.0,0.0,0.0,0.0,0.0,0.0,0.0,0.0,0.0,0.0,0.0,0.0,0.0,0.0,0.0,0.0,0.0,0.0,0.0,0.0,0.0,0.0,0.0,0.0,0.0,0.0,0.0,0.0,0.0,0.0,0.0,0.0,0.0,0.0,0.0,0.0,0.0,0.0,0.0,0.0,0.0,0.0,0.0,0.0,0.0,0.0,0.0,0.0,0.0,0.0,0.0,0.0,0.0,0.0,0.0,0.0,0.0,0.0,0.0,0.0,0.0,0.0,0.0,0.0,0.0,0.0,0.0,0.0,0.0,0.0,0.0,0.0,0.0,0.0,0.0,0.0,0.0,0.0,0.0,0.0,0.0,0.0,0.0,0.0,0.0,0.0,0.0,0.0,0.0,0.0,0.0,0.0,0.0,0.0,0.0,0.0,0.0,0.0,0.0,0.0,0.0,0.0,0.0,0.0,0.0,0.0,0.0,0.0,0.0,0.0,0.0,0.0,0.0,0.0,0.0,0.0,0.0,0.0,0.0,0.0,0.0,0.0,0.0,0.0,0.0,0.0,0.0,0.0,0.0,0.0,0.0,0.0,0.0,0.0,0.0,0.0,0.0,0.0,0.0,0.0,0.0,0.0,0.0,0.0,0.0,0.0,0.0,0.0,0.0,0.0,0.0,0.0,0.0,0.0,0.0,0.0,0.0,0.0,0.0,0.0,0.0,0.0,0.0,0.0,0.0,0.0,0.0,0.0,0.0,0.0,0.0,0.0,0.0,0.0,0.0,0.0,0.0,0.0,0.8592287844935562,0.0,0.0,0.0,0.0,0.0,0.0,0.0,0.0,0.0,0.0,0.0,0.0,0.0,0.0,0.0,0.0,0.0,0.0,0.0,0.0,0.0,0.0,0.0,0.0,0.0,0.0,0.0,0.0,0.0,0.0,0.0,0.0,0.0,0.0,0.0,0.0,0.0,0.0,0.0,0.0,0.0,0.0,0.0,0.0,0.0,0.0,0.0,0.0,0.0,0.0,0.0,0.0,0.0,0.0,0.0,0.0,0.0,0.0,0.0,0.0,0.0,0.0,0.0,0.0,0.0,0.0,0.0,0.0,0.0,0.0,0.0,0.0,0.0,0.0,0.0,0.0,0.0,0.0,0.0,0.0,0.0,0.0,0.0,0.0,0.0,0.0,0.0,0.0,0.0,0.0,0.0,0.0,0.0,0.0,0.0,0.0,0.0,0.0,0.0,0.0,0.0,0.0,0.0,0.0,0.0,0.0,0.0,0.0,0.0,0.0,0.0,0.0,0.0,0.0,0.0,0.0,0.0,0.0,0.0,0.0,0.0,0.0,0.0,0.0,0.0,0.0,0.0,0.0,0.0,0.0,0.0,0.0,0.0,0.0,0.0,0.0,0.0,0.0,0.0,0.0,0.0,0.0,0.0,0.0
SD2401267,20대,너희 집은 지금 오피스텔이잖아. 그 층간 소음 좀 있는 거 같아? 나 지금 7층 사는데 딱히 층간 소음은 없는 거 같은데 좀 그 아파트에 이상한 사람은 좀 있는 거 같더라. 왜냐하면은 우리가 집에 아무도 없는 상태였는데 갑자기 밑의 집에서 올라온다 아 그 밑의 집인가 어디서 막 신고가 들어왔다는 거야. 이 이 시간이 너무 시끄러웠었다고. 그래 가지고 그게 그게 꼭 밑의 집은 아니고 밑의 층은 아니었던 거 같은데 그런 사람이 좀 있어서 좀 뭐지 좀 조심해야겠다 이런 적은 있었어. 이런 적이 있어. 그리고 너는 지금 자취를 그 1곳에서만 했던 거야 이사 없이? 나도 지금 누나랑 같이 살라고 하면은 절대 못 살 거 같아. 누나랑 진짜 맞는 게 하나도 없단 말이야. 누나도 막 나도 새벽에 전화하면은 누나가 뭐라 하고. 어떨 때 누나가 새벽에 게임하면 또 나한테 이제 내가 이제 스트레스받고. 그래서 이제 만약에 내가 너처럼 그러니까 형제 같이 살라고 하면은 나는 못 살 거 같아. 그리고 그리고 그 이사를 좀 많이 다녔었는데 이사 다닐 때마다 이제 방이 있긴 한데 이게 크기가 이제 큰방 작은방이 있었단 말이야. 그래 가지고 누가 큰방 쓸 거냐 이런 거 때문에 또 엄청 싸운 적 싸웠었고 싸웠었던 거 같아. 그러면 본가도 그러면 지금 살던 데 쭉 계속 살고 있었던 거야 어릴 때부터? 나는 이제 어릴 때부터 정말 많이 다녔었는데 초등학교랑 중학교 때까지는 그래도 한동네 내에서 왔다 갔다 했던 거여서 좀 이제 이사하느라 좀 귀찮고 막 집 바뀌는 게 좀 불편 적응이 안 되 초반에 적응이 안 되는 게 있긴 했어도 이 친구들이랑 멀어진다 이런 거 없어서 괜찮았는데 중학교 3학년에서 이제 고등학교 때 한번 아예 학 그 학 우리 지금 다니는 학교 쪽으로 이사를 왔었단 말이야. 근데 그때 정말 좀 좋았던 친구들인데 완전 멀어지니까 그때 쪼끔 이제 스트레스를 받았었던 경험이 있고. 그래서 또 그래 가지고 이제 고등학교 1학년 때에서부터 2학년 때 또 이사를 가야 되는 상황이 된 거야. 근데 그래서 원래 다니던 고등학교 쪽으로 가려 했었는데 그러진 않고 이제 다시 원래 동네로 돌아갔었던 적이 있어. 나도 그런 전원주택에서 사는 꿈 같은 게 있었던 거 같아. 그 내가 직접 집을 만들고 아 설계해서 막 비밀 공간이나 아 이제 정말 큰 목욕탕이나 아니면 음 어떤 작업실 뭐 이런 걸 만들어 두고 싶다는 생각이 있었어. 만들고 싶다는. 그리 너 근데 지금 자취하고 있잖아. 그러면 그 가전제품 같은 거는 뭐 뭐 있어? 어 이러면 안 되는데. 나는 이제 본가에 살잖아. 어 집안일을 거의 다 안 하고 엄마가 하고 있어. 그러니까 설거지만 이제 내가 먹은 거 설거지하고 이제 그리고 옷 옷이나 분리수거 이런 거는 엄마 아빠가 거의 다 하는 거 같아. 그 자취하면서 이런 설거지나 분리수거 때문에 막 오빠랑 막 싸우거나 그러진 않아? 난 지금 너무 자취를 하고 싶어. 왜냐하면은 일단 난 이제 혼자가 편하단 말이야. 그래 가지고 이제 나만의 일상생활 패턴이 있는데 어쨌든 가족이랑 살면은 아무리 가족이라도 쪼금 지켜야 되는 게 있으니까 그런 게 이제 좀 나한테는 너무 좀 힘들고 내가 하고 싶은 것도 너무 제한이 되는 거 같아서 학교 근처에서 자취하고 싶다는 생각은 있는데 이게 자취도 어쨌든 돈이 많이 깨지니까 쉽사리 하진 못 하고 있고. 음 아마 군대 갔다 와서 자취를 할 수 있으면 하지 않을까 이런 생각이 있어. 음 너는 음 너희 집 인테리어는 혹시 어떻게 돼 있어? 음 우리 집은 이번에 새로 지은 아파트여 가지고 그냥 전체적으로 완전 깔끔한 느낌으로 지금 돼 있는데 이게 아파 이제 방 청소를 쪼끔만 안 해도 이제 옷가 방이 좀 좁아 가지고 옷도 막 의자 위에 올라가 있고 침대 위에 뭉쳐져 있고. 그래 가지고 인테리어는 깔끔한데 방 정리는 되게 안 돼 있는 거 같아. 그리고 또 새로 지은 아파트라 했잖아. 이게 요즘에 새로 지어서 그런가. 아파트가 되게 개성이 넘치더라고. 건물도 막 다 이 모습이 막 다르고. 막 저게 아파트 건물이야 이런 것도 있고. 그리고 처음에 이사 왔을 때 첫날인데 집을 못 찾겠는 거야. 왜냐하면은 보통 아파트 단지가 뭐 몇 호부터 몇 호 1에서 3 3에서 5 이렇게 순서대로 있는데 거기는 막 1에서 3이랑 17에서 19 이렇게 붙어 있고. 막 이상하게 다 붙어 있는 거야. 그래 가지고 처음 이사 갔을 때 그 아파트 단지 안에서 길 잃어 가지고 한 20분 30분 정도 헤맸던 기억이 있어. 너는 만약에 이제 앞으로 회사 다니고 할 거면은 하면은 혼자 살게 되면은 서울에서 계속 살고 싶어? 아니면은 대구? 이게 새로 지은 아파트여 가지고 이게 헬스장이나 도서관 뭐 어린이집 이런 게 입주된다는 얘기만 있고 아직은 인프라가 갖춰지진 못한 거 같아. 그래서 헬스장도 아마 생긴다곤 하는데 어 언제 생길진 잘 모르겠고. 그 아파트 단지 내에 도서관은 지금도 운영하고 있고. 그거 말고도 뭔가 주민들 휴식 공간이라고 하면서 건물이 몇 개 있더라고. 거기서 막 좀 차 같은 거 마시고 막 떠들면서 있는 아줌마들도 있고. 그 빈백 빈백도 있잖아. 그런 것도 아파트 단지 내에 몇 개 깔아둔 거야. 그래 가지고 거기서 좀 누워서 막 떠드는 사람들도 보고 이런 시설이 좀 있었어.,0.014965986394557823,0.02857142857142857,0.013605442176870748,0.0013605442176870747,0.005442176870748299,0.0027210884353741495,0.0027210884353741495,0.02312925170068027,0.0326530612244898,0.02040816326530612,0.004081632653061225,0.0163265306122449,0.0013605442176870747,0.005442176870748299,0.013605442176870748,0.0027210884353741495,0.004081632653061225,0.004081632653061225,0.024489795918367346,0.021768707482993196,0.0013605442176870747,0.0013605442176870747,0.005442176870748299,0.006802721088435374,0.0013605442176870747,0.004081632653061225,0.02040816326530612,0.0013605442176870747,0.0013605442176870747,0.009523809523809525,0.04353741496598639,0.0013605442176870747,0.005442176870748299,0.0013605442176870747,0.010884353741496598,0.005442176870748299,0.0013605442176870747,0.0027210884353741495,0.012244897959183673,0.0013605442176870747,0.0013605442176870747,0.006802721088435374,0.004081632653061225,0.0027210884353741495,0.027210884353741496,0.009523809523809525,0.010884353741496598,0.0013605442176870747,0.006802721088435374,0.024489795918367346,0.010884353741496598,0.0013605442176870747,0.006802721088435374,0.0027210884353741495,0.0013605442176870747,0.005442176870748299,0.0013605442176870747,0.0013605442176870747,0.0013605442176870747,0.006802721088435374,0.0013605442176870747,0.0027210884353741495,0.0013605442176870747,0.0027210884353741495,0.013605442176870748,0.0013605442176870747,0.006802721088435374,0.0013605442176870747,0.02857142857142857,0.0027210884353741495,0.0027210884353741495,0.0027210884353741495,0.005442176870748299,0.0013605442176870747,0.00816326530612245,0.004081632653061225,0.00816326530612245,0.0013605442176870747,0.005442176870748299,0.0027210884353741495,0.0013605442176870747,0.0013605442176870747,0.0027210884353741495,0.0013605442176870747,0.0013605442176870747,0.0013605442176870747,0.005442176870748299,0.0013605442176870747,0.005442176870748299,0.0027210884353741495,0.0013605442176870747,0.0027210884353741495,0.0027210884353741495,0.005442176870748299,0.004081632653061225,0.0013605442176870747,0.0027210884353741495,0.0013605442176870747,0.0013605442176870747,0.0013605442176870747,0.005442176870748299,0.004081632653061225,0.0013605442176870747,0.0013605442176870747,0.0013605442176870747,0.0027210884353741495,0.009523809523809525,0.014965986394557823,0.0013605442176870747,0.0013605442176870747,0.0013605442176870747,0.0027210884353741495,0.0013605442176870747,0.004081632653061225,0.0013605442176870747,0.004081632653061225,0.0013605442176870747,0.0013605442176870747,0.0027210884353741495,0.0027210884353741495,0.0027210884353741495,0.0013605442176870747,0.0013605442176870747,0.0027210884353741495,0.0027210884353741495,0.0013605442176870747,0.0027210884353741495,0.0013605442176870747,0.0027210884353741495,0.0013605442176870747,0.0013605442176870747,0.0013605442176870747,0.0013605442176870747,0.0013605442176870747,0.0013605442176870747,0.0013605442176870747,0.005442176870748299,0.004081632653061225,0.0013605442176870747,0.0013605442176870747,0.0027210884353741495,0.0027210884353741495,0.0013605442176870747,0.0013605442176870747,0.0013605442176870747,0.004081632653061225,0.0013605442176870747,0.0013605442176870747,0.004081632653061225,0.0013605442176870747,0.0027210884353741495,0.005442176870748299,0.0027210884353741495,0.004081632653061225,0.0013605442176870747,0.005442176870748299,0.0027210884353741495,0.0013605442176870747,0.0013605442176870747,0.0013605442176870747,0.0013605442176870747,0.0027210884353741495,0.0013605442176870747,0.0013605442176870747,0.0013605442176870747,0.0013605442176870747,0.0013605442176870747,0.0027210884353741495,0.0027210884353741495,0.0013605442176870747,0.0013605442176870747,0.0013605442176870747,0.0013605442176870747,0.0013605442176870747,0.0013605442176870747,0.0013605442176870747,0.0013605442176870747,0.0013605442176870747,0.0013605442176870747,0.0013605442176870747,0.0027210884353741495,0.0013605442176870747,0.0027210884353741495,0.0013605442176870747,0.0013605442176870747,0.005442176870748299,0.005442176870748299,0.005442176870748299,0.0013605442176870747,0.0013605442176870747,0.0013605442176870747,0.0013605442176870747,0.0013605442176870747,0.0013605442176870747,0.0013605442176870747,0.0027210884353741495,0.0013605442176870747,0.0013605442176870747,0.0013605442176870747,0.0013605442176870747,0.0027210884353741495,0.0013605442176870747,0.0013605442176870747,0.0013605442176870747,0.004081632653061225,0.0013605442176870747,0.0013605442176870747,0.0013605442176870747,0.0013605442176870747,0.0027210884353741495,0.0013605442176870747,0.0013605442176870747,0.0013605442176870747,0.005442176870748299,0.0027210884353741495,0.0013605442176870747,0.0013605442176870747,0.0027210884353741495,0.0013605442176870747,0.0013605442176870747,0.0013605442176870747,0.0013605442176870747,0.0013605442176870747,0.0013605442176870747,0.0013605442176870747,0.0013605442176870747,0.0013605442176870747,0.0013605442176870747,0.0027210884353741495,0.0027210884353741495,0.0013605442176870747,0.0013605442176870747,0.0013605442176870747,0.0013605442176870747,0.0013605442176870747,0.0013605442176870747,0.0013605442176870747,0.0013605442176870747,0.0027210884353741495,0.0013605442176870747,0.0013605442176870747,0.0013605442176870747,0.0013605442176870747,0.0013605442176870747,0.0013605442176870747,0.0013605442176870747,0.0013605442176870747,0.0013605442176870747,0.0013605442176870747,0.0013605442176870747,0.0027210884353741495,0.0013605442176870747,0.0013605442176870747,0.0013605442176870747,0.0013605442176870747,0.0013605442176870747,0.0013605442176870747,0.0013605442176870747,0.0,0.0,0.0,0.0,0.0,0.0,0.0,0.0,0.0,0.0,0.0,0.0,0.0,0.0,0.0,0.0,0.0,0.0,0.0,0.0,0.0,0.0,0.0,0.0,0.0,0.0,0.0,0.0,0.0,0.0,0.0,0.0,0.0,0.0,0.0,0.0,0.0,0.0,0.0,0.0,0.0,0.0,0.0,0.0,0.0,0.0,0.0,0.0,0.0,0.0,0.0,0.0,0.0,0.0,0.0,0.0,0.0,0.0,0.0,0.0,0.0,0.0,0.0,0.0,0.0,0.0,0.0,0.0,0.0,0.0,0.0,0.0,0.0,0.0,0.0,0.0,0.0,0.0,0.0,0.0,0.0,0.0,0.0,0.0,0.0,0.0,0.0,0.0,0.0,0.0,0.0,0.0,0.0,0.0,0.0,0.0,0.0,0.0,0.0,0.0,0.0,0.0,0.0,0.0,0.0,0.0,0.0,0.0,0.0,0.0,0.0,0.0,0.0,0.0,0.0,0.0,0.0,0.0,0.0,0.0,0.0,0.0,0.0,0.0,0.0,0.0,0.0,0.0,0.0,0.0,0.0,0.0,0.0,0.0,0.0,0.0,0.0,0.0,0.0,0.0,0.0,0.0,0.0,0.0,0.0,0.0,0.0,0.0,0.0,0.0,0.0,0.0,0.0,0.0,0.0,0.0,0.0,0.0,0.0,0.0,0.0,0.0,0.0,0.0,0.0,0.0,0.0,0.0,0.0,0.0,0.0,0.0,0.0,0.0,0.0,0.0,0.0,0.0,0.0,0.0,0.0,0.0,0.0,0.0,0.0,0.0,0.0,0.0,0.0,0.0,0.0,0.0,0.0,0.0,0.0,0.0,0.0,0.0,0.0,0.0,0.0,0.0,0.0,0.0,0.0,0.0,0.0,0.0,0.0,0.0,0.0,0.0,0.0,0.0,0.0,0.0,0.0,0.0,0.0,0.0,0.0,0.0,0.0,0.0,0.0,0.0,0.0,0.0,0.0,0.0,0.0,0.0,0.0,0.0,0.0,0.0,0.0,0.0,0.0,0.0,0.0,0.0,0.0,0.0,0.0,0.0,0.0,0.0,0.0,0.0,0.0,0.0,0.0,0.0,0.0,0.0,0.0,0.0,0.0,0.0,0.0,0.0,0.0,0.0,0.0,0.0,0.0,0.0,0.0,0.0,0.0,0.0,0.0,0.0,0.0,0.0,0.0,0.0,0.0,0.0,0.0,0.0,0.0,0.0,0.0,0.0,0.0,0.0,0.0,0.0,0.0,0.0,0.0,0.0,0.0,0.0,0.0,0.0,0.0,0.0,0.0,0.0,0.0,0.0,0.0,0.0,0.0,0.0,0.0,0.0,0.0,0.0,0.0,0.0,0.0,0.0,0.0,0.0,0.0,0.0,0.0,0.0,0.0,0.0,0.0,0.0,0.0,0.0,0.0,0.0,0.0,0.0,0.0,0.0,0.0,0.0,0.0,0.0,0.0,0.0,0.0,0.0,0.0,0.0,0.0,0.0,0.0,0.0,0.0,0.0,0.0,0.0,0.0,0.0,0.0,0.0,0.0,0.0,0.0,0.0,0.0,0.0,0.0,0.0,0.0,0.0,0.0,0.41009184255326864,0.0,0.0,0.0,0.0,0.0,0.0,0.0,0.0,0.0,0.0,0.0,0.0,0.0,0.0,0.0,0.0,0.0,0.0,0.0,0.0,0.0,0.0,0.0,0.0,0.0,0.0,0.0,0.0,0.0,0.0,0.0,0.0,0.0,0.0,0.0,0.0,0.0,0.0,0.0,0.0,0.0,0.0,0.0,0.0,0.0,0.0,0.0,0.0,0.0,0.0,0.0,0.0,0.0,0.0,0.0,0.0,0.0,0.0,0.0,0.0,0.0,0.0,0.0,0.0,0.0,0.0,0.0,0.0,0.0,0.0,0.0,0.0,0.0,0.0,0.0,0.0,0.0,0.0,0.0,0.0,0.0,0.0,0.0,0.0,0.0,0.3227605480789298,0.0,0.41009184255326864,0.0,0.0,0.0,0.0,0.0,0.0,0.0,0.0,0.0,0.0,0.0,0.0,0.0,0.0,0.0,0.0,0.0,0.0,0.0,0.0,0.0,0.0,0.0,0.0,0.0,0.0,0.0,0.0,0.0,0.0,0.0,0.0,0.0,0.0,0.0,0.0,0.0,0.0,0.0,0.0,0.0,0.0,0.0,0.0,0.0,0.0,0.0,0.0,0.0,0.0,0.0,0.0,0.0,0.0,0.0,0.0,0.0,0.0,0.0,0.0,0.0,0.0,0.0,0.0,0.0,0.0,0.0,0.0,0.0,0.0,0.0,0.0,0.0,0.0,0.0,0.0,0.0,0.0,0.0,0.0,0.0,0.0,0.0,0.0,0.0,0.0,0.0,0.0,0.0,0.0,0.0,0.0,0.0,0.0,0.0,0.0,0.0,0.0,0.0,0.0,0.0,0.0,0.0,0.0,0.0,0.0,0.0,0.0,0.0,0.0,0.0,0.0,0.0,0.0,0.0,0.0,0.0,0.0,0.0,0.0,0.0,0.0,0.0,0.0,0.0,0.0,0.0,0.0,0.0,0.0,0.0,0.0,0.0,0.0,0.0,0.0,0.0,0.0,0.0,0.0,0.0,0.0,0.0,0.0,0.0,0.0,0.0,0.0,0.0,0.0,0.0,0.0,0.0,0.0,0.0,0.0,0.0,0.0,0.0,0.0,0.0,0.0,0.0,0.0,0.0,0.0,0.0,0.0,0.0,0.0,0.0,0.0,0.0,0.0,0.0,0.0,0.0,0.0,0.0,0.0,0.0,0.0,0.0,0.0,0.0,0.0,0.0,0.0,0.0,0.0,0.0,0.0,0.0,0.0,0.0,0.0,0.0,0.0,0.0,0.4423232249258365,0.0,0.0,0.0,0.0,0.0,0.0,0.0,0.0,0.0,0.0,0.0,0.0,0.0,0.0,0.0,0.0,0.0,0.0,0.0,0.0,0.0,0.0,0.0,0.0,0.0,0.0,0.0,0.0,0.0,0.0,0.0,0.0,0.0,0.0,0.0,0.0,0.0,0.0,0.0,0.0,0.0,0.0,0.0,0.0,0.0,0.0,0.0,0.0,0.0,0.0,0.0,0.0,0.0,0.0,0.0,0.0,0.0,0.0,0.0,0.0,0.0,0.0,0.0,0.0,0.0,0.0,0.0,0.0,0.0,0.0,0.0,0.0,0.0,0.0,0.0,0.0,0.0,0.0,0.0,0.0,0.0,0.0,0.0,0.0,0.0,0.0,0.0,0.0,0.0,0.0,0.0,0.0,0.0,0.0,0.0,0.0,0.0,0.0,0.0,0.0,0.0,0.0,0.0,0.0,0.0,0.0,0.0,0.0,0.0,0.0,0.0,0.0,0.0,0.0,0.0,0.0,0.0,0.0,0.0,0.0,0.0,0.0,0.0,0.0,0.0,0.0,0.0,0.0,0.0,0.0,0.0,0.0,0.0,0.0,0.0,0.0,0.0,0.0,0.0,0.0,0.0,0.0,0.0,0.0,0.0,0.0,0.0,0.0,0.0,0.0,0.0,0.0,0.0,0.0,0.0,0.0,0.0,0.0,0.0,0.0,0.0,0.41009184255326864,0.0,0.0,0.0,0.0,0.0,0.0,0.0,0.0,0.0,0.0,0.0,0.0,0.0,0.0,0.0,0.0,0.0,0.0,0.0,0.0,0.0,0.0,0.0,0.0,0.0,0.0,0.0,0.0,0.0,0.0,0.0,0.0,0.0,0.0,0.0,0.0,0.0,0.0,0.0,0.0,0.0,0.0,0.0,0.0,0.0,0.0,0.0,0.0,0.0,0.0,0.0,0.4423232249258365,0.0,0.0,0.0,0.0,0.0,0.0,0.0,0.0,0.0,0.0,0.0,0.0,0.0,0.0,0.0,0.0,0.0,0.0,0.0,0.0,0.0,0.0,0.0,0.0,0.0,0.0,0.0,0.0,0.0,0.0,0.0,0.0,0.0,0.0,0.0,0.0,0.0,0.0,0.0,0.0,0.0,0.0,0.0,0.0,0.0,0.0,0.0,0.0,0.0,0.0,0.0,0.0
SD2401267,20대,너희 집은 지금 오피스텔이잖아. 그 층간 소음 좀 있는 거 같아? 나 지금 7층 사는데 딱히 층간 소음은 없는 거 같은데 좀 그 아파트에 이상한 사람은 좀 있는 거 같더라. 왜냐하면은 우리가 집에 아무도 없는 상태였는데 갑자기 밑의 집에서 올라온다 아 그 밑의 집인가 어디서 막 신고가 들어왔다는 거야. 이 이 시간이 너무 시끄러웠었다고. 그래 가지고 그게 그게 꼭 밑의 집은 아니고 밑의 층은 아니었던 거 같은데 그런 사람이 좀 있어서 좀 뭐지 좀 조심해야겠다 이런 적은 있었어. 이런 적이 있어. 그리고 너는 지금 자취를 그 1곳에서만 했던 거야 이사 없이? 나도 지금 누나랑 같이 살라고 하면은 절대 못 살 거 같아. 누나랑 진짜 맞는 게 하나도 없단 말이야. 누나도 막 나도 새벽에 전화하면은 누나가 뭐라 하고. 어떨 때 누나가 새벽에 게임하면 또 나한테 이제 내가 이제 스트레스받고. 그래서 이제 만약에 내가 너처럼 그러니까 형제 같이 살라고 하면은 나는 못 살 거 같아. 그리고 그리고 그 이사를 좀 많이 다녔었는데 이사 다닐 때마다 이제 방이 있긴 한데 이게 크기가 이제 큰방 작은방이 있었단 말이야. 그래 가지고 누가 큰방 쓸 거냐 이런 거 때문에 또 엄청 싸운 적 싸웠었고 싸웠었던 거 같아. 그러면 본가도 그러면 지금 살던 데 쭉 계속 살고 있었던 거야 어릴 때부터? 나는 이제 어릴 때부터 정말 많이 다녔었는데 초등학교랑 중학교 때까지는 그래도 한동네 내에서 왔다 갔다 했던 거여서 좀 이제 이사하느라 좀 귀찮고 막 집 바뀌는 게 좀 불편 적응이 안 되 초반에 적응이 안 되는 게 있긴 했어도 이 친구들이랑 멀어진다 이런 거 없어서 괜찮았는데 중학교 3학년에서 이제 고등학교 때 한번 아예 학 그 학 우리 지금 다니는 학교 쪽으로 이사를 왔었단 말이야. 근데 그때 정말 좀 좋았던 친구들인데 완전 멀어지니까 그때 쪼끔 이제 스트레스를 받았었던 경험이 있고. 그래서 또 그래 가지고 이제 고등학교 1학년 때에서부터 2학년 때 또 이사를 가야 되는 상황이 된 거야. 근데 그래서 원래 다니던 고등학교 쪽으로 가려 했었는데 그러진 않고 이제 다시 원래 동네로 돌아갔었던 적이 있어. 나도 그런 전원주택에서 사는 꿈 같은 게 있었던 거 같아. 그 내가 직접 집을 만들고 아 설계해서 막 비밀 공간이나 아 이제 정말 큰 목욕탕이나 아니면 음 어떤 작업실 뭐 이런 걸 만들어 두고 싶다는 생각이 있었어. 만들고 싶다는. 그리 너 근데 지금 자취하고 있잖아. 그러면 그 가전제품 같은 거는 뭐 뭐 있어? 어 이러면 안 되는데. 나는 이제 본가에 살잖아. 어 집안일을 거의 다 안 하고 엄마가 하고 있어. 그러니까 설거지만 이제 내가 먹은 거 설거지하고 이제 그리고 옷 옷이나 분리수거 이런 거는 엄마 아빠가 거의 다 하는 거 같아. 그 자취하면서 이런 설거지나 분리수거 때문에 막 오빠랑 막 싸우거나 그러진 않아? 난 지금 너무 자취를 하고 싶어. 왜냐하면은 일단 난 이제 혼자가 편하단 말이야. 그래 가지고 이제 나만의 일상생활 패턴이 있는데 어쨌든 가족이랑 살면은 아무리 가족이라도 쪼금 지켜야 되는 게 있으니까 그런 게 이제 좀 나한테는 너무 좀 힘들고 내가 하고 싶은 것도 너무 제한이 되는 거 같아서 학교 근처에서 자취하고 싶다는 생각은 있는데 이게 자취도 어쨌든 돈이 많이 깨지니까 쉽사리 하진 못 하고 있고. 음 아마 군대 갔다 와서 자취를 할 수 있으면 하지 않을까 이런 생각이 있어. 음 너는 음 너희 집 인테리어는 혹시 어떻게 돼 있어? 음 우리 집은 이번에 새로 지은 아파트여 가지고 그냥 전체적으로 완전 깔끔한 느낌으로 지금 돼 있는데 이게 아파 이제 방 청소를 쪼끔만 안 해도 이제 옷가 방이 좀 좁아 가지고 옷도 막 의자 위에 올라가 있고 침대 위에 뭉쳐져 있고. 그래 가지고 인테리어는 깔끔한데 방 정리는 되게 안 돼 있는 거 같아. 그리고 또 새로 지은 아파트라 했잖아. 이게 요즘에 새로 지어서 그런가. 아파트가 되게 개성이 넘치더라고. 건물도 막 다 이 모습이 막 다르고. 막 저게 아파트 건물이야 이런 것도 있고. 그리고 처음에 이사 왔을 때 첫날인데 집을 못 찾겠는 거야. 왜냐하면은 보통 아파트 단지가 뭐 몇 호부터 몇 호 1에서 3 3에서 5 이렇게 순서대로 있는데 거기는 막 1에서 3이랑 17에서 19 이렇게 붙어 있고. 막 이상하게 다 붙어 있는 거야. 그래 가지고 처음 이사 갔을 때 그 아파트 단지 안에서 길 잃어 가지고 한 20분 30분 정도 헤맸던 기억이 있어. 너는 만약에 이제 앞으로 회사 다니고 할 거면은 하면은 혼자 살게 되면은 서울에서 계속 살고 싶어? 아니면은 대구? 이게 새로 지은 아파트여 가지고 이게 헬스장이나 도서관 뭐 어린이집 이런 게 입주된다는 얘기만 있고 아직은 인프라가 갖춰지진 못한 거 같아. 그래서 헬스장도 아마 생긴다곤 하는데 어 언제 생길진 잘 모르겠고. 그 아파트 단지 내에 도서관은 지금도 운영하고 있고. 그거 말고도 뭔가 주민들 휴식 공간이라고 하면서 건물이 몇 개 있더라고. 거기서 막 좀 차 같은 거 마시고 막 떠들면서 있는 아줌마들도 있고. 그 빈백 빈백도 있잖아. 그런 것도 아파트 단지 내에 몇 개 깔아둔 거야. 그래 가지고 거기서 좀 누워서 막 떠드는 사람들도 보고 이런 시설이 좀 있었어.,0.014965986394557823,0.02857142857142857,0.013605442176870748,0.0013605442176870747,0.005442176870748299,0.0027210884353741495,0.0027210884353741495,0.02312925170068027,0.0326530612244898,0.02040816326530612,0.004081632653061225,0.0163265306122449,0.0013605442176870747,0.005442176870748299,0.013605442176870748,0.0027210884353741495,0.004081632653061225,0.004081632653061225,0.024489795918367346,0.021768707482993196,0.0013605442176870747,0.0013605442176870747,0.005442176870748299,0.006802721088435374,0.0013605442176870747,0.004081632653061225,0.02040816326530612,0.0013605442176870747,0.0013605442176870747,0.009523809523809525,0.04353741496598639,0.0013605442176870747,0.005442176870748299,0.0013605442176870747,0.010884353741496598,0.005442176870748299,0.0013605442176870747,0.0027210884353741495,0.012244897959183673,0.0013605442176870747,0.0013605442176870747,0.006802721088435374,0.004081632653061225,0.0027210884353741495,0.027210884353741496,0.009523809523809525,0.010884353741496598,0.0013605442176870747,0.006802721088435374,0.024489795918367346,0.010884353741496598,0.0013605442176870747,0.006802721088435374,0.0027210884353741495,0.0013605442176870747,0.005442176870748299,0.0013605442176870747,0.0013605442176870747,0.0013605442176870747,0.006802721088435374,0.0013605442176870747,0.0027210884353741495,0.0013605442176870747,0.0027210884353741495,0.013605442176870748,0.0013605442176870747,0.006802721088435374,0.0013605442176870747,0.02857142857142857,0.0027210884353741495,0.0027210884353741495,0.0027210884353741495,0.005442176870748299,0.0013605442176870747,0.00816326530612245,0.004081632653061225,0.00816326530612245,0.0013605442176870747,0.005442176870748299,0.0027210884353741495,0.0013605442176870747,0.0013605442176870747,0.0027210884353741495,0.0013605442176870747,0.0013605442176870747,0.0013605442176870747,0.005442176870748299,0.0013605442176870747,0.005442176870748299,0.0027210884353741495,0.0013605442176870747,0.0027210884353741495,0.0027210884353741495,0.005442176870748299,0.004081632653061225,0.0013605442176870747,0.0027210884353741495,0.0013605442176870747,0.0013605442176870747,0.0013605442176870747,0.005442176870748299,0.004081632653061225,0.0013605442176870747,0.0013605442176870747,0.0013605442176870747,0.0027210884353741495,0.009523809523809525,0.014965986394557823,0.0013605442176870747,0.0013605442176870747,0.0013605442176870747,0.0027210884353741495,0.0013605442176870747,0.004081632653061225,0.0013605442176870747,0.004081632653061225,0.0013605442176870747,0.0013605442176870747,0.0027210884353741495,0.0027210884353741495,0.0027210884353741495,0.0013605442176870747,0.0013605442176870747,0.0027210884353741495,0.0027210884353741495,0.0013605442176870747,0.0027210884353741495,0.0013605442176870747,0.0027210884353741495,0.0013605442176870747,0.0013605442176870747,0.0013605442176870747,0.0013605442176870747,0.0013605442176870747,0.0013605442176870747,0.0013605442176870747,0.005442176870748299,0.004081632653061225,0.0013605442176870747,0.0013605442176870747,0.0027210884353741495,0.0027210884353741495,0.0013605442176870747,0.0013605442176870747,0.0013605442176870747,0.004081632653061225,0.0013605442176870747,0.0013605442176870747,0.004081632653061225,0.0013605442176870747,0.0027210884353741495,0.005442176870748299,0.0027210884353741495,0.004081632653061225,0.0013605442176870747,0.005442176870748299,0.0027210884353741495,0.0013605442176870747,0.0013605442176870747,0.0013605442176870747,0.0013605442176870747,0.0027210884353741495,0.0013605442176870747,0.0013605442176870747,0.0013605442176870747,0.0013605442176870747,0.0013605442176870747,0.0027210884353741495,0.0027210884353741495,0.0013605442176870747,0.0013605442176870747,0.0013605442176870747,0.0013605442176870747,0.0013605442176870747,0.0013605442176870747,0.0013605442176870747,0.0013605442176870747,0.0013605442176870747,0.0013605442176870747,0.0013605442176870747,0.0027210884353741495,0.0013605442176870747,0.0027210884353741495,0.0013605442176870747,0.0013605442176870747,0.005442176870748299,0.005442176870748299,0.005442176870748299,0.0013605442176870747,0.0013605442176870747,0.0013605442176870747,0.0013605442176870747,0.0013605442176870747,0.0013605442176870747,0.0013605442176870747,0.0027210884353741495,0.0013605442176870747,0.0013605442176870747,0.0013605442176870747,0.0013605442176870747,0.0027210884353741495,0.0013605442176870747,0.0013605442176870747,0.0013605442176870747,0.004081632653061225,0.0013605442176870747,0.0013605442176870747,0.0013605442176870747,0.0013605442176870747,0.0027210884353741495,0.0013605442176870747,0.0013605442176870747,0.0013605442176870747,0.005442176870748299,0.0027210884353741495,0.0013605442176870747,0.0013605442176870747,0.0027210884353741495,0.0013605442176870747,0.0013605442176870747,0.0013605442176870747,0.0013605442176870747,0.0013605442176870747,0.0013605442176870747,0.0013605442176870747,0.0013605442176870747,0.0013605442176870747,0.0013605442176870747,0.0027210884353741495,0.0027210884353741495,0.0013605442176870747,0.0013605442176870747,0.0013605442176870747,0.0013605442176870747,0.0013605442176870747,0.0013605442176870747,0.0013605442176870747,0.0013605442176870747,0.0027210884353741495,0.0013605442176870747,0.0013605442176870747,0.0013605442176870747,0.0013605442176870747,0.0013605442176870747,0.0013605442176870747,0.0013605442176870747,0.0013605442176870747,0.0013605442176870747,0.0013605442176870747,0.0013605442176870747,0.0027210884353741495,0.0013605442176870747,0.0013605442176870747,0.0013605442176870747,0.0013605442176870747,0.0013605442176870747,0.0013605442176870747,0.0013605442176870747,0.0,0.0,0.0,0.0,0.0,0.0,0.0,0.0,0.0,0.0,0.0,0.0,0.0,0.0,0.0,0.0,0.0,0.0,0.0,0.0,0.0,0.0,0.0,0.0,0.0,0.0,0.0,0.0,0.0,0.0,0.0,0.0,0.0,0.0,0.0,0.0,0.0,0.0,0.0,0.0,0.0,0.0,0.0,0.0,0.0,0.0,0.0,0.0,0.0,0.0,0.0,0.0,0.0,0.0,0.0,0.0,0.0,0.0,0.0,0.0,0.0,0.0,0.0,0.0,0.0,0.0,0.0,0.0,0.0,0.0,0.0,0.0,0.0,0.0,0.0,0.0,0.0,0.0,0.0,0.0,0.0,0.0,0.0,0.0,0.0,0.0,0.0,0.0,0.0,0.0,0.0,0.0,0.0,0.0,0.0,0.0,0.0,0.0,0.0,0.0,0.0,0.0,0.0,0.0,0.0,0.0,0.0,0.0,0.0,0.0,0.0,0.0,0.0,0.0,0.0,0.0,0.0,0.0,0.0,0.0,0.0,0.0,0.0,0.0,0.0,0.0,0.0,0.0,0.0,0.0,0.0,0.0,0.0,0.0,0.0,0.0,0.0,0.0,0.0,0.0,0.0,0.0,0.0,0.0,0.0,0.0,0.0,0.0,0.0,0.0,0.0,0.0,0.0,0.0,0.0,0.0,0.0,0.0,0.0,0.0,0.0,0.0,0.0,0.0,0.0,0.0,0.0,0.0,0.0,0.0,0.0,0.0,0.0,0.0,0.0,0.0,0.0,0.0,0.0,0.0,0.0,0.0,0.0,0.0,0.0,0.0,0.0,0.0,0.0,0.0,0.0,0.0,0.0,0.0,0.0,0.0,0.0,0.0,0.0,0.0,0.0,0.0,0.0,0.0,0.0,0.0,0.0,0.0,0.0,0.0,0.0,0.0,0.0,0.0,0.0,0.0,0.0,0.0,0.0,0.0,0.0,0.0,0.0,0.0,0.0,0.0,0.0,0.0,0.0,0.0,0.0,0.0,0.0,0.0,0.0,0.0,0.0,0.0,0.0,0.0,0.0,0.0,0.0,0.0,0.0,0.0,0.0,0.0,0.0,0.0,0.0,0.0,0.0,0.0,0.0,0.0,0.0,0.0,0.0,0.0,0.0,0.0,0.0,0.0,0.0,0.0,0.0,0.0,0.0,0.0,0.0,0.0,0.0,0.0,0.0,0.0,0.0,0.0,0.0,0.0,0.0,0.0,0.0,0.0,0.0,0.0,0.0,0.0,0.0,0.0,0.0,0.0,0.0,0.0,0.0,0.0,0.0,0.0,0.0,0.0,0.0,0.0,0.0,0.0,0.0,0.0,0.0,0.0,0.0,0.0,0.0,0.0,0.0,0.0,0.0,0.0,0.0,0.0,0.0,0.0,0.0,0.0,0.0,0.0,0.0,0.0,0.34939808869378675,0.0,0.0,0.0,0.0,0.0,0.0,0.0,0.0,0.0,0.0,0.0,0.0,0.0,0.0,0.0,0.0,0.0,0.0,0.0,0.0,0.0,0.0,0.0,0.0,0.0,0.0,0.0,0.0,0.0,0.0,0.0,0.0,0.0,0.0,0.0,0.0,0.0,0.0,0.3877972475146957,0.4182763745557363,0.0,0.0,0.0,0.0,0.0,0.0,0.0,0.0,0.0,0.0,0.0,0.0,0.0,0.0,0.0,0.0,0.0,0.0,0.0,0.0,0.0,0.0,0.0,0.0,0.0,0.0,0.0,0.0,0.0,0.0,0.0,0.0,0.0,0.0,0.0,0.0,0.0,0.0,0.0,0.0,0.0,0.0,0.0,0.0,0.0,0.0,0.0,0.0,0.0,0.0,0.0,0.0,0.0,0.0,0.0,0.0,0.0,0.0,0.0,0.0,0.0,0.0,0.0,0.0,0.0,0.0,0.0,0.0,0.0,0.0,0.0,0.0,0.0,0.0,0.0,0.0,0.0,0.0,0.0,0.0,0.0,0.0,0.0,0.0,0.0,0.0,0.0,0.0,0.0,0.0,0.0,0.0,0.0,0.0,0.0,0.0,0.0,0.0,0.0,0.0,0.0,0.0,0.0,0.0,0.36617196272854197,0.0,0.0,0.0,0.0,0.0,0.0,0.0,0.0,0.0,0.0,0.0,0.0,0.0,0.0,0.0,0.0,0.0,0.0,0.0,0.0,0.0,0.0,0.0,0.0,0.0,0.0,0.0,0.0,0.0,0.0,0.0,0.0,0.0,0.0,0.0,0.0,0.0,0.0,0.0,0.0,0.0,0.0,0.0,0.0,0.0,0.0,0.0,0.0,0.0,0.0,0.0,0.0,0.0,0.0,0.0,0.0,0.0,0.0,0.0,0.0,0.0,0.0,0.0,0.0,0.0,0.0,0.0,0.0,0.0,0.0,0.0,0.0,0.3877972475146957,0.0,0.0,0.0,0.0,0.0,0.0,0.0,0.0,0.0,0.0,0.0,0.0,0.0,0.0,0.0,0.0,0.0,0.0,0.0,0.0,0.0,0.0,0.0,0.0,0.0,0.0,0.0,0.0,0.0,0.0,0.0,0.0,0.0,0.0,0.0,0.0,0.0,0.0,0.0,0.0,0.0,0.0,0.0,0.0,0.0,0.0,0.0,0.0,0.0,0.0,0.0,0.0,0.0,0.0,0.0,0.0,0.0,0.0,0.0,0.0,0.0,0.0,0.0,0.0,0.0,0.0,0.0,0.0,0.0,0.0,0.0,0.0,0.0,0.0,0.0,0.0,0.0,0.0,0.0,0.0,0.0,0.0,0.0,0.0,0.0,0.0,0.0,0.0,0.0,0.0,0.0,0.0,0.0,0.0,0.0,0.0,0.0,0.0,0.0,0.0,0.0,0.0,0.0,0.0,0.0,0.0,0.0,0.0,0.0,0.0,0.0,0.0,0.0,0.0,0.0,0.0,0.0,0.0,0.0,0.0,0.0,0.0,0.0,0.0,0.0,0.0,0.0,0.0,0.0,0.0,0.0,0.0,0.0,0.0,0.0,0.0,0.0,0.0,0.0,0.0,0.0,0.0,0.0,0.0,0.0,0.0,0.0,0.0,0.0,0.0,0.0,0.0,0.0,0.0,0.0,0.0,0.0,0.0,0.0,0.0,0.0,0.0,0.0,0.0,0.0,0.0,0.0,0.0,0.0,0.0,0.0,0.0,0.0,0.0,0.0,0.0,0.0,0.0,0.0,0.0,0.0,0.0,0.0,0.0,0.0,0.0,0.0,0.0,0.0,0.0,0.0,0.0,0.0,0.0,0.0,0.0,0.0,0.0,0.0,0.0,0.0,0.0,0.0,0.0,0.0,0.0,0.0,0.0,0.0,0.0,0.0,0.0,0.0,0.0,0.0,0.0,0.0,0.0,0.0,0.0,0.0,0.0,0.0,0.0,0.0,0.0,0.0,0.0,0.0,0.0,0.0,0.4182763745557363,0.0,0.0,0.0,0.0,0.0,0.0,0.0,0.0,0.0,0.0,0.0,0.0,0.0,0.0,0.0,0.0,0.0,0.0,0.0,0.0,0.0,0.0,0.0,0.0,0.0,0.0,0.0,0.0,0.0,0.0,0.0,0.0,0.0,0.0,0.0,0.0,0.0,0.0,0.0,0.0,0.0,0.0,0.0,0.0,0.0,0.0,0.0,0.0,0.0,0.0,0.0,0.0,0.0,0.0,0.0,0.0,0.0,0.0,0.0,0.0,0.0,0.0,0.0,0.0,0.0,0.0,0.0,0.0,0.0,0.0,0.0,0.0,0.0,0.0,0.0,0.0,0.0,0.0,0.0,0.0,0.0,0.0,0.0,0.0,0.0,0.0,0.0,0.0,0.0,0.0,0.3052137086464607,0.0,0.0,0.0,0.0,0.0,0.0,0.0,0.0,0.0,0.0,0.0,0.0,0.0,0.0,0.0,0.0,0.0,0.0,0.0,0.0,0.0,0.0,0.0,0.0,0.0,0.0,0.0,0.0,0.0,0.0,0.0,0.0,0.0,0.0,0.0,0.0,0.0,0.0,0.0,0.0,0.0,0.0,0.0,0.0,0.0,0.0,0.0,0.0,0.0,0.0,0.0,0.0,0.0,0.0
SD2401267,20대,너희 집은 지금 오피스텔이잖아. 그 층간 소음 좀 있는 거 같아? 나 지금 7층 사는데 딱히 층간 소음은 없는 거 같은데 좀 그 아파트에 이상한 사람은 좀 있는 거 같더라. 왜냐하면은 우리가 집에 아무도 없는 상태였는데 갑자기 밑의 집에서 올라온다 아 그 밑의 집인가 어디서 막 신고가 들어왔다는 거야. 이 이 시간이 너무 시끄러웠었다고. 그래 가지고 그게 그게 꼭 밑의 집은 아니고 밑의 층은 아니었던 거 같은데 그런 사람이 좀 있어서 좀 뭐지 좀 조심해야겠다 이런 적은 있었어. 이런 적이 있어. 그리고 너는 지금 자취를 그 1곳에서만 했던 거야 이사 없이? 나도 지금 누나랑 같이 살라고 하면은 절대 못 살 거 같아. 누나랑 진짜 맞는 게 하나도 없단 말이야. 누나도 막 나도 새벽에 전화하면은 누나가 뭐라 하고. 어떨 때 누나가 새벽에 게임하면 또 나한테 이제 내가 이제 스트레스받고. 그래서 이제 만약에 내가 너처럼 그러니까 형제 같이 살라고 하면은 나는 못 살 거 같아. 그리고 그리고 그 이사를 좀 많이 다녔었는데 이사 다닐 때마다 이제 방이 있긴 한데 이게 크기가 이제 큰방 작은방이 있었단 말이야. 그래 가지고 누가 큰방 쓸 거냐 이런 거 때문에 또 엄청 싸운 적 싸웠었고 싸웠었던 거 같아. 그러면 본가도 그러면 지금 살던 데 쭉 계속 살고 있었던 거야 어릴 때부터? 나는 이제 어릴 때부터 정말 많이 다녔었는데 초등학교랑 중학교 때까지는 그래도 한동네 내에서 왔다 갔다 했던 거여서 좀 이제 이사하느라 좀 귀찮고 막 집 바뀌는 게 좀 불편 적응이 안 되 초반에 적응이 안 되는 게 있긴 했어도 이 친구들이랑 멀어진다 이런 거 없어서 괜찮았는데 중학교 3학년에서 이제 고등학교 때 한번 아예 학 그 학 우리 지금 다니는 학교 쪽으로 이사를 왔었단 말이야. 근데 그때 정말 좀 좋았던 친구들인데 완전 멀어지니까 그때 쪼끔 이제 스트레스를 받았었던 경험이 있고. 그래서 또 그래 가지고 이제 고등학교 1학년 때에서부터 2학년 때 또 이사를 가야 되는 상황이 된 거야. 근데 그래서 원래 다니던 고등학교 쪽으로 가려 했었는데 그러진 않고 이제 다시 원래 동네로 돌아갔었던 적이 있어. 나도 그런 전원주택에서 사는 꿈 같은 게 있었던 거 같아. 그 내가 직접 집을 만들고 아 설계해서 막 비밀 공간이나 아 이제 정말 큰 목욕탕이나 아니면 음 어떤 작업실 뭐 이런 걸 만들어 두고 싶다는 생각이 있었어. 만들고 싶다는. 그리 너 근데 지금 자취하고 있잖아. 그러면 그 가전제품 같은 거는 뭐 뭐 있어? 어 이러면 안 되는데. 나는 이제 본가에 살잖아. 어 집안일을 거의 다 안 하고 엄마가 하고 있어. 그러니까 설거지만 이제 내가 먹은 거 설거지하고 이제 그리고 옷 옷이나 분리수거 이런 거는 엄마 아빠가 거의 다 하는 거 같아. 그 자취하면서 이런 설거지나 분리수거 때문에 막 오빠랑 막 싸우거나 그러진 않아? 난 지금 너무 자취를 하고 싶어. 왜냐하면은 일단 난 이제 혼자가 편하단 말이야. 그래 가지고 이제 나만의 일상생활 패턴이 있는데 어쨌든 가족이랑 살면은 아무리 가족이라도 쪼금 지켜야 되는 게 있으니까 그런 게 이제 좀 나한테는 너무 좀 힘들고 내가 하고 싶은 것도 너무 제한이 되는 거 같아서 학교 근처에서 자취하고 싶다는 생각은 있는데 이게 자취도 어쨌든 돈이 많이 깨지니까 쉽사리 하진 못 하고 있고. 음 아마 군대 갔다 와서 자취를 할 수 있으면 하지 않을까 이런 생각이 있어. 음 너는 음 너희 집 인테리어는 혹시 어떻게 돼 있어? 음 우리 집은 이번에 새로 지은 아파트여 가지고 그냥 전체적으로 완전 깔끔한 느낌으로 지금 돼 있는데 이게 아파 이제 방 청소를 쪼끔만 안 해도 이제 옷가 방이 좀 좁아 가지고 옷도 막 의자 위에 올라가 있고 침대 위에 뭉쳐져 있고. 그래 가지고 인테리어는 깔끔한데 방 정리는 되게 안 돼 있는 거 같아. 그리고 또 새로 지은 아파트라 했잖아. 이게 요즘에 새로 지어서 그런가. 아파트가 되게 개성이 넘치더라고. 건물도 막 다 이 모습이 막 다르고. 막 저게 아파트 건물이야 이런 것도 있고. 그리고 처음에 이사 왔을 때 첫날인데 집을 못 찾겠는 거야. 왜냐하면은 보통 아파트 단지가 뭐 몇 호부터 몇 호 1에서 3 3에서 5 이렇게 순서대로 있는데 거기는 막 1에서 3이랑 17에서 19 이렇게 붙어 있고. 막 이상하게 다 붙어 있는 거야. 그래 가지고 처음 이사 갔을 때 그 아파트 단지 안에서 길 잃어 가지고 한 20분 30분 정도 헤맸던 기억이 있어. 너는 만약에 이제 앞으로 회사 다니고 할 거면은 하면은 혼자 살게 되면은 서울에서 계속 살고 싶어? 아니면은 대구? 이게 새로 지은 아파트여 가지고 이게 헬스장이나 도서관 뭐 어린이집 이런 게 입주된다는 얘기만 있고 아직은 인프라가 갖춰지진 못한 거 같아. 그래서 헬스장도 아마 생긴다곤 하는데 어 언제 생길진 잘 모르겠고. 그 아파트 단지 내에 도서관은 지금도 운영하고 있고. 그거 말고도 뭔가 주민들 휴식 공간이라고 하면서 건물이 몇 개 있더라고. 거기서 막 좀 차 같은 거 마시고 막 떠들면서 있는 아줌마들도 있고. 그 빈백 빈백도 있잖아. 그런 것도 아파트 단지 내에 몇 개 깔아둔 거야. 그래 가지고 거기서 좀 누워서 막 떠드는 사람들도 보고 이런 시설이 좀 있었어.,0.014965986394557823,0.02857142857142857,0.013605442176870748,0.0013605442176870747,0.005442176870748299,0.0027210884353741495,0.0027210884353741495,0.02312925170068027,0.0326530612244898,0.02040816326530612,0.004081632653061225,0.0163265306122449,0.0013605442176870747,0.005442176870748299,0.013605442176870748,0.0027210884353741495,0.004081632653061225,0.004081632653061225,0.024489795918367346,0.021768707482993196,0.0013605442176870747,0.0013605442176870747,0.005442176870748299,0.006802721088435374,0.0013605442176870747,0.004081632653061225,0.02040816326530612,0.0013605442176870747,0.0013605442176870747,0.009523809523809525,0.04353741496598639,0.0013605442176870747,0.005442176870748299,0.0013605442176870747,0.010884353741496598,0.005442176870748299,0.0013605442176870747,0.0027210884353741495,0.012244897959183673,0.0013605442176870747,0.0013605442176870747,0.006802721088435374,0.004081632653061225,0.0027210884353741495,0.027210884353741496,0.009523809523809525,0.010884353741496598,0.0013605442176870747,0.006802721088435374,0.024489795918367346,0.010884353741496598,0.0013605442176870747,0.006802721088435374,0.0027210884353741495,0.0013605442176870747,0.005442176870748299,0.0013605442176870747,0.0013605442176870747,0.0013605442176870747,0.006802721088435374,0.0013605442176870747,0.0027210884353741495,0.0013605442176870747,0.0027210884353741495,0.013605442176870748,0.0013605442176870747,0.006802721088435374,0.0013605442176870747,0.02857142857142857,0.0027210884353741495,0.0027210884353741495,0.0027210884353741495,0.005442176870748299,0.0013605442176870747,0.00816326530612245,0.004081632653061225,0.00816326530612245,0.0013605442176870747,0.005442176870748299,0.0027210884353741495,0.0013605442176870747,0.0013605442176870747,0.0027210884353741495,0.0013605442176870747,0.0013605442176870747,0.0013605442176870747,0.005442176870748299,0.0013605442176870747,0.005442176870748299,0.0027210884353741495,0.0013605442176870747,0.0027210884353741495,0.0027210884353741495,0.005442176870748299,0.004081632653061225,0.0013605442176870747,0.0027210884353741495,0.0013605442176870747,0.0013605442176870747,0.0013605442176870747,0.005442176870748299,0.004081632653061225,0.0013605442176870747,0.0013605442176870747,0.0013605442176870747,0.0027210884353741495,0.009523809523809525,0.014965986394557823,0.0013605442176870747,0.0013605442176870747,0.0013605442176870747,0.0027210884353741495,0.0013605442176870747,0.004081632653061225,0.0013605442176870747,0.004081632653061225,0.0013605442176870747,0.0013605442176870747,0.0027210884353741495,0.0027210884353741495,0.0027210884353741495,0.0013605442176870747,0.0013605442176870747,0.0027210884353741495,0.0027210884353741495,0.0013605442176870747,0.0027210884353741495,0.0013605442176870747,0.0027210884353741495,0.0013605442176870747,0.0013605442176870747,0.0013605442176870747,0.0013605442176870747,0.0013605442176870747,0.0013605442176870747,0.0013605442176870747,0.005442176870748299,0.004081632653061225,0.0013605442176870747,0.0013605442176870747,0.0027210884353741495,0.0027210884353741495,0.0013605442176870747,0.0013605442176870747,0.0013605442176870747,0.004081632653061225,0.0013605442176870747,0.0013605442176870747,0.004081632653061225,0.0013605442176870747,0.0027210884353741495,0.005442176870748299,0.0027210884353741495,0.004081632653061225,0.0013605442176870747,0.005442176870748299,0.0027210884353741495,0.0013605442176870747,0.0013605442176870747,0.0013605442176870747,0.0013605442176870747,0.0027210884353741495,0.0013605442176870747,0.0013605442176870747,0.0013605442176870747,0.0013605442176870747,0.0013605442176870747,0.0027210884353741495,0.0027210884353741495,0.0013605442176870747,0.0013605442176870747,0.0013605442176870747,0.0013605442176870747,0.0013605442176870747,0.0013605442176870747,0.0013605442176870747,0.0013605442176870747,0.0013605442176870747,0.0013605442176870747,0.0013605442176870747,0.0027210884353741495,0.0013605442176870747,0.0027210884353741495,0.0013605442176870747,0.0013605442176870747,0.005442176870748299,0.005442176870748299,0.005442176870748299,0.0013605442176870747,0.0013605442176870747,0.0013605442176870747,0.0013605442176870747,0.0013605442176870747,0.0013605442176870747,0.0013605442176870747,0.0027210884353741495,0.0013605442176870747,0.0013605442176870747,0.0013605442176870747,0.0013605442176870747,0.0027210884353741495,0.0013605442176870747,0.0013605442176870747,0.0013605442176870747,0.004081632653061225,0.0013605442176870747,0.0013605442176870747,0.0013605442176870747,0.0013605442176870747,0.0027210884353741495,0.0013605442176870747,0.0013605442176870747,0.0013605442176870747,0.005442176870748299,0.0027210884353741495,0.0013605442176870747,0.0013605442176870747,0.0027210884353741495,0.0013605442176870747,0.0013605442176870747,0.0013605442176870747,0.0013605442176870747,0.0013605442176870747,0.0013605442176870747,0.0013605442176870747,0.0013605442176870747,0.0013605442176870747,0.0013605442176870747,0.0027210884353741495,0.0027210884353741495,0.0013605442176870747,0.0013605442176870747,0.0013605442176870747,0.0013605442176870747,0.0013605442176870747,0.0013605442176870747,0.0013605442176870747,0.0013605442176870747,0.0027210884353741495,0.0013605442176870747,0.0013605442176870747,0.0013605442176870747,0.0013605442176870747,0.0013605442176870747,0.0013605442176870747,0.0013605442176870747,0.0013605442176870747,0.0013605442176870747,0.0013605442176870747,0.0013605442176870747,0.0027210884353741495,0.0013605442176870747,0.0013605442176870747,0.0013605442176870747,0.0013605442176870747,0.0013605442176870747,0.0013605442176870747,0.0013605442176870747,0.0,0.0,0.0,0.0,0.0,0.0,0.0,0.0,0.0,0.0,0.0,0.0,0.0,0.0,0.0,0.0,0.0,0.0,0.0,0.0,0.0,0.0,0.0,0.0,0.0,0.0,0.0,0.0,0.0,0.0,0.0,0.0,0.0,0.0,0.0,0.0,0.0,0.0,0.0,0.0,0.0,0.0,0.0,0.0,0.0,0.0,0.0,0.0,0.0,0.0,0.0,0.0,0.0,0.0,0.0,0.0,0.0,0.0,0.0,0.0,0.0,0.0,0.0,0.0,0.0,0.0,0.0,0.0,0.0,0.0,0.0,0.0,0.0,0.0,0.0,0.0,0.0,0.0,0.0,0.0,0.0,0.0,0.0,0.0,0.0,0.0,0.0,0.0,0.0,0.0,0.0,0.0,0.0,0.0,0.0,0.0,0.0,0.0,0.0,0.0,0.0,0.0,0.0,0.0,0.0,0.0,0.0,0.0,0.0,0.0,0.0,0.0,0.0,0.0,0.0,0.0,0.0,0.0,0.0,0.0,0.0,0.0,0.0,0.0,0.0,0.0,0.0,0.0,0.0,0.0,0.0,0.0,0.0,0.0,0.0,0.0,0.0,0.0,0.0,0.0,0.0,0.0,0.0,0.0,0.0,0.0,0.0,0.0,0.0,0.0,0.0,0.0,0.0,0.0,0.0,0.0,0.0,0.0,0.0,0.0,0.0,0.0,0.0,0.0,0.0,0.0,0.0,0.0,0.0,0.0,0.0,0.0,0.0,0.0,0.0,0.0,0.0,0.0,0.0,0.0,0.0,0.0,0.0,0.0,0.0,0.0,0.0,0.0,0.0,0.0,0.0,0.0,0.0,0.0,0.0,0.0,0.0,0.0,0.0,0.0,0.0,0.0,0.0,0.0,0.0,0.0,0.0,0.0,0.0,0.0,0.0,0.0,0.0,0.0,0.0,0.0,0.0,0.0,0.0,0.0,0.0,0.0,0.0,0.0,0.0,0.0,0.0,0.0,0.0,0.0,0.0,0.0,0.0,0.0,0.0,0.0,0.0,0.0,0.0,0.0,0.0,0.0,0.0,0.0,0.0,0.0,0.0,0.0,0.0,0.0,0.0,0.0,0.0,0.0,0.0,0.0,0.0,0.0,0.5185353683828402,0.0,0.0,0.0,0.0,0.0,0.0,0.0,0.0,0.0,0.0,0.0,0.0,0.0,0.0,0.0,0.0,0.0,0.0,0.0,0.0,0.0,0.0,0.0,0.0,0.0,0.0,0.0,0.0,0.0,0.0,0.0,0.0,0.0,0.0,0.0,0.0,0.0,0.0,0.0,0.0,0.0,0.0,0.0,0.0,0.0,0.0,0.0,0.0,0.0,0.0,0.0,0.0,0.0,0.0,0.0,0.0,0.0,0.0,0.0,0.0,0.0,0.0,0.0,0.0,0.0,0.0,0.0,0.0,0.0,0.0,0.0,0.0,0.0,0.0,0.0,0.0,0.0,0.0,0.0,0.0,0.0,0.0,0.0,0.0,0.0,0.0,0.0,0.0,0.0,0.0,0.0,0.0,0.0,0.0,0.0,0.0,0.0,0.0,0.0,0.0,0.0,0.0,0.0,0.0,0.0,0.0,0.48075052962640835,0.0,0.0,0.0,0.0,0.0,0.0,0.0,0.0,0.0,0.0,0.0,0.0,0.0,0.0,0.0,0.0,0.0,0.0,0.0,0.0,0.0,0.0,0.0,0.0,0.0,0.0,0.0,0.0,0.0,0.0,0.0,0.0,0.0,0.0,0.0,0.0,0.0,0.0,0.0,0.0,0.0,0.0,0.0,0.0,0.0,0.0,0.0,0.0,0.0,0.0,0.0,0.0,0.0,0.0,0.0,0.0,0.0,0.0,0.0,0.0,0.0,0.0,0.0,0.0,0.0,0.0,0.0,0.0,0.0,0.0,0.0,0.0,0.0,0.0,0.0,0.0,0.0,0.0,0.0,0.0,0.0,0.0,0.0,0.0,0.0,0.0,0.0,0.0,0.0,0.0,0.0,0.0,0.0,0.0,0.0,0.0,0.0,0.0,0.0,0.0,0.0,0.0,0.0,0.0,0.0,0.0,0.0,0.0,0.0,0.0,0.0,0.0,0.0,0.0,0.0,0.0,0.0,0.0,0.0,0.0,0.0,0.0,0.0,0.0,0.0,0.0,0.0,0.0,0.0,0.0,0.0,0.0,0.0,0.0,0.0,0.0,0.0,0.0,0.0,0.0,0.0,0.0,0.0,0.0,0.0,0.0,0.0,0.0,0.0,0.0,0.0,0.0,0.0,0.0,0.0,0.0,0.0,0.0,0.0,0.0,0.0,0.0,0.0,0.0,0.0,0.0,0.0,0.0,0.0,0.0,0.0,0.0,0.0,0.0,0.0,0.0,0.0,0.0,0.48075052962640835,0.0,0.0,0.0,0.0,0.0,0.0,0.0,0.0,0.0,0.0,0.0,0.0,0.0,0.0,0.0,0.0,0.0,0.0,0.0,0.0,0.0,0.0,0.0,0.0,0.0,0.0,0.0,0.0,0.0,0.0,0.0,0.0,0.0,0.0,0.0,0.0,0.0,0.0,0.0,0.0,0.0,0.0,0.0,0.0,0.0,0.0,0.0,0.0,0.0,0.0,0.0,0.0,0.0,0.0,0.0,0.0,0.0,0.0,0.0,0.0,0.0,0.0,0.0,0.0,0.0,0.0,0.0,0.0,0.0,0.0,0.0,0.0,0.0,0.0,0.0,0.0,0.0,0.0,0.0,0.0,0.0,0.0,0.0,0.0,0.0,0.0,0.0,0.0,0.0,0.0,0.0,0.0,0.0,0.0,0.0,0.0,0.0,0.0,0.5185353683828402,0.0,0.0,0.0,0.0,0.0,0.0,0.0,0.0,0.0,0.0,0.0,0.0,0.0,0.0,0.0,0.0,0.0,0.0,0.0,0.0,0.0,0.0,0.0,0.0,0.0,0.0,0.0,0.0,0.0,0.0,0.0,0.0,0.0,0.0,0.0,0.0,0.0,0.0,0.0,0.0,0.0,0.0,0.0,0.0,0.0,0.0,0.0,0.0,0.0,0.0,0.0,0.0,0.0,0.0,0.0,0.0,0.0,0.0,0.0,0.0,0.0,0.0,0.0,0.0,0.0,0.0,0.0,0.0,0.0,0.0,0.0,0.0,0.0,0.0,0.0,0.0,0.0,0.0,0.0,0.0,0.0,0.0,0.0,0.0,0.0,0.0,0.0,0.0,0.0,0.0,0.0,0.0,0.0,0.0,0.0,0.0,0.0,0.0,0.0,0.0,0.0,0.0,0.0,0.0,0.0,0.0,0.0,0.0,0.0,0.0,0.0,0.0,0.0,0.0,0.0,0.0,0.0,0.0,0.0,0.0,0.0,0.0,0.0,0.0,0.0,0.0,0.0,0.0,0.0,0.0,0.0,0.0,0.0,0.0,0.0,0.0,0.0,0.0,0.0,0.0,0.0,0.0,0.0,0.0,0.0,0.0,0.0,0.0,0.0,0.0,0.0,0.0,0.0,0.0,0.0,0.0,0.0,0.0,0.0,0.0,0.0,0.0,0.0,0.0,0.0,0.0,0.0,0.0,0.0,0.0,0.0,0.0,0.0,0.0,0.0,0.0,0.0,0.0,0.0,0.0,0.0,0.0,0.0,0.0,0.0,0.0,0.0,0.0,0.0,0.0,0.0,0.0,0.0,0.0,0.0,0.0,0.0,0.0,0.0,0.0,0.0,0.0,0.0,0.0,0.0,0.0,0.0,0.0,0.0,0.0,0.0,0.0,0.0,0.0,0.0,0.0,0.0,0.0,0.0,0.0,0.0,0.0,0.0,0.0,0.0,0.0,0.0,0.0,0.0,0.0,0.0,0.0,0.0,0.0,0.0,0.0,0.0,0.0,0.0,0.0,0.0,0.0,0.0,0.0,0.0,0.0,0.0,0.0,0.0,0.0,0.0,0.0,0.0,0.0,0.0,0.0,0.0,0.0,0.0,0.0,0.0,0.0,0.0,0.0,0.0,0.0,0.0,0.0,0.0,0.0,0.0,0.0,0.0,0.0,0.0,0.0,0.0,0.0
SD2401267,20대,너희 집은 지금 오피스텔이잖아. 그 층간 소음 좀 있는 거 같아? 나 지금 7층 사는데 딱히 층간 소음은 없는 거 같은데 좀 그 아파트에 이상한 사람은 좀 있는 거 같더라. 왜냐하면은 우리가 집에 아무도 없는 상태였는데 갑자기 밑의 집에서 올라온다 아 그 밑의 집인가 어디서 막 신고가 들어왔다는 거야. 이 이 시간이 너무 시끄러웠었다고. 그래 가지고 그게 그게 꼭 밑의 집은 아니고 밑의 층은 아니었던 거 같은데 그런 사람이 좀 있어서 좀 뭐지 좀 조심해야겠다 이런 적은 있었어. 이런 적이 있어. 그리고 너는 지금 자취를 그 1곳에서만 했던 거야 이사 없이? 나도 지금 누나랑 같이 살라고 하면은 절대 못 살 거 같아. 누나랑 진짜 맞는 게 하나도 없단 말이야. 누나도 막 나도 새벽에 전화하면은 누나가 뭐라 하고. 어떨 때 누나가 새벽에 게임하면 또 나한테 이제 내가 이제 스트레스받고. 그래서 이제 만약에 내가 너처럼 그러니까 형제 같이 살라고 하면은 나는 못 살 거 같아. 그리고 그리고 그 이사를 좀 많이 다녔었는데 이사 다닐 때마다 이제 방이 있긴 한데 이게 크기가 이제 큰방 작은방이 있었단 말이야. 그래 가지고 누가 큰방 쓸 거냐 이런 거 때문에 또 엄청 싸운 적 싸웠었고 싸웠었던 거 같아. 그러면 본가도 그러면 지금 살던 데 쭉 계속 살고 있었던 거야 어릴 때부터? 나는 이제 어릴 때부터 정말 많이 다녔었는데 초등학교랑 중학교 때까지는 그래도 한동네 내에서 왔다 갔다 했던 거여서 좀 이제 이사하느라 좀 귀찮고 막 집 바뀌는 게 좀 불편 적응이 안 되 초반에 적응이 안 되는 게 있긴 했어도 이 친구들이랑 멀어진다 이런 거 없어서 괜찮았는데 중학교 3학년에서 이제 고등학교 때 한번 아예 학 그 학 우리 지금 다니는 학교 쪽으로 이사를 왔었단 말이야. 근데 그때 정말 좀 좋았던 친구들인데 완전 멀어지니까 그때 쪼끔 이제 스트레스를 받았었던 경험이 있고. 그래서 또 그래 가지고 이제 고등학교 1학년 때에서부터 2학년 때 또 이사를 가야 되는 상황이 된 거야. 근데 그래서 원래 다니던 고등학교 쪽으로 가려 했었는데 그러진 않고 이제 다시 원래 동네로 돌아갔었던 적이 있어. 나도 그런 전원주택에서 사는 꿈 같은 게 있었던 거 같아. 그 내가 직접 집을 만들고 아 설계해서 막 비밀 공간이나 아 이제 정말 큰 목욕탕이나 아니면 음 어떤 작업실 뭐 이런 걸 만들어 두고 싶다는 생각이 있었어. 만들고 싶다는. 그리 너 근데 지금 자취하고 있잖아. 그러면 그 가전제품 같은 거는 뭐 뭐 있어? 어 이러면 안 되는데. 나는 이제 본가에 살잖아. 어 집안일을 거의 다 안 하고 엄마가 하고 있어. 그러니까 설거지만 이제 내가 먹은 거 설거지하고 이제 그리고 옷 옷이나 분리수거 이런 거는 엄마 아빠가 거의 다 하는 거 같아. 그 자취하면서 이런 설거지나 분리수거 때문에 막 오빠랑 막 싸우거나 그러진 않아? 난 지금 너무 자취를 하고 싶어. 왜냐하면은 일단 난 이제 혼자가 편하단 말이야. 그래 가지고 이제 나만의 일상생활 패턴이 있는데 어쨌든 가족이랑 살면은 아무리 가족이라도 쪼금 지켜야 되는 게 있으니까 그런 게 이제 좀 나한테는 너무 좀 힘들고 내가 하고 싶은 것도 너무 제한이 되는 거 같아서 학교 근처에서 자취하고 싶다는 생각은 있는데 이게 자취도 어쨌든 돈이 많이 깨지니까 쉽사리 하진 못 하고 있고. 음 아마 군대 갔다 와서 자취를 할 수 있으면 하지 않을까 이런 생각이 있어. 음 너는 음 너희 집 인테리어는 혹시 어떻게 돼 있어? 음 우리 집은 이번에 새로 지은 아파트여 가지고 그냥 전체적으로 완전 깔끔한 느낌으로 지금 돼 있는데 이게 아파 이제 방 청소를 쪼끔만 안 해도 이제 옷가 방이 좀 좁아 가지고 옷도 막 의자 위에 올라가 있고 침대 위에 뭉쳐져 있고. 그래 가지고 인테리어는 깔끔한데 방 정리는 되게 안 돼 있는 거 같아. 그리고 또 새로 지은 아파트라 했잖아. 이게 요즘에 새로 지어서 그런가. 아파트가 되게 개성이 넘치더라고. 건물도 막 다 이 모습이 막 다르고. 막 저게 아파트 건물이야 이런 것도 있고. 그리고 처음에 이사 왔을 때 첫날인데 집을 못 찾겠는 거야. 왜냐하면은 보통 아파트 단지가 뭐 몇 호부터 몇 호 1에서 3 3에서 5 이렇게 순서대로 있는데 거기는 막 1에서 3이랑 17에서 19 이렇게 붙어 있고. 막 이상하게 다 붙어 있는 거야. 그래 가지고 처음 이사 갔을 때 그 아파트 단지 안에서 길 잃어 가지고 한 20분 30분 정도 헤맸던 기억이 있어. 너는 만약에 이제 앞으로 회사 다니고 할 거면은 하면은 혼자 살게 되면은 서울에서 계속 살고 싶어? 아니면은 대구? 이게 새로 지은 아파트여 가지고 이게 헬스장이나 도서관 뭐 어린이집 이런 게 입주된다는 얘기만 있고 아직은 인프라가 갖춰지진 못한 거 같아. 그래서 헬스장도 아마 생긴다곤 하는데 어 언제 생길진 잘 모르겠고. 그 아파트 단지 내에 도서관은 지금도 운영하고 있고. 그거 말고도 뭔가 주민들 휴식 공간이라고 하면서 건물이 몇 개 있더라고. 거기서 막 좀 차 같은 거 마시고 막 떠들면서 있는 아줌마들도 있고. 그 빈백 빈백도 있잖아. 그런 것도 아파트 단지 내에 몇 개 깔아둔 거야. 그래 가지고 거기서 좀 누워서 막 떠드는 사람들도 보고 이런 시설이 좀 있었어.,0.014965986394557823,0.02857142857142857,0.013605442176870748,0.0013605442176870747,0.005442176870748299,0.0027210884353741495,0.0027210884353741495,0.02312925170068027,0.0326530612244898,0.02040816326530612,0.004081632653061225,0.0163265306122449,0.0013605442176870747,0.005442176870748299,0.013605442176870748,0.0027210884353741495,0.004081632653061225,0.004081632653061225,0.024489795918367346,0.021768707482993196,0.0013605442176870747,0.0013605442176870747,0.005442176870748299,0.006802721088435374,0.0013605442176870747,0.004081632653061225,0.02040816326530612,0.0013605442176870747,0.0013605442176870747,0.009523809523809525,0.04353741496598639,0.0013605442176870747,0.005442176870748299,0.0013605442176870747,0.010884353741496598,0.005442176870748299,0.0013605442176870747,0.0027210884353741495,0.012244897959183673,0.0013605442176870747,0.0013605442176870747,0.006802721088435374,0.004081632653061225,0.0027210884353741495,0.027210884353741496,0.009523809523809525,0.010884353741496598,0.0013605442176870747,0.006802721088435374,0.024489795918367346,0.010884353741496598,0.0013605442176870747,0.006802721088435374,0.0027210884353741495,0.0013605442176870747,0.005442176870748299,0.0013605442176870747,0.0013605442176870747,0.0013605442176870747,0.006802721088435374,0.0013605442176870747,0.0027210884353741495,0.0013605442176870747,0.0027210884353741495,0.013605442176870748,0.0013605442176870747,0.006802721088435374,0.0013605442176870747,0.02857142857142857,0.0027210884353741495,0.0027210884353741495,0.0027210884353741495,0.005442176870748299,0.0013605442176870747,0.00816326530612245,0.004081632653061225,0.00816326530612245,0.0013605442176870747,0.005442176870748299,0.0027210884353741495,0.0013605442176870747,0.0013605442176870747,0.0027210884353741495,0.0013605442176870747,0.0013605442176870747,0.0013605442176870747,0.005442176870748299,0.0013605442176870747,0.005442176870748299,0.0027210884353741495,0.0013605442176870747,0.0027210884353741495,0.0027210884353741495,0.005442176870748299,0.004081632653061225,0.0013605442176870747,0.0027210884353741495,0.0013605442176870747,0.0013605442176870747,0.0013605442176870747,0.005442176870748299,0.004081632653061225,0.0013605442176870747,0.0013605442176870747,0.0013605442176870747,0.0027210884353741495,0.009523809523809525,0.014965986394557823,0.0013605442176870747,0.0013605442176870747,0.0013605442176870747,0.0027210884353741495,0.0013605442176870747,0.004081632653061225,0.0013605442176870747,0.004081632653061225,0.0013605442176870747,0.0013605442176870747,0.0027210884353741495,0.0027210884353741495,0.0027210884353741495,0.0013605442176870747,0.0013605442176870747,0.0027210884353741495,0.0027210884353741495,0.0013605442176870747,0.0027210884353741495,0.0013605442176870747,0.0027210884353741495,0.0013605442176870747,0.0013605442176870747,0.0013605442176870747,0.0013605442176870747,0.0013605442176870747,0.0013605442176870747,0.0013605442176870747,0.005442176870748299,0.004081632653061225,0.0013605442176870747,0.0013605442176870747,0.0027210884353741495,0.0027210884353741495,0.0013605442176870747,0.0013605442176870747,0.0013605442176870747,0.004081632653061225,0.0013605442176870747,0.0013605442176870747,0.004081632653061225,0.0013605442176870747,0.0027210884353741495,0.005442176870748299,0.0027210884353741495,0.004081632653061225,0.0013605442176870747,0.005442176870748299,0.0027210884353741495,0.0013605442176870747,0.0013605442176870747,0.0013605442176870747,0.0013605442176870747,0.0027210884353741495,0.0013605442176870747,0.0013605442176870747,0.0013605442176870747,0.0013605442176870747,0.0013605442176870747,0.0027210884353741495,0.0027210884353741495,0.0013605442176870747,0.0013605442176870747,0.0013605442176870747,0.0013605442176870747,0.0013605442176870747,0.0013605442176870747,0.0013605442176870747,0.0013605442176870747,0.0013605442176870747,0.0013605442176870747,0.0013605442176870747,0.0027210884353741495,0.0013605442176870747,0.0027210884353741495,0.0013605442176870747,0.0013605442176870747,0.005442176870748299,0.005442176870748299,0.005442176870748299,0.0013605442176870747,0.0013605442176870747,0.0013605442176870747,0.0013605442176870747,0.0013605442176870747,0.0013605442176870747,0.0013605442176870747,0.0027210884353741495,0.0013605442176870747,0.0013605442176870747,0.0013605442176870747,0.0013605442176870747,0.0027210884353741495,0.0013605442176870747,0.0013605442176870747,0.0013605442176870747,0.004081632653061225,0.0013605442176870747,0.0013605442176870747,0.0013605442176870747,0.0013605442176870747,0.0027210884353741495,0.0013605442176870747,0.0013605442176870747,0.0013605442176870747,0.005442176870748299,0.0027210884353741495,0.0013605442176870747,0.0013605442176870747,0.0027210884353741495,0.0013605442176870747,0.0013605442176870747,0.0013605442176870747,0.0013605442176870747,0.0013605442176870747,0.0013605442176870747,0.0013605442176870747,0.0013605442176870747,0.0013605442176870747,0.0013605442176870747,0.0027210884353741495,0.0027210884353741495,0.0013605442176870747,0.0013605442176870747,0.0013605442176870747,0.0013605442176870747,0.0013605442176870747,0.0013605442176870747,0.0013605442176870747,0.0013605442176870747,0.0027210884353741495,0.0013605442176870747,0.0013605442176870747,0.0013605442176870747,0.0013605442176870747,0.0013605442176870747,0.0013605442176870747,0.0013605442176870747,0.0013605442176870747,0.0013605442176870747,0.0013605442176870747,0.0013605442176870747,0.0027210884353741495,0.0013605442176870747,0.0013605442176870747,0.0013605442176870747,0.0013605442176870747,0.0013605442176870747,0.0013605442176870747,0.0013605442176870747,0.0,0.0,0.0,0.0,0.0,0.0,0.0,0.0,0.0,0.0,0.0,0.0,0.0,0.0,0.0,0.0,0.0,0.0,0.0,0.0,0.0,0.0,0.0,0.0,0.0,0.0,0.0,0.0,0.0,0.0,0.0,0.0,0.0,0.0,0.0,0.0,0.0,0.0,0.0,0.0,0.0,0.0,0.0,0.0,0.0,0.0,0.0,0.0,0.0,0.0,0.0,0.0,0.0,0.0,0.0,0.0,0.0,0.0,0.0,0.0,0.0,0.0,0.0,0.0,0.0,0.0,0.0,0.0,0.0,0.0,0.0,0.0,0.0,0.0,0.0,0.0,0.0,0.0,0.0,0.0,0.0,0.0,0.0,0.0,0.0,0.0,0.0,0.0,0.0,0.0,0.0,0.0,0.0,0.0,0.0,0.0,0.0,0.0,0.0,0.0,0.0,0.0,0.0,0.0,0.0,0.0,0.0,0.0,0.0,0.0,0.0,0.0,0.0,0.0,0.0,0.0,0.0,0.0,0.0,0.0,0.0,0.0,0.0,0.0,0.0,0.0,0.0,0.0,0.0,0.0,0.0,0.0,0.0,0.0,0.0,0.0,0.0,0.0,0.0,0.0,0.0,0.0,0.0,0.0,0.0,0.0,0.0,0.0,0.0,0.0,0.0,0.0,0.0,0.0,0.0,0.0,0.0,0.0,0.0,0.0,0.0,0.0,0.0,0.0,0.0,0.0,0.0,0.0,0.0,0.0,0.0,0.0,0.0,0.0,0.0,0.0,0.0,0.0,0.0,0.0,0.0,0.0,0.0,0.0,0.0,0.0,0.0,0.0,0.0,0.0,0.0,0.0,0.0,0.0,0.0,0.0,0.0,0.0,0.0,0.0,0.0,0.0,0.0,0.0,0.0,0.0,0.0,0.0,0.0,0.0,0.0,0.0,0.0,0.0,0.0,0.0,0.0,0.0,0.0,0.0,0.0,0.0,0.0,0.0,0.0,0.0,0.0,0.0,0.0,0.0,0.0,0.0,0.0,0.0,0.0,0.0,0.0,0.0,0.0,0.0,0.0,0.0,0.0,0.0,0.0,0.0,0.0,0.0,0.0,0.0,0.0,0.0,0.0,0.0,0.0,0.0,0.0,0.0,0.0,0.0,0.0,0.0,0.0,0.0,0.0,0.0,0.0,0.0,0.0,0.0,0.0,0.0,0.0,0.0,0.0,0.0,0.0,0.0,0.0,0.0,0.0,0.0,0.0,0.0,0.0,0.0,0.0,0.0,0.0,0.0,0.0,0.0,0.0,0.0,0.0,0.0,0.0,0.0,0.0,0.0,0.0,0.0,0.0,0.0,0.0,0.0,0.0,0.0,0.0,0.0,0.0,0.0,0.0,0.0,0.0,0.0,0.0,0.0,0.0,0.0,0.0,0.0,0.0,0.0,0.0,0.0,0.0,0.0,0.0,0.0,0.0,0.0,0.5076958952022459,0.0,0.0,0.3608494014873877,0.0,0.0,0.0,0.0,0.0,0.0,0.0,0.0,0.0,0.0,0.0,0.0,0.0,0.0,0.0,0.0,0.0,0.0,0.0,0.0,0.0,0.0,0.0,0.0,0.0,0.0,0.0,0.0,0.0,0.0,0.0,0.0,0.0,0.0,0.0,0.0,0.0,0.0,0.0,0.0,0.0,0.0,0.0,0.0,0.0,0.0,0.0,0.0,0.0,0.0,0.0,0.0,0.0,0.0,0.0,0.0,0.0,0.0,0.0,0.0,0.0,0.0,0.0,0.0,0.0,0.0,0.0,0.0,0.0,0.0,0.0,0.0,0.0,0.0,0.0,0.0,0.0,0.0,0.0,0.0,0.0,0.0,0.0,0.0,0.0,0.0,0.0,0.0,0.0,0.0,0.0,0.0,0.0,0.0,0.0,0.0,0.0,0.0,0.0,0.0,0.0,0.0,0.0,0.0,0.0,0.0,0.0,0.0,0.0,0.0,0.0,0.0,0.0,0.0,0.0,0.0,0.0,0.0,0.0,0.0,0.0,0.0,0.0,0.0,0.0,0.0,0.0,0.0,0.0,0.0,0.0,0.0,0.0,0.0,0.0,0.0,0.0,0.0,0.0,0.0,0.0,0.0,0.0,0.0,0.0,0.0,0.0,0.0,0.0,0.0,0.0,0.0,0.0,0.0,0.0,0.0,0.0,0.0,0.0,0.0,0.0,0.0,0.0,0.0,0.0,0.0,0.0,0.0,0.0,0.0,0.0,0.0,0.0,0.0,0.0,0.0,0.0,0.0,0.0,0.0,0.0,0.0,0.0,0.0,0.0,0.0,0.0,0.0,0.0,0.0,0.0,0.0,0.0,0.0,0.0,0.0,0.0,0.0,0.0,0.0,0.0,0.0,0.0,0.0,0.0,0.0,0.0,0.0,0.0,0.0,0.0,0.0,0.0,0.0,0.0,0.0,0.0,0.0,0.0,0.0,0.0,0.0,0.0,0.0,0.0,0.0,0.0,0.0,0.0,0.0,0.0,0.0,0.0,0.0,0.0,0.0,0.0,0.0,0.5076958952022459,0.0,0.0,0.0,0.0,0.0,0.0,0.0,0.0,0.0,0.0,0.0,0.0,0.0,0.0,0.0,0.0,0.0,0.0,0.0,0.0,0.0,0.0,0.0,0.0,0.0,0.0,0.0,0.0,0.0,0.0,0.0,0.0,0.0,0.0,0.0,0.0,0.0,0.0,0.0,0.0,0.0,0.0,0.0,0.0,0.0,0.0,0.0,0.0,0.0,0.0,0.0,0.0,0.0,0.0,0.0,0.0,0.0,0.0,0.0,0.0,0.0,0.0,0.0,0.0,0.0,0.0,0.0,0.0,0.0,0.0,0.0,0.0,0.0,0.0,0.0,0.0,0.0,0.0,0.0,0.0,0.0,0.0,0.0,0.0,0.0,0.0,0.0,0.0,0.0,0.0,0.0,0.0,0.0,0.0,0.0,0.0,0.0,0.0,0.0,0.0,0.0,0.0,0.0,0.0,0.0,0.0,0.0,0.0,0.0,0.0,0.0,0.0,0.0,0.0,0.0,0.0,0.0,0.0,0.0,0.0,0.0,0.0,0.0,0.0,0.0,0.0,0.0,0.0,0.0,0.0,0.0,0.0,0.0,0.0,0.0,0.0,0.0,0.0,0.0,0.0,0.0,0.0,0.0,0.0,0.5952121180182528,0.0,0.0,0.0,0.0,0.0,0.0,0.0,0.0,0.0,0.0,0.0,0.0,0.0,0.0,0.0,0.0,0.0,0.0,0.0,0.0,0.0,0.0,0.0,0.0,0.0,0.0,0.0,0.0,0.0,0.0,0.0,0.0,0.0,0.0,0.0,0.0,0.0,0.0,0.0,0.0,0.0,0.0,0.0,0.0,0.0,0.0,0.0,0.0,0.0,0.0,0.0,0.0,0.0,0.0,0.0,0.0,0.0,0.0,0.0,0.0,0.0,0.0,0.0,0.0,0.0,0.0,0.0,0.0,0.0,0.0,0.0,0.0,0.0,0.0,0.0,0.0,0.0,0.0,0.0,0.0,0.0,0.0,0.0,0.0,0.0,0.0,0.0,0.0,0.0,0.0,0.0,0.0,0.0,0.0,0.0,0.0,0.0,0.0,0.0,0.0,0.0,0.0,0.0,0.0,0.0,0.0,0.0,0.0,0.0,0.0,0.0,0.0,0.0,0.0,0.0,0.0,0.0,0.0,0.0,0.0,0.0,0.0,0.0,0.0,0.0,0.0,0.0,0.0,0.0,0.0,0.0,0.0,0.0,0.0,0.0,0.0,0.0,0.0,0.0,0.0,0.0,0.0,0.0,0.0,0.0,0.0,0.0,0.0,0.0,0.0,0.0,0.0,0.0,0.0,0.0,0.0,0.0,0.0,0.0,0.0,0.0,0.0,0.0,0.0,0.0,0.0,0.0,0.0,0.0,0.0,0.0,0.0,0.0,0.0,0.0,0.0,0.0,0.0,0.0,0.0,0.0,0.0,0.0,0.0,0.0,0.0,0.0,0.0,0.0,0.0,0.0,0.0,0.0,0.0,0.0,0.0,0.0,0.0,0.0,0.0,0.0,0.0
SD2401267,20대,너희 집은 지금 오피스텔이잖아. 그 층간 소음 좀 있는 거 같아? 나 지금 7층 사는데 딱히 층간 소음은 없는 거 같은데 좀 그 아파트에 이상한 사람은 좀 있는 거 같더라. 왜냐하면은 우리가 집에 아무도 없는 상태였는데 갑자기 밑의 집에서 올라온다 아 그 밑의 집인가 어디서 막 신고가 들어왔다는 거야. 이 이 시간이 너무 시끄러웠었다고. 그래 가지고 그게 그게 꼭 밑의 집은 아니고 밑의 층은 아니었던 거 같은데 그런 사람이 좀 있어서 좀 뭐지 좀 조심해야겠다 이런 적은 있었어. 이런 적이 있어. 그리고 너는 지금 자취를 그 1곳에서만 했던 거야 이사 없이? 나도 지금 누나랑 같이 살라고 하면은 절대 못 살 거 같아. 누나랑 진짜 맞는 게 하나도 없단 말이야. 누나도 막 나도 새벽에 전화하면은 누나가 뭐라 하고. 어떨 때 누나가 새벽에 게임하면 또 나한테 이제 내가 이제 스트레스받고. 그래서 이제 만약에 내가 너처럼 그러니까 형제 같이 살라고 하면은 나는 못 살 거 같아. 그리고 그리고 그 이사를 좀 많이 다녔었는데 이사 다닐 때마다 이제 방이 있긴 한데 이게 크기가 이제 큰방 작은방이 있었단 말이야. 그래 가지고 누가 큰방 쓸 거냐 이런 거 때문에 또 엄청 싸운 적 싸웠었고 싸웠었던 거 같아. 그러면 본가도 그러면 지금 살던 데 쭉 계속 살고 있었던 거야 어릴 때부터? 나는 이제 어릴 때부터 정말 많이 다녔었는데 초등학교랑 중학교 때까지는 그래도 한동네 내에서 왔다 갔다 했던 거여서 좀 이제 이사하느라 좀 귀찮고 막 집 바뀌는 게 좀 불편 적응이 안 되 초반에 적응이 안 되는 게 있긴 했어도 이 친구들이랑 멀어진다 이런 거 없어서 괜찮았는데 중학교 3학년에서 이제 고등학교 때 한번 아예 학 그 학 우리 지금 다니는 학교 쪽으로 이사를 왔었단 말이야. 근데 그때 정말 좀 좋았던 친구들인데 완전 멀어지니까 그때 쪼끔 이제 스트레스를 받았었던 경험이 있고. 그래서 또 그래 가지고 이제 고등학교 1학년 때에서부터 2학년 때 또 이사를 가야 되는 상황이 된 거야. 근데 그래서 원래 다니던 고등학교 쪽으로 가려 했었는데 그러진 않고 이제 다시 원래 동네로 돌아갔었던 적이 있어. 나도 그런 전원주택에서 사는 꿈 같은 게 있었던 거 같아. 그 내가 직접 집을 만들고 아 설계해서 막 비밀 공간이나 아 이제 정말 큰 목욕탕이나 아니면 음 어떤 작업실 뭐 이런 걸 만들어 두고 싶다는 생각이 있었어. 만들고 싶다는. 그리 너 근데 지금 자취하고 있잖아. 그러면 그 가전제품 같은 거는 뭐 뭐 있어? 어 이러면 안 되는데. 나는 이제 본가에 살잖아. 어 집안일을 거의 다 안 하고 엄마가 하고 있어. 그러니까 설거지만 이제 내가 먹은 거 설거지하고 이제 그리고 옷 옷이나 분리수거 이런 거는 엄마 아빠가 거의 다 하는 거 같아. 그 자취하면서 이런 설거지나 분리수거 때문에 막 오빠랑 막 싸우거나 그러진 않아? 난 지금 너무 자취를 하고 싶어. 왜냐하면은 일단 난 이제 혼자가 편하단 말이야. 그래 가지고 이제 나만의 일상생활 패턴이 있는데 어쨌든 가족이랑 살면은 아무리 가족이라도 쪼금 지켜야 되는 게 있으니까 그런 게 이제 좀 나한테는 너무 좀 힘들고 내가 하고 싶은 것도 너무 제한이 되는 거 같아서 학교 근처에서 자취하고 싶다는 생각은 있는데 이게 자취도 어쨌든 돈이 많이 깨지니까 쉽사리 하진 못 하고 있고. 음 아마 군대 갔다 와서 자취를 할 수 있으면 하지 않을까 이런 생각이 있어. 음 너는 음 너희 집 인테리어는 혹시 어떻게 돼 있어? 음 우리 집은 이번에 새로 지은 아파트여 가지고 그냥 전체적으로 완전 깔끔한 느낌으로 지금 돼 있는데 이게 아파 이제 방 청소를 쪼끔만 안 해도 이제 옷가 방이 좀 좁아 가지고 옷도 막 의자 위에 올라가 있고 침대 위에 뭉쳐져 있고. 그래 가지고 인테리어는 깔끔한데 방 정리는 되게 안 돼 있는 거 같아. 그리고 또 새로 지은 아파트라 했잖아. 이게 요즘에 새로 지어서 그런가. 아파트가 되게 개성이 넘치더라고. 건물도 막 다 이 모습이 막 다르고. 막 저게 아파트 건물이야 이런 것도 있고. 그리고 처음에 이사 왔을 때 첫날인데 집을 못 찾겠는 거야. 왜냐하면은 보통 아파트 단지가 뭐 몇 호부터 몇 호 1에서 3 3에서 5 이렇게 순서대로 있는데 거기는 막 1에서 3이랑 17에서 19 이렇게 붙어 있고. 막 이상하게 다 붙어 있는 거야. 그래 가지고 처음 이사 갔을 때 그 아파트 단지 안에서 길 잃어 가지고 한 20분 30분 정도 헤맸던 기억이 있어. 너는 만약에 이제 앞으로 회사 다니고 할 거면은 하면은 혼자 살게 되면은 서울에서 계속 살고 싶어? 아니면은 대구? 이게 새로 지은 아파트여 가지고 이게 헬스장이나 도서관 뭐 어린이집 이런 게 입주된다는 얘기만 있고 아직은 인프라가 갖춰지진 못한 거 같아. 그래서 헬스장도 아마 생긴다곤 하는데 어 언제 생길진 잘 모르겠고. 그 아파트 단지 내에 도서관은 지금도 운영하고 있고. 그거 말고도 뭔가 주민들 휴식 공간이라고 하면서 건물이 몇 개 있더라고. 거기서 막 좀 차 같은 거 마시고 막 떠들면서 있는 아줌마들도 있고. 그 빈백 빈백도 있잖아. 그런 것도 아파트 단지 내에 몇 개 깔아둔 거야. 그래 가지고 거기서 좀 누워서 막 떠드는 사람들도 보고 이런 시설이 좀 있었어.,0.014965986394557823,0.02857142857142857,0.013605442176870748,0.0013605442176870747,0.005442176870748299,0.0027210884353741495,0.0027210884353741495,0.02312925170068027,0.0326530612244898,0.02040816326530612,0.004081632653061225,0.0163265306122449,0.0013605442176870747,0.005442176870748299,0.013605442176870748,0.0027210884353741495,0.004081632653061225,0.004081632653061225,0.024489795918367346,0.021768707482993196,0.0013605442176870747,0.0013605442176870747,0.005442176870748299,0.006802721088435374,0.0013605442176870747,0.004081632653061225,0.02040816326530612,0.0013605442176870747,0.0013605442176870747,0.009523809523809525,0.04353741496598639,0.0013605442176870747,0.005442176870748299,0.0013605442176870747,0.010884353741496598,0.005442176870748299,0.0013605442176870747,0.0027210884353741495,0.012244897959183673,0.0013605442176870747,0.0013605442176870747,0.006802721088435374,0.004081632653061225,0.0027210884353741495,0.027210884353741496,0.009523809523809525,0.010884353741496598,0.0013605442176870747,0.006802721088435374,0.024489795918367346,0.010884353741496598,0.0013605442176870747,0.006802721088435374,0.0027210884353741495,0.0013605442176870747,0.005442176870748299,0.0013605442176870747,0.0013605442176870747,0.0013605442176870747,0.006802721088435374,0.0013605442176870747,0.0027210884353741495,0.0013605442176870747,0.0027210884353741495,0.013605442176870748,0.0013605442176870747,0.006802721088435374,0.0013605442176870747,0.02857142857142857,0.0027210884353741495,0.0027210884353741495,0.0027210884353741495,0.005442176870748299,0.0013605442176870747,0.00816326530612245,0.004081632653061225,0.00816326530612245,0.0013605442176870747,0.005442176870748299,0.0027210884353741495,0.0013605442176870747,0.0013605442176870747,0.0027210884353741495,0.0013605442176870747,0.0013605442176870747,0.0013605442176870747,0.005442176870748299,0.0013605442176870747,0.005442176870748299,0.0027210884353741495,0.0013605442176870747,0.0027210884353741495,0.0027210884353741495,0.005442176870748299,0.004081632653061225,0.0013605442176870747,0.0027210884353741495,0.0013605442176870747,0.0013605442176870747,0.0013605442176870747,0.005442176870748299,0.004081632653061225,0.0013605442176870747,0.0013605442176870747,0.0013605442176870747,0.0027210884353741495,0.009523809523809525,0.014965986394557823,0.0013605442176870747,0.0013605442176870747,0.0013605442176870747,0.0027210884353741495,0.0013605442176870747,0.004081632653061225,0.0013605442176870747,0.004081632653061225,0.0013605442176870747,0.0013605442176870747,0.0027210884353741495,0.0027210884353741495,0.0027210884353741495,0.0013605442176870747,0.0013605442176870747,0.0027210884353741495,0.0027210884353741495,0.0013605442176870747,0.0027210884353741495,0.0013605442176870747,0.0027210884353741495,0.0013605442176870747,0.0013605442176870747,0.0013605442176870747,0.0013605442176870747,0.0013605442176870747,0.0013605442176870747,0.0013605442176870747,0.005442176870748299,0.004081632653061225,0.0013605442176870747,0.0013605442176870747,0.0027210884353741495,0.0027210884353741495,0.0013605442176870747,0.0013605442176870747,0.0013605442176870747,0.004081632653061225,0.0013605442176870747,0.0013605442176870747,0.004081632653061225,0.0013605442176870747,0.0027210884353741495,0.005442176870748299,0.0027210884353741495,0.004081632653061225,0.0013605442176870747,0.005442176870748299,0.0027210884353741495,0.0013605442176870747,0.0013605442176870747,0.0013605442176870747,0.0013605442176870747,0.0027210884353741495,0.0013605442176870747,0.0013605442176870747,0.0013605442176870747,0.0013605442176870747,0.0013605442176870747,0.0027210884353741495,0.0027210884353741495,0.0013605442176870747,0.0013605442176870747,0.0013605442176870747,0.0013605442176870747,0.0013605442176870747,0.0013605442176870747,0.0013605442176870747,0.0013605442176870747,0.0013605442176870747,0.0013605442176870747,0.0013605442176870747,0.0027210884353741495,0.0013605442176870747,0.0027210884353741495,0.0013605442176870747,0.0013605442176870747,0.005442176870748299,0.005442176870748299,0.005442176870748299,0.0013605442176870747,0.0013605442176870747,0.0013605442176870747,0.0013605442176870747,0.0013605442176870747,0.0013605442176870747,0.0013605442176870747,0.0027210884353741495,0.0013605442176870747,0.0013605442176870747,0.0013605442176870747,0.0013605442176870747,0.0027210884353741495,0.0013605442176870747,0.0013605442176870747,0.0013605442176870747,0.004081632653061225,0.0013605442176870747,0.0013605442176870747,0.0013605442176870747,0.0013605442176870747,0.0027210884353741495,0.0013605442176870747,0.0013605442176870747,0.0013605442176870747,0.005442176870748299,0.0027210884353741495,0.0013605442176870747,0.0013605442176870747,0.0027210884353741495,0.0013605442176870747,0.0013605442176870747,0.0013605442176870747,0.0013605442176870747,0.0013605442176870747,0.0013605442176870747,0.0013605442176870747,0.0013605442176870747,0.0013605442176870747,0.0013605442176870747,0.0027210884353741495,0.0027210884353741495,0.0013605442176870747,0.0013605442176870747,0.0013605442176870747,0.0013605442176870747,0.0013605442176870747,0.0013605442176870747,0.0013605442176870747,0.0013605442176870747,0.0027210884353741495,0.0013605442176870747,0.0013605442176870747,0.0013605442176870747,0.0013605442176870747,0.0013605442176870747,0.0013605442176870747,0.0013605442176870747,0.0013605442176870747,0.0013605442176870747,0.0013605442176870747,0.0013605442176870747,0.0027210884353741495,0.0013605442176870747,0.0013605442176870747,0.0013605442176870747,0.0013605442176870747,0.0013605442176870747,0.0013605442176870747,0.0013605442176870747,0.0,0.0,0.0,0.0,0.0,0.0,0.0,0.0,0.0,0.0,0.0,0.0,0.0,0.0,0.0,0.0,0.0,0.0,0.0,0.0,0.0,0.0,0.0,0.0,0.0,0.0,0.0,0.0,0.0,0.0,0.0,0.0,0.0,0.0,0.0,0.0,0.0,0.0,0.0,0.0,0.0,0.0,0.0,0.0,0.0,0.0,0.0,0.0,0.0,0.0,0.0,0.0,0.0,0.0,0.0,0.0,0.0,0.0,0.0,0.0,0.0,0.0,0.0,0.0,0.0,0.0,0.0,0.0,0.0,0.0,0.0,0.0,0.0,0.0,0.0,0.0,0.0,0.0,0.0,0.0,0.0,0.0,0.0,0.0,0.0,0.0,0.0,0.0,0.0,0.0,0.0,0.0,0.0,0.0,0.0,0.0,0.0,0.0,0.0,0.0,0.0,0.0,0.0,0.0,0.0,0.0,0.0,0.0,0.0,0.0,0.0,0.0,0.0,0.0,0.0,0.0,0.0,0.0,0.0,0.0,0.0,0.0,0.0,0.0,0.0,0.0,0.0,0.0,0.0,0.0,0.0,0.0,0.0,0.0,0.0,0.0,0.0,0.0,0.0,0.0,0.0,0.0,0.0,0.0,0.0,0.0,0.0,0.0,0.0,0.0,0.0,0.0,0.0,0.0,0.0,0.0,0.0,0.0,0.0,0.0,0.0,0.0,0.0,0.0,0.0,0.0,0.0,0.0,0.0,0.0,0.0,0.0,0.0,0.0,0.0,0.0,0.0,0.0,0.0,0.0,0.0,0.0,0.0,0.0,0.0,0.0,0.0,0.0,0.0,0.0,0.0,0.0,0.0,0.0,0.0,0.0,0.0,0.0,0.0,0.0,0.0,0.0,0.0,0.0,0.0,0.0,0.0,0.0,0.0,0.0,0.0,0.0,0.0,0.0,0.0,0.0,0.0,0.0,0.0,0.0,0.0,0.0,0.0,0.0,0.0,0.0,0.0,0.0,0.0,0.0,0.0,0.0,0.0,0.0,0.0,0.0,0.0,0.3103200632522698,0.0,0.0,0.0,0.0,0.0,0.0,0.0,0.0,0.0,0.0,0.0,0.0,0.0,0.0,0.0,0.0,0.0,0.0,0.0,0.0,0.0,0.0,0.0,0.0,0.0,0.0,0.0,0.0,0.0,0.0,0.0,0.0,0.0,0.0,0.0,0.0,0.0,0.0,0.0,0.0,0.0,0.0,0.0,0.0,0.0,0.0,0.0,0.0,0.0,0.0,0.0,0.24157918269238257,0.0,0.0,0.0,0.3444245125315607,0.0,0.0,0.0,0.0,0.0,0.0,0.0,0.0,0.0,0.0,0.0,0.0,0.0,0.0,0.0,0.0,0.0,0.0,0.0,0.0,0.0,0.0,0.0,0.0,0.0,0.0,0.0,0.0,0.0,0.0,0.0,0.0,0.0,0.0,0.0,0.0,0.0,0.0,0.0,0.0,0.0,0.26404320915044943,0.0,0.0,0.0,0.0,0.0,0.0,0.0,0.0,0.0,0.0,0.0,0.0,0.0,0.0,0.37149473683246964,0.0,0.0,0.0,0.0,0.0,0.0,0.0,0.0,0.0,0.0,0.0,0.0,0.0,0.0,0.0,0.0,0.0,0.0,0.0,0.0,0.0,0.0,0.0,0.0,0.0,0.0,0.0,0.0,0.0,0.0,0.0,0.0,0.0,0.0,0.0,0.0,0.0,0.0,0.0,0.0,0.0,0.0,0.0,0.0,0.0,0.0,0.0,0.0,0.0,0.0,0.0,0.0,0.0,0.0,0.0,0.0,0.0,0.0,0.0,0.0,0.0,0.0,0.0,0.0,0.0,0.0,0.0,0.0,0.0,0.0,0.0,0.0,0.0,0.0,0.0,0.0,0.0,0.0,0.0,0.0,0.0,0.0,0.0,0.0,0.0,0.0,0.0,0.0,0.0,0.0,0.0,0.0,0.0,0.0,0.3444245125315607,0.0,0.0,0.0,0.0,0.0,0.0,0.0,0.0,0.0,0.0,0.0,0.0,0.0,0.0,0.0,0.0,0.0,0.0,0.0,0.0,0.0,0.0,0.0,0.0,0.0,0.0,0.0,0.0,0.0,0.0,0.0,0.0,0.0,0.0,0.0,0.0,0.0,0.0,0.0,0.0,0.0,0.0,0.0,0.0,0.0,0.0,0.0,0.0,0.0,0.0,0.0,0.0,0.0,0.0,0.0,0.0,0.0,0.0,0.0,0.0,0.0,0.0,0.0,0.0,0.0,0.0,0.0,0.0,0.0,0.0,0.0,0.0,0.0,0.0,0.0,0.0,0.0,0.0,0.0,0.0,0.0,0.0,0.0,0.0,0.0,0.0,0.0,0.0,0.3444245125315607,0.0,0.0,0.0,0.0,0.0,0.0,0.0,0.0,0.0,0.0,0.0,0.0,0.0,0.0,0.0,0.0,0.0,0.0,0.0,0.0,0.0,0.0,0.0,0.0,0.0,0.0,0.0,0.0,0.0,0.0,0.0,0.0,0.0,0.0,0.0,0.0,0.0,0.0,0.0,0.0,0.0,0.0,0.0,0.0,0.0,0.0,0.0,0.0,0.0,0.0,0.0,0.0,0.0,0.0,0.0,0.0,0.0,0.0,0.0,0.0,0.0,0.0,0.0,0.0,0.0,0.0,0.0,0.0,0.0,0.0,0.0,0.0,0.0,0.0,0.0,0.0,0.0,0.0,0.0,0.0,0.0,0.0,0.0,0.0,0.0,0.0,0.0,0.0,0.0,0.0,0.0,0.0,0.0,0.0,0.0,0.0,0.0,0.0,0.0,0.0,0.0,0.0,0.0,0.0,0.0,0.0,0.0,0.0,0.0,0.0,0.0,0.0,0.0,0.0,0.0,0.0,0.0,0.0,0.0,0.0,0.0,0.0,0.0,0.0,0.0,0.0,0.0,0.0,0.0,0.0,0.0,0.0,0.0,0.0,0.0,0.0,0.0,0.0,0.0,0.0,0.0,0.0,0.0,0.0,0.0,0.0,0.0,0.0,0.0,0.0,0.0,0.0,0.0,0.0,0.0,0.0,0.0,0.0,0.0,0.0,0.0,0.0,0.0,0.0,0.0,0.0,0.0,0.0,0.0,0.0,0.0,0.0,0.0,0.0,0.0,0.0,0.0,0.0,0.0,0.0,0.0,0.0,0.0,0.0,0.21776635504862904,0.0,0.0,0.0,0.0,0.0,0.0,0.0,0.0,0.0,0.0,0.0,0.0,0.0,0.0,0.0,0.0,0.0,0.0,0.0,0.0,0.0,0.0,0.0,0.0,0.0,0.0,0.0,0.0,0.0,0.0,0.0,0.0,0.0,0.0,0.0,0.0,0.0,0.0,0.0,0.0,0.0,0.0,0.0,0.0,0.0,0.0,0.0,0.0,0.0,0.0,0.0,0.0,0.0,0.0,0.0,0.0,0.0,0.0,0.0,0.0,0.0,0.0,0.0,0.0,0.0,0.0,0.0,0.0,0.0,0.0,0.0,0.0,0.0,0.0,0.0,0.0,0.0,0.0,0.0,0.0,0.0,0.0,0.0,0.0,0.0,0.0,0.0,0.0,0.0,0.0,0.0,0.0,0.0,0.0,0.0,0.0,0.0,0.0,0.0,0.0,0.0,0.0,0.0,0.0,0.0,0.0,0.0,0.0,0.0,0.0,0.0,0.0,0.0,0.0,0.0,0.0,0.0,0.0,0.0,0.0,0.0,0.0,0.0,0.0,0.0,0.0,0.0,0.0,0.0,0.0,0.0,0.0,0.0,0.0,0.0,0.0,0.0,0.0,0.0,0.0,0.0,0.0,0.0,0.0,0.0,0.0,0.0,0.0,0.0,0.0,0.0,0.0,0.0,0.0,0.0,0.0,0.0,0.0,0.3103200632522698,0.0,0.0,0.0,0.0,0.0,0.0,0.0,0.0,0.0,0.0,0.0,0.0,0.0,0.0,0.0,0.0,0.0,0.0,0.0,0.0,0.0,0.0,0.0,0.0,0.0,0.37149473683246964,0.0,0.0,0.0,0.0,0.0,0.0,0.0,0.0,0.0,0.0,0.0,0.0,0.0,0.0,0.0,0.0,0.0
SD2401267,20대,너희 집은 지금 오피스텔이잖아. 그 층간 소음 좀 있는 거 같아? 나 지금 7층 사는데 딱히 층간 소음은 없는 거 같은데 좀 그 아파트에 이상한 사람은 좀 있는 거 같더라. 왜냐하면은 우리가 집에 아무도 없는 상태였는데 갑자기 밑의 집에서 올라온다 아 그 밑의 집인가 어디서 막 신고가 들어왔다는 거야. 이 이 시간이 너무 시끄러웠었다고. 그래 가지고 그게 그게 꼭 밑의 집은 아니고 밑의 층은 아니었던 거 같은데 그런 사람이 좀 있어서 좀 뭐지 좀 조심해야겠다 이런 적은 있었어. 이런 적이 있어. 그리고 너는 지금 자취를 그 1곳에서만 했던 거야 이사 없이? 나도 지금 누나랑 같이 살라고 하면은 절대 못 살 거 같아. 누나랑 진짜 맞는 게 하나도 없단 말이야. 누나도 막 나도 새벽에 전화하면은 누나가 뭐라 하고. 어떨 때 누나가 새벽에 게임하면 또 나한테 이제 내가 이제 스트레스받고. 그래서 이제 만약에 내가 너처럼 그러니까 형제 같이 살라고 하면은 나는 못 살 거 같아. 그리고 그리고 그 이사를 좀 많이 다녔었는데 이사 다닐 때마다 이제 방이 있긴 한데 이게 크기가 이제 큰방 작은방이 있었단 말이야. 그래 가지고 누가 큰방 쓸 거냐 이런 거 때문에 또 엄청 싸운 적 싸웠었고 싸웠었던 거 같아. 그러면 본가도 그러면 지금 살던 데 쭉 계속 살고 있었던 거야 어릴 때부터? 나는 이제 어릴 때부터 정말 많이 다녔었는데 초등학교랑 중학교 때까지는 그래도 한동네 내에서 왔다 갔다 했던 거여서 좀 이제 이사하느라 좀 귀찮고 막 집 바뀌는 게 좀 불편 적응이 안 되 초반에 적응이 안 되는 게 있긴 했어도 이 친구들이랑 멀어진다 이런 거 없어서 괜찮았는데 중학교 3학년에서 이제 고등학교 때 한번 아예 학 그 학 우리 지금 다니는 학교 쪽으로 이사를 왔었단 말이야. 근데 그때 정말 좀 좋았던 친구들인데 완전 멀어지니까 그때 쪼끔 이제 스트레스를 받았었던 경험이 있고. 그래서 또 그래 가지고 이제 고등학교 1학년 때에서부터 2학년 때 또 이사를 가야 되는 상황이 된 거야. 근데 그래서 원래 다니던 고등학교 쪽으로 가려 했었는데 그러진 않고 이제 다시 원래 동네로 돌아갔었던 적이 있어. 나도 그런 전원주택에서 사는 꿈 같은 게 있었던 거 같아. 그 내가 직접 집을 만들고 아 설계해서 막 비밀 공간이나 아 이제 정말 큰 목욕탕이나 아니면 음 어떤 작업실 뭐 이런 걸 만들어 두고 싶다는 생각이 있었어. 만들고 싶다는. 그리 너 근데 지금 자취하고 있잖아. 그러면 그 가전제품 같은 거는 뭐 뭐 있어? 어 이러면 안 되는데. 나는 이제 본가에 살잖아. 어 집안일을 거의 다 안 하고 엄마가 하고 있어. 그러니까 설거지만 이제 내가 먹은 거 설거지하고 이제 그리고 옷 옷이나 분리수거 이런 거는 엄마 아빠가 거의 다 하는 거 같아. 그 자취하면서 이런 설거지나 분리수거 때문에 막 오빠랑 막 싸우거나 그러진 않아? 난 지금 너무 자취를 하고 싶어. 왜냐하면은 일단 난 이제 혼자가 편하단 말이야. 그래 가지고 이제 나만의 일상생활 패턴이 있는데 어쨌든 가족이랑 살면은 아무리 가족이라도 쪼금 지켜야 되는 게 있으니까 그런 게 이제 좀 나한테는 너무 좀 힘들고 내가 하고 싶은 것도 너무 제한이 되는 거 같아서 학교 근처에서 자취하고 싶다는 생각은 있는데 이게 자취도 어쨌든 돈이 많이 깨지니까 쉽사리 하진 못 하고 있고. 음 아마 군대 갔다 와서 자취를 할 수 있으면 하지 않을까 이런 생각이 있어. 음 너는 음 너희 집 인테리어는 혹시 어떻게 돼 있어? 음 우리 집은 이번에 새로 지은 아파트여 가지고 그냥 전체적으로 완전 깔끔한 느낌으로 지금 돼 있는데 이게 아파 이제 방 청소를 쪼끔만 안 해도 이제 옷가 방이 좀 좁아 가지고 옷도 막 의자 위에 올라가 있고 침대 위에 뭉쳐져 있고. 그래 가지고 인테리어는 깔끔한데 방 정리는 되게 안 돼 있는 거 같아. 그리고 또 새로 지은 아파트라 했잖아. 이게 요즘에 새로 지어서 그런가. 아파트가 되게 개성이 넘치더라고. 건물도 막 다 이 모습이 막 다르고. 막 저게 아파트 건물이야 이런 것도 있고. 그리고 처음에 이사 왔을 때 첫날인데 집을 못 찾겠는 거야. 왜냐하면은 보통 아파트 단지가 뭐 몇 호부터 몇 호 1에서 3 3에서 5 이렇게 순서대로 있는데 거기는 막 1에서 3이랑 17에서 19 이렇게 붙어 있고. 막 이상하게 다 붙어 있는 거야. 그래 가지고 처음 이사 갔을 때 그 아파트 단지 안에서 길 잃어 가지고 한 20분 30분 정도 헤맸던 기억이 있어. 너는 만약에 이제 앞으로 회사 다니고 할 거면은 하면은 혼자 살게 되면은 서울에서 계속 살고 싶어? 아니면은 대구? 이게 새로 지은 아파트여 가지고 이게 헬스장이나 도서관 뭐 어린이집 이런 게 입주된다는 얘기만 있고 아직은 인프라가 갖춰지진 못한 거 같아. 그래서 헬스장도 아마 생긴다곤 하는데 어 언제 생길진 잘 모르겠고. 그 아파트 단지 내에 도서관은 지금도 운영하고 있고. 그거 말고도 뭔가 주민들 휴식 공간이라고 하면서 건물이 몇 개 있더라고. 거기서 막 좀 차 같은 거 마시고 막 떠들면서 있는 아줌마들도 있고. 그 빈백 빈백도 있잖아. 그런 것도 아파트 단지 내에 몇 개 깔아둔 거야. 그래 가지고 거기서 좀 누워서 막 떠드는 사람들도 보고 이런 시설이 좀 있었어.,0.014965986394557823,0.02857142857142857,0.013605442176870748,0.0013605442176870747,0.005442176870748299,0.0027210884353741495,0.0027210884353741495,0.02312925170068027,0.0326530612244898,0.02040816326530612,0.004081632653061225,0.0163265306122449,0.0013605442176870747,0.005442176870748299,0.013605442176870748,0.0027210884353741495,0.004081632653061225,0.004081632653061225,0.024489795918367346,0.021768707482993196,0.0013605442176870747,0.0013605442176870747,0.005442176870748299,0.006802721088435374,0.0013605442176870747,0.004081632653061225,0.02040816326530612,0.0013605442176870747,0.0013605442176870747,0.009523809523809525,0.04353741496598639,0.0013605442176870747,0.005442176870748299,0.0013605442176870747,0.010884353741496598,0.005442176870748299,0.0013605442176870747,0.0027210884353741495,0.012244897959183673,0.0013605442176870747,0.0013605442176870747,0.006802721088435374,0.004081632653061225,0.0027210884353741495,0.027210884353741496,0.009523809523809525,0.010884353741496598,0.0013605442176870747,0.006802721088435374,0.024489795918367346,0.010884353741496598,0.0013605442176870747,0.006802721088435374,0.0027210884353741495,0.0013605442176870747,0.005442176870748299,0.0013605442176870747,0.0013605442176870747,0.0013605442176870747,0.006802721088435374,0.0013605442176870747,0.0027210884353741495,0.0013605442176870747,0.0027210884353741495,0.013605442176870748,0.0013605442176870747,0.006802721088435374,0.0013605442176870747,0.02857142857142857,0.0027210884353741495,0.0027210884353741495,0.0027210884353741495,0.005442176870748299,0.0013605442176870747,0.00816326530612245,0.004081632653061225,0.00816326530612245,0.0013605442176870747,0.005442176870748299,0.0027210884353741495,0.0013605442176870747,0.0013605442176870747,0.0027210884353741495,0.0013605442176870747,0.0013605442176870747,0.0013605442176870747,0.005442176870748299,0.0013605442176870747,0.005442176870748299,0.0027210884353741495,0.0013605442176870747,0.0027210884353741495,0.0027210884353741495,0.005442176870748299,0.004081632653061225,0.0013605442176870747,0.0027210884353741495,0.0013605442176870747,0.0013605442176870747,0.0013605442176870747,0.005442176870748299,0.004081632653061225,0.0013605442176870747,0.0013605442176870747,0.0013605442176870747,0.0027210884353741495,0.009523809523809525,0.014965986394557823,0.0013605442176870747,0.0013605442176870747,0.0013605442176870747,0.0027210884353741495,0.0013605442176870747,0.004081632653061225,0.0013605442176870747,0.004081632653061225,0.0013605442176870747,0.0013605442176870747,0.0027210884353741495,0.0027210884353741495,0.0027210884353741495,0.0013605442176870747,0.0013605442176870747,0.0027210884353741495,0.0027210884353741495,0.0013605442176870747,0.0027210884353741495,0.0013605442176870747,0.0027210884353741495,0.0013605442176870747,0.0013605442176870747,0.0013605442176870747,0.0013605442176870747,0.0013605442176870747,0.0013605442176870747,0.0013605442176870747,0.005442176870748299,0.004081632653061225,0.0013605442176870747,0.0013605442176870747,0.0027210884353741495,0.0027210884353741495,0.0013605442176870747,0.0013605442176870747,0.0013605442176870747,0.004081632653061225,0.0013605442176870747,0.0013605442176870747,0.004081632653061225,0.0013605442176870747,0.0027210884353741495,0.005442176870748299,0.0027210884353741495,0.004081632653061225,0.0013605442176870747,0.005442176870748299,0.0027210884353741495,0.0013605442176870747,0.0013605442176870747,0.0013605442176870747,0.0013605442176870747,0.0027210884353741495,0.0013605442176870747,0.0013605442176870747,0.0013605442176870747,0.0013605442176870747,0.0013605442176870747,0.0027210884353741495,0.0027210884353741495,0.0013605442176870747,0.0013605442176870747,0.0013605442176870747,0.0013605442176870747,0.0013605442176870747,0.0013605442176870747,0.0013605442176870747,0.0013605442176870747,0.0013605442176870747,0.0013605442176870747,0.0013605442176870747,0.0027210884353741495,0.0013605442176870747,0.0027210884353741495,0.0013605442176870747,0.0013605442176870747,0.005442176870748299,0.005442176870748299,0.005442176870748299,0.0013605442176870747,0.0013605442176870747,0.0013605442176870747,0.0013605442176870747,0.0013605442176870747,0.0013605442176870747,0.0013605442176870747,0.0027210884353741495,0.0013605442176870747,0.0013605442176870747,0.0013605442176870747,0.0013605442176870747,0.0027210884353741495,0.0013605442176870747,0.0013605442176870747,0.0013605442176870747,0.004081632653061225,0.0013605442176870747,0.0013605442176870747,0.0013605442176870747,0.0013605442176870747,0.0027210884353741495,0.0013605442176870747,0.0013605442176870747,0.0013605442176870747,0.005442176870748299,0.0027210884353741495,0.0013605442176870747,0.0013605442176870747,0.0027210884353741495,0.0013605442176870747,0.0013605442176870747,0.0013605442176870747,0.0013605442176870747,0.0013605442176870747,0.0013605442176870747,0.0013605442176870747,0.0013605442176870747,0.0013605442176870747,0.0013605442176870747,0.0027210884353741495,0.0027210884353741495,0.0013605442176870747,0.0013605442176870747,0.0013605442176870747,0.0013605442176870747,0.0013605442176870747,0.0013605442176870747,0.0013605442176870747,0.0013605442176870747,0.0027210884353741495,0.0013605442176870747,0.0013605442176870747,0.0013605442176870747,0.0013605442176870747,0.0013605442176870747,0.0013605442176870747,0.0013605442176870747,0.0013605442176870747,0.0013605442176870747,0.0013605442176870747,0.0013605442176870747,0.0027210884353741495,0.0013605442176870747,0.0013605442176870747,0.0013605442176870747,0.0013605442176870747,0.0013605442176870747,0.0013605442176870747,0.0013605442176870747,0.0,0.0,0.0,0.0,0.0,0.0,0.0,0.0,0.0,0.0,0.0,0.0,0.0,0.0,0.0,0.0,0.0,0.0,0.0,0.0,0.0,0.0,0.0,0.0,0.0,0.0,0.0,0.0,0.0,0.0,0.0,0.0,0.0,0.0,0.0,0.0,0.0,0.0,0.0,0.0,0.0,0.0,0.0,0.0,0.0,0.0,0.0,0.0,0.0,0.0,0.0,0.0,0.0,0.0,0.0,0.0,0.0,0.0,0.0,0.0,0.0,0.0,0.0,0.0,0.0,0.0,0.0,0.0,0.0,0.0,0.0,0.0,0.0,0.0,0.0,0.0,0.0,0.0,0.0,0.0,0.0,0.0,0.0,0.0,0.0,0.0,0.0,0.0,0.0,0.0,0.0,0.0,0.0,0.0,0.0,0.0,0.0,0.0,0.0,0.0,0.0,0.0,0.0,0.0,0.0,0.0,0.0,0.0,0.0,0.0,0.0,0.0,0.0,0.0,0.0,0.0,0.0,0.0,0.0,0.0,0.0,0.0,0.0,0.0,0.0,0.0,0.0,0.0,0.0,0.0,0.0,0.0,0.0,0.0,0.0,0.0,0.0,0.0,0.0,0.0,0.0,0.0,0.0,0.0,0.0,0.0,0.0,0.0,0.0,0.0,0.0,0.0,0.0,0.0,0.0,0.0,0.0,0.0,0.0,0.0,0.0,0.0,0.0,0.0,0.0,0.0,0.0,0.0,0.0,0.0,0.0,0.0,0.0,0.0,0.0,0.0,0.0,0.0,0.0,0.0,0.0,0.0,0.0,0.0,0.0,0.0,0.0,0.0,0.0,0.0,0.0,0.0,0.0,0.0,0.0,0.0,0.0,0.0,0.0,0.0,0.0,0.0,0.0,0.0,0.0,0.0,0.0,0.0,0.0,0.0,0.0,0.0,0.0,0.0,0.0,0.0,0.0,0.0,0.0,0.0,0.0,0.0,0.0,0.0,0.0,0.0,0.0,0.0,0.0,0.0,0.0,0.0,0.0,0.632210387588075,0.0,0.0,0.0,0.0,0.0,0.0,0.0,0.0,0.0,0.0,0.0,0.0,0.0,0.0,0.0,0.0,0.0,0.0,0.0,0.0,0.0,0.0,0.0,0.0,0.0,0.0,0.0,0.0,0.0,0.0,0.0,0.0,0.0,0.0,0.0,0.0,0.0,0.0,0.0,0.0,0.0,0.0,0.0,0.0,0.0,0.0,0.0,0.0,0.0,0.0,0.0,0.0,0.0,0.0,0.0,0.0,0.0,0.0,0.0,0.0,0.0,0.0,0.0,0.0,0.0,0.0,0.0,0.0,0.0,0.0,0.0,0.0,0.0,0.0,0.0,0.0,0.0,0.0,0.0,0.0,0.0,0.0,0.0,0.0,0.0,0.0,0.0,0.0,0.0,0.0,0.0,0.7747967642070637,0.0,0.0,0.0,0.0,0.0,0.0,0.0,0.0,0.0,0.0,0.0,0.0,0.0,0.0,0.0,0.0,0.0,0.0,0.0,0.0,0.0,0.0,0.0,0.0,0.0,0.0,0.0,0.0,0.0,0.0,0.0,0.0,0.0,0.0,0.0,0.0,0.0,0.0,0.0,0.0,0.0,0.0,0.0,0.0,0.0,0.0,0.0,0.0,0.0,0.0,0.0,0.0,0.0,0.0,0.0,0.0,0.0,0.0,0.0,0.0,0.0,0.0,0.0,0.0,0.0,0.0,0.0,0.0,0.0,0.0,0.0,0.0,0.0,0.0,0.0,0.0,0.0,0.0,0.0,0.0,0.0,0.0,0.0,0.0,0.0,0.0,0.0,0.0,0.0,0.0,0.0,0.0,0.0,0.0,0.0,0.0,0.0,0.0,0.0,0.0,0.0,0.0,0.0,0.0,0.0,0.0,0.0,0.0,0.0,0.0,0.0,0.0,0.0,0.0,0.0,0.0,0.0,0.0,0.0,0.0,0.0,0.0,0.0,0.0,0.0,0.0,0.0,0.0,0.0,0.0,0.0,0.0,0.0,0.0,0.0,0.0,0.0,0.0,0.0,0.0,0.0,0.0,0.0,0.0,0.0,0.0,0.0,0.0,0.0,0.0,0.0,0.0,0.0,0.0,0.0,0.0,0.0,0.0,0.0,0.0,0.0,0.0,0.0,0.0,0.0,0.0,0.0,0.0,0.0,0.0,0.0,0.0,0.0,0.0,0.0,0.0,0.0,0.0,0.0,0.0,0.0,0.0,0.0,0.0,0.0,0.0,0.0,0.0,0.0,0.0,0.0,0.0,0.0,0.0,0.0,0.0,0.0,0.0,0.0,0.0,0.0,0.0,0.0,0.0,0.0,0.0,0.0,0.0,0.0,0.0,0.0,0.0,0.0,0.0,0.0,0.0,0.0,0.0,0.0,0.0,0.0,0.0,0.0,0.0,0.0,0.0,0.0,0.0,0.0,0.0,0.0,0.0,0.0,0.0,0.0,0.0,0.0,0.0,0.0,0.0,0.0,0.0,0.0,0.0,0.0,0.0,0.0,0.0,0.0,0.0,0.0,0.0,0.0,0.0,0.0,0.0,0.0,0.0,0.0,0.0,0.0,0.0,0.0,0.0,0.0,0.0,0.0,0.0,0.0,0.0,0.0,0.0,0.0,0.0,0.0,0.0,0.0,0.0,0.0,0.0,0.0,0.0,0.0,0.0,0.0,0.0,0.0,0.0,0.0,0.0,0.0,0.0,0.0,0.0,0.0,0.0,0.0,0.0,0.0,0.0,0.0,0.0,0.0,0.0,0.0,0.0,0.0,0.0,0.0,0.0,0.0,0.0,0.0,0.0,0.0,0.0,0.0,0.0,0.0,0.0,0.0,0.0,0.0,0.0,0.0,0.0,0.0,0.0,0.0,0.0,0.0,0.0,0.0,0.0,0.0,0.0,0.0,0.0,0.0,0.0,0.0,0.0,0.0,0.0,0.0,0.0,0.0,0.0,0.0,0.0,0.0,0.0,0.0,0.0,0.0,0.0,0.0,0.0,0.0,0.0,0.0,0.0,0.0,0.0,0.0,0.0,0.0,0.0,0.0,0.0,0.0,0.0,0.0,0.0,0.0,0.0,0.0,0.0,0.0,0.0,0.0,0.0,0.0,0.0,0.0,0.0,0.0,0.0,0.0,0.0,0.0,0.0,0.0,0.0,0.0,0.0,0.0,0.0,0.0,0.0,0.0,0.0,0.0,0.0,0.0,0.0,0.0,0.0,0.0,0.0,0.0,0.0,0.0,0.0,0.0,0.0,0.0,0.0,0.0,0.0,0.0,0.0,0.0,0.0,0.0,0.0,0.0,0.0,0.0,0.0,0.0,0.0,0.0,0.0,0.0,0.0,0.0,0.0,0.0,0.0,0.0,0.0,0.0,0.0,0.0,0.0,0.0,0.0,0.0,0.0,0.0,0.0,0.0,0.0,0.0,0.0,0.0,0.0,0.0,0.0,0.0,0.0,0.0,0.0,0.0,0.0,0.0,0.0,0.0,0.0,0.0,0.0,0.0,0.0,0.0,0.0,0.0,0.0,0.0,0.0,0.0,0.0,0.0,0.0,0.0,0.0,0.0,0.0,0.0,0.0,0.0,0.0,0.0,0.0,0.0,0.0,0.0,0.0,0.0,0.0,0.0,0.0,0.0,0.0,0.0,0.0,0.0,0.0,0.0,0.0,0.0,0.0,0.0,0.0,0.0,0.0,0.0,0.0,0.0,0.0,0.0,0.0,0.0,0.0,0.0,0.0,0.0,0.0,0.0,0.0,0.0,0.0,0.0,0.0,0.0,0.0,0.0,0.0,0.0,0.0,0.0,0.0,0.0,0.0,0.0,0.0,0.0,0.0,0.0,0.0,0.0,0.0,0.0,0.0,0.0,0.0,0.0,0.0,0.0,0.0,0.0,0.0,0.0,0.0,0.0,0.0,0.0,0.0,0.0,0.0,0.0,0.0,0.0,0.0,0.0,0.0,0.0,0.0,0.0,0.0,0.0,0.0,0.0,0.0,0.0,0.0,0.0,0.0,0.0,0.0,0.0,0.0,0.0,0.0,0.0,0.0
SD2401267,20대,너희 집은 지금 오피스텔이잖아. 그 층간 소음 좀 있는 거 같아? 나 지금 7층 사는데 딱히 층간 소음은 없는 거 같은데 좀 그 아파트에 이상한 사람은 좀 있는 거 같더라. 왜냐하면은 우리가 집에 아무도 없는 상태였는데 갑자기 밑의 집에서 올라온다 아 그 밑의 집인가 어디서 막 신고가 들어왔다는 거야. 이 이 시간이 너무 시끄러웠었다고. 그래 가지고 그게 그게 꼭 밑의 집은 아니고 밑의 층은 아니었던 거 같은데 그런 사람이 좀 있어서 좀 뭐지 좀 조심해야겠다 이런 적은 있었어. 이런 적이 있어. 그리고 너는 지금 자취를 그 1곳에서만 했던 거야 이사 없이? 나도 지금 누나랑 같이 살라고 하면은 절대 못 살 거 같아. 누나랑 진짜 맞는 게 하나도 없단 말이야. 누나도 막 나도 새벽에 전화하면은 누나가 뭐라 하고. 어떨 때 누나가 새벽에 게임하면 또 나한테 이제 내가 이제 스트레스받고. 그래서 이제 만약에 내가 너처럼 그러니까 형제 같이 살라고 하면은 나는 못 살 거 같아. 그리고 그리고 그 이사를 좀 많이 다녔었는데 이사 다닐 때마다 이제 방이 있긴 한데 이게 크기가 이제 큰방 작은방이 있었단 말이야. 그래 가지고 누가 큰방 쓸 거냐 이런 거 때문에 또 엄청 싸운 적 싸웠었고 싸웠었던 거 같아. 그러면 본가도 그러면 지금 살던 데 쭉 계속 살고 있었던 거야 어릴 때부터? 나는 이제 어릴 때부터 정말 많이 다녔었는데 초등학교랑 중학교 때까지는 그래도 한동네 내에서 왔다 갔다 했던 거여서 좀 이제 이사하느라 좀 귀찮고 막 집 바뀌는 게 좀 불편 적응이 안 되 초반에 적응이 안 되는 게 있긴 했어도 이 친구들이랑 멀어진다 이런 거 없어서 괜찮았는데 중학교 3학년에서 이제 고등학교 때 한번 아예 학 그 학 우리 지금 다니는 학교 쪽으로 이사를 왔었단 말이야. 근데 그때 정말 좀 좋았던 친구들인데 완전 멀어지니까 그때 쪼끔 이제 스트레스를 받았었던 경험이 있고. 그래서 또 그래 가지고 이제 고등학교 1학년 때에서부터 2학년 때 또 이사를 가야 되는 상황이 된 거야. 근데 그래서 원래 다니던 고등학교 쪽으로 가려 했었는데 그러진 않고 이제 다시 원래 동네로 돌아갔었던 적이 있어. 나도 그런 전원주택에서 사는 꿈 같은 게 있었던 거 같아. 그 내가 직접 집을 만들고 아 설계해서 막 비밀 공간이나 아 이제 정말 큰 목욕탕이나 아니면 음 어떤 작업실 뭐 이런 걸 만들어 두고 싶다는 생각이 있었어. 만들고 싶다는. 그리 너 근데 지금 자취하고 있잖아. 그러면 그 가전제품 같은 거는 뭐 뭐 있어? 어 이러면 안 되는데. 나는 이제 본가에 살잖아. 어 집안일을 거의 다 안 하고 엄마가 하고 있어. 그러니까 설거지만 이제 내가 먹은 거 설거지하고 이제 그리고 옷 옷이나 분리수거 이런 거는 엄마 아빠가 거의 다 하는 거 같아. 그 자취하면서 이런 설거지나 분리수거 때문에 막 오빠랑 막 싸우거나 그러진 않아? 난 지금 너무 자취를 하고 싶어. 왜냐하면은 일단 난 이제 혼자가 편하단 말이야. 그래 가지고 이제 나만의 일상생활 패턴이 있는데 어쨌든 가족이랑 살면은 아무리 가족이라도 쪼금 지켜야 되는 게 있으니까 그런 게 이제 좀 나한테는 너무 좀 힘들고 내가 하고 싶은 것도 너무 제한이 되는 거 같아서 학교 근처에서 자취하고 싶다는 생각은 있는데 이게 자취도 어쨌든 돈이 많이 깨지니까 쉽사리 하진 못 하고 있고. 음 아마 군대 갔다 와서 자취를 할 수 있으면 하지 않을까 이런 생각이 있어. 음 너는 음 너희 집 인테리어는 혹시 어떻게 돼 있어? 음 우리 집은 이번에 새로 지은 아파트여 가지고 그냥 전체적으로 완전 깔끔한 느낌으로 지금 돼 있는데 이게 아파 이제 방 청소를 쪼끔만 안 해도 이제 옷가 방이 좀 좁아 가지고 옷도 막 의자 위에 올라가 있고 침대 위에 뭉쳐져 있고. 그래 가지고 인테리어는 깔끔한데 방 정리는 되게 안 돼 있는 거 같아. 그리고 또 새로 지은 아파트라 했잖아. 이게 요즘에 새로 지어서 그런가. 아파트가 되게 개성이 넘치더라고. 건물도 막 다 이 모습이 막 다르고. 막 저게 아파트 건물이야 이런 것도 있고. 그리고 처음에 이사 왔을 때 첫날인데 집을 못 찾겠는 거야. 왜냐하면은 보통 아파트 단지가 뭐 몇 호부터 몇 호 1에서 3 3에서 5 이렇게 순서대로 있는데 거기는 막 1에서 3이랑 17에서 19 이렇게 붙어 있고. 막 이상하게 다 붙어 있는 거야. 그래 가지고 처음 이사 갔을 때 그 아파트 단지 안에서 길 잃어 가지고 한 20분 30분 정도 헤맸던 기억이 있어. 너는 만약에 이제 앞으로 회사 다니고 할 거면은 하면은 혼자 살게 되면은 서울에서 계속 살고 싶어? 아니면은 대구? 이게 새로 지은 아파트여 가지고 이게 헬스장이나 도서관 뭐 어린이집 이런 게 입주된다는 얘기만 있고 아직은 인프라가 갖춰지진 못한 거 같아. 그래서 헬스장도 아마 생긴다곤 하는데 어 언제 생길진 잘 모르겠고. 그 아파트 단지 내에 도서관은 지금도 운영하고 있고. 그거 말고도 뭔가 주민들 휴식 공간이라고 하면서 건물이 몇 개 있더라고. 거기서 막 좀 차 같은 거 마시고 막 떠들면서 있는 아줌마들도 있고. 그 빈백 빈백도 있잖아. 그런 것도 아파트 단지 내에 몇 개 깔아둔 거야. 그래 가지고 거기서 좀 누워서 막 떠드는 사람들도 보고 이런 시설이 좀 있었어.,0.014965986394557823,0.02857142857142857,0.013605442176870748,0.0013605442176870747,0.005442176870748299,0.0027210884353741495,0.0027210884353741495,0.02312925170068027,0.0326530612244898,0.02040816326530612,0.004081632653061225,0.0163265306122449,0.0013605442176870747,0.005442176870748299,0.013605442176870748,0.0027210884353741495,0.004081632653061225,0.004081632653061225,0.024489795918367346,0.021768707482993196,0.0013605442176870747,0.0013605442176870747,0.005442176870748299,0.006802721088435374,0.0013605442176870747,0.004081632653061225,0.02040816326530612,0.0013605442176870747,0.0013605442176870747,0.009523809523809525,0.04353741496598639,0.0013605442176870747,0.005442176870748299,0.0013605442176870747,0.010884353741496598,0.005442176870748299,0.0013605442176870747,0.0027210884353741495,0.012244897959183673,0.0013605442176870747,0.0013605442176870747,0.006802721088435374,0.004081632653061225,0.0027210884353741495,0.027210884353741496,0.009523809523809525,0.010884353741496598,0.0013605442176870747,0.006802721088435374,0.024489795918367346,0.010884353741496598,0.0013605442176870747,0.006802721088435374,0.0027210884353741495,0.0013605442176870747,0.005442176870748299,0.0013605442176870747,0.0013605442176870747,0.0013605442176870747,0.006802721088435374,0.0013605442176870747,0.0027210884353741495,0.0013605442176870747,0.0027210884353741495,0.013605442176870748,0.0013605442176870747,0.006802721088435374,0.0013605442176870747,0.02857142857142857,0.0027210884353741495,0.0027210884353741495,0.0027210884353741495,0.005442176870748299,0.0013605442176870747,0.00816326530612245,0.004081632653061225,0.00816326530612245,0.0013605442176870747,0.005442176870748299,0.0027210884353741495,0.0013605442176870747,0.0013605442176870747,0.0027210884353741495,0.0013605442176870747,0.0013605442176870747,0.0013605442176870747,0.005442176870748299,0.0013605442176870747,0.005442176870748299,0.0027210884353741495,0.0013605442176870747,0.0027210884353741495,0.0027210884353741495,0.005442176870748299,0.004081632653061225,0.0013605442176870747,0.0027210884353741495,0.0013605442176870747,0.0013605442176870747,0.0013605442176870747,0.005442176870748299,0.004081632653061225,0.0013605442176870747,0.0013605442176870747,0.0013605442176870747,0.0027210884353741495,0.009523809523809525,0.014965986394557823,0.0013605442176870747,0.0013605442176870747,0.0013605442176870747,0.0027210884353741495,0.0013605442176870747,0.004081632653061225,0.0013605442176870747,0.004081632653061225,0.0013605442176870747,0.0013605442176870747,0.0027210884353741495,0.0027210884353741495,0.0027210884353741495,0.0013605442176870747,0.0013605442176870747,0.0027210884353741495,0.0027210884353741495,0.0013605442176870747,0.0027210884353741495,0.0013605442176870747,0.0027210884353741495,0.0013605442176870747,0.0013605442176870747,0.0013605442176870747,0.0013605442176870747,0.0013605442176870747,0.0013605442176870747,0.0013605442176870747,0.005442176870748299,0.004081632653061225,0.0013605442176870747,0.0013605442176870747,0.0027210884353741495,0.0027210884353741495,0.0013605442176870747,0.0013605442176870747,0.0013605442176870747,0.004081632653061225,0.0013605442176870747,0.0013605442176870747,0.004081632653061225,0.0013605442176870747,0.0027210884353741495,0.005442176870748299,0.0027210884353741495,0.004081632653061225,0.0013605442176870747,0.005442176870748299,0.0027210884353741495,0.0013605442176870747,0.0013605442176870747,0.0013605442176870747,0.0013605442176870747,0.0027210884353741495,0.0013605442176870747,0.0013605442176870747,0.0013605442176870747,0.0013605442176870747,0.0013605442176870747,0.0027210884353741495,0.0027210884353741495,0.0013605442176870747,0.0013605442176870747,0.0013605442176870747,0.0013605442176870747,0.0013605442176870747,0.0013605442176870747,0.0013605442176870747,0.0013605442176870747,0.0013605442176870747,0.0013605442176870747,0.0013605442176870747,0.0027210884353741495,0.0013605442176870747,0.0027210884353741495,0.0013605442176870747,0.0013605442176870747,0.005442176870748299,0.005442176870748299,0.005442176870748299,0.0013605442176870747,0.0013605442176870747,0.0013605442176870747,0.0013605442176870747,0.0013605442176870747,0.0013605442176870747,0.0013605442176870747,0.0027210884353741495,0.0013605442176870747,0.0013605442176870747,0.0013605442176870747,0.0013605442176870747,0.0027210884353741495,0.0013605442176870747,0.0013605442176870747,0.0013605442176870747,0.004081632653061225,0.0013605442176870747,0.0013605442176870747,0.0013605442176870747,0.0013605442176870747,0.0027210884353741495,0.0013605442176870747,0.0013605442176870747,0.0013605442176870747,0.005442176870748299,0.0027210884353741495,0.0013605442176870747,0.0013605442176870747,0.0027210884353741495,0.0013605442176870747,0.0013605442176870747,0.0013605442176870747,0.0013605442176870747,0.0013605442176870747,0.0013605442176870747,0.0013605442176870747,0.0013605442176870747,0.0013605442176870747,0.0013605442176870747,0.0027210884353741495,0.0027210884353741495,0.0013605442176870747,0.0013605442176870747,0.0013605442176870747,0.0013605442176870747,0.0013605442176870747,0.0013605442176870747,0.0013605442176870747,0.0013605442176870747,0.0027210884353741495,0.0013605442176870747,0.0013605442176870747,0.0013605442176870747,0.0013605442176870747,0.0013605442176870747,0.0013605442176870747,0.0013605442176870747,0.0013605442176870747,0.0013605442176870747,0.0013605442176870747,0.0013605442176870747,0.0027210884353741495,0.0013605442176870747,0.0013605442176870747,0.0013605442176870747,0.0013605442176870747,0.0013605442176870747,0.0013605442176870747,0.0013605442176870747,0.0,0.0,0.0,0.0,0.0,0.0,0.0,0.0,0.0,0.0,0.0,0.0,0.0,0.0,0.0,0.0,0.0,0.0,0.0,0.0,0.0,0.0,0.0,0.0,0.0,0.0,0.0,0.0,0.0,0.0,0.0,0.0,0.0,0.0,0.0,0.0,0.0,0.0,0.0,0.0,0.0,0.0,0.0,0.0,0.0,0.0,0.0,0.0,0.0,0.0,0.0,0.0,0.0,0.0,0.0,0.0,0.0,0.0,0.0,0.0,0.0,0.0,0.0,0.0,0.0,0.0,0.0,0.0,0.0,0.0,0.0,0.0,0.0,0.0,0.0,0.0,0.0,0.0,0.0,0.0,0.0,0.0,0.0,0.0,0.0,0.0,0.0,0.0,0.0,0.0,0.0,0.0,0.0,0.0,0.0,0.0,0.0,0.0,0.0,0.0,0.0,0.0,0.0,0.0,0.0,0.0,0.0,0.0,0.0,0.0,0.0,0.0,0.0,0.0,0.0,0.0,0.0,0.0,0.0,0.0,0.0,0.0,0.0,0.0,0.0,0.0,0.0,0.0,0.0,0.0,0.0,0.0,0.0,0.0,0.0,0.0,0.0,0.0,0.0,0.0,0.0,0.0,0.0,0.0,0.0,0.0,0.0,0.0,0.0,0.0,0.0,0.0,0.0,0.0,0.0,0.0,0.0,0.0,0.0,0.0,0.0,0.0,0.0,0.0,0.0,0.0,0.0,0.0,0.0,0.0,0.0,0.0,0.0,0.0,0.0,0.0,0.0,0.0,0.0,0.0,0.0,0.0,0.0,0.0,0.0,0.0,0.0,0.0,0.0,0.0,0.0,0.0,0.0,0.0,0.0,0.0,0.0,0.0,0.0,0.0,0.0,0.0,0.0,0.0,0.0,0.0,0.0,0.0,0.0,0.0,0.0,0.0,0.0,0.0,0.0,0.0,0.0,0.0,0.0,0.0,0.0,0.0,0.0,0.0,0.0,0.0,0.0,0.0,0.0,0.0,0.0,0.0,0.0,0.0,0.0,0.0,0.0,0.0,0.0,0.0,0.0,0.0,0.0,0.0,0.0,0.0,0.0,0.0,0.0,0.0,0.0,0.0,0.0,0.0,0.0,0.0,0.0,0.0,0.0,0.0,0.0,0.0,0.0,0.0,0.0,0.0,0.0,0.0,0.0,0.0,0.0,0.0,0.0,0.0,0.0,0.0,0.0,0.0,0.0,0.0,0.0,0.0,0.0,0.0,0.0,0.0,0.0,0.0,0.0,0.0,0.0,0.0,0.0,0.0,0.0,0.0,0.0,0.0,0.0,0.0,0.0,0.0,0.0,0.0,0.0,0.745082112043588,0.0,0.0,0.0,0.0,0.0,0.0,0.0,0.0,0.0,0.0,0.0,0.0,0.0,0.0,0.0,0.0,0.0,0.0,0.0,0.0,0.0,0.0,0.0,0.0,0.0,0.0,0.0,0.0,0.0,0.0,0.0,0.0,0.0,0.0,0.0,0.0,0.0,0.0,0.0,0.0,0.0,0.0,0.0,0.0,0.0,0.0,0.0,0.0,0.0,0.0,0.0,0.0,0.0,0.0,0.0,0.0,0.0,0.0,0.0,0.0,0.0,0.0,0.0,0.0,0.0,0.0,0.0,0.44575153971856285,0.0,0.0,0.0,0.0,0.0,0.0,0.0,0.0,0.0,0.0,0.0,0.0,0.0,0.0,0.0,0.0,0.0,0.0,0.0,0.0,0.0,0.0,0.0,0.0,0.0,0.0,0.0,0.0,0.0,0.0,0.0,0.0,0.0,0.0,0.0,0.0,0.0,0.0,0.0,0.0,0.0,0.0,0.0,0.0,0.0,0.0,0.0,0.0,0.0,0.0,0.0,0.0,0.0,0.0,0.0,0.0,0.0,0.0,0.0,0.0,0.0,0.0,0.0,0.0,0.0,0.0,0.0,0.0,0.0,0.0,0.0,0.0,0.0,0.0,0.0,0.0,0.35082631824821564,0.0,0.0,0.0,0.0,0.0,0.0,0.0,0.0,0.0,0.0,0.0,0.0,0.0,0.0,0.0,0.0,0.0,0.0,0.0,0.0,0.0,0.0,0.0,0.0,0.0,0.0,0.0,0.0,0.0,0.0,0.0,0.0,0.0,0.0,0.0,0.0,0.0,0.0,0.0,0.0,0.0,0.0,0.0,0.0,0.0,0.0,0.0,0.0,0.0,0.0,0.0,0.0,0.0,0.0,0.0,0.0,0.0,0.0,0.0,0.0,0.0,0.0,0.0,0.0,0.0,0.0,0.0,0.0,0.0,0.0,0.0,0.0,0.0,0.0,0.0,0.0,0.0,0.0,0.0,0.0,0.0,0.0,0.0,0.0,0.0,0.0,0.0,0.0,0.0,0.0,0.0,0.0,0.0,0.0,0.0,0.0,0.0,0.0,0.0,0.0,0.0,0.0,0.0,0.0,0.0,0.0,0.0,0.0,0.0,0.0,0.0,0.0,0.0,0.0,0.0,0.0,0.0,0.0,0.0,0.0,0.0,0.0,0.0,0.0,0.0,0.0,0.0,0.0,0.0,0.0,0.0,0.0,0.0,0.0,0.0,0.0,0.0,0.0,0.0,0.0,0.0,0.0,0.0,0.0,0.0,0.0,0.0,0.0,0.0,0.0,0.0,0.0,0.0,0.0,0.0,0.0,0.0,0.0,0.0,0.0,0.0,0.0,0.0,0.0,0.0,0.0,0.0,0.0,0.0,0.0,0.0,0.0,0.0,0.0,0.0,0.0,0.0,0.0,0.0,0.0,0.0,0.0,0.0,0.0,0.0,0.0,0.0,0.0,0.0,0.0,0.0,0.0,0.0,0.0,0.0,0.0,0.0,0.0,0.0,0.0,0.0,0.0,0.0,0.0,0.0,0.0,0.0,0.0,0.0,0.0,0.0,0.0,0.0,0.0,0.0,0.0,0.0,0.0,0.0,0.0,0.0,0.0,0.0,0.0,0.0,0.0,0.0,0.0,0.0,0.0,0.0,0.0,0.0,0.0,0.0,0.0,0.0,0.0,0.0,0.0,0.0,0.0,0.0,0.0,0.0,0.0,0.0,0.0,0.0,0.0,0.0,0.0,0.0,0.0,0.0,0.0,0.0,0.0,0.0,0.0,0.0,0.0,0.0,0.0,0.35082631824821564,0.0,0.0,0.0,0.0,0.0,0.0,0.0,0.0,0.0,0.0,0.0,0.0,0.0,0.0,0.0,0.0,0.0,0.0,0.0,0.0,0.0,0.0,0.0,0.0,0.0,0.0,0.0,0.0,0.0,0.0,0.0,0.0,0.0,0.0,0.0,0.0,0.0,0.0,0.0,0.0,0.0,0.0,0.0,0.0,0.0,0.0,0.0,0.0,0.0,0.0,0.0,0.0,0.0,0.0,0.0,0.0,0.0,0.0,0.0,0.0,0.0,0.0,0.0,0.0,0.0,0.0,0.0,0.0,0.0,0.0,0.0,0.0,0.0,0.0,0.0,0.0,0.0,0.0,0.0,0.0,0.0,0.0,0.0,0.0,0.0,0.0,0.0,0.0,0.0,0.0,0.0,0.0,0.0,0.0,0.0,0.0,0.0,0.0,0.0,0.0,0.0,0.0,0.0,0.0,0.0,0.0,0.0,0.0,0.0,0.0,0.0,0.0,0.0,0.0,0.0,0.0,0.0,0.0,0.0,0.0,0.0,0.0,0.0,0.0,0.0,0.0,0.0,0.0,0.0,0.0,0.0,0.0,0.0,0.0,0.0,0.0,0.0,0.0,0.0,0.0,0.0,0.0,0.0,0.0,0.0,0.0,0.0,0.0,0.0,0.0,0.0,0.0,0.0,0.0,0.0,0.0,0.0,0.0,0.0,0.0,0.0,0.0,0.0,0.0,0.0,0.0,0.0,0.0,0.0,0.0,0.0,0.0,0.0,0.0,0.0,0.0,0.0,0.0,0.0,0.0,0.0,0.0,0.0,0.0,0.0,0.0,0.0,0.0,0.0,0.0,0.0,0.0,0.0,0.0,0.0,0.0,0.0,0.0,0.0,0.0,0.0,0.0,0.0,0.0,0.0,0.0
SD2401267,20대,너희 집은 지금 오피스텔이잖아. 그 층간 소음 좀 있는 거 같아? 나 지금 7층 사는데 딱히 층간 소음은 없는 거 같은데 좀 그 아파트에 이상한 사람은 좀 있는 거 같더라. 왜냐하면은 우리가 집에 아무도 없는 상태였는데 갑자기 밑의 집에서 올라온다 아 그 밑의 집인가 어디서 막 신고가 들어왔다는 거야. 이 이 시간이 너무 시끄러웠었다고. 그래 가지고 그게 그게 꼭 밑의 집은 아니고 밑의 층은 아니었던 거 같은데 그런 사람이 좀 있어서 좀 뭐지 좀 조심해야겠다 이런 적은 있었어. 이런 적이 있어. 그리고 너는 지금 자취를 그 1곳에서만 했던 거야 이사 없이? 나도 지금 누나랑 같이 살라고 하면은 절대 못 살 거 같아. 누나랑 진짜 맞는 게 하나도 없단 말이야. 누나도 막 나도 새벽에 전화하면은 누나가 뭐라 하고. 어떨 때 누나가 새벽에 게임하면 또 나한테 이제 내가 이제 스트레스받고. 그래서 이제 만약에 내가 너처럼 그러니까 형제 같이 살라고 하면은 나는 못 살 거 같아. 그리고 그리고 그 이사를 좀 많이 다녔었는데 이사 다닐 때마다 이제 방이 있긴 한데 이게 크기가 이제 큰방 작은방이 있었단 말이야. 그래 가지고 누가 큰방 쓸 거냐 이런 거 때문에 또 엄청 싸운 적 싸웠었고 싸웠었던 거 같아. 그러면 본가도 그러면 지금 살던 데 쭉 계속 살고 있었던 거야 어릴 때부터? 나는 이제 어릴 때부터 정말 많이 다녔었는데 초등학교랑 중학교 때까지는 그래도 한동네 내에서 왔다 갔다 했던 거여서 좀 이제 이사하느라 좀 귀찮고 막 집 바뀌는 게 좀 불편 적응이 안 되 초반에 적응이 안 되는 게 있긴 했어도 이 친구들이랑 멀어진다 이런 거 없어서 괜찮았는데 중학교 3학년에서 이제 고등학교 때 한번 아예 학 그 학 우리 지금 다니는 학교 쪽으로 이사를 왔었단 말이야. 근데 그때 정말 좀 좋았던 친구들인데 완전 멀어지니까 그때 쪼끔 이제 스트레스를 받았었던 경험이 있고. 그래서 또 그래 가지고 이제 고등학교 1학년 때에서부터 2학년 때 또 이사를 가야 되는 상황이 된 거야. 근데 그래서 원래 다니던 고등학교 쪽으로 가려 했었는데 그러진 않고 이제 다시 원래 동네로 돌아갔었던 적이 있어. 나도 그런 전원주택에서 사는 꿈 같은 게 있었던 거 같아. 그 내가 직접 집을 만들고 아 설계해서 막 비밀 공간이나 아 이제 정말 큰 목욕탕이나 아니면 음 어떤 작업실 뭐 이런 걸 만들어 두고 싶다는 생각이 있었어. 만들고 싶다는. 그리 너 근데 지금 자취하고 있잖아. 그러면 그 가전제품 같은 거는 뭐 뭐 있어? 어 이러면 안 되는데. 나는 이제 본가에 살잖아. 어 집안일을 거의 다 안 하고 엄마가 하고 있어. 그러니까 설거지만 이제 내가 먹은 거 설거지하고 이제 그리고 옷 옷이나 분리수거 이런 거는 엄마 아빠가 거의 다 하는 거 같아. 그 자취하면서 이런 설거지나 분리수거 때문에 막 오빠랑 막 싸우거나 그러진 않아? 난 지금 너무 자취를 하고 싶어. 왜냐하면은 일단 난 이제 혼자가 편하단 말이야. 그래 가지고 이제 나만의 일상생활 패턴이 있는데 어쨌든 가족이랑 살면은 아무리 가족이라도 쪼금 지켜야 되는 게 있으니까 그런 게 이제 좀 나한테는 너무 좀 힘들고 내가 하고 싶은 것도 너무 제한이 되는 거 같아서 학교 근처에서 자취하고 싶다는 생각은 있는데 이게 자취도 어쨌든 돈이 많이 깨지니까 쉽사리 하진 못 하고 있고. 음 아마 군대 갔다 와서 자취를 할 수 있으면 하지 않을까 이런 생각이 있어. 음 너는 음 너희 집 인테리어는 혹시 어떻게 돼 있어? 음 우리 집은 이번에 새로 지은 아파트여 가지고 그냥 전체적으로 완전 깔끔한 느낌으로 지금 돼 있는데 이게 아파 이제 방 청소를 쪼끔만 안 해도 이제 옷가 방이 좀 좁아 가지고 옷도 막 의자 위에 올라가 있고 침대 위에 뭉쳐져 있고. 그래 가지고 인테리어는 깔끔한데 방 정리는 되게 안 돼 있는 거 같아. 그리고 또 새로 지은 아파트라 했잖아. 이게 요즘에 새로 지어서 그런가. 아파트가 되게 개성이 넘치더라고. 건물도 막 다 이 모습이 막 다르고. 막 저게 아파트 건물이야 이런 것도 있고. 그리고 처음에 이사 왔을 때 첫날인데 집을 못 찾겠는 거야. 왜냐하면은 보통 아파트 단지가 뭐 몇 호부터 몇 호 1에서 3 3에서 5 이렇게 순서대로 있는데 거기는 막 1에서 3이랑 17에서 19 이렇게 붙어 있고. 막 이상하게 다 붙어 있는 거야. 그래 가지고 처음 이사 갔을 때 그 아파트 단지 안에서 길 잃어 가지고 한 20분 30분 정도 헤맸던 기억이 있어. 너는 만약에 이제 앞으로 회사 다니고 할 거면은 하면은 혼자 살게 되면은 서울에서 계속 살고 싶어? 아니면은 대구? 이게 새로 지은 아파트여 가지고 이게 헬스장이나 도서관 뭐 어린이집 이런 게 입주된다는 얘기만 있고 아직은 인프라가 갖춰지진 못한 거 같아. 그래서 헬스장도 아마 생긴다곤 하는데 어 언제 생길진 잘 모르겠고. 그 아파트 단지 내에 도서관은 지금도 운영하고 있고. 그거 말고도 뭔가 주민들 휴식 공간이라고 하면서 건물이 몇 개 있더라고. 거기서 막 좀 차 같은 거 마시고 막 떠들면서 있는 아줌마들도 있고. 그 빈백 빈백도 있잖아. 그런 것도 아파트 단지 내에 몇 개 깔아둔 거야. 그래 가지고 거기서 좀 누워서 막 떠드는 사람들도 보고 이런 시설이 좀 있었어.,0.014965986394557823,0.02857142857142857,0.013605442176870748,0.0013605442176870747,0.005442176870748299,0.0027210884353741495,0.0027210884353741495,0.02312925170068027,0.0326530612244898,0.02040816326530612,0.004081632653061225,0.0163265306122449,0.0013605442176870747,0.005442176870748299,0.013605442176870748,0.0027210884353741495,0.004081632653061225,0.004081632653061225,0.024489795918367346,0.021768707482993196,0.0013605442176870747,0.0013605442176870747,0.005442176870748299,0.006802721088435374,0.0013605442176870747,0.004081632653061225,0.02040816326530612,0.0013605442176870747,0.0013605442176870747,0.009523809523809525,0.04353741496598639,0.0013605442176870747,0.005442176870748299,0.0013605442176870747,0.010884353741496598,0.005442176870748299,0.0013605442176870747,0.0027210884353741495,0.012244897959183673,0.0013605442176870747,0.0013605442176870747,0.006802721088435374,0.004081632653061225,0.0027210884353741495,0.027210884353741496,0.009523809523809525,0.010884353741496598,0.0013605442176870747,0.006802721088435374,0.024489795918367346,0.010884353741496598,0.0013605442176870747,0.006802721088435374,0.0027210884353741495,0.0013605442176870747,0.005442176870748299,0.0013605442176870747,0.0013605442176870747,0.0013605442176870747,0.006802721088435374,0.0013605442176870747,0.0027210884353741495,0.0013605442176870747,0.0027210884353741495,0.013605442176870748,0.0013605442176870747,0.006802721088435374,0.0013605442176870747,0.02857142857142857,0.0027210884353741495,0.0027210884353741495,0.0027210884353741495,0.005442176870748299,0.0013605442176870747,0.00816326530612245,0.004081632653061225,0.00816326530612245,0.0013605442176870747,0.005442176870748299,0.0027210884353741495,0.0013605442176870747,0.0013605442176870747,0.0027210884353741495,0.0013605442176870747,0.0013605442176870747,0.0013605442176870747,0.005442176870748299,0.0013605442176870747,0.005442176870748299,0.0027210884353741495,0.0013605442176870747,0.0027210884353741495,0.0027210884353741495,0.005442176870748299,0.004081632653061225,0.0013605442176870747,0.0027210884353741495,0.0013605442176870747,0.0013605442176870747,0.0013605442176870747,0.005442176870748299,0.004081632653061225,0.0013605442176870747,0.0013605442176870747,0.0013605442176870747,0.0027210884353741495,0.009523809523809525,0.014965986394557823,0.0013605442176870747,0.0013605442176870747,0.0013605442176870747,0.0027210884353741495,0.0013605442176870747,0.004081632653061225,0.0013605442176870747,0.004081632653061225,0.0013605442176870747,0.0013605442176870747,0.0027210884353741495,0.0027210884353741495,0.0027210884353741495,0.0013605442176870747,0.0013605442176870747,0.0027210884353741495,0.0027210884353741495,0.0013605442176870747,0.0027210884353741495,0.0013605442176870747,0.0027210884353741495,0.0013605442176870747,0.0013605442176870747,0.0013605442176870747,0.0013605442176870747,0.0013605442176870747,0.0013605442176870747,0.0013605442176870747,0.005442176870748299,0.004081632653061225,0.0013605442176870747,0.0013605442176870747,0.0027210884353741495,0.0027210884353741495,0.0013605442176870747,0.0013605442176870747,0.0013605442176870747,0.004081632653061225,0.0013605442176870747,0.0013605442176870747,0.004081632653061225,0.0013605442176870747,0.0027210884353741495,0.005442176870748299,0.0027210884353741495,0.004081632653061225,0.0013605442176870747,0.005442176870748299,0.0027210884353741495,0.0013605442176870747,0.0013605442176870747,0.0013605442176870747,0.0013605442176870747,0.0027210884353741495,0.0013605442176870747,0.0013605442176870747,0.0013605442176870747,0.0013605442176870747,0.0013605442176870747,0.0027210884353741495,0.0027210884353741495,0.0013605442176870747,0.0013605442176870747,0.0013605442176870747,0.0013605442176870747,0.0013605442176870747,0.0013605442176870747,0.0013605442176870747,0.0013605442176870747,0.0013605442176870747,0.0013605442176870747,0.0013605442176870747,0.0027210884353741495,0.0013605442176870747,0.0027210884353741495,0.0013605442176870747,0.0013605442176870747,0.005442176870748299,0.005442176870748299,0.005442176870748299,0.0013605442176870747,0.0013605442176870747,0.0013605442176870747,0.0013605442176870747,0.0013605442176870747,0.0013605442176870747,0.0013605442176870747,0.0027210884353741495,0.0013605442176870747,0.0013605442176870747,0.0013605442176870747,0.0013605442176870747,0.0027210884353741495,0.0013605442176870747,0.0013605442176870747,0.0013605442176870747,0.004081632653061225,0.0013605442176870747,0.0013605442176870747,0.0013605442176870747,0.0013605442176870747,0.0027210884353741495,0.0013605442176870747,0.0013605442176870747,0.0013605442176870747,0.005442176870748299,0.0027210884353741495,0.0013605442176870747,0.0013605442176870747,0.0027210884353741495,0.0013605442176870747,0.0013605442176870747,0.0013605442176870747,0.0013605442176870747,0.0013605442176870747,0.0013605442176870747,0.0013605442176870747,0.0013605442176870747,0.0013605442176870747,0.0013605442176870747,0.0027210884353741495,0.0027210884353741495,0.0013605442176870747,0.0013605442176870747,0.0013605442176870747,0.0013605442176870747,0.0013605442176870747,0.0013605442176870747,0.0013605442176870747,0.0013605442176870747,0.0027210884353741495,0.0013605442176870747,0.0013605442176870747,0.0013605442176870747,0.0013605442176870747,0.0013605442176870747,0.0013605442176870747,0.0013605442176870747,0.0013605442176870747,0.0013605442176870747,0.0013605442176870747,0.0013605442176870747,0.0027210884353741495,0.0013605442176870747,0.0013605442176870747,0.0013605442176870747,0.0013605442176870747,0.0013605442176870747,0.0013605442176870747,0.0013605442176870747,0.0,0.0,0.0,0.0,0.0,0.0,0.0,0.0,0.0,0.0,0.0,0.0,0.0,0.0,0.0,0.0,0.0,0.0,0.0,0.0,0.0,0.0,0.0,0.0,0.0,0.0,0.0,0.0,0.0,0.0,0.0,0.0,0.0,0.0,0.0,0.0,0.0,0.0,0.0,0.0,0.0,0.0,0.0,0.0,0.0,0.0,0.0,0.0,0.0,0.0,0.0,0.0,0.0,0.0,0.0,0.0,0.0,0.0,0.0,0.0,0.0,0.0,0.0,0.0,0.0,0.0,0.0,0.0,0.0,0.0,0.0,0.0,0.0,0.0,0.0,0.0,0.0,0.0,0.0,0.0,0.0,0.0,0.0,0.0,0.0,0.0,0.0,0.0,0.0,0.0,0.0,0.0,0.0,0.0,0.0,0.0,0.0,0.0,0.0,0.0,0.0,0.0,0.0,0.0,0.0,0.0,0.0,0.0,0.0,0.0,0.0,0.0,0.0,0.0,0.0,0.0,0.0,0.0,0.0,0.0,0.0,0.0,0.0,0.0,0.0,0.0,0.0,0.0,0.0,0.0,0.0,0.0,0.0,0.0,0.0,0.0,0.0,0.0,0.0,0.0,0.0,0.0,0.0,0.0,0.0,0.0,0.0,0.0,0.0,0.0,0.0,0.0,0.0,0.0,0.0,0.0,0.0,0.0,0.0,0.0,0.0,0.0,0.0,0.0,0.0,0.0,0.0,0.0,0.0,0.0,0.0,0.0,0.0,0.0,0.0,0.0,0.0,0.0,0.0,0.0,0.0,0.0,0.0,0.0,0.0,0.0,0.0,0.0,0.0,0.0,0.0,0.0,0.0,0.0,0.0,0.0,0.0,0.0,0.0,0.0,0.0,0.0,0.0,0.0,0.0,0.0,0.0,0.0,0.0,0.0,0.0,0.0,0.0,0.0,0.0,0.0,0.0,0.0,0.0,0.0,0.0,0.0,0.0,0.0,0.0,0.0,0.0,0.0,0.0,0.0,0.0,0.0,0.0,0.0,0.0,0.0,0.0,0.0,0.0,0.0,0.0,0.0,0.0,0.0,0.0,0.0,0.0,0.0,0.0,0.0,0.0,0.0,0.0,0.0,0.0,0.0,0.0,0.0,0.0,0.0,0.0,0.0,0.0,0.0,0.0,0.0,0.0,0.0,0.0,0.0,0.0,0.0,0.0,0.0,0.0,0.0,0.0,0.0,0.0,0.0,0.0,0.0,0.0,0.0,0.0,0.0,0.0,0.0,0.0,0.0,0.0,0.0,0.0,0.0,0.0,0.0,0.0,0.0,0.0,0.0,0.0,0.0,0.0,0.0,0.0,0.0,0.0,0.0,0.0,0.0,0.0,0.0,0.0,0.0,0.0,0.0,0.0,0.0,0.0,0.0,0.0,0.0,0.0,0.0,0.0,0.0,0.0,0.0,0.0,0.0,0.0,0.0,0.0,0.0,0.0,0.0,0.0,0.0,0.0,0.0,0.0,0.0,0.0,0.0,0.0,0.0,0.0,0.0,0.0,0.0,0.0,0.0,0.0,0.0,0.0,0.0,0.0,0.0,0.0,0.0,0.0,0.0,0.0,0.0,0.0,0.0,0.0,0.0,0.0,0.0,0.0,0.0,0.0,0.0,0.0,0.0,0.0,0.2983098930689285,0.0,0.0,0.0,0.0,0.0,0.0,0.0,0.0,0.0,0.0,0.0,0.0,0.0,0.0,0.0,0.0,0.0,0.0,0.0,0.0,0.0,0.0,0.0,0.0,0.0,0.0,0.0,0.0,0.0,0.0,0.0,0.0,0.0,0.0,0.0,0.0,0.0,0.0,0.0,0.0,0.0,0.0,0.0,0.0,0.0,0.0,0.0,0.0,0.0,0.0,0.2983098930689285,0.0,0.0,0.0,0.0,0.0,0.0,0.0,0.0,0.0,0.0,0.0,0.0,0.0,0.0,0.0,0.0,0.0,0.0,0.0,0.0,0.0,0.0,0.0,0.0,0.21767490187845742,0.0,0.0,0.0,0.0,0.0,0.0,0.0,0.0,0.0,0.0,0.0,0.0,0.0,0.0,0.0,0.0,0.0,0.0,0.0,0.0,0.0,0.0,0.0,0.0,0.0,0.0,0.0,0.0,0.0,0.0,0.0,0.0,0.0,0.0,0.23114810262856714,0.0,0.0,0.0,0.0,0.0,0.0,0.0,0.0,0.0,0.0,0.0,0.0,0.0,0.0,0.0,0.0,0.0,0.0,0.0,0.0,0.0,0.0,0.0,0.0,0.0,0.0,0.0,0.0,0.0,0.0,0.0,0.0,0.0,0.0,0.0,0.0,0.0,0.0,0.0,0.0,0.0,0.0,0.0,0.0,0.0,0.0,0.0,0.0,0.0,0.0,0.0,0.0,0.0,0.0,0.0,0.0,0.0,0.0,0.0,0.0,0.0,0.0,0.0,0.0,0.0,0.0,0.0,0.0,0.0,0.0,0.0,0.0,0.0,0.0,0.0,0.0,0.0,0.0,0.0,0.0,0.0,0.0,0.0,0.0,0.0,0.0,0.0,0.0,0.0,0.0,0.0,0.0,0.0,0.0,0.0,0.0,0.0,0.0,0.0,0.0,0.0,0.0,0.0,0.0,0.0,0.0,0.0,0.0,0.0,0.0,0.0,0.0,0.0,0.0,0.0,0.0,0.0,0.0,0.0,0.0,0.0,0.0,0.0,0.0,0.0,0.0,0.0,0.0,0.0,0.0,0.0,0.0,0.0,0.0,0.0,0.0,0.0,0.0,0.0,0.0,0.0,0.0,0.0,0.0,0.0,0.0,0.0,0.0,0.0,0.0,0.0,0.0,0.0,0.0,0.0,0.0,0.0,0.0,0.0,0.0,0.0,0.0,0.0,0.0,0.0,0.0,0.0,0.0,0.0,0.0,0.0,0.0,0.0,0.0,0.0,0.0,0.0,0.0,0.0,0.0,0.0,0.0,0.0,0.0,0.0,0.0,0.0,0.0,0.0,0.0,0.0,0.0,0.0,0.0,0.0,0.0,0.0,0.0,0.0,0.0,0.0,0.0,0.0,0.0,0.0,0.0,0.0,0.0,0.0,0.0,0.0,0.0,0.0,0.0,0.0,0.0,0.0,0.0,0.0,0.2394122642578274,0.0,0.0,0.0,0.0,0.0,0.23114810262856714,0.0,0.0,0.0,0.0,0.34973231999172166,0.0,0.0,0.0,0.0,0.0,0.0,0.0,0.0,0.0,0.0,0.0,0.0,0.0,0.27657253068955856,0.0,0.0,0.0,0.0,0.0,0.0,0.0,0.0,0.0,0.0,0.2983098930689285,0.0,0.0,0.0,0.0,0.0,0.0,0.0,0.0,0.0,0.0,0.0,0.0,0.0,0.0,0.0,0.0,0.2983098930689285,0.0,0.0,0.0,0.0,0.0,0.0,0.0,0.0,0.0,0.0,0.0,0.0,0.0,0.0,0.0,0.0,0.0,0.0,0.0,0.0,0.0,0.0,0.0,0.0,0.0,0.0,0.0,0.0,0.0,0.0,0.0,0.0,0.0,0.0,0.0,0.0,0.0,0.0,0.0,0.0,0.0,0.0,0.0,0.0,0.0,0.0,0.0,0.0,0.0,0.0,0.0,0.0,0.0,0.0,0.0,0.0,0.0,0.0,0.0,0.0,0.0,0.0,0.0,0.0,0.0,0.0,0.0,0.0,0.0,0.0,0.0,0.0,0.0,0.0,0.0,0.0,0.0,0.0,0.0,0.0,0.0,0.0,0.0,0.0,0.0,0.0,0.0,0.0,0.0,0.0,0.0,0.0,0.0,0.0,0.0,0.2983098930689285,0.27657253068955856,0.0,0.0,0.0,0.0,0.0,0.0,0.0,0.0,0.0,0.0,0.0,0.0,0.0,0.0,0.0,0.0,0.0,0.0,0.0,0.0,0.0,0.0,0.0,0.0,0.0,0.2611496266371973,0.0,0.0,0.0,0.0,0.0,0.0,0.0,0.0,0.0,0.0,0.0,0.0,0.0,0.0,0.0,0.0,0.0,0.0,0.0,0.0,0.0,0.0,0.0,0.0,0.0,0.0,0.0,0.0,0.0,0.0,0.0,0.0,0.0,0.0,0.0,0.0,0.0
SD2401267,20대,너희 집은 지금 오피스텔이잖아. 그 층간 소음 좀 있는 거 같아? 나 지금 7층 사는데 딱히 층간 소음은 없는 거 같은데 좀 그 아파트에 이상한 사람은 좀 있는 거 같더라. 왜냐하면은 우리가 집에 아무도 없는 상태였는데 갑자기 밑의 집에서 올라온다 아 그 밑의 집인가 어디서 막 신고가 들어왔다는 거야. 이 이 시간이 너무 시끄러웠었다고. 그래 가지고 그게 그게 꼭 밑의 집은 아니고 밑의 층은 아니었던 거 같은데 그런 사람이 좀 있어서 좀 뭐지 좀 조심해야겠다 이런 적은 있었어. 이런 적이 있어. 그리고 너는 지금 자취를 그 1곳에서만 했던 거야 이사 없이? 나도 지금 누나랑 같이 살라고 하면은 절대 못 살 거 같아. 누나랑 진짜 맞는 게 하나도 없단 말이야. 누나도 막 나도 새벽에 전화하면은 누나가 뭐라 하고. 어떨 때 누나가 새벽에 게임하면 또 나한테 이제 내가 이제 스트레스받고. 그래서 이제 만약에 내가 너처럼 그러니까 형제 같이 살라고 하면은 나는 못 살 거 같아. 그리고 그리고 그 이사를 좀 많이 다녔었는데 이사 다닐 때마다 이제 방이 있긴 한데 이게 크기가 이제 큰방 작은방이 있었단 말이야. 그래 가지고 누가 큰방 쓸 거냐 이런 거 때문에 또 엄청 싸운 적 싸웠었고 싸웠었던 거 같아. 그러면 본가도 그러면 지금 살던 데 쭉 계속 살고 있었던 거야 어릴 때부터? 나는 이제 어릴 때부터 정말 많이 다녔었는데 초등학교랑 중학교 때까지는 그래도 한동네 내에서 왔다 갔다 했던 거여서 좀 이제 이사하느라 좀 귀찮고 막 집 바뀌는 게 좀 불편 적응이 안 되 초반에 적응이 안 되는 게 있긴 했어도 이 친구들이랑 멀어진다 이런 거 없어서 괜찮았는데 중학교 3학년에서 이제 고등학교 때 한번 아예 학 그 학 우리 지금 다니는 학교 쪽으로 이사를 왔었단 말이야. 근데 그때 정말 좀 좋았던 친구들인데 완전 멀어지니까 그때 쪼끔 이제 스트레스를 받았었던 경험이 있고. 그래서 또 그래 가지고 이제 고등학교 1학년 때에서부터 2학년 때 또 이사를 가야 되는 상황이 된 거야. 근데 그래서 원래 다니던 고등학교 쪽으로 가려 했었는데 그러진 않고 이제 다시 원래 동네로 돌아갔었던 적이 있어. 나도 그런 전원주택에서 사는 꿈 같은 게 있었던 거 같아. 그 내가 직접 집을 만들고 아 설계해서 막 비밀 공간이나 아 이제 정말 큰 목욕탕이나 아니면 음 어떤 작업실 뭐 이런 걸 만들어 두고 싶다는 생각이 있었어. 만들고 싶다는. 그리 너 근데 지금 자취하고 있잖아. 그러면 그 가전제품 같은 거는 뭐 뭐 있어? 어 이러면 안 되는데. 나는 이제 본가에 살잖아. 어 집안일을 거의 다 안 하고 엄마가 하고 있어. 그러니까 설거지만 이제 내가 먹은 거 설거지하고 이제 그리고 옷 옷이나 분리수거 이런 거는 엄마 아빠가 거의 다 하는 거 같아. 그 자취하면서 이런 설거지나 분리수거 때문에 막 오빠랑 막 싸우거나 그러진 않아? 난 지금 너무 자취를 하고 싶어. 왜냐하면은 일단 난 이제 혼자가 편하단 말이야. 그래 가지고 이제 나만의 일상생활 패턴이 있는데 어쨌든 가족이랑 살면은 아무리 가족이라도 쪼금 지켜야 되는 게 있으니까 그런 게 이제 좀 나한테는 너무 좀 힘들고 내가 하고 싶은 것도 너무 제한이 되는 거 같아서 학교 근처에서 자취하고 싶다는 생각은 있는데 이게 자취도 어쨌든 돈이 많이 깨지니까 쉽사리 하진 못 하고 있고. 음 아마 군대 갔다 와서 자취를 할 수 있으면 하지 않을까 이런 생각이 있어. 음 너는 음 너희 집 인테리어는 혹시 어떻게 돼 있어? 음 우리 집은 이번에 새로 지은 아파트여 가지고 그냥 전체적으로 완전 깔끔한 느낌으로 지금 돼 있는데 이게 아파 이제 방 청소를 쪼끔만 안 해도 이제 옷가 방이 좀 좁아 가지고 옷도 막 의자 위에 올라가 있고 침대 위에 뭉쳐져 있고. 그래 가지고 인테리어는 깔끔한데 방 정리는 되게 안 돼 있는 거 같아. 그리고 또 새로 지은 아파트라 했잖아. 이게 요즘에 새로 지어서 그런가. 아파트가 되게 개성이 넘치더라고. 건물도 막 다 이 모습이 막 다르고. 막 저게 아파트 건물이야 이런 것도 있고. 그리고 처음에 이사 왔을 때 첫날인데 집을 못 찾겠는 거야. 왜냐하면은 보통 아파트 단지가 뭐 몇 호부터 몇 호 1에서 3 3에서 5 이렇게 순서대로 있는데 거기는 막 1에서 3이랑 17에서 19 이렇게 붙어 있고. 막 이상하게 다 붙어 있는 거야. 그래 가지고 처음 이사 갔을 때 그 아파트 단지 안에서 길 잃어 가지고 한 20분 30분 정도 헤맸던 기억이 있어. 너는 만약에 이제 앞으로 회사 다니고 할 거면은 하면은 혼자 살게 되면은 서울에서 계속 살고 싶어? 아니면은 대구? 이게 새로 지은 아파트여 가지고 이게 헬스장이나 도서관 뭐 어린이집 이런 게 입주된다는 얘기만 있고 아직은 인프라가 갖춰지진 못한 거 같아. 그래서 헬스장도 아마 생긴다곤 하는데 어 언제 생길진 잘 모르겠고. 그 아파트 단지 내에 도서관은 지금도 운영하고 있고. 그거 말고도 뭔가 주민들 휴식 공간이라고 하면서 건물이 몇 개 있더라고. 거기서 막 좀 차 같은 거 마시고 막 떠들면서 있는 아줌마들도 있고. 그 빈백 빈백도 있잖아. 그런 것도 아파트 단지 내에 몇 개 깔아둔 거야. 그래 가지고 거기서 좀 누워서 막 떠드는 사람들도 보고 이런 시설이 좀 있었어.,0.014965986394557823,0.02857142857142857,0.013605442176870748,0.0013605442176870747,0.005442176870748299,0.0027210884353741495,0.0027210884353741495,0.02312925170068027,0.0326530612244898,0.02040816326530612,0.004081632653061225,0.0163265306122449,0.0013605442176870747,0.005442176870748299,0.013605442176870748,0.0027210884353741495,0.004081632653061225,0.004081632653061225,0.024489795918367346,0.021768707482993196,0.0013605442176870747,0.0013605442176870747,0.005442176870748299,0.006802721088435374,0.0013605442176870747,0.004081632653061225,0.02040816326530612,0.0013605442176870747,0.0013605442176870747,0.009523809523809525,0.04353741496598639,0.0013605442176870747,0.005442176870748299,0.0013605442176870747,0.010884353741496598,0.005442176870748299,0.0013605442176870747,0.0027210884353741495,0.012244897959183673,0.0013605442176870747,0.0013605442176870747,0.006802721088435374,0.004081632653061225,0.0027210884353741495,0.027210884353741496,0.009523809523809525,0.010884353741496598,0.0013605442176870747,0.006802721088435374,0.024489795918367346,0.010884353741496598,0.0013605442176870747,0.006802721088435374,0.0027210884353741495,0.0013605442176870747,0.005442176870748299,0.0013605442176870747,0.0013605442176870747,0.0013605442176870747,0.006802721088435374,0.0013605442176870747,0.0027210884353741495,0.0013605442176870747,0.0027210884353741495,0.013605442176870748,0.0013605442176870747,0.006802721088435374,0.0013605442176870747,0.02857142857142857,0.0027210884353741495,0.0027210884353741495,0.0027210884353741495,0.005442176870748299,0.0013605442176870747,0.00816326530612245,0.004081632653061225,0.00816326530612245,0.0013605442176870747,0.005442176870748299,0.0027210884353741495,0.0013605442176870747,0.0013605442176870747,0.0027210884353741495,0.0013605442176870747,0.0013605442176870747,0.0013605442176870747,0.005442176870748299,0.0013605442176870747,0.005442176870748299,0.0027210884353741495,0.0013605442176870747,0.0027210884353741495,0.0027210884353741495,0.005442176870748299,0.004081632653061225,0.0013605442176870747,0.0027210884353741495,0.0013605442176870747,0.0013605442176870747,0.0013605442176870747,0.005442176870748299,0.004081632653061225,0.0013605442176870747,0.0013605442176870747,0.0013605442176870747,0.0027210884353741495,0.009523809523809525,0.014965986394557823,0.0013605442176870747,0.0013605442176870747,0.0013605442176870747,0.0027210884353741495,0.0013605442176870747,0.004081632653061225,0.0013605442176870747,0.004081632653061225,0.0013605442176870747,0.0013605442176870747,0.0027210884353741495,0.0027210884353741495,0.0027210884353741495,0.0013605442176870747,0.0013605442176870747,0.0027210884353741495,0.0027210884353741495,0.0013605442176870747,0.0027210884353741495,0.0013605442176870747,0.0027210884353741495,0.0013605442176870747,0.0013605442176870747,0.0013605442176870747,0.0013605442176870747,0.0013605442176870747,0.0013605442176870747,0.0013605442176870747,0.005442176870748299,0.004081632653061225,0.0013605442176870747,0.0013605442176870747,0.0027210884353741495,0.0027210884353741495,0.0013605442176870747,0.0013605442176870747,0.0013605442176870747,0.004081632653061225,0.0013605442176870747,0.0013605442176870747,0.004081632653061225,0.0013605442176870747,0.0027210884353741495,0.005442176870748299,0.0027210884353741495,0.004081632653061225,0.0013605442176870747,0.005442176870748299,0.0027210884353741495,0.0013605442176870747,0.0013605442176870747,0.0013605442176870747,0.0013605442176870747,0.0027210884353741495,0.0013605442176870747,0.0013605442176870747,0.0013605442176870747,0.0013605442176870747,0.0013605442176870747,0.0027210884353741495,0.0027210884353741495,0.0013605442176870747,0.0013605442176870747,0.0013605442176870747,0.0013605442176870747,0.0013605442176870747,0.0013605442176870747,0.0013605442176870747,0.0013605442176870747,0.0013605442176870747,0.0013605442176870747,0.0013605442176870747,0.0027210884353741495,0.0013605442176870747,0.0027210884353741495,0.0013605442176870747,0.0013605442176870747,0.005442176870748299,0.005442176870748299,0.005442176870748299,0.0013605442176870747,0.0013605442176870747,0.0013605442176870747,0.0013605442176870747,0.0013605442176870747,0.0013605442176870747,0.0013605442176870747,0.0027210884353741495,0.0013605442176870747,0.0013605442176870747,0.0013605442176870747,0.0013605442176870747,0.0027210884353741495,0.0013605442176870747,0.0013605442176870747,0.0013605442176870747,0.004081632653061225,0.0013605442176870747,0.0013605442176870747,0.0013605442176870747,0.0013605442176870747,0.0027210884353741495,0.0013605442176870747,0.0013605442176870747,0.0013605442176870747,0.005442176870748299,0.0027210884353741495,0.0013605442176870747,0.0013605442176870747,0.0027210884353741495,0.0013605442176870747,0.0013605442176870747,0.0013605442176870747,0.0013605442176870747,0.0013605442176870747,0.0013605442176870747,0.0013605442176870747,0.0013605442176870747,0.0013605442176870747,0.0013605442176870747,0.0027210884353741495,0.0027210884353741495,0.0013605442176870747,0.0013605442176870747,0.0013605442176870747,0.0013605442176870747,0.0013605442176870747,0.0013605442176870747,0.0013605442176870747,0.0013605442176870747,0.0027210884353741495,0.0013605442176870747,0.0013605442176870747,0.0013605442176870747,0.0013605442176870747,0.0013605442176870747,0.0013605442176870747,0.0013605442176870747,0.0013605442176870747,0.0013605442176870747,0.0013605442176870747,0.0013605442176870747,0.0027210884353741495,0.0013605442176870747,0.0013605442176870747,0.0013605442176870747,0.0013605442176870747,0.0013605442176870747,0.0013605442176870747,0.0013605442176870747,0.0,0.0,0.0,0.0,0.0,0.0,0.0,0.0,0.0,0.0,0.0,0.0,0.0,0.0,0.0,0.0,0.0,0.0,0.0,0.0,0.0,0.0,0.0,0.0,0.0,0.0,0.0,0.0,0.0,0.0,0.0,0.0,0.0,0.0,0.0,0.0,0.0,0.0,0.0,0.0,0.0,0.0,0.0,0.0,0.0,0.0,0.0,0.0,0.0,0.0,0.0,0.0,0.0,0.0,0.0,0.0,0.0,0.0,0.0,0.0,0.0,0.0,0.0,0.0,0.0,0.0,0.0,0.0,0.0,0.0,0.0,0.0,0.0,0.0,0.0,0.0,0.0,0.0,0.0,0.0,0.0,0.0,0.0,0.0,0.0,0.0,0.0,0.0,0.0,0.0,0.0,0.0,0.0,0.0,0.0,0.0,0.0,0.0,0.0,0.0,0.0,0.0,0.0,0.0,0.0,0.0,0.0,0.0,0.0,0.0,0.0,0.0,0.0,0.0,0.0,0.0,0.0,0.0,0.0,0.0,0.0,0.0,0.0,0.0,0.0,0.0,0.0,0.0,0.0,0.0,0.0,0.0,0.0,0.0,0.0,0.0,0.0,0.0,0.0,0.0,0.0,0.0,0.0,0.0,0.0,0.0,0.0,0.0,0.0,0.0,0.0,0.0,0.0,0.0,0.0,0.0,0.0,0.0,0.0,0.0,0.0,0.0,0.0,0.0,0.0,0.0,0.0,0.0,0.0,0.0,0.0,0.0,0.0,0.0,0.0,0.0,0.0,0.0,0.0,0.0,0.0,0.0,0.0,0.0,0.0,0.0,0.0,0.0,0.0,0.0,0.0,0.0,0.0,0.0,0.0,0.0,0.0,0.0,0.0,0.0,0.0,0.0,0.0,0.0,0.0,0.0,0.0,0.0,0.0,0.0,0.0,0.0,0.0,0.0,0.0,0.0,0.0,0.0,0.0,0.0,0.0,0.0,0.0,0.0,0.21461336292130906,0.0,0.0,0.0,0.0,0.0,0.0,0.0,0.0,0.19650085636006945,0.0,0.0,0.0,0.0,0.0,0.0,0.0,0.0,0.0,0.0,0.3300273388237478,0.0,0.0,0.0,0.0,0.0,0.0,0.0,0.0,0.0,0.0,0.0,0.0,0.0,0.0,0.0,0.0,0.0,0.0,0.0,0.0,0.0,0.0,0.0,0.0,0.0,0.0,0.0,0.0,0.0,0.0,0.0,0.0,0.0,0.0,0.0,0.0,0.0,0.0,0.0,0.0,0.0,0.0,0.24780476340542623,0.0,0.0,0.0,0.0,0.0,0.0,0.0,0.0,0.0,0.0,0.0,0.0,0.0,0.0,0.0,0.0,0.0,0.0,0.0,0.0,0.0,0.0,0.0,0.0,0.0,0.0,0.0,0.0,0.0,0.0,0.0,0.0,0.0,0.0,0.0,0.0,0.0,0.0,0.0,0.0,0.0,0.0,0.0,0.0,0.0,0.0,0.0,0.0,0.0,0.0,0.0,0.0,0.0,0.0,0.0,0.0,0.0,0.0,0.0,0.0,0.0,0.0,0.0,0.0,0.0,0.0,0.0,0.0,0.0,0.0,0.0,0.0,0.0,0.0,0.0,0.0,0.3300273388237478,0.0,0.0,0.0,0.0,0.0,0.0,0.0,0.0,0.0,0.0,0.0,0.0,0.0,0.0,0.0,0.0,0.0,0.0,0.0,0.0,0.0,0.0,0.0,0.0,0.0,0.0,0.0,0.0,0.0,0.0,0.0,0.0,0.0,0.0,0.0,0.0,0.0,0.0,0.0,0.0,0.0,0.0,0.0,0.0,0.0,0.0,0.0,0.0,0.0,0.0,0.0,0.0,0.0,0.0,0.0,0.0,0.0,0.0,0.0,0.0,0.0,0.0,0.0,0.0,0.288916051114587,0.0,0.0,0.0,0.0,0.0,0.0,0.0,0.0,0.0,0.0,0.0,0.0,0.0,0.0,0.0,0.0,0.0,0.0,0.0,0.0,0.0,0.0,0.0,0.0,0.0,0.0,0.0,0.0,0.0,0.0,0.0,0.0,0.0,0.0,0.0,0.0,0.0,0.0,0.0,0.0,0.0,0.0,0.0,0.0,0.0,0.0,0.0,0.0,0.0,0.0,0.0,0.0,0.0,0.0,0.0,0.0,0.0,0.0,0.0,0.0,0.0,0.0,0.0,0.0,0.0,0.0,0.0,0.0,0.0,0.0,0.0,0.0,0.0,0.0,0.0,0.0,0.0,0.0,0.0,0.0,0.0,0.0,0.0,0.0,0.0,0.0,0.0,0.0,0.0,0.0,0.0,0.0,0.0,0.0,0.0,0.0,0.0,0.0,0.0,0.0,0.0,0.0,0.0,0.0,0.0,0.0,0.0,0.0,0.0,0.0,0.0,0.0,0.0,0.0,0.0,0.0,0.0,0.0,0.0,0.0,0.0,0.0,0.0,0.0,0.0,0.0,0.0,0.0,0.0,0.0,0.0,0.0,0.0,0.0,0.0,0.0,0.0,0.0,0.0,0.0,0.0,0.0,0.0,0.0,0.0,0.0,0.0,0.0,0.0,0.0,0.0,0.0,0.0,0.0,0.0,0.0,0.0,0.0,0.0,0.0,0.0,0.0,0.0,0.0,0.0,0.0,0.0,0.30597877715753014,0.3300273388237478,0.3300273388237478,0.0,0.0,0.0,0.0,0.0,0.0,0.0,0.0,0.0,0.0,0.0,0.0,0.0,0.0,0.0,0.0,0.0,0.0,0.0,0.0,0.0,0.0,0.0,0.0,0.0,0.0,0.0,0.0,0.0,0.0,0.0,0.0,0.0,0.0,0.0,0.0,0.0,0.0,0.0,0.0,0.0,0.0,0.0,0.0,0.0,0.0,0.0,0.0,0.0,0.0,0.0,0.0,0.3300273388237478,0.0,0.0,0.0,0.0,0.0,0.0,0.0,0.0,0.0,0.0,0.0,0.0,0.0,0.0,0.0,0.0,0.0,0.0,0.0,0.0,0.0,0.0,0.0,0.0,0.0,0.0,0.0,0.0,0.0,0.0,0.0,0.0,0.0,0.0,0.0,0.0,0.0,0.0,0.0,0.0,0.0,0.0,0.0,0.0,0.0,0.0,0.0,0.0,0.0,0.0,0.0,0.0,0.0,0.0,0.0,0.0,0.0,0.0,0.19650085636006945,0.0,0.0,0.0,0.0,0.0,0.0,0.0,0.0,0.0,0.0,0.0,0.0,0.0,0.0,0.0,0.0,0.0,0.0,0.0,0.0,0.0,0.0,0.0,0.0,0.0,0.0,0.0,0.0,0.0,0.0,0.0,0.0,0.0,0.0,0.0,0.0,0.0,0.0,0.0,0.0,0.0,0.0,0.0,0.0,0.0,0.0,0.0,0.0,0.0,0.0,0.0,0.0,0.0,0.0,0.0,0.0,0.0,0.0,0.0,0.0,0.0,0.0,0.0,0.0,0.0,0.0,0.0,0.0,0.0,0.0,0.0,0.0,0.0,0.0,0.0,0.0,0.0,0.0,0.0,0.0,0.0,0.0,0.0,0.0,0.0,0.0,0.0,0.0,0.0,0.0,0.0,0.0,0.0,0.0,0.0,0.0,0.0,0.0,0.0,0.0,0.0,0.0,0.0,0.0,0.0,0.0,0.0,0.0,0.0,0.0,0.0,0.0,0.0,0.0,0.0,0.0,0.0,0.0,0.0,0.0,0.0,0.0,0.0,0.0,0.0,0.0,0.0,0.0,0.0,0.0,0.0,0.0,0.0,0.0,0.0,0.0,0.0,0.0,0.0,0.0,0.0,0.0,0.0,0.0,0.0,0.0,0.30597877715753014,0.0,0.0,0.0,0.0,0.0,0.0,0.0,0.0,0.0,0.0,0.0,0.0,0.0,0.0,0.0,0.0,0.0,0.0,0.0,0.0,0.0,0.0,0.0,0.0,0.0,0.0,0.0,0.0,0.0,0.0,0.0,0.0,0.0,0.0,0.0,0.0,0.0,0.0,0.0,0.0,0.0,0.0,0.0,0.0,0.0,0.0,0.0,0.0,0.0,0.0,0.0,0.0,0.0,0.0,0.0,0.0,0.0,0.0,0.0,0.0,0.0,0.0,0.0
SD2401267,20대,너희 집은 지금 오피스텔이잖아. 그 층간 소음 좀 있는 거 같아? 나 지금 7층 사는데 딱히 층간 소음은 없는 거 같은데 좀 그 아파트에 이상한 사람은 좀 있는 거 같더라. 왜냐하면은 우리가 집에 아무도 없는 상태였는데 갑자기 밑의 집에서 올라온다 아 그 밑의 집인가 어디서 막 신고가 들어왔다는 거야. 이 이 시간이 너무 시끄러웠었다고. 그래 가지고 그게 그게 꼭 밑의 집은 아니고 밑의 층은 아니었던 거 같은데 그런 사람이 좀 있어서 좀 뭐지 좀 조심해야겠다 이런 적은 있었어. 이런 적이 있어. 그리고 너는 지금 자취를 그 1곳에서만 했던 거야 이사 없이? 나도 지금 누나랑 같이 살라고 하면은 절대 못 살 거 같아. 누나랑 진짜 맞는 게 하나도 없단 말이야. 누나도 막 나도 새벽에 전화하면은 누나가 뭐라 하고. 어떨 때 누나가 새벽에 게임하면 또 나한테 이제 내가 이제 스트레스받고. 그래서 이제 만약에 내가 너처럼 그러니까 형제 같이 살라고 하면은 나는 못 살 거 같아. 그리고 그리고 그 이사를 좀 많이 다녔었는데 이사 다닐 때마다 이제 방이 있긴 한데 이게 크기가 이제 큰방 작은방이 있었단 말이야. 그래 가지고 누가 큰방 쓸 거냐 이런 거 때문에 또 엄청 싸운 적 싸웠었고 싸웠었던 거 같아. 그러면 본가도 그러면 지금 살던 데 쭉 계속 살고 있었던 거야 어릴 때부터? 나는 이제 어릴 때부터 정말 많이 다녔었는데 초등학교랑 중학교 때까지는 그래도 한동네 내에서 왔다 갔다 했던 거여서 좀 이제 이사하느라 좀 귀찮고 막 집 바뀌는 게 좀 불편 적응이 안 되 초반에 적응이 안 되는 게 있긴 했어도 이 친구들이랑 멀어진다 이런 거 없어서 괜찮았는데 중학교 3학년에서 이제 고등학교 때 한번 아예 학 그 학 우리 지금 다니는 학교 쪽으로 이사를 왔었단 말이야. 근데 그때 정말 좀 좋았던 친구들인데 완전 멀어지니까 그때 쪼끔 이제 스트레스를 받았었던 경험이 있고. 그래서 또 그래 가지고 이제 고등학교 1학년 때에서부터 2학년 때 또 이사를 가야 되는 상황이 된 거야. 근데 그래서 원래 다니던 고등학교 쪽으로 가려 했었는데 그러진 않고 이제 다시 원래 동네로 돌아갔었던 적이 있어. 나도 그런 전원주택에서 사는 꿈 같은 게 있었던 거 같아. 그 내가 직접 집을 만들고 아 설계해서 막 비밀 공간이나 아 이제 정말 큰 목욕탕이나 아니면 음 어떤 작업실 뭐 이런 걸 만들어 두고 싶다는 생각이 있었어. 만들고 싶다는. 그리 너 근데 지금 자취하고 있잖아. 그러면 그 가전제품 같은 거는 뭐 뭐 있어? 어 이러면 안 되는데. 나는 이제 본가에 살잖아. 어 집안일을 거의 다 안 하고 엄마가 하고 있어. 그러니까 설거지만 이제 내가 먹은 거 설거지하고 이제 그리고 옷 옷이나 분리수거 이런 거는 엄마 아빠가 거의 다 하는 거 같아. 그 자취하면서 이런 설거지나 분리수거 때문에 막 오빠랑 막 싸우거나 그러진 않아? 난 지금 너무 자취를 하고 싶어. 왜냐하면은 일단 난 이제 혼자가 편하단 말이야. 그래 가지고 이제 나만의 일상생활 패턴이 있는데 어쨌든 가족이랑 살면은 아무리 가족이라도 쪼금 지켜야 되는 게 있으니까 그런 게 이제 좀 나한테는 너무 좀 힘들고 내가 하고 싶은 것도 너무 제한이 되는 거 같아서 학교 근처에서 자취하고 싶다는 생각은 있는데 이게 자취도 어쨌든 돈이 많이 깨지니까 쉽사리 하진 못 하고 있고. 음 아마 군대 갔다 와서 자취를 할 수 있으면 하지 않을까 이런 생각이 있어. 음 너는 음 너희 집 인테리어는 혹시 어떻게 돼 있어? 음 우리 집은 이번에 새로 지은 아파트여 가지고 그냥 전체적으로 완전 깔끔한 느낌으로 지금 돼 있는데 이게 아파 이제 방 청소를 쪼끔만 안 해도 이제 옷가 방이 좀 좁아 가지고 옷도 막 의자 위에 올라가 있고 침대 위에 뭉쳐져 있고. 그래 가지고 인테리어는 깔끔한데 방 정리는 되게 안 돼 있는 거 같아. 그리고 또 새로 지은 아파트라 했잖아. 이게 요즘에 새로 지어서 그런가. 아파트가 되게 개성이 넘치더라고. 건물도 막 다 이 모습이 막 다르고. 막 저게 아파트 건물이야 이런 것도 있고. 그리고 처음에 이사 왔을 때 첫날인데 집을 못 찾겠는 거야. 왜냐하면은 보통 아파트 단지가 뭐 몇 호부터 몇 호 1에서 3 3에서 5 이렇게 순서대로 있는데 거기는 막 1에서 3이랑 17에서 19 이렇게 붙어 있고. 막 이상하게 다 붙어 있는 거야. 그래 가지고 처음 이사 갔을 때 그 아파트 단지 안에서 길 잃어 가지고 한 20분 30분 정도 헤맸던 기억이 있어. 너는 만약에 이제 앞으로 회사 다니고 할 거면은 하면은 혼자 살게 되면은 서울에서 계속 살고 싶어? 아니면은 대구? 이게 새로 지은 아파트여 가지고 이게 헬스장이나 도서관 뭐 어린이집 이런 게 입주된다는 얘기만 있고 아직은 인프라가 갖춰지진 못한 거 같아. 그래서 헬스장도 아마 생긴다곤 하는데 어 언제 생길진 잘 모르겠고. 그 아파트 단지 내에 도서관은 지금도 운영하고 있고. 그거 말고도 뭔가 주민들 휴식 공간이라고 하면서 건물이 몇 개 있더라고. 거기서 막 좀 차 같은 거 마시고 막 떠들면서 있는 아줌마들도 있고. 그 빈백 빈백도 있잖아. 그런 것도 아파트 단지 내에 몇 개 깔아둔 거야. 그래 가지고 거기서 좀 누워서 막 떠드는 사람들도 보고 이런 시설이 좀 있었어.,0.014965986394557823,0.02857142857142857,0.013605442176870748,0.0013605442176870747,0.005442176870748299,0.0027210884353741495,0.0027210884353741495,0.02312925170068027,0.0326530612244898,0.02040816326530612,0.004081632653061225,0.0163265306122449,0.0013605442176870747,0.005442176870748299,0.013605442176870748,0.0027210884353741495,0.004081632653061225,0.004081632653061225,0.024489795918367346,0.021768707482993196,0.0013605442176870747,0.0013605442176870747,0.005442176870748299,0.006802721088435374,0.0013605442176870747,0.004081632653061225,0.02040816326530612,0.0013605442176870747,0.0013605442176870747,0.009523809523809525,0.04353741496598639,0.0013605442176870747,0.005442176870748299,0.0013605442176870747,0.010884353741496598,0.005442176870748299,0.0013605442176870747,0.0027210884353741495,0.012244897959183673,0.0013605442176870747,0.0013605442176870747,0.006802721088435374,0.004081632653061225,0.0027210884353741495,0.027210884353741496,0.009523809523809525,0.010884353741496598,0.0013605442176870747,0.006802721088435374,0.024489795918367346,0.010884353741496598,0.0013605442176870747,0.006802721088435374,0.0027210884353741495,0.0013605442176870747,0.005442176870748299,0.0013605442176870747,0.0013605442176870747,0.0013605442176870747,0.006802721088435374,0.0013605442176870747,0.0027210884353741495,0.0013605442176870747,0.0027210884353741495,0.013605442176870748,0.0013605442176870747,0.006802721088435374,0.0013605442176870747,0.02857142857142857,0.0027210884353741495,0.0027210884353741495,0.0027210884353741495,0.005442176870748299,0.0013605442176870747,0.00816326530612245,0.004081632653061225,0.00816326530612245,0.0013605442176870747,0.005442176870748299,0.0027210884353741495,0.0013605442176870747,0.0013605442176870747,0.0027210884353741495,0.0013605442176870747,0.0013605442176870747,0.0013605442176870747,0.005442176870748299,0.0013605442176870747,0.005442176870748299,0.0027210884353741495,0.0013605442176870747,0.0027210884353741495,0.0027210884353741495,0.005442176870748299,0.004081632653061225,0.0013605442176870747,0.0027210884353741495,0.0013605442176870747,0.0013605442176870747,0.0013605442176870747,0.005442176870748299,0.004081632653061225,0.0013605442176870747,0.0013605442176870747,0.0013605442176870747,0.0027210884353741495,0.009523809523809525,0.014965986394557823,0.0013605442176870747,0.0013605442176870747,0.0013605442176870747,0.0027210884353741495,0.0013605442176870747,0.004081632653061225,0.0013605442176870747,0.004081632653061225,0.0013605442176870747,0.0013605442176870747,0.0027210884353741495,0.0027210884353741495,0.0027210884353741495,0.0013605442176870747,0.0013605442176870747,0.0027210884353741495,0.0027210884353741495,0.0013605442176870747,0.0027210884353741495,0.0013605442176870747,0.0027210884353741495,0.0013605442176870747,0.0013605442176870747,0.0013605442176870747,0.0013605442176870747,0.0013605442176870747,0.0013605442176870747,0.0013605442176870747,0.005442176870748299,0.004081632653061225,0.0013605442176870747,0.0013605442176870747,0.0027210884353741495,0.0027210884353741495,0.0013605442176870747,0.0013605442176870747,0.0013605442176870747,0.004081632653061225,0.0013605442176870747,0.0013605442176870747,0.004081632653061225,0.0013605442176870747,0.0027210884353741495,0.005442176870748299,0.0027210884353741495,0.004081632653061225,0.0013605442176870747,0.005442176870748299,0.0027210884353741495,0.0013605442176870747,0.0013605442176870747,0.0013605442176870747,0.0013605442176870747,0.0027210884353741495,0.0013605442176870747,0.0013605442176870747,0.0013605442176870747,0.0013605442176870747,0.0013605442176870747,0.0027210884353741495,0.0027210884353741495,0.0013605442176870747,0.0013605442176870747,0.0013605442176870747,0.0013605442176870747,0.0013605442176870747,0.0013605442176870747,0.0013605442176870747,0.0013605442176870747,0.0013605442176870747,0.0013605442176870747,0.0013605442176870747,0.0027210884353741495,0.0013605442176870747,0.0027210884353741495,0.0013605442176870747,0.0013605442176870747,0.005442176870748299,0.005442176870748299,0.005442176870748299,0.0013605442176870747,0.0013605442176870747,0.0013605442176870747,0.0013605442176870747,0.0013605442176870747,0.0013605442176870747,0.0013605442176870747,0.0027210884353741495,0.0013605442176870747,0.0013605442176870747,0.0013605442176870747,0.0013605442176870747,0.0027210884353741495,0.0013605442176870747,0.0013605442176870747,0.0013605442176870747,0.004081632653061225,0.0013605442176870747,0.0013605442176870747,0.0013605442176870747,0.0013605442176870747,0.0027210884353741495,0.0013605442176870747,0.0013605442176870747,0.0013605442176870747,0.005442176870748299,0.0027210884353741495,0.0013605442176870747,0.0013605442176870747,0.0027210884353741495,0.0013605442176870747,0.0013605442176870747,0.0013605442176870747,0.0013605442176870747,0.0013605442176870747,0.0013605442176870747,0.0013605442176870747,0.0013605442176870747,0.0013605442176870747,0.0013605442176870747,0.0027210884353741495,0.0027210884353741495,0.0013605442176870747,0.0013605442176870747,0.0013605442176870747,0.0013605442176870747,0.0013605442176870747,0.0013605442176870747,0.0013605442176870747,0.0013605442176870747,0.0027210884353741495,0.0013605442176870747,0.0013605442176870747,0.0013605442176870747,0.0013605442176870747,0.0013605442176870747,0.0013605442176870747,0.0013605442176870747,0.0013605442176870747,0.0013605442176870747,0.0013605442176870747,0.0013605442176870747,0.0027210884353741495,0.0013605442176870747,0.0013605442176870747,0.0013605442176870747,0.0013605442176870747,0.0013605442176870747,0.0013605442176870747,0.0013605442176870747,0.0,0.0,0.0,0.0,0.0,0.0,0.0,0.0,0.0,0.0,0.0,0.0,0.0,0.0,0.0,0.0,0.0,0.0,0.0,0.0,0.0,0.0,0.0,0.0,0.0,0.0,0.0,0.0,0.0,0.0,0.0,0.0,0.0,0.0,0.0,0.0,0.0,0.0,0.0,0.0,0.0,0.0,0.0,0.0,0.0,0.0,0.0,0.0,0.0,0.0,0.0,0.0,0.0,0.0,0.0,0.0,0.0,0.0,0.0,0.0,0.0,0.0,0.0,0.0,0.0,0.0,0.0,0.0,0.0,0.0,0.0,0.0,0.0,0.0,0.0,0.0,0.0,0.0,0.0,0.0,0.0,0.0,0.0,0.0,0.0,0.0,0.0,0.0,0.0,0.0,0.0,0.0,0.0,0.0,0.0,0.0,0.0,0.0,0.0,0.0,0.0,0.0,0.0,0.0,0.0,0.0,0.0,0.0,0.0,0.0,0.0,0.0,0.0,0.0,0.0,0.0,0.0,0.0,0.0,0.0,0.0,0.0,0.0,0.0,0.0,0.0,0.0,0.0,0.0,0.0,0.0,0.0,0.0,0.0,0.0,0.0,0.0,0.0,0.0,0.0,0.0,0.0,0.0,0.0,0.0,0.0,0.0,0.0,0.0,0.0,0.0,0.0,0.0,0.0,0.0,0.0,0.0,0.0,0.0,0.0,0.0,0.0,0.0,0.0,0.0,0.0,0.0,0.0,0.0,0.0,0.0,0.0,0.0,0.0,0.0,0.0,0.0,0.0,0.0,0.0,0.0,0.0,0.0,0.0,0.0,0.0,0.0,0.0,0.0,0.0,0.0,0.0,0.0,0.0,0.0,0.0,0.0,0.0,0.0,0.0,0.0,0.0,0.0,0.0,0.0,0.0,0.0,0.0,0.0,0.0,0.0,0.0,0.0,0.0,0.0,0.0,0.0,0.0,0.0,0.0,0.0,0.0,0.0,0.0,0.0,0.0,0.0,0.0,0.0,0.0,0.0,0.0,0.0,0.0,0.0,0.0,0.0,0.0,0.0,0.0,0.0,0.0,0.0,0.0,0.0,0.0,0.0,0.0,0.2239476538265539,0.0,0.0,0.0,0.0,0.0,0.0,0.0,0.0,0.0,0.0,0.0,0.2696967396012977,0.0,0.0,0.0,0.0,0.0,0.0,0.0,0.0,0.0,0.0,0.0,0.0,0.0,0.0,0.0,0.0,0.0,0.0,0.0,0.0,0.0,0.0,0.0,0.0,0.0,0.0,0.0,0.0,0.0,0.0,0.0,0.0,0.0,0.0,0.5652886359538453,0.0,0.0,0.0,0.0,0.0,0.0,0.0,0.0,0.0,0.0,0.0,0.0,0.0,0.0,0.0,0.0,0.0,0.0,0.0,0.0,0.0,0.0,0.0,0.0,0.0,0.0,0.0,0.0,0.0,0.0,0.0,0.0,0.0,0.0,0.0,0.0,0.0,0.0,0.0,0.0,0.0,0.0,0.0,0.0,0.0,0.0,0.0,0.0,0.0,0.0,0.0,0.0,0.0,0.0,0.0,0.0,0.0,0.0,0.0,0.0,0.0,0.0,0.0,0.0,0.0,0.0,0.0,0.0,0.0,0.0,0.0,0.0,0.0,0.0,0.0,0.0,0.0,0.0,0.0,0.0,0.0,0.0,0.0,0.0,0.0,0.0,0.0,0.0,0.0,0.0,0.0,0.0,0.0,0.0,0.0,0.0,0.0,0.0,0.0,0.0,0.0,0.0,0.0,0.0,0.0,0.0,0.0,0.0,0.0,0.0,0.0,0.0,0.0,0.0,0.0,0.0,0.0,0.0,0.0,0.0,0.0,0.0,0.0,0.0,0.0,0.0,0.0,0.0,0.0,0.0,0.0,0.0,0.0,0.0,0.2993366496996832,0.0,0.0,0.0,0.0,0.0,0.0,0.0,0.0,0.0,0.0,0.0,0.0,0.0,0.0,0.0,0.0,0.0,0.0,0.0,0.0,0.0,0.0,0.0,0.0,0.0,0.0,0.0,0.0,0.0,0.0,0.0,0.0,0.0,0.0,0.0,0.0,0.0,0.0,0.0,0.0,0.0,0.0,0.0,0.0,0.0,0.0,0.0,0.0,0.0,0.0,0.0,0.0,0.0,0.0,0.0,0.0,0.0,0.0,0.0,0.0,0.0,0.0,0.0,0.0,0.0,0.0,0.0,0.0,0.0,0.0,0.32286316989214636,0.0,0.0,0.0,0.0,0.0,0.0,0.0,0.0,0.0,0.0,0.0,0.0,0.0,0.0,0.0,0.0,0.0,0.0,0.0,0.0,0.0,0.0,0.0,0.0,0.0,0.0,0.21425458476224127,0.0,0.0,0.0,0.0,0.32286316989214636,0.0,0.0,0.0,0.0,0.0,0.0,0.0,0.0,0.0,0.0,0.0,0.0,0.0,0.0,0.0,0.0,0.0,0.0,0.0,0.0,0.0,0.0,0.0,0.0,0.0,0.0,0.0,0.0,0.0,0.0,0.0,0.0,0.0,0.0,0.0,0.0,0.0,0.0,0.0,0.0,0.0,0.0,0.0,0.0,0.0,0.0,0.0,0.0,0.0,0.0,0.0,0.0,0.0,0.0,0.0,0.0,0.0,0.0,0.0,0.0,0.0,0.0,0.0,0.0,0.0,0.0,0.0,0.0,0.0,0.0,0.0,0.0,0.0,0.0,0.0,0.0,0.0,0.0,0.0,0.0,0.0,0.0,0.0,0.0,0.0,0.0,0.0,0.0,0.0,0.0,0.0,0.0,0.0,0.0,0.0,0.0,0.0,0.0,0.0,0.0,0.0,0.0,0.0,0.0,0.0,0.0,0.0,0.0,0.0,0.0,0.0,0.0,0.2993366496996832,0.0,0.0,0.0,0.0,0.0,0.0,0.0,0.0,0.0,0.0,0.0,0.0,0.0,0.0,0.0,0.0,0.0,0.0,0.0,0.0,0.0,0.0,0.0,0.0,0.0,0.0,0.0,0.0,0.0,0.0,0.0,0.0,0.0,0.0,0.0,0.0,0.0,0.0,0.0,0.0,0.0,0.0,0.0,0.0,0.0,0.0,0.0,0.0,0.0,0.0,0.0,0.0,0.0,0.0,0.0,0.0,0.0,0.0,0.0,0.0,0.0,0.0,0.0,0.0,0.0,0.0,0.0,0.0,0.0,0.0,0.0,0.0,0.0,0.0,0.0,0.0,0.0,0.0,0.0,0.0,0.0,0.0,0.0,0.0,0.0,0.0,0.0,0.0,0.0,0.0,0.0,0.0,0.0,0.0,0.0,0.0,0.0,0.0,0.28264431797692263,0.0,0.0,0.0,0.0,0.0,0.0,0.0,0.0,0.0,0.0,0.0,0.0,0.0,0.0,0.0,0.0,0.0,0.0,0.0,0.0,0.0,0.0,0.0,0.0,0.0,0.0,0.0,0.0,0.0,0.0,0.0,0.0,0.0,0.0,0.0,0.0,0.0,0.0,0.0,0.0,0.0,0.0,0.0,0.0,0.0,0.0,0.0,0.0,0.0,0.0,0.0,0.0,0.0,0.0,0.0,0.0,0.0,0.0,0.0,0.0,0.20995457800843714,0.0,0.0,0.0,0.0,0.0,0.0,0.0,0.0,0.0,0.0,0.0,0.0,0.0,0.0,0.0,0.0,0.0,0.0,0.0,0.0,0.0,0.0,0.0,0.0,0.0,0.0,0.0,0.0,0.0,0.0,0.0,0.0,0.0,0.0,0.0,0.0,0.0,0.0,0.0,0.0,0.0,0.0,0.0,0.0,0.0,0.0,0.0,0.0,0.0,0.0,0.0,0.0,0.0,0.0,0.0,0.0,0.0,0.0,0.0,0.0,0.0,0.0,0.0,0.0,0.0,0.0,0.0,0.0,0.0,0.0,0.0,0.0,0.0,0.0,0.0,0.0,0.0,0.0,0.0,0.0,0.0,0.0,0.0,0.0,0.0,0.0,0.0,0.0,0.0,0.0,0.0,0.0,0.0,0.0,0.0,0.0,0.0,0.0,0.0,0.0,0.0,0.0,0.0,0.0,0.0,0.0,0.0,0.0,0.0,0.0,0.0,0.0,0.0,0.0,0.0
SD2401267,20대,너희 집은 지금 오피스텔이잖아. 그 층간 소음 좀 있는 거 같아? 나 지금 7층 사는데 딱히 층간 소음은 없는 거 같은데 좀 그 아파트에 이상한 사람은 좀 있는 거 같더라. 왜냐하면은 우리가 집에 아무도 없는 상태였는데 갑자기 밑의 집에서 올라온다 아 그 밑의 집인가 어디서 막 신고가 들어왔다는 거야. 이 이 시간이 너무 시끄러웠었다고. 그래 가지고 그게 그게 꼭 밑의 집은 아니고 밑의 층은 아니었던 거 같은데 그런 사람이 좀 있어서 좀 뭐지 좀 조심해야겠다 이런 적은 있었어. 이런 적이 있어. 그리고 너는 지금 자취를 그 1곳에서만 했던 거야 이사 없이? 나도 지금 누나랑 같이 살라고 하면은 절대 못 살 거 같아. 누나랑 진짜 맞는 게 하나도 없단 말이야. 누나도 막 나도 새벽에 전화하면은 누나가 뭐라 하고. 어떨 때 누나가 새벽에 게임하면 또 나한테 이제 내가 이제 스트레스받고. 그래서 이제 만약에 내가 너처럼 그러니까 형제 같이 살라고 하면은 나는 못 살 거 같아. 그리고 그리고 그 이사를 좀 많이 다녔었는데 이사 다닐 때마다 이제 방이 있긴 한데 이게 크기가 이제 큰방 작은방이 있었단 말이야. 그래 가지고 누가 큰방 쓸 거냐 이런 거 때문에 또 엄청 싸운 적 싸웠었고 싸웠었던 거 같아. 그러면 본가도 그러면 지금 살던 데 쭉 계속 살고 있었던 거야 어릴 때부터? 나는 이제 어릴 때부터 정말 많이 다녔었는데 초등학교랑 중학교 때까지는 그래도 한동네 내에서 왔다 갔다 했던 거여서 좀 이제 이사하느라 좀 귀찮고 막 집 바뀌는 게 좀 불편 적응이 안 되 초반에 적응이 안 되는 게 있긴 했어도 이 친구들이랑 멀어진다 이런 거 없어서 괜찮았는데 중학교 3학년에서 이제 고등학교 때 한번 아예 학 그 학 우리 지금 다니는 학교 쪽으로 이사를 왔었단 말이야. 근데 그때 정말 좀 좋았던 친구들인데 완전 멀어지니까 그때 쪼끔 이제 스트레스를 받았었던 경험이 있고. 그래서 또 그래 가지고 이제 고등학교 1학년 때에서부터 2학년 때 또 이사를 가야 되는 상황이 된 거야. 근데 그래서 원래 다니던 고등학교 쪽으로 가려 했었는데 그러진 않고 이제 다시 원래 동네로 돌아갔었던 적이 있어. 나도 그런 전원주택에서 사는 꿈 같은 게 있었던 거 같아. 그 내가 직접 집을 만들고 아 설계해서 막 비밀 공간이나 아 이제 정말 큰 목욕탕이나 아니면 음 어떤 작업실 뭐 이런 걸 만들어 두고 싶다는 생각이 있었어. 만들고 싶다는. 그리 너 근데 지금 자취하고 있잖아. 그러면 그 가전제품 같은 거는 뭐 뭐 있어? 어 이러면 안 되는데. 나는 이제 본가에 살잖아. 어 집안일을 거의 다 안 하고 엄마가 하고 있어. 그러니까 설거지만 이제 내가 먹은 거 설거지하고 이제 그리고 옷 옷이나 분리수거 이런 거는 엄마 아빠가 거의 다 하는 거 같아. 그 자취하면서 이런 설거지나 분리수거 때문에 막 오빠랑 막 싸우거나 그러진 않아? 난 지금 너무 자취를 하고 싶어. 왜냐하면은 일단 난 이제 혼자가 편하단 말이야. 그래 가지고 이제 나만의 일상생활 패턴이 있는데 어쨌든 가족이랑 살면은 아무리 가족이라도 쪼금 지켜야 되는 게 있으니까 그런 게 이제 좀 나한테는 너무 좀 힘들고 내가 하고 싶은 것도 너무 제한이 되는 거 같아서 학교 근처에서 자취하고 싶다는 생각은 있는데 이게 자취도 어쨌든 돈이 많이 깨지니까 쉽사리 하진 못 하고 있고. 음 아마 군대 갔다 와서 자취를 할 수 있으면 하지 않을까 이런 생각이 있어. 음 너는 음 너희 집 인테리어는 혹시 어떻게 돼 있어? 음 우리 집은 이번에 새로 지은 아파트여 가지고 그냥 전체적으로 완전 깔끔한 느낌으로 지금 돼 있는데 이게 아파 이제 방 청소를 쪼끔만 안 해도 이제 옷가 방이 좀 좁아 가지고 옷도 막 의자 위에 올라가 있고 침대 위에 뭉쳐져 있고. 그래 가지고 인테리어는 깔끔한데 방 정리는 되게 안 돼 있는 거 같아. 그리고 또 새로 지은 아파트라 했잖아. 이게 요즘에 새로 지어서 그런가. 아파트가 되게 개성이 넘치더라고. 건물도 막 다 이 모습이 막 다르고. 막 저게 아파트 건물이야 이런 것도 있고. 그리고 처음에 이사 왔을 때 첫날인데 집을 못 찾겠는 거야. 왜냐하면은 보통 아파트 단지가 뭐 몇 호부터 몇 호 1에서 3 3에서 5 이렇게 순서대로 있는데 거기는 막 1에서 3이랑 17에서 19 이렇게 붙어 있고. 막 이상하게 다 붙어 있는 거야. 그래 가지고 처음 이사 갔을 때 그 아파트 단지 안에서 길 잃어 가지고 한 20분 30분 정도 헤맸던 기억이 있어. 너는 만약에 이제 앞으로 회사 다니고 할 거면은 하면은 혼자 살게 되면은 서울에서 계속 살고 싶어? 아니면은 대구? 이게 새로 지은 아파트여 가지고 이게 헬스장이나 도서관 뭐 어린이집 이런 게 입주된다는 얘기만 있고 아직은 인프라가 갖춰지진 못한 거 같아. 그래서 헬스장도 아마 생긴다곤 하는데 어 언제 생길진 잘 모르겠고. 그 아파트 단지 내에 도서관은 지금도 운영하고 있고. 그거 말고도 뭔가 주민들 휴식 공간이라고 하면서 건물이 몇 개 있더라고. 거기서 막 좀 차 같은 거 마시고 막 떠들면서 있는 아줌마들도 있고. 그 빈백 빈백도 있잖아. 그런 것도 아파트 단지 내에 몇 개 깔아둔 거야. 그래 가지고 거기서 좀 누워서 막 떠드는 사람들도 보고 이런 시설이 좀 있었어.,0.014965986394557823,0.02857142857142857,0.013605442176870748,0.0013605442176870747,0.005442176870748299,0.0027210884353741495,0.0027210884353741495,0.02312925170068027,0.0326530612244898,0.02040816326530612,0.004081632653061225,0.0163265306122449,0.0013605442176870747,0.005442176870748299,0.013605442176870748,0.0027210884353741495,0.004081632653061225,0.004081632653061225,0.024489795918367346,0.021768707482993196,0.0013605442176870747,0.0013605442176870747,0.005442176870748299,0.006802721088435374,0.0013605442176870747,0.004081632653061225,0.02040816326530612,0.0013605442176870747,0.0013605442176870747,0.009523809523809525,0.04353741496598639,0.0013605442176870747,0.005442176870748299,0.0013605442176870747,0.010884353741496598,0.005442176870748299,0.0013605442176870747,0.0027210884353741495,0.012244897959183673,0.0013605442176870747,0.0013605442176870747,0.006802721088435374,0.004081632653061225,0.0027210884353741495,0.027210884353741496,0.009523809523809525,0.010884353741496598,0.0013605442176870747,0.006802721088435374,0.024489795918367346,0.010884353741496598,0.0013605442176870747,0.006802721088435374,0.0027210884353741495,0.0013605442176870747,0.005442176870748299,0.0013605442176870747,0.0013605442176870747,0.0013605442176870747,0.006802721088435374,0.0013605442176870747,0.0027210884353741495,0.0013605442176870747,0.0027210884353741495,0.013605442176870748,0.0013605442176870747,0.006802721088435374,0.0013605442176870747,0.02857142857142857,0.0027210884353741495,0.0027210884353741495,0.0027210884353741495,0.005442176870748299,0.0013605442176870747,0.00816326530612245,0.004081632653061225,0.00816326530612245,0.0013605442176870747,0.005442176870748299,0.0027210884353741495,0.0013605442176870747,0.0013605442176870747,0.0027210884353741495,0.0013605442176870747,0.0013605442176870747,0.0013605442176870747,0.005442176870748299,0.0013605442176870747,0.005442176870748299,0.0027210884353741495,0.0013605442176870747,0.0027210884353741495,0.0027210884353741495,0.005442176870748299,0.004081632653061225,0.0013605442176870747,0.0027210884353741495,0.0013605442176870747,0.0013605442176870747,0.0013605442176870747,0.005442176870748299,0.004081632653061225,0.0013605442176870747,0.0013605442176870747,0.0013605442176870747,0.0027210884353741495,0.009523809523809525,0.014965986394557823,0.0013605442176870747,0.0013605442176870747,0.0013605442176870747,0.0027210884353741495,0.0013605442176870747,0.004081632653061225,0.0013605442176870747,0.004081632653061225,0.0013605442176870747,0.0013605442176870747,0.0027210884353741495,0.0027210884353741495,0.0027210884353741495,0.0013605442176870747,0.0013605442176870747,0.0027210884353741495,0.0027210884353741495,0.0013605442176870747,0.0027210884353741495,0.0013605442176870747,0.0027210884353741495,0.0013605442176870747,0.0013605442176870747,0.0013605442176870747,0.0013605442176870747,0.0013605442176870747,0.0013605442176870747,0.0013605442176870747,0.005442176870748299,0.004081632653061225,0.0013605442176870747,0.0013605442176870747,0.0027210884353741495,0.0027210884353741495,0.0013605442176870747,0.0013605442176870747,0.0013605442176870747,0.004081632653061225,0.0013605442176870747,0.0013605442176870747,0.004081632653061225,0.0013605442176870747,0.0027210884353741495,0.005442176870748299,0.0027210884353741495,0.004081632653061225,0.0013605442176870747,0.005442176870748299,0.0027210884353741495,0.0013605442176870747,0.0013605442176870747,0.0013605442176870747,0.0013605442176870747,0.0027210884353741495,0.0013605442176870747,0.0013605442176870747,0.0013605442176870747,0.0013605442176870747,0.0013605442176870747,0.0027210884353741495,0.0027210884353741495,0.0013605442176870747,0.0013605442176870747,0.0013605442176870747,0.0013605442176870747,0.0013605442176870747,0.0013605442176870747,0.0013605442176870747,0.0013605442176870747,0.0013605442176870747,0.0013605442176870747,0.0013605442176870747,0.0027210884353741495,0.0013605442176870747,0.0027210884353741495,0.0013605442176870747,0.0013605442176870747,0.005442176870748299,0.005442176870748299,0.005442176870748299,0.0013605442176870747,0.0013605442176870747,0.0013605442176870747,0.0013605442176870747,0.0013605442176870747,0.0013605442176870747,0.0013605442176870747,0.0027210884353741495,0.0013605442176870747,0.0013605442176870747,0.0013605442176870747,0.0013605442176870747,0.0027210884353741495,0.0013605442176870747,0.0013605442176870747,0.0013605442176870747,0.004081632653061225,0.0013605442176870747,0.0013605442176870747,0.0013605442176870747,0.0013605442176870747,0.0027210884353741495,0.0013605442176870747,0.0013605442176870747,0.0013605442176870747,0.005442176870748299,0.0027210884353741495,0.0013605442176870747,0.0013605442176870747,0.0027210884353741495,0.0013605442176870747,0.0013605442176870747,0.0013605442176870747,0.0013605442176870747,0.0013605442176870747,0.0013605442176870747,0.0013605442176870747,0.0013605442176870747,0.0013605442176870747,0.0013605442176870747,0.0027210884353741495,0.0027210884353741495,0.0013605442176870747,0.0013605442176870747,0.0013605442176870747,0.0013605442176870747,0.0013605442176870747,0.0013605442176870747,0.0013605442176870747,0.0013605442176870747,0.0027210884353741495,0.0013605442176870747,0.0013605442176870747,0.0013605442176870747,0.0013605442176870747,0.0013605442176870747,0.0013605442176870747,0.0013605442176870747,0.0013605442176870747,0.0013605442176870747,0.0013605442176870747,0.0013605442176870747,0.0027210884353741495,0.0013605442176870747,0.0013605442176870747,0.0013605442176870747,0.0013605442176870747,0.0013605442176870747,0.0013605442176870747,0.0013605442176870747,0.0,0.0,0.0,0.0,0.0,0.0,0.0,0.0,0.0,0.0,0.0,0.0,0.0,0.0,0.0,0.0,0.0,0.0,0.0,0.0,0.0,0.0,0.0,0.0,0.0,0.0,0.0,0.0,0.0,0.0,0.0,0.0,0.0,0.0,0.0,0.0,0.0,0.0,0.0,0.0,0.0,0.0,0.0,0.0,0.0,0.0,0.0,0.0,0.0,0.0,0.0,0.0,0.0,0.0,0.0,0.0,0.0,0.0,0.0,0.0,0.0,0.0,0.0,0.0,0.0,0.0,0.0,0.0,0.0,0.0,0.0,0.0,0.0,0.0,0.0,0.0,0.0,0.0,0.0,0.0,0.0,0.0,0.0,0.0,0.0,0.0,0.0,0.0,0.0,0.0,0.0,0.0,0.0,0.0,0.0,0.0,0.0,0.0,0.0,0.0,0.0,0.0,0.0,0.0,0.0,0.0,0.0,0.0,0.0,0.0,0.0,0.0,0.0,0.0,0.0,0.0,0.0,0.0,0.0,0.0,0.0,0.0,0.0,0.0,0.0,0.0,0.0,0.0,0.0,0.0,0.0,0.0,0.0,0.0,0.0,0.0,0.0,0.0,0.0,0.0,0.0,0.0,0.0,0.0,0.0,0.0,0.0,0.0,0.0,0.0,0.0,0.0,0.0,0.0,0.0,0.0,0.0,0.0,0.0,0.0,0.0,0.0,0.0,0.0,0.0,0.0,0.0,0.0,0.0,0.0,0.0,0.0,0.0,0.0,0.0,0.0,0.0,0.0,0.0,0.0,0.0,0.0,0.0,0.0,0.0,0.0,0.0,0.0,0.0,0.0,0.0,0.0,0.0,0.0,0.0,0.0,0.0,0.0,0.0,0.0,0.0,0.0,0.0,0.0,0.0,0.0,0.0,0.0,0.0,0.0,0.0,0.0,0.0,0.0,0.0,0.0,0.0,0.0,0.0,0.0,0.0,0.0,0.0,0.0,0.0,0.0,0.0,0.0,0.0,0.0,0.0,0.0,0.0,0.0,0.0,0.0,0.0,0.0,0.0,0.0,0.0,0.0,0.0,0.0,0.0,0.0,0.0,0.0,0.0,0.0,0.0,0.0,0.0,0.0,0.0,0.0,0.0,0.0,0.0,0.0,0.0,0.0,0.0,0.0,0.0,0.0,0.0,0.0,0.0,0.0,0.0,0.0,0.0,0.0,0.0,0.0,0.0,0.0,0.0,0.0,0.0,0.0,0.0,0.0,0.0,0.0,0.0,0.0,0.0,0.0,0.0,0.0,0.0,0.0,0.0,0.0,0.0,0.0,0.0,0.0,0.0,0.0,0.0,0.0,0.0,0.0,0.0,0.0,0.0,0.0,0.0,0.0,0.0,0.0,0.0,0.0,0.0,0.0,0.0,0.0,0.0,0.0,0.0,0.0,0.0,0.3346789192692872,0.0,0.0,0.0,0.0,0.0,0.0,0.0,0.0,0.0,0.0,0.0,0.0,0.0,0.0,0.0,0.0,0.0,0.0,0.0,0.0,0.0,0.0,0.0,0.0,0.0,0.0,0.0,0.0,0.0,0.0,0.0,0.0,0.0,0.0,0.0,0.0,0.0,0.0,0.0,0.0,0.0,0.0,0.0,0.0,0.0,0.0,0.0,0.4252350402915877,0.0,0.0,0.0,0.0,0.0,0.0,0.0,0.0,0.0,0.0,0.0,0.0,0.0,0.0,0.0,0.0,0.0,0.0,0.0,0.0,0.0,0.0,0.0,0.0,0.0,0.0,0.0,0.0,0.0,0.0,0.0,0.0,0.0,0.0,0.0,0.0,0.0,0.0,0.0,0.0,0.0,0.0,0.0,0.0,0.0,0.0,0.0,0.0,0.0,0.0,0.0,0.0,0.0,0.0,0.0,0.0,0.4252350402915877,0.0,0.0,0.0,0.0,0.0,0.0,0.0,0.0,0.0,0.0,0.0,0.0,0.0,0.0,0.0,0.0,0.0,0.0,0.0,0.3346789192692872,0.0,0.0,0.0,0.0,0.0,0.0,0.0,0.0,0.0,0.0,0.0,0.0,0.0,0.0,0.0,0.0,0.0,0.0,0.0,0.0,0.0,0.0,0.0,0.0,0.0,0.0,0.0,0.0,0.0,0.0,0.0,0.0,0.0,0.0,0.0,0.0,0.0,0.0,0.0,0.0,0.0,0.0,0.0,0.0,0.0,0.0,0.0,0.0,0.0,0.0,0.0,0.0,0.0,0.0,0.0,0.0,0.0,0.0,0.0,0.0,0.0,0.0,0.0,0.0,0.0,0.0,0.0,0.0,0.0,0.0,0.0,0.0,0.0,0.0,0.0,0.0,0.0,0.0,0.0,0.0,0.0,0.0,0.0,0.0,0.0,0.0,0.0,0.0,0.0,0.0,0.0,0.0,0.0,0.0,0.0,0.0,0.0,0.0,0.0,0.0,0.0,0.0,0.0,0.0,0.0,0.0,0.0,0.0,0.0,0.0,0.0,0.0,0.0,0.0,0.0,0.0,0.0,0.0,0.0,0.0,0.0,0.0,0.0,0.0,0.0,0.0,0.0,0.0,0.0,0.0,0.0,0.0,0.0,0.0,0.0,0.0,0.0,0.0,0.0,0.0,0.0,0.0,0.0,0.0,0.0,0.0,0.0,0.0,0.0,0.0,0.0,0.0,0.0,0.0,0.0,0.0,0.0,0.0,0.0,0.0,0.0,0.0,0.0,0.0,0.0,0.0,0.0,0.0,0.0,0.0,0.0,0.0,0.0,0.0,0.0,0.0,0.0,0.0,0.0,0.0,0.0,0.0,0.0,0.0,0.0,0.0,0.0,0.0,0.0,0.0,0.0,0.0,0.0,0.0,0.0,0.4252350402915877,0.0,0.0,0.0,0.0,0.0,0.0,0.0,0.0,0.0,0.0,0.0,0.0,0.0,0.0,0.0,0.0,0.0,0.0,0.0,0.0,0.0,0.0,0.0,0.0,0.0,0.0,0.0,0.0,0.0,0.0,0.0,0.0,0.0,0.0,0.0,0.0,0.0,0.0,0.0,0.0,0.0,0.0,0.0,0.0,0.0,0.0,0.0,0.0,0.0,0.0,0.0,0.0,0.0,0.0,0.0,0.0,0.0,0.0,0.0,0.0,0.0,0.0,0.0,0.0,0.0,0.0,0.0,0.0,0.0,0.0,0.0,0.0,0.2688597396353158,0.0,0.0,0.0,0.0,0.0,0.0,0.0,0.0,0.0,0.0,0.0,0.0,0.0,0.0,0.0,0.0,0.0,0.0,0.0,0.0,0.0,0.0,0.0,0.0,0.0,0.0,0.0,0.0,0.0,0.0,0.0,0.0,0.0,0.0,0.0,0.0,0.0,0.0,0.0,0.0,0.0,0.0,0.0,0.0,0.0,0.0,0.0,0.0,0.0,0.0,0.0,0.0,0.0,0.0,0.0,0.0,0.0,0.0,0.0,0.0,0.0,0.0,0.40152205907191396,0.0,0.0,0.0,0.0,0.0,0.0,0.0,0.0,0.0,0.0,0.0,0.0,0.0,0.0,0.0,0.0,0.0,0.0,0.0,0.0,0.0,0.0,0.0,0.0,0.0,0.0,0.0,0.0,0.0,0.0,0.0,0.0,0.0,0.0,0.0,0.0,0.0,0.0,0.0,0.0,0.0,0.0,0.0,0.0,0.0,0.0,0.0,0.0,0.0,0.0,0.0,0.0,0.0,0.0,0.0,0.0,0.0,0.0,0.0,0.0,0.0,0.0,0.0,0.0,0.0,0.0,0.0,0.0,0.0,0.0,0.0,0.0,0.0,0.0,0.0,0.0,0.0,0.0,0.0,0.0,0.0,0.0,0.0,0.0,0.0,0.0,0.0,0.0,0.0,0.0,0.0,0.0,0.0,0.0,0.0,0.0,0.0,0.0,0.0,0.0,0.0,0.0,0.0,0.0,0.0,0.0,0.0,0.0,0.0,0.0,0.0,0.0,0.0,0.0,0.0,0.0,0.0,0.0,0.0,0.0,0.0,0.0,0.0,0.0,0.0,0.0,0.0,0.0,0.0,0.0,0.0,0.0,0.0,0.0,0.0,0.0,0.0,0.0,0.0
SD2401267,20대,너희 집은 지금 오피스텔이잖아. 그 층간 소음 좀 있는 거 같아? 나 지금 7층 사는데 딱히 층간 소음은 없는 거 같은데 좀 그 아파트에 이상한 사람은 좀 있는 거 같더라. 왜냐하면은 우리가 집에 아무도 없는 상태였는데 갑자기 밑의 집에서 올라온다 아 그 밑의 집인가 어디서 막 신고가 들어왔다는 거야. 이 이 시간이 너무 시끄러웠었다고. 그래 가지고 그게 그게 꼭 밑의 집은 아니고 밑의 층은 아니었던 거 같은데 그런 사람이 좀 있어서 좀 뭐지 좀 조심해야겠다 이런 적은 있었어. 이런 적이 있어. 그리고 너는 지금 자취를 그 1곳에서만 했던 거야 이사 없이? 나도 지금 누나랑 같이 살라고 하면은 절대 못 살 거 같아. 누나랑 진짜 맞는 게 하나도 없단 말이야. 누나도 막 나도 새벽에 전화하면은 누나가 뭐라 하고. 어떨 때 누나가 새벽에 게임하면 또 나한테 이제 내가 이제 스트레스받고. 그래서 이제 만약에 내가 너처럼 그러니까 형제 같이 살라고 하면은 나는 못 살 거 같아. 그리고 그리고 그 이사를 좀 많이 다녔었는데 이사 다닐 때마다 이제 방이 있긴 한데 이게 크기가 이제 큰방 작은방이 있었단 말이야. 그래 가지고 누가 큰방 쓸 거냐 이런 거 때문에 또 엄청 싸운 적 싸웠었고 싸웠었던 거 같아. 그러면 본가도 그러면 지금 살던 데 쭉 계속 살고 있었던 거야 어릴 때부터? 나는 이제 어릴 때부터 정말 많이 다녔었는데 초등학교랑 중학교 때까지는 그래도 한동네 내에서 왔다 갔다 했던 거여서 좀 이제 이사하느라 좀 귀찮고 막 집 바뀌는 게 좀 불편 적응이 안 되 초반에 적응이 안 되는 게 있긴 했어도 이 친구들이랑 멀어진다 이런 거 없어서 괜찮았는데 중학교 3학년에서 이제 고등학교 때 한번 아예 학 그 학 우리 지금 다니는 학교 쪽으로 이사를 왔었단 말이야. 근데 그때 정말 좀 좋았던 친구들인데 완전 멀어지니까 그때 쪼끔 이제 스트레스를 받았었던 경험이 있고. 그래서 또 그래 가지고 이제 고등학교 1학년 때에서부터 2학년 때 또 이사를 가야 되는 상황이 된 거야. 근데 그래서 원래 다니던 고등학교 쪽으로 가려 했었는데 그러진 않고 이제 다시 원래 동네로 돌아갔었던 적이 있어. 나도 그런 전원주택에서 사는 꿈 같은 게 있었던 거 같아. 그 내가 직접 집을 만들고 아 설계해서 막 비밀 공간이나 아 이제 정말 큰 목욕탕이나 아니면 음 어떤 작업실 뭐 이런 걸 만들어 두고 싶다는 생각이 있었어. 만들고 싶다는. 그리 너 근데 지금 자취하고 있잖아. 그러면 그 가전제품 같은 거는 뭐 뭐 있어? 어 이러면 안 되는데. 나는 이제 본가에 살잖아. 어 집안일을 거의 다 안 하고 엄마가 하고 있어. 그러니까 설거지만 이제 내가 먹은 거 설거지하고 이제 그리고 옷 옷이나 분리수거 이런 거는 엄마 아빠가 거의 다 하는 거 같아. 그 자취하면서 이런 설거지나 분리수거 때문에 막 오빠랑 막 싸우거나 그러진 않아? 난 지금 너무 자취를 하고 싶어. 왜냐하면은 일단 난 이제 혼자가 편하단 말이야. 그래 가지고 이제 나만의 일상생활 패턴이 있는데 어쨌든 가족이랑 살면은 아무리 가족이라도 쪼금 지켜야 되는 게 있으니까 그런 게 이제 좀 나한테는 너무 좀 힘들고 내가 하고 싶은 것도 너무 제한이 되는 거 같아서 학교 근처에서 자취하고 싶다는 생각은 있는데 이게 자취도 어쨌든 돈이 많이 깨지니까 쉽사리 하진 못 하고 있고. 음 아마 군대 갔다 와서 자취를 할 수 있으면 하지 않을까 이런 생각이 있어. 음 너는 음 너희 집 인테리어는 혹시 어떻게 돼 있어? 음 우리 집은 이번에 새로 지은 아파트여 가지고 그냥 전체적으로 완전 깔끔한 느낌으로 지금 돼 있는데 이게 아파 이제 방 청소를 쪼끔만 안 해도 이제 옷가 방이 좀 좁아 가지고 옷도 막 의자 위에 올라가 있고 침대 위에 뭉쳐져 있고. 그래 가지고 인테리어는 깔끔한데 방 정리는 되게 안 돼 있는 거 같아. 그리고 또 새로 지은 아파트라 했잖아. 이게 요즘에 새로 지어서 그런가. 아파트가 되게 개성이 넘치더라고. 건물도 막 다 이 모습이 막 다르고. 막 저게 아파트 건물이야 이런 것도 있고. 그리고 처음에 이사 왔을 때 첫날인데 집을 못 찾겠는 거야. 왜냐하면은 보통 아파트 단지가 뭐 몇 호부터 몇 호 1에서 3 3에서 5 이렇게 순서대로 있는데 거기는 막 1에서 3이랑 17에서 19 이렇게 붙어 있고. 막 이상하게 다 붙어 있는 거야. 그래 가지고 처음 이사 갔을 때 그 아파트 단지 안에서 길 잃어 가지고 한 20분 30분 정도 헤맸던 기억이 있어. 너는 만약에 이제 앞으로 회사 다니고 할 거면은 하면은 혼자 살게 되면은 서울에서 계속 살고 싶어? 아니면은 대구? 이게 새로 지은 아파트여 가지고 이게 헬스장이나 도서관 뭐 어린이집 이런 게 입주된다는 얘기만 있고 아직은 인프라가 갖춰지진 못한 거 같아. 그래서 헬스장도 아마 생긴다곤 하는데 어 언제 생길진 잘 모르겠고. 그 아파트 단지 내에 도서관은 지금도 운영하고 있고. 그거 말고도 뭔가 주민들 휴식 공간이라고 하면서 건물이 몇 개 있더라고. 거기서 막 좀 차 같은 거 마시고 막 떠들면서 있는 아줌마들도 있고. 그 빈백 빈백도 있잖아. 그런 것도 아파트 단지 내에 몇 개 깔아둔 거야. 그래 가지고 거기서 좀 누워서 막 떠드는 사람들도 보고 이런 시설이 좀 있었어.,0.014965986394557823,0.02857142857142857,0.013605442176870748,0.0013605442176870747,0.005442176870748299,0.0027210884353741495,0.0027210884353741495,0.02312925170068027,0.0326530612244898,0.02040816326530612,0.004081632653061225,0.0163265306122449,0.0013605442176870747,0.005442176870748299,0.013605442176870748,0.0027210884353741495,0.004081632653061225,0.004081632653061225,0.024489795918367346,0.021768707482993196,0.0013605442176870747,0.0013605442176870747,0.005442176870748299,0.006802721088435374,0.0013605442176870747,0.004081632653061225,0.02040816326530612,0.0013605442176870747,0.0013605442176870747,0.009523809523809525,0.04353741496598639,0.0013605442176870747,0.005442176870748299,0.0013605442176870747,0.010884353741496598,0.005442176870748299,0.0013605442176870747,0.0027210884353741495,0.012244897959183673,0.0013605442176870747,0.0013605442176870747,0.006802721088435374,0.004081632653061225,0.0027210884353741495,0.027210884353741496,0.009523809523809525,0.010884353741496598,0.0013605442176870747,0.006802721088435374,0.024489795918367346,0.010884353741496598,0.0013605442176870747,0.006802721088435374,0.0027210884353741495,0.0013605442176870747,0.005442176870748299,0.0013605442176870747,0.0013605442176870747,0.0013605442176870747,0.006802721088435374,0.0013605442176870747,0.0027210884353741495,0.0013605442176870747,0.0027210884353741495,0.013605442176870748,0.0013605442176870747,0.006802721088435374,0.0013605442176870747,0.02857142857142857,0.0027210884353741495,0.0027210884353741495,0.0027210884353741495,0.005442176870748299,0.0013605442176870747,0.00816326530612245,0.004081632653061225,0.00816326530612245,0.0013605442176870747,0.005442176870748299,0.0027210884353741495,0.0013605442176870747,0.0013605442176870747,0.0027210884353741495,0.0013605442176870747,0.0013605442176870747,0.0013605442176870747,0.005442176870748299,0.0013605442176870747,0.005442176870748299,0.0027210884353741495,0.0013605442176870747,0.0027210884353741495,0.0027210884353741495,0.005442176870748299,0.004081632653061225,0.0013605442176870747,0.0027210884353741495,0.0013605442176870747,0.0013605442176870747,0.0013605442176870747,0.005442176870748299,0.004081632653061225,0.0013605442176870747,0.0013605442176870747,0.0013605442176870747,0.0027210884353741495,0.009523809523809525,0.014965986394557823,0.0013605442176870747,0.0013605442176870747,0.0013605442176870747,0.0027210884353741495,0.0013605442176870747,0.004081632653061225,0.0013605442176870747,0.004081632653061225,0.0013605442176870747,0.0013605442176870747,0.0027210884353741495,0.0027210884353741495,0.0027210884353741495,0.0013605442176870747,0.0013605442176870747,0.0027210884353741495,0.0027210884353741495,0.0013605442176870747,0.0027210884353741495,0.0013605442176870747,0.0027210884353741495,0.0013605442176870747,0.0013605442176870747,0.0013605442176870747,0.0013605442176870747,0.0013605442176870747,0.0013605442176870747,0.0013605442176870747,0.005442176870748299,0.004081632653061225,0.0013605442176870747,0.0013605442176870747,0.0027210884353741495,0.0027210884353741495,0.0013605442176870747,0.0013605442176870747,0.0013605442176870747,0.004081632653061225,0.0013605442176870747,0.0013605442176870747,0.004081632653061225,0.0013605442176870747,0.0027210884353741495,0.005442176870748299,0.0027210884353741495,0.004081632653061225,0.0013605442176870747,0.005442176870748299,0.0027210884353741495,0.0013605442176870747,0.0013605442176870747,0.0013605442176870747,0.0013605442176870747,0.0027210884353741495,0.0013605442176870747,0.0013605442176870747,0.0013605442176870747,0.0013605442176870747,0.0013605442176870747,0.0027210884353741495,0.0027210884353741495,0.0013605442176870747,0.0013605442176870747,0.0013605442176870747,0.0013605442176870747,0.0013605442176870747,0.0013605442176870747,0.0013605442176870747,0.0013605442176870747,0.0013605442176870747,0.0013605442176870747,0.0013605442176870747,0.0027210884353741495,0.0013605442176870747,0.0027210884353741495,0.0013605442176870747,0.0013605442176870747,0.005442176870748299,0.005442176870748299,0.005442176870748299,0.0013605442176870747,0.0013605442176870747,0.0013605442176870747,0.0013605442176870747,0.0013605442176870747,0.0013605442176870747,0.0013605442176870747,0.0027210884353741495,0.0013605442176870747,0.0013605442176870747,0.0013605442176870747,0.0013605442176870747,0.0027210884353741495,0.0013605442176870747,0.0013605442176870747,0.0013605442176870747,0.004081632653061225,0.0013605442176870747,0.0013605442176870747,0.0013605442176870747,0.0013605442176870747,0.0027210884353741495,0.0013605442176870747,0.0013605442176870747,0.0013605442176870747,0.005442176870748299,0.0027210884353741495,0.0013605442176870747,0.0013605442176870747,0.0027210884353741495,0.0013605442176870747,0.0013605442176870747,0.0013605442176870747,0.0013605442176870747,0.0013605442176870747,0.0013605442176870747,0.0013605442176870747,0.0013605442176870747,0.0013605442176870747,0.0013605442176870747,0.0027210884353741495,0.0027210884353741495,0.0013605442176870747,0.0013605442176870747,0.0013605442176870747,0.0013605442176870747,0.0013605442176870747,0.0013605442176870747,0.0013605442176870747,0.0013605442176870747,0.0027210884353741495,0.0013605442176870747,0.0013605442176870747,0.0013605442176870747,0.0013605442176870747,0.0013605442176870747,0.0013605442176870747,0.0013605442176870747,0.0013605442176870747,0.0013605442176870747,0.0013605442176870747,0.0013605442176870747,0.0027210884353741495,0.0013605442176870747,0.0013605442176870747,0.0013605442176870747,0.0013605442176870747,0.0013605442176870747,0.0013605442176870747,0.0013605442176870747,0.0,0.0,0.0,0.0,0.0,0.0,0.0,0.0,0.0,0.0,0.0,0.0,0.0,0.0,0.0,0.0,0.0,0.0,0.0,0.0,0.0,0.0,0.0,0.0,0.0,0.0,0.0,0.0,0.0,0.0,0.0,0.0,0.0,0.0,0.0,0.0,0.0,0.0,0.0,0.0,0.0,0.0,0.0,0.0,0.0,0.0,0.0,0.0,0.0,0.0,0.0,0.0,0.0,0.0,0.0,0.0,0.0,0.0,0.0,0.0,0.0,0.0,0.0,0.0,0.0,0.0,0.0,0.0,0.0,0.0,0.0,0.0,0.0,0.0,0.0,0.0,0.0,0.0,0.0,0.0,0.0,0.0,0.0,0.0,0.0,0.0,0.0,0.0,0.0,0.0,0.0,0.0,0.0,0.0,0.0,0.0,0.0,0.0,0.0,0.0,0.0,0.0,0.0,0.0,0.0,0.0,0.0,0.0,0.0,0.0,0.0,0.0,0.0,0.0,0.0,0.0,0.0,0.0,0.0,0.0,0.0,0.0,0.0,0.0,0.0,0.0,0.0,0.0,0.0,0.0,0.0,0.0,0.0,0.0,0.0,0.0,0.0,0.0,0.0,0.0,0.0,0.0,0.0,0.0,0.0,0.0,0.0,0.0,0.0,0.0,0.0,0.0,0.0,0.0,0.0,0.0,0.0,0.0,0.0,0.0,0.0,0.0,0.0,0.0,0.0,0.0,0.0,0.0,0.0,0.0,0.0,0.0,0.0,0.0,0.0,0.0,0.0,0.0,0.0,0.0,0.0,0.0,0.0,0.0,0.0,0.0,0.0,0.0,0.0,0.0,0.0,0.0,0.0,0.0,0.0,0.0,0.0,0.0,0.0,0.0,0.0,0.0,0.0,0.0,0.0,0.0,0.0,0.0,0.0,0.0,0.0,0.0,0.0,0.0,0.0,0.0,0.0,0.0,0.0,0.0,0.0,0.0,0.0,0.0,0.0,0.0,0.301030641091967,0.0,0.0,0.0,0.0,0.0,0.0,0.0,0.0,0.0,0.0,0.0,0.0,0.0,0.0,0.0,0.0,0.0,0.0,0.0,0.0,0.0,0.0,0.0,0.32469030142191885,0.0,0.0,0.0,0.0,0.0,0.0,0.0,0.0,0.0,0.0,0.0,0.0,0.0,0.0,0.0,0.0,0.0,0.0,0.0,0.0,0.0,0.0,0.0,0.0,0.0,0.0,0.0,0.0,0.0,0.0,0.0,0.0,0.0,0.0,0.0,0.0,0.0,0.32469030142191885,0.0,0.0,0.0,0.0,0.0,0.0,0.0,0.0,0.0,0.0,0.0,0.0,0.0,0.0,0.0,0.0,0.0,0.0,0.0,0.0,0.0,0.0,0.0,0.0,0.0,0.0,0.0,0.0,0.0,0.0,0.0,0.0,0.0,0.0,0.0,0.0,0.0,0.0,0.0,0.0,0.0,0.0,0.0,0.0,0.0,0.0,0.0,0.0,0.0,0.0,0.0,0.0,0.0,0.32469030142191885,0.0,0.0,0.0,0.0,0.0,0.0,0.0,0.0,0.0,0.0,0.0,0.0,0.0,0.0,0.0,0.0,0.0,0.0,0.0,0.0,0.0,0.0,0.0,0.0,0.0,0.0,0.0,0.0,0.0,0.0,0.0,0.0,0.0,0.0,0.0,0.0,0.0,0.0,0.0,0.0,0.0,0.0,0.0,0.0,0.0,0.0,0.0,0.0,0.0,0.0,0.0,0.0,0.0,0.0,0.0,0.0,0.0,0.0,0.0,0.0,0.0,0.0,0.0,0.0,0.0,0.0,0.0,0.0,0.0,0.0,0.0,0.0,0.0,0.0,0.0,0.0,0.0,0.0,0.0,0.0,0.0,0.0,0.0,0.32469030142191885,0.0,0.0,0.0,0.0,0.0,0.0,0.0,0.0,0.0,0.0,0.0,0.0,0.0,0.0,0.0,0.0,0.0,0.0,0.0,0.0,0.0,0.0,0.0,0.0,0.0,0.0,0.0,0.0,0.0,0.0,0.0,0.0,0.0,0.0,0.0,0.0,0.0,0.0,0.0,0.0,0.0,0.0,0.0,0.0,0.0,0.0,0.0,0.0,0.0,0.0,0.0,0.0,0.0,0.0,0.0,0.0,0.0,0.0,0.0,0.0,0.0,0.0,0.0,0.0,0.0,0.0,0.0,0.0,0.0,0.0,0.0,0.0,0.0,0.0,0.0,0.0,0.0,0.0,0.0,0.0,0.0,0.0,0.0,0.0,0.0,0.0,0.0,0.0,0.0,0.0,0.0,0.0,0.0,0.0,0.0,0.0,0.0,0.0,0.0,0.0,0.0,0.0,0.0,0.0,0.0,0.0,0.0,0.0,0.0,0.0,0.0,0.0,0.0,0.0,0.0,0.0,0.0,0.0,0.0,0.0,0.0,0.0,0.0,0.0,0.0,0.0,0.0,0.0,0.0,0.0,0.0,0.0,0.0,0.0,0.0,0.0,0.0,0.0,0.0,0.0,0.0,0.0,0.0,0.0,0.0,0.0,0.0,0.0,0.0,0.0,0.0,0.0,0.0,0.0,0.0,0.0,0.0,0.0,0.0,0.0,0.0,0.0,0.0,0.0,0.0,0.0,0.0,0.0,0.0,0.0,0.0,0.0,0.0,0.0,0.0,0.0,0.0,0.0,0.0,0.0,0.0,0.0,0.0,0.0,0.0,0.0,0.0,0.0,0.0,0.0,0.0,0.0,0.0,0.0,0.0,0.0,0.0,0.0,0.0,0.0,0.0,0.0,0.0,0.0,0.0,0.0,0.0,0.0,0.0,0.0,0.0,0.0,0.0,0.0,0.0,0.0,0.0,0.0,0.0,0.0,0.0,0.0,0.0,0.0,0.0,0.0,0.0,0.0,0.0,0.0,0.0,0.0,0.0,0.0,0.0,0.0,0.0,0.0,0.0,0.0,0.0,0.0,0.0,0.0,0.0,0.0,0.0,0.0,0.0,0.0,0.0,0.0,0.0,0.0,0.0,0.0,0.0,0.0,0.0,0.0,0.32469030142191885,0.0,0.0,0.0,0.0,0.0,0.0,0.0,0.0,0.0,0.0,0.0,0.0,0.0,0.0,0.0,0.0,0.0,0.0,0.0,0.0,0.0,0.0,0.0,0.0,0.0,0.0,0.0,0.0,0.0,0.0,0.0,0.0,0.0,0.0,0.0,0.0,0.0,0.0,0.0,0.0,0.0,0.0,0.0,0.0,0.0,0.0,0.0,0.0,0.0,0.0,0.0,0.0,0.0,0.0,0.0,0.0,0.0,0.0,0.0,0.0,0.0,0.0,0.0,0.0,0.0,0.0,0.0,0.0,0.0,0.0,0.0,0.0,0.0,0.0,0.0,0.0,0.0,0.0,0.0,0.0,0.0,0.0,0.0,0.0,0.0,0.0,0.0,0.0,0.0,0.0,0.0,0.0,0.0,0.0,0.0,0.0,0.0,0.0,0.0,0.0,0.0,0.0,0.0,0.0,0.0,0.0,0.0,0.0,0.0,0.0,0.0,0.0,0.0,0.0,0.0,0.0,0.2842438449383261,0.0,0.0,0.0,0.0,0.0,0.0,0.0,0.0,0.0,0.0,0.0,0.0,0.0,0.0,0.0,0.0,0.0,0.0,0.0,0.0,0.0,0.0,0.0,0.0,0.0,0.0,0.0,0.0,0.0,0.0,0.0,0.0,0.0,0.0,0.0,0.0,0.0,0.0,0.0,0.32469030142191885,0.0,0.0,0.0,0.0,0.0,0.0,0.0,0.0,0.0,0.0,0.0,0.0,0.0,0.0,0.0,0.0,0.0,0.0,0.0,0.0,0.0,0.0,0.0,0.0,0.0,0.0,0.0,0.0,0.0,0.0,0.0,0.0,0.0,0.0,0.0,0.0,0.0,0.0,0.0,0.0,0.32469030142191885,0.0,0.0,0.0,0.0,0.0,0.0,0.0,0.0,0.301030641091967,0.0,0.0,0.0,0.0,0.0,0.0,0.0,0.0,0.0,0.0,0.0,0.0,0.0,0.0,0.0,0.0,0.0,0.0,0.0,0.0,0.0,0.0,0.0,0.0,0.0,0.0,0.0
SD2401267,20대,너희 집은 지금 오피스텔이잖아. 그 층간 소음 좀 있는 거 같아? 나 지금 7층 사는데 딱히 층간 소음은 없는 거 같은데 좀 그 아파트에 이상한 사람은 좀 있는 거 같더라. 왜냐하면은 우리가 집에 아무도 없는 상태였는데 갑자기 밑의 집에서 올라온다 아 그 밑의 집인가 어디서 막 신고가 들어왔다는 거야. 이 이 시간이 너무 시끄러웠었다고. 그래 가지고 그게 그게 꼭 밑의 집은 아니고 밑의 층은 아니었던 거 같은데 그런 사람이 좀 있어서 좀 뭐지 좀 조심해야겠다 이런 적은 있었어. 이런 적이 있어. 그리고 너는 지금 자취를 그 1곳에서만 했던 거야 이사 없이? 나도 지금 누나랑 같이 살라고 하면은 절대 못 살 거 같아. 누나랑 진짜 맞는 게 하나도 없단 말이야. 누나도 막 나도 새벽에 전화하면은 누나가 뭐라 하고. 어떨 때 누나가 새벽에 게임하면 또 나한테 이제 내가 이제 스트레스받고. 그래서 이제 만약에 내가 너처럼 그러니까 형제 같이 살라고 하면은 나는 못 살 거 같아. 그리고 그리고 그 이사를 좀 많이 다녔었는데 이사 다닐 때마다 이제 방이 있긴 한데 이게 크기가 이제 큰방 작은방이 있었단 말이야. 그래 가지고 누가 큰방 쓸 거냐 이런 거 때문에 또 엄청 싸운 적 싸웠었고 싸웠었던 거 같아. 그러면 본가도 그러면 지금 살던 데 쭉 계속 살고 있었던 거야 어릴 때부터? 나는 이제 어릴 때부터 정말 많이 다녔었는데 초등학교랑 중학교 때까지는 그래도 한동네 내에서 왔다 갔다 했던 거여서 좀 이제 이사하느라 좀 귀찮고 막 집 바뀌는 게 좀 불편 적응이 안 되 초반에 적응이 안 되는 게 있긴 했어도 이 친구들이랑 멀어진다 이런 거 없어서 괜찮았는데 중학교 3학년에서 이제 고등학교 때 한번 아예 학 그 학 우리 지금 다니는 학교 쪽으로 이사를 왔었단 말이야. 근데 그때 정말 좀 좋았던 친구들인데 완전 멀어지니까 그때 쪼끔 이제 스트레스를 받았었던 경험이 있고. 그래서 또 그래 가지고 이제 고등학교 1학년 때에서부터 2학년 때 또 이사를 가야 되는 상황이 된 거야. 근데 그래서 원래 다니던 고등학교 쪽으로 가려 했었는데 그러진 않고 이제 다시 원래 동네로 돌아갔었던 적이 있어. 나도 그런 전원주택에서 사는 꿈 같은 게 있었던 거 같아. 그 내가 직접 집을 만들고 아 설계해서 막 비밀 공간이나 아 이제 정말 큰 목욕탕이나 아니면 음 어떤 작업실 뭐 이런 걸 만들어 두고 싶다는 생각이 있었어. 만들고 싶다는. 그리 너 근데 지금 자취하고 있잖아. 그러면 그 가전제품 같은 거는 뭐 뭐 있어? 어 이러면 안 되는데. 나는 이제 본가에 살잖아. 어 집안일을 거의 다 안 하고 엄마가 하고 있어. 그러니까 설거지만 이제 내가 먹은 거 설거지하고 이제 그리고 옷 옷이나 분리수거 이런 거는 엄마 아빠가 거의 다 하는 거 같아. 그 자취하면서 이런 설거지나 분리수거 때문에 막 오빠랑 막 싸우거나 그러진 않아? 난 지금 너무 자취를 하고 싶어. 왜냐하면은 일단 난 이제 혼자가 편하단 말이야. 그래 가지고 이제 나만의 일상생활 패턴이 있는데 어쨌든 가족이랑 살면은 아무리 가족이라도 쪼금 지켜야 되는 게 있으니까 그런 게 이제 좀 나한테는 너무 좀 힘들고 내가 하고 싶은 것도 너무 제한이 되는 거 같아서 학교 근처에서 자취하고 싶다는 생각은 있는데 이게 자취도 어쨌든 돈이 많이 깨지니까 쉽사리 하진 못 하고 있고. 음 아마 군대 갔다 와서 자취를 할 수 있으면 하지 않을까 이런 생각이 있어. 음 너는 음 너희 집 인테리어는 혹시 어떻게 돼 있어? 음 우리 집은 이번에 새로 지은 아파트여 가지고 그냥 전체적으로 완전 깔끔한 느낌으로 지금 돼 있는데 이게 아파 이제 방 청소를 쪼끔만 안 해도 이제 옷가 방이 좀 좁아 가지고 옷도 막 의자 위에 올라가 있고 침대 위에 뭉쳐져 있고. 그래 가지고 인테리어는 깔끔한데 방 정리는 되게 안 돼 있는 거 같아. 그리고 또 새로 지은 아파트라 했잖아. 이게 요즘에 새로 지어서 그런가. 아파트가 되게 개성이 넘치더라고. 건물도 막 다 이 모습이 막 다르고. 막 저게 아파트 건물이야 이런 것도 있고. 그리고 처음에 이사 왔을 때 첫날인데 집을 못 찾겠는 거야. 왜냐하면은 보통 아파트 단지가 뭐 몇 호부터 몇 호 1에서 3 3에서 5 이렇게 순서대로 있는데 거기는 막 1에서 3이랑 17에서 19 이렇게 붙어 있고. 막 이상하게 다 붙어 있는 거야. 그래 가지고 처음 이사 갔을 때 그 아파트 단지 안에서 길 잃어 가지고 한 20분 30분 정도 헤맸던 기억이 있어. 너는 만약에 이제 앞으로 회사 다니고 할 거면은 하면은 혼자 살게 되면은 서울에서 계속 살고 싶어? 아니면은 대구? 이게 새로 지은 아파트여 가지고 이게 헬스장이나 도서관 뭐 어린이집 이런 게 입주된다는 얘기만 있고 아직은 인프라가 갖춰지진 못한 거 같아. 그래서 헬스장도 아마 생긴다곤 하는데 어 언제 생길진 잘 모르겠고. 그 아파트 단지 내에 도서관은 지금도 운영하고 있고. 그거 말고도 뭔가 주민들 휴식 공간이라고 하면서 건물이 몇 개 있더라고. 거기서 막 좀 차 같은 거 마시고 막 떠들면서 있는 아줌마들도 있고. 그 빈백 빈백도 있잖아. 그런 것도 아파트 단지 내에 몇 개 깔아둔 거야. 그래 가지고 거기서 좀 누워서 막 떠드는 사람들도 보고 이런 시설이 좀 있었어.,0.014965986394557823,0.02857142857142857,0.013605442176870748,0.0013605442176870747,0.005442176870748299,0.0027210884353741495,0.0027210884353741495,0.02312925170068027,0.0326530612244898,0.02040816326530612,0.004081632653061225,0.0163265306122449,0.0013605442176870747,0.005442176870748299,0.013605442176870748,0.0027210884353741495,0.004081632653061225,0.004081632653061225,0.024489795918367346,0.021768707482993196,0.0013605442176870747,0.0013605442176870747,0.005442176870748299,0.006802721088435374,0.0013605442176870747,0.004081632653061225,0.02040816326530612,0.0013605442176870747,0.0013605442176870747,0.009523809523809525,0.04353741496598639,0.0013605442176870747,0.005442176870748299,0.0013605442176870747,0.010884353741496598,0.005442176870748299,0.0013605442176870747,0.0027210884353741495,0.012244897959183673,0.0013605442176870747,0.0013605442176870747,0.006802721088435374,0.004081632653061225,0.0027210884353741495,0.027210884353741496,0.009523809523809525,0.010884353741496598,0.0013605442176870747,0.006802721088435374,0.024489795918367346,0.010884353741496598,0.0013605442176870747,0.006802721088435374,0.0027210884353741495,0.0013605442176870747,0.005442176870748299,0.0013605442176870747,0.0013605442176870747,0.0013605442176870747,0.006802721088435374,0.0013605442176870747,0.0027210884353741495,0.0013605442176870747,0.0027210884353741495,0.013605442176870748,0.0013605442176870747,0.006802721088435374,0.0013605442176870747,0.02857142857142857,0.0027210884353741495,0.0027210884353741495,0.0027210884353741495,0.005442176870748299,0.0013605442176870747,0.00816326530612245,0.004081632653061225,0.00816326530612245,0.0013605442176870747,0.005442176870748299,0.0027210884353741495,0.0013605442176870747,0.0013605442176870747,0.0027210884353741495,0.0013605442176870747,0.0013605442176870747,0.0013605442176870747,0.005442176870748299,0.0013605442176870747,0.005442176870748299,0.0027210884353741495,0.0013605442176870747,0.0027210884353741495,0.0027210884353741495,0.005442176870748299,0.004081632653061225,0.0013605442176870747,0.0027210884353741495,0.0013605442176870747,0.0013605442176870747,0.0013605442176870747,0.005442176870748299,0.004081632653061225,0.0013605442176870747,0.0013605442176870747,0.0013605442176870747,0.0027210884353741495,0.009523809523809525,0.014965986394557823,0.0013605442176870747,0.0013605442176870747,0.0013605442176870747,0.0027210884353741495,0.0013605442176870747,0.004081632653061225,0.0013605442176870747,0.004081632653061225,0.0013605442176870747,0.0013605442176870747,0.0027210884353741495,0.0027210884353741495,0.0027210884353741495,0.0013605442176870747,0.0013605442176870747,0.0027210884353741495,0.0027210884353741495,0.0013605442176870747,0.0027210884353741495,0.0013605442176870747,0.0027210884353741495,0.0013605442176870747,0.0013605442176870747,0.0013605442176870747,0.0013605442176870747,0.0013605442176870747,0.0013605442176870747,0.0013605442176870747,0.005442176870748299,0.004081632653061225,0.0013605442176870747,0.0013605442176870747,0.0027210884353741495,0.0027210884353741495,0.0013605442176870747,0.0013605442176870747,0.0013605442176870747,0.004081632653061225,0.0013605442176870747,0.0013605442176870747,0.004081632653061225,0.0013605442176870747,0.0027210884353741495,0.005442176870748299,0.0027210884353741495,0.004081632653061225,0.0013605442176870747,0.005442176870748299,0.0027210884353741495,0.0013605442176870747,0.0013605442176870747,0.0013605442176870747,0.0013605442176870747,0.0027210884353741495,0.0013605442176870747,0.0013605442176870747,0.0013605442176870747,0.0013605442176870747,0.0013605442176870747,0.0027210884353741495,0.0027210884353741495,0.0013605442176870747,0.0013605442176870747,0.0013605442176870747,0.0013605442176870747,0.0013605442176870747,0.0013605442176870747,0.0013605442176870747,0.0013605442176870747,0.0013605442176870747,0.0013605442176870747,0.0013605442176870747,0.0027210884353741495,0.0013605442176870747,0.0027210884353741495,0.0013605442176870747,0.0013605442176870747,0.005442176870748299,0.005442176870748299,0.005442176870748299,0.0013605442176870747,0.0013605442176870747,0.0013605442176870747,0.0013605442176870747,0.0013605442176870747,0.0013605442176870747,0.0013605442176870747,0.0027210884353741495,0.0013605442176870747,0.0013605442176870747,0.0013605442176870747,0.0013605442176870747,0.0027210884353741495,0.0013605442176870747,0.0013605442176870747,0.0013605442176870747,0.004081632653061225,0.0013605442176870747,0.0013605442176870747,0.0013605442176870747,0.0013605442176870747,0.0027210884353741495,0.0013605442176870747,0.0013605442176870747,0.0013605442176870747,0.005442176870748299,0.0027210884353741495,0.0013605442176870747,0.0013605442176870747,0.0027210884353741495,0.0013605442176870747,0.0013605442176870747,0.0013605442176870747,0.0013605442176870747,0.0013605442176870747,0.0013605442176870747,0.0013605442176870747,0.0013605442176870747,0.0013605442176870747,0.0013605442176870747,0.0027210884353741495,0.0027210884353741495,0.0013605442176870747,0.0013605442176870747,0.0013605442176870747,0.0013605442176870747,0.0013605442176870747,0.0013605442176870747,0.0013605442176870747,0.0013605442176870747,0.0027210884353741495,0.0013605442176870747,0.0013605442176870747,0.0013605442176870747,0.0013605442176870747,0.0013605442176870747,0.0013605442176870747,0.0013605442176870747,0.0013605442176870747,0.0013605442176870747,0.0013605442176870747,0.0013605442176870747,0.0027210884353741495,0.0013605442176870747,0.0013605442176870747,0.0013605442176870747,0.0013605442176870747,0.0013605442176870747,0.0013605442176870747,0.0013605442176870747,0.0,0.0,0.0,0.0,0.0,0.0,0.0,0.0,0.0,0.0,0.0,0.0,0.0,0.0,0.0,0.0,0.0,0.0,0.0,0.0,0.0,0.0,0.0,0.0,0.0,0.0,0.0,0.0,0.0,0.0,0.0,0.0,0.0,0.0,0.0,0.0,0.0,0.0,0.0,0.0,0.0,0.0,0.0,0.0,0.0,0.0,0.0,0.0,0.0,0.0,0.0,0.0,0.0,0.0,0.0,0.0,0.0,0.0,0.0,0.0,0.0,0.0,0.0,0.0,0.0,0.0,0.0,0.0,0.0,0.0,0.0,0.0,0.0,0.0,0.0,0.0,0.0,0.0,0.0,0.0,0.0,0.0,0.0,0.0,0.0,0.0,0.0,0.0,0.0,0.0,0.0,0.0,0.0,0.0,0.0,0.0,0.0,0.0,0.0,0.0,0.0,0.0,0.0,0.0,0.0,0.0,0.0,0.0,0.0,0.0,0.0,0.0,0.0,0.0,0.0,0.0,0.0,0.0,0.0,0.0,0.0,0.0,0.0,0.0,0.0,0.0,0.0,0.0,0.0,0.0,0.0,0.0,0.0,0.0,0.0,0.0,0.0,0.0,0.0,0.0,0.0,0.0,0.0,0.0,0.0,0.0,0.0,0.0,0.0,0.0,0.0,0.0,0.0,0.0,0.0,0.0,0.0,0.0,0.0,0.0,0.0,0.0,0.0,0.0,0.0,0.0,0.0,0.0,0.0,0.0,0.0,0.0,0.0,0.0,0.0,0.0,0.0,0.0,0.0,0.0,0.0,0.0,0.0,0.0,0.0,0.0,0.0,0.0,0.0,0.0,0.0,0.0,0.0,0.0,0.0,0.0,0.0,0.0,0.0,0.0,0.0,0.0,0.0,0.0,0.0,0.0,0.0,0.0,0.0,0.0,0.0,0.0,0.0,0.0,0.0,0.0,0.0,0.0,0.0,0.0,0.0,0.0,0.0,0.0,0.0,0.0,0.0,0.0,0.0,0.0,0.0,0.0,0.0,0.0,0.0,0.0,0.0,0.0,0.0,0.0,0.0,0.0,0.0,0.0,0.0,0.0,0.0,0.0,0.0,0.0,0.0,0.0,0.0,0.0,0.0,0.0,0.0,0.0,0.0,0.0,0.0,0.0,0.0,0.0,0.0,0.0,0.0,0.0,0.0,0.0,0.0,0.0,0.0,0.0,0.0,0.0,0.0,0.0,0.0,0.289873769298175,0.0,0.0,0.0,0.0,0.0,0.0,0.0,0.0,0.0,0.0,0.0,0.0,0.0,0.0,0.0,0.0,0.0,0.0,0.0,0.0,0.0,0.0,0.0,0.0,0.0,0.0,0.0,0.0,0.0,0.0,0.0,0.0,0.0,0.0,0.0,0.0,0.0,0.0,0.0,0.0,0.0,0.0,0.0,0.0,0.0,0.0,0.0,0.0,0.0,0.0,0.0,0.0,0.0,0.0,0.0,0.0,0.0,0.0,0.0,0.0,0.0,0.0,0.0,0.0,0.0,0.0,0.0,0.0,0.0,0.0,0.0,0.0,0.0,0.0,0.0,0.0,0.0,0.0,0.0,0.0,0.0,0.0,0.0,0.0,0.0,0.0,0.0,0.0,0.0,0.0,0.0,0.0,0.0,0.0,0.0,0.0,0.0,0.0,0.0,0.0,0.0,0.0,0.0,0.0,0.0,0.0,0.0,0.0,0.0,0.0,0.0,0.0,0.0,0.0,0.0,0.0,0.0,0.0,0.0,0.0,0.0,0.0,0.0,0.24213976001589838,0.0,0.0,0.0,0.0,0.0,0.0,0.0,0.0,0.0,0.0,0.0,0.0,0.0,0.0,0.0,0.0,0.0,0.0,0.0,0.0,0.0,0.0,0.0,0.0,0.0,0.0,0.0,0.0,0.0,0.0,0.0,0.0,0.0,0.0,0.0,0.0,0.0,0.0,0.0,0.0,0.0,0.0,0.0,0.0,0.0,0.0,0.0,0.0,0.0,0.0,0.0,0.0,0.0,0.0,0.0,0.0,0.0,0.0,0.0,0.0,0.0,0.0,0.0,0.0,0.0,0.0,0.0,0.0,0.0,0.0,0.0,0.0,0.0,0.0,0.289873769298175,0.0,0.0,0.0,0.0,0.0,0.0,0.0,0.0,0.0,0.0,0.0,0.0,0.0,0.0,0.0,0.0,0.0,0.0,0.0,0.0,0.0,0.0,0.0,0.0,0.0,0.0,0.0,0.0,0.0,0.0,0.0,0.0,0.0,0.289873769298175,0.0,0.0,0.0,0.0,0.0,0.0,0.0,0.0,0.0,0.0,0.0,0.0,0.0,0.0,0.0,0.0,0.0,0.0,0.0,0.0,0.0,0.0,0.0,0.0,0.0,0.0,0.0,0.0,0.0,0.0,0.0,0.0,0.0,0.0,0.0,0.0,0.0,0.0,0.0,0.0,0.0,0.0,0.0,0.0,0.0,0.0,0.0,0.0,0.0,0.0,0.0,0.0,0.0,0.0,0.0,0.0,0.0,0.0,0.0,0.0,0.0,0.0,0.0,0.0,0.0,0.0,0.0,0.0,0.0,0.0,0.0,0.0,0.0,0.0,0.0,0.0,0.0,0.0,0.0,0.0,0.0,0.0,0.0,0.0,0.0,0.0,0.0,0.0,0.0,0.0,0.0,0.0,0.0,0.0,0.0,0.0,0.0,0.0,0.0,0.0,0.0,0.0,0.0,0.0,0.0,0.0,0.0,0.0,0.0,0.0,0.0,0.0,0.0,0.0,0.0,0.0,0.0,0.0,0.0,0.0,0.0,0.0,0.0,0.0,0.0,0.0,0.0,0.0,0.0,0.0,0.0,0.0,0.0,0.0,0.0,0.0,0.0,0.0,0.0,0.0,0.0,0.0,0.0,0.0,0.0,0.0,0.0,0.0,0.0,0.0,0.0,0.0,0.0,0.0,0.0,0.0,0.0,0.0,0.0,0.0,0.0,0.0,0.0,0.0,0.0,0.0,0.0,0.0,0.0,0.0,0.0,0.0,0.0,0.0,0.0,0.0,0.0,0.0,0.0,0.0,0.0,0.0,0.0,0.0,0.0,0.0,0.0,0.0,0.0,0.0,0.0,0.0,0.0,0.0,0.0,0.0,0.0,0.0,0.0,0.0,0.0,0.0,0.0,0.289873769298175,0.0,0.0,0.16992099188941587,0.0,0.0,0.0,0.0,0.0,0.0,0.0,0.0,0.0,0.0,0.0,0.0,0.0,0.2687511336970407,0.0,0.0,0.0,0.0,0.0,0.0,0.0,0.0,0.0,0.0,0.0,0.0,0.0,0.0,0.0,0.0,0.0,0.0,0.0,0.0,0.0,0.0,0.0,0.0,0.0,0.0,0.0,0.0,0.0,0.0,0.0,0.0,0.0,0.57974753859635,0.0,0.0,0.0,0.0,0.0,0.0,0.0,0.0,0.0,0.0,0.0,0.0,0.0,0.0,0.0,0.0,0.0,0.0,0.0,0.0,0.0,0.0,0.0,0.0,0.0,0.0,0.0,0.0,0.0,0.0,0.0,0.0,0.0,0.0,0.0,0.0,0.0,0.0,0.0,0.0,0.0,0.0,0.0,0.0,0.0,0.0,0.0,0.0,0.0,0.0,0.0,0.0,0.0,0.0,0.0,0.0,0.0,0.0,0.0,0.0,0.0,0.0,0.0,0.0,0.0,0.0,0.0,0.0,0.0,0.0,0.0,0.0,0.0,0.0,0.0,0.0,0.0,0.289873769298175,0.0,0.0,0.0,0.0,0.0,0.0,0.0,0.0,0.0,0.0,0.0,0.0,0.0,0.0,0.0,0.0,0.0,0.0,0.0,0.0,0.0,0.0,0.0,0.0,0.0,0.0,0.0,0.0,0.0,0.0,0.0,0.0,0.0,0.0,0.0,0.0,0.0,0.0,0.0,0.0,0.0,0.0,0.0,0.0,0.0,0.0,0.0,0.0,0.0,0.289873769298175,0.0,0.0,0.0,0.0,0.0,0.0,0.0,0.0,0.0,0.0,0.0,0.0,0.0,0.0,0.0,0.0,0.0,0.0,0.0,0.0,0.0,0.0,0.0,0.0,0.0,0.0
SD2401267,20대,너희 집은 지금 오피스텔이잖아. 그 층간 소음 좀 있는 거 같아? 나 지금 7층 사는데 딱히 층간 소음은 없는 거 같은데 좀 그 아파트에 이상한 사람은 좀 있는 거 같더라. 왜냐하면은 우리가 집에 아무도 없는 상태였는데 갑자기 밑의 집에서 올라온다 아 그 밑의 집인가 어디서 막 신고가 들어왔다는 거야. 이 이 시간이 너무 시끄러웠었다고. 그래 가지고 그게 그게 꼭 밑의 집은 아니고 밑의 층은 아니었던 거 같은데 그런 사람이 좀 있어서 좀 뭐지 좀 조심해야겠다 이런 적은 있었어. 이런 적이 있어. 그리고 너는 지금 자취를 그 1곳에서만 했던 거야 이사 없이? 나도 지금 누나랑 같이 살라고 하면은 절대 못 살 거 같아. 누나랑 진짜 맞는 게 하나도 없단 말이야. 누나도 막 나도 새벽에 전화하면은 누나가 뭐라 하고. 어떨 때 누나가 새벽에 게임하면 또 나한테 이제 내가 이제 스트레스받고. 그래서 이제 만약에 내가 너처럼 그러니까 형제 같이 살라고 하면은 나는 못 살 거 같아. 그리고 그리고 그 이사를 좀 많이 다녔었는데 이사 다닐 때마다 이제 방이 있긴 한데 이게 크기가 이제 큰방 작은방이 있었단 말이야. 그래 가지고 누가 큰방 쓸 거냐 이런 거 때문에 또 엄청 싸운 적 싸웠었고 싸웠었던 거 같아. 그러면 본가도 그러면 지금 살던 데 쭉 계속 살고 있었던 거야 어릴 때부터? 나는 이제 어릴 때부터 정말 많이 다녔었는데 초등학교랑 중학교 때까지는 그래도 한동네 내에서 왔다 갔다 했던 거여서 좀 이제 이사하느라 좀 귀찮고 막 집 바뀌는 게 좀 불편 적응이 안 되 초반에 적응이 안 되는 게 있긴 했어도 이 친구들이랑 멀어진다 이런 거 없어서 괜찮았는데 중학교 3학년에서 이제 고등학교 때 한번 아예 학 그 학 우리 지금 다니는 학교 쪽으로 이사를 왔었단 말이야. 근데 그때 정말 좀 좋았던 친구들인데 완전 멀어지니까 그때 쪼끔 이제 스트레스를 받았었던 경험이 있고. 그래서 또 그래 가지고 이제 고등학교 1학년 때에서부터 2학년 때 또 이사를 가야 되는 상황이 된 거야. 근데 그래서 원래 다니던 고등학교 쪽으로 가려 했었는데 그러진 않고 이제 다시 원래 동네로 돌아갔었던 적이 있어. 나도 그런 전원주택에서 사는 꿈 같은 게 있었던 거 같아. 그 내가 직접 집을 만들고 아 설계해서 막 비밀 공간이나 아 이제 정말 큰 목욕탕이나 아니면 음 어떤 작업실 뭐 이런 걸 만들어 두고 싶다는 생각이 있었어. 만들고 싶다는. 그리 너 근데 지금 자취하고 있잖아. 그러면 그 가전제품 같은 거는 뭐 뭐 있어? 어 이러면 안 되는데. 나는 이제 본가에 살잖아. 어 집안일을 거의 다 안 하고 엄마가 하고 있어. 그러니까 설거지만 이제 내가 먹은 거 설거지하고 이제 그리고 옷 옷이나 분리수거 이런 거는 엄마 아빠가 거의 다 하는 거 같아. 그 자취하면서 이런 설거지나 분리수거 때문에 막 오빠랑 막 싸우거나 그러진 않아? 난 지금 너무 자취를 하고 싶어. 왜냐하면은 일단 난 이제 혼자가 편하단 말이야. 그래 가지고 이제 나만의 일상생활 패턴이 있는데 어쨌든 가족이랑 살면은 아무리 가족이라도 쪼금 지켜야 되는 게 있으니까 그런 게 이제 좀 나한테는 너무 좀 힘들고 내가 하고 싶은 것도 너무 제한이 되는 거 같아서 학교 근처에서 자취하고 싶다는 생각은 있는데 이게 자취도 어쨌든 돈이 많이 깨지니까 쉽사리 하진 못 하고 있고. 음 아마 군대 갔다 와서 자취를 할 수 있으면 하지 않을까 이런 생각이 있어. 음 너는 음 너희 집 인테리어는 혹시 어떻게 돼 있어? 음 우리 집은 이번에 새로 지은 아파트여 가지고 그냥 전체적으로 완전 깔끔한 느낌으로 지금 돼 있는데 이게 아파 이제 방 청소를 쪼끔만 안 해도 이제 옷가 방이 좀 좁아 가지고 옷도 막 의자 위에 올라가 있고 침대 위에 뭉쳐져 있고. 그래 가지고 인테리어는 깔끔한데 방 정리는 되게 안 돼 있는 거 같아. 그리고 또 새로 지은 아파트라 했잖아. 이게 요즘에 새로 지어서 그런가. 아파트가 되게 개성이 넘치더라고. 건물도 막 다 이 모습이 막 다르고. 막 저게 아파트 건물이야 이런 것도 있고. 그리고 처음에 이사 왔을 때 첫날인데 집을 못 찾겠는 거야. 왜냐하면은 보통 아파트 단지가 뭐 몇 호부터 몇 호 1에서 3 3에서 5 이렇게 순서대로 있는데 거기는 막 1에서 3이랑 17에서 19 이렇게 붙어 있고. 막 이상하게 다 붙어 있는 거야. 그래 가지고 처음 이사 갔을 때 그 아파트 단지 안에서 길 잃어 가지고 한 20분 30분 정도 헤맸던 기억이 있어. 너는 만약에 이제 앞으로 회사 다니고 할 거면은 하면은 혼자 살게 되면은 서울에서 계속 살고 싶어? 아니면은 대구? 이게 새로 지은 아파트여 가지고 이게 헬스장이나 도서관 뭐 어린이집 이런 게 입주된다는 얘기만 있고 아직은 인프라가 갖춰지진 못한 거 같아. 그래서 헬스장도 아마 생긴다곤 하는데 어 언제 생길진 잘 모르겠고. 그 아파트 단지 내에 도서관은 지금도 운영하고 있고. 그거 말고도 뭔가 주민들 휴식 공간이라고 하면서 건물이 몇 개 있더라고. 거기서 막 좀 차 같은 거 마시고 막 떠들면서 있는 아줌마들도 있고. 그 빈백 빈백도 있잖아. 그런 것도 아파트 단지 내에 몇 개 깔아둔 거야. 그래 가지고 거기서 좀 누워서 막 떠드는 사람들도 보고 이런 시설이 좀 있었어.,0.014965986394557823,0.02857142857142857,0.013605442176870748,0.0013605442176870747,0.005442176870748299,0.0027210884353741495,0.0027210884353741495,0.02312925170068027,0.0326530612244898,0.02040816326530612,0.004081632653061225,0.0163265306122449,0.0013605442176870747,0.005442176870748299,0.013605442176870748,0.0027210884353741495,0.004081632653061225,0.004081632653061225,0.024489795918367346,0.021768707482993196,0.0013605442176870747,0.0013605442176870747,0.005442176870748299,0.006802721088435374,0.0013605442176870747,0.004081632653061225,0.02040816326530612,0.0013605442176870747,0.0013605442176870747,0.009523809523809525,0.04353741496598639,0.0013605442176870747,0.005442176870748299,0.0013605442176870747,0.010884353741496598,0.005442176870748299,0.0013605442176870747,0.0027210884353741495,0.012244897959183673,0.0013605442176870747,0.0013605442176870747,0.006802721088435374,0.004081632653061225,0.0027210884353741495,0.027210884353741496,0.009523809523809525,0.010884353741496598,0.0013605442176870747,0.006802721088435374,0.024489795918367346,0.010884353741496598,0.0013605442176870747,0.006802721088435374,0.0027210884353741495,0.0013605442176870747,0.005442176870748299,0.0013605442176870747,0.0013605442176870747,0.0013605442176870747,0.006802721088435374,0.0013605442176870747,0.0027210884353741495,0.0013605442176870747,0.0027210884353741495,0.013605442176870748,0.0013605442176870747,0.006802721088435374,0.0013605442176870747,0.02857142857142857,0.0027210884353741495,0.0027210884353741495,0.0027210884353741495,0.005442176870748299,0.0013605442176870747,0.00816326530612245,0.004081632653061225,0.00816326530612245,0.0013605442176870747,0.005442176870748299,0.0027210884353741495,0.0013605442176870747,0.0013605442176870747,0.0027210884353741495,0.0013605442176870747,0.0013605442176870747,0.0013605442176870747,0.005442176870748299,0.0013605442176870747,0.005442176870748299,0.0027210884353741495,0.0013605442176870747,0.0027210884353741495,0.0027210884353741495,0.005442176870748299,0.004081632653061225,0.0013605442176870747,0.0027210884353741495,0.0013605442176870747,0.0013605442176870747,0.0013605442176870747,0.005442176870748299,0.004081632653061225,0.0013605442176870747,0.0013605442176870747,0.0013605442176870747,0.0027210884353741495,0.009523809523809525,0.014965986394557823,0.0013605442176870747,0.0013605442176870747,0.0013605442176870747,0.0027210884353741495,0.0013605442176870747,0.004081632653061225,0.0013605442176870747,0.004081632653061225,0.0013605442176870747,0.0013605442176870747,0.0027210884353741495,0.0027210884353741495,0.0027210884353741495,0.0013605442176870747,0.0013605442176870747,0.0027210884353741495,0.0027210884353741495,0.0013605442176870747,0.0027210884353741495,0.0013605442176870747,0.0027210884353741495,0.0013605442176870747,0.0013605442176870747,0.0013605442176870747,0.0013605442176870747,0.0013605442176870747,0.0013605442176870747,0.0013605442176870747,0.005442176870748299,0.004081632653061225,0.0013605442176870747,0.0013605442176870747,0.0027210884353741495,0.0027210884353741495,0.0013605442176870747,0.0013605442176870747,0.0013605442176870747,0.004081632653061225,0.0013605442176870747,0.0013605442176870747,0.004081632653061225,0.0013605442176870747,0.0027210884353741495,0.005442176870748299,0.0027210884353741495,0.004081632653061225,0.0013605442176870747,0.005442176870748299,0.0027210884353741495,0.0013605442176870747,0.0013605442176870747,0.0013605442176870747,0.0013605442176870747,0.0027210884353741495,0.0013605442176870747,0.0013605442176870747,0.0013605442176870747,0.0013605442176870747,0.0013605442176870747,0.0027210884353741495,0.0027210884353741495,0.0013605442176870747,0.0013605442176870747,0.0013605442176870747,0.0013605442176870747,0.0013605442176870747,0.0013605442176870747,0.0013605442176870747,0.0013605442176870747,0.0013605442176870747,0.0013605442176870747,0.0013605442176870747,0.0027210884353741495,0.0013605442176870747,0.0027210884353741495,0.0013605442176870747,0.0013605442176870747,0.005442176870748299,0.005442176870748299,0.005442176870748299,0.0013605442176870747,0.0013605442176870747,0.0013605442176870747,0.0013605442176870747,0.0013605442176870747,0.0013605442176870747,0.0013605442176870747,0.0027210884353741495,0.0013605442176870747,0.0013605442176870747,0.0013605442176870747,0.0013605442176870747,0.0027210884353741495,0.0013605442176870747,0.0013605442176870747,0.0013605442176870747,0.004081632653061225,0.0013605442176870747,0.0013605442176870747,0.0013605442176870747,0.0013605442176870747,0.0027210884353741495,0.0013605442176870747,0.0013605442176870747,0.0013605442176870747,0.005442176870748299,0.0027210884353741495,0.0013605442176870747,0.0013605442176870747,0.0027210884353741495,0.0013605442176870747,0.0013605442176870747,0.0013605442176870747,0.0013605442176870747,0.0013605442176870747,0.0013605442176870747,0.0013605442176870747,0.0013605442176870747,0.0013605442176870747,0.0013605442176870747,0.0027210884353741495,0.0027210884353741495,0.0013605442176870747,0.0013605442176870747,0.0013605442176870747,0.0013605442176870747,0.0013605442176870747,0.0013605442176870747,0.0013605442176870747,0.0013605442176870747,0.0027210884353741495,0.0013605442176870747,0.0013605442176870747,0.0013605442176870747,0.0013605442176870747,0.0013605442176870747,0.0013605442176870747,0.0013605442176870747,0.0013605442176870747,0.0013605442176870747,0.0013605442176870747,0.0013605442176870747,0.0027210884353741495,0.0013605442176870747,0.0013605442176870747,0.0013605442176870747,0.0013605442176870747,0.0013605442176870747,0.0013605442176870747,0.0013605442176870747,0.0,0.0,0.0,0.0,0.0,0.0,0.0,0.0,0.0,0.0,0.0,0.0,0.0,0.0,0.0,0.0,0.0,0.0,0.0,0.0,0.0,0.0,0.0,0.0,0.0,0.0,0.0,0.0,0.0,0.0,0.0,0.0,0.0,0.0,0.0,0.0,0.0,0.0,0.0,0.0,0.0,0.0,0.0,0.0,0.0,0.0,0.0,0.0,0.0,0.0,0.0,0.0,0.0,0.0,0.0,0.0,0.0,0.0,0.0,0.0,0.0,0.0,0.0,0.0,0.0,0.0,0.0,0.0,0.0,0.0,0.0,0.0,0.0,0.0,0.0,0.0,0.0,0.0,0.0,0.0,0.0,0.0,0.0,0.0,0.0,0.0,0.0,0.0,0.0,0.0,0.0,0.0,0.0,0.0,0.0,0.0,0.0,0.0,0.0,0.0,0.0,0.0,0.0,0.0,0.0,0.0,0.0,0.0,0.0,0.0,0.0,0.0,0.0,0.0,0.0,0.0,0.0,0.0,0.0,0.0,0.0,0.0,0.0,0.0,0.0,0.0,0.0,0.0,0.0,0.0,0.0,0.0,0.0,0.0,0.0,0.0,0.0,0.0,0.0,0.0,0.0,0.0,0.0,0.0,0.0,0.0,0.0,0.0,0.0,0.0,0.0,0.0,0.0,0.0,0.0,0.0,0.0,0.0,0.0,0.0,0.0,0.0,0.0,0.0,0.0,0.0,0.0,0.0,0.0,0.0,0.0,0.0,0.0,0.0,0.0,0.0,0.0,0.0,0.0,0.0,0.0,0.0,0.0,0.0,0.0,0.0,0.0,0.0,0.0,0.0,0.0,0.0,0.0,0.0,0.0,0.0,0.0,0.0,0.0,0.0,0.0,0.0,0.0,0.0,0.0,0.0,0.0,0.0,0.0,0.0,0.0,0.0,0.0,0.0,0.0,0.0,0.0,0.0,0.0,0.0,0.0,0.0,0.0,0.0,0.0,0.0,0.0,0.0,0.0,0.0,0.0,0.0,0.0,0.0,0.0,0.0,0.0,0.0,0.0,0.0,0.0,0.0,0.0,0.0,0.0,0.0,0.0,0.0,0.0,0.0,0.0,0.0,0.0,0.0,0.0,0.0,0.0,0.0,0.0,0.0,0.0,0.0,0.0,0.0,0.0,0.0,0.0,0.0,0.0,0.0,0.0,0.0,0.0,0.0,0.4926114766312609,0.0,0.0,0.0,0.0,0.0,0.0,0.0,0.0,0.0,0.0,0.0,0.0,0.0,0.0,0.0,0.0,0.0,0.0,0.0,0.0,0.0,0.0,0.0,0.0,0.0,0.0,0.0,0.0,0.0,0.0,0.0,0.0,0.0,0.0,0.0,0.0,0.0,0.0,0.0,0.0,0.0,0.0,0.0,0.0,0.0,0.0,0.0,0.0,0.0,0.0,0.0,0.0,0.0,0.0,0.0,0.0,0.0,0.0,0.0,0.0,0.0,0.0,0.0,0.0,0.0,0.0,0.0,0.0,0.0,0.0,0.0,0.0,0.0,0.0,0.0,0.0,0.0,0.0,0.0,0.0,0.0,0.0,0.0,0.0,0.0,0.0,0.0,0.0,0.0,0.0,0.0,0.0,0.0,0.0,0.0,0.0,0.0,0.0,0.0,0.0,0.0,0.0,0.0,0.0,0.0,0.0,0.0,0.0,0.0,0.0,0.0,0.0,0.0,0.0,0.0,0.0,0.0,0.0,0.0,0.0,0.0,0.0,0.0,0.0,0.0,0.0,0.0,0.0,0.0,0.0,0.0,0.0,0.0,0.0,0.0,0.0,0.0,0.0,0.0,0.0,0.0,0.0,0.0,0.0,0.0,0.0,0.0,0.0,0.0,0.0,0.0,0.0,0.0,0.0,0.0,0.0,0.0,0.0,0.0,0.0,0.0,0.0,0.0,0.0,0.0,0.0,0.0,0.0,0.0,0.0,0.0,0.0,0.0,0.0,0.0,0.0,0.0,0.0,0.0,0.0,0.0,0.0,0.0,0.0,0.0,0.0,0.0,0.0,0.4926114766312609,0.0,0.0,0.0,0.0,0.0,0.0,0.0,0.0,0.0,0.0,0.0,0.0,0.0,0.0,0.0,0.0,0.0,0.0,0.0,0.0,0.0,0.0,0.0,0.0,0.0,0.0,0.0,0.0,0.0,0.0,0.0,0.0,0.0,0.0,0.0,0.0,0.0,0.0,0.0,0.0,0.0,0.0,0.0,0.0,0.0,0.0,0.0,0.0,0.0,0.0,0.0,0.0,0.0,0.0,0.0,0.0,0.0,0.0,0.0,0.0,0.0,0.0,0.0,0.0,0.0,0.0,0.0,0.0,0.0,0.0,0.0,0.0,0.0,0.0,0.0,0.0,0.0,0.0,0.0,0.0,0.0,0.0,0.0,0.0,0.0,0.0,0.0,0.0,0.0,0.0,0.0,0.0,0.0,0.0,0.0,0.0,0.0,0.0,0.0,0.0,0.0,0.0,0.0,0.0,0.0,0.0,0.0,0.0,0.0,0.0,0.0,0.0,0.0,0.0,0.0,0.0,0.0,0.0,0.0,0.0,0.0,0.0,0.0,0.0,0.0,0.0,0.0,0.0,0.0,0.0,0.0,0.0,0.0,0.0,0.0,0.0,0.0,0.0,0.0,0.0,0.0,0.0,0.0,0.0,0.0,0.0,0.0,0.0,0.0,0.0,0.0,0.0,0.0,0.0,0.0,0.0,0.0,0.0,0.0,0.0,0.0,0.0,0.0,0.0,0.0,0.0,0.0,0.0,0.0,0.0,0.0,0.0,0.0,0.0,0.0,0.0,0.0,0.0,0.0,0.0,0.0,0.0,0.0,0.0,0.0,0.0,0.0,0.0,0.0,0.0,0.0,0.0,0.0,0.4312471902154683,0.0,0.0,0.0,0.0,0.0,0.0,0.0,0.0,0.0,0.0,0.0,0.0,0.0,0.0,0.0,0.0,0.0,0.0,0.0,0.0,0.0,0.0,0.0,0.0,0.0,0.0,0.0,0.0,0.0,0.0,0.0,0.0,0.0,0.0,0.0,0.0,0.0,0.0,0.0,0.0,0.0,0.0,0.0,0.0,0.0,0.0,0.0,0.0,0.0,0.0,0.0,0.0,0.0,0.29330472243857564,0.0,0.0,0.0,0.0,0.0,0.0,0.0,0.0,0.0,0.0,0.0,0.0,0.0,0.0,0.0,0.0,0.0,0.0,0.0,0.0,0.0,0.0,0.0,0.0,0.0,0.0,0.0,0.0,0.0,0.0,0.0,0.0,0.0,0.0,0.0,0.0,0.0,0.0,0.0,0.0,0.0,0.0,0.0,0.0,0.0,0.0,0.0,0.0,0.0,0.0,0.0,0.0,0.0,0.0,0.0,0.0,0.0,0.0,0.0,0.0,0.0,0.0,0.0,0.0,0.0,0.0,0.0,0.0,0.0,0.0,0.0,0.0,0.0,0.0,0.0,0.0,0.0,0.0,0.0,0.0,0.0,0.0,0.0,0.0,0.0,0.0,0.0,0.0,0.0,0.0,0.0,0.0,0.0,0.0,0.0,0.0,0.0,0.0,0.0,0.0,0.0,0.0,0.0,0.0,0.0,0.0,0.0,0.0,0.0,0.0,0.0,0.0,0.0,0.0,0.0,0.0,0.0,0.0,0.0,0.0,0.0,0.0,0.0,0.0,0.0,0.0,0.0,0.0,0.0,0.0,0.0,0.0,0.0,0.0,0.0,0.0,0.0,0.0,0.0,0.0,0.4926114766312609,0.0,0.0,0.0,0.0,0.0,0.0,0.0,0.0,0.0,0.0,0.0,0.0,0.0,0.0,0.0,0.0,0.0,0.0,0.0,0.0,0.0,0.0,0.0,0.0,0.0,0.0,0.0,0.0,0.0,0.0,0.0,0.0,0.0,0.0,0.0,0.0,0.0,0.0,0.0,0.0,0.0,0.0,0.0,0.0,0.0,0.0,0.0,0.0,0.0,0.0,0.0,0.0,0.0,0.0,0.0,0.0,0.0,0.0,0.0,0.0,0.0,0.0,0.0,0.0,0.0,0.0,0.0,0.0,0.0
SD2401267,20대,너희 집은 지금 오피스텔이잖아. 그 층간 소음 좀 있는 거 같아? 나 지금 7층 사는데 딱히 층간 소음은 없는 거 같은데 좀 그 아파트에 이상한 사람은 좀 있는 거 같더라. 왜냐하면은 우리가 집에 아무도 없는 상태였는데 갑자기 밑의 집에서 올라온다 아 그 밑의 집인가 어디서 막 신고가 들어왔다는 거야. 이 이 시간이 너무 시끄러웠었다고. 그래 가지고 그게 그게 꼭 밑의 집은 아니고 밑의 층은 아니었던 거 같은데 그런 사람이 좀 있어서 좀 뭐지 좀 조심해야겠다 이런 적은 있었어. 이런 적이 있어. 그리고 너는 지금 자취를 그 1곳에서만 했던 거야 이사 없이? 나도 지금 누나랑 같이 살라고 하면은 절대 못 살 거 같아. 누나랑 진짜 맞는 게 하나도 없단 말이야. 누나도 막 나도 새벽에 전화하면은 누나가 뭐라 하고. 어떨 때 누나가 새벽에 게임하면 또 나한테 이제 내가 이제 스트레스받고. 그래서 이제 만약에 내가 너처럼 그러니까 형제 같이 살라고 하면은 나는 못 살 거 같아. 그리고 그리고 그 이사를 좀 많이 다녔었는데 이사 다닐 때마다 이제 방이 있긴 한데 이게 크기가 이제 큰방 작은방이 있었단 말이야. 그래 가지고 누가 큰방 쓸 거냐 이런 거 때문에 또 엄청 싸운 적 싸웠었고 싸웠었던 거 같아. 그러면 본가도 그러면 지금 살던 데 쭉 계속 살고 있었던 거야 어릴 때부터? 나는 이제 어릴 때부터 정말 많이 다녔었는데 초등학교랑 중학교 때까지는 그래도 한동네 내에서 왔다 갔다 했던 거여서 좀 이제 이사하느라 좀 귀찮고 막 집 바뀌는 게 좀 불편 적응이 안 되 초반에 적응이 안 되는 게 있긴 했어도 이 친구들이랑 멀어진다 이런 거 없어서 괜찮았는데 중학교 3학년에서 이제 고등학교 때 한번 아예 학 그 학 우리 지금 다니는 학교 쪽으로 이사를 왔었단 말이야. 근데 그때 정말 좀 좋았던 친구들인데 완전 멀어지니까 그때 쪼끔 이제 스트레스를 받았었던 경험이 있고. 그래서 또 그래 가지고 이제 고등학교 1학년 때에서부터 2학년 때 또 이사를 가야 되는 상황이 된 거야. 근데 그래서 원래 다니던 고등학교 쪽으로 가려 했었는데 그러진 않고 이제 다시 원래 동네로 돌아갔었던 적이 있어. 나도 그런 전원주택에서 사는 꿈 같은 게 있었던 거 같아. 그 내가 직접 집을 만들고 아 설계해서 막 비밀 공간이나 아 이제 정말 큰 목욕탕이나 아니면 음 어떤 작업실 뭐 이런 걸 만들어 두고 싶다는 생각이 있었어. 만들고 싶다는. 그리 너 근데 지금 자취하고 있잖아. 그러면 그 가전제품 같은 거는 뭐 뭐 있어? 어 이러면 안 되는데. 나는 이제 본가에 살잖아. 어 집안일을 거의 다 안 하고 엄마가 하고 있어. 그러니까 설거지만 이제 내가 먹은 거 설거지하고 이제 그리고 옷 옷이나 분리수거 이런 거는 엄마 아빠가 거의 다 하는 거 같아. 그 자취하면서 이런 설거지나 분리수거 때문에 막 오빠랑 막 싸우거나 그러진 않아? 난 지금 너무 자취를 하고 싶어. 왜냐하면은 일단 난 이제 혼자가 편하단 말이야. 그래 가지고 이제 나만의 일상생활 패턴이 있는데 어쨌든 가족이랑 살면은 아무리 가족이라도 쪼금 지켜야 되는 게 있으니까 그런 게 이제 좀 나한테는 너무 좀 힘들고 내가 하고 싶은 것도 너무 제한이 되는 거 같아서 학교 근처에서 자취하고 싶다는 생각은 있는데 이게 자취도 어쨌든 돈이 많이 깨지니까 쉽사리 하진 못 하고 있고. 음 아마 군대 갔다 와서 자취를 할 수 있으면 하지 않을까 이런 생각이 있어. 음 너는 음 너희 집 인테리어는 혹시 어떻게 돼 있어? 음 우리 집은 이번에 새로 지은 아파트여 가지고 그냥 전체적으로 완전 깔끔한 느낌으로 지금 돼 있는데 이게 아파 이제 방 청소를 쪼끔만 안 해도 이제 옷가 방이 좀 좁아 가지고 옷도 막 의자 위에 올라가 있고 침대 위에 뭉쳐져 있고. 그래 가지고 인테리어는 깔끔한데 방 정리는 되게 안 돼 있는 거 같아. 그리고 또 새로 지은 아파트라 했잖아. 이게 요즘에 새로 지어서 그런가. 아파트가 되게 개성이 넘치더라고. 건물도 막 다 이 모습이 막 다르고. 막 저게 아파트 건물이야 이런 것도 있고. 그리고 처음에 이사 왔을 때 첫날인데 집을 못 찾겠는 거야. 왜냐하면은 보통 아파트 단지가 뭐 몇 호부터 몇 호 1에서 3 3에서 5 이렇게 순서대로 있는데 거기는 막 1에서 3이랑 17에서 19 이렇게 붙어 있고. 막 이상하게 다 붙어 있는 거야. 그래 가지고 처음 이사 갔을 때 그 아파트 단지 안에서 길 잃어 가지고 한 20분 30분 정도 헤맸던 기억이 있어. 너는 만약에 이제 앞으로 회사 다니고 할 거면은 하면은 혼자 살게 되면은 서울에서 계속 살고 싶어? 아니면은 대구? 이게 새로 지은 아파트여 가지고 이게 헬스장이나 도서관 뭐 어린이집 이런 게 입주된다는 얘기만 있고 아직은 인프라가 갖춰지진 못한 거 같아. 그래서 헬스장도 아마 생긴다곤 하는데 어 언제 생길진 잘 모르겠고. 그 아파트 단지 내에 도서관은 지금도 운영하고 있고. 그거 말고도 뭔가 주민들 휴식 공간이라고 하면서 건물이 몇 개 있더라고. 거기서 막 좀 차 같은 거 마시고 막 떠들면서 있는 아줌마들도 있고. 그 빈백 빈백도 있잖아. 그런 것도 아파트 단지 내에 몇 개 깔아둔 거야. 그래 가지고 거기서 좀 누워서 막 떠드는 사람들도 보고 이런 시설이 좀 있었어.,0.014965986394557823,0.02857142857142857,0.013605442176870748,0.0013605442176870747,0.005442176870748299,0.0027210884353741495,0.0027210884353741495,0.02312925170068027,0.0326530612244898,0.02040816326530612,0.004081632653061225,0.0163265306122449,0.0013605442176870747,0.005442176870748299,0.013605442176870748,0.0027210884353741495,0.004081632653061225,0.004081632653061225,0.024489795918367346,0.021768707482993196,0.0013605442176870747,0.0013605442176870747,0.005442176870748299,0.006802721088435374,0.0013605442176870747,0.004081632653061225,0.02040816326530612,0.0013605442176870747,0.0013605442176870747,0.009523809523809525,0.04353741496598639,0.0013605442176870747,0.005442176870748299,0.0013605442176870747,0.010884353741496598,0.005442176870748299,0.0013605442176870747,0.0027210884353741495,0.012244897959183673,0.0013605442176870747,0.0013605442176870747,0.006802721088435374,0.004081632653061225,0.0027210884353741495,0.027210884353741496,0.009523809523809525,0.010884353741496598,0.0013605442176870747,0.006802721088435374,0.024489795918367346,0.010884353741496598,0.0013605442176870747,0.006802721088435374,0.0027210884353741495,0.0013605442176870747,0.005442176870748299,0.0013605442176870747,0.0013605442176870747,0.0013605442176870747,0.006802721088435374,0.0013605442176870747,0.0027210884353741495,0.0013605442176870747,0.0027210884353741495,0.013605442176870748,0.0013605442176870747,0.006802721088435374,0.0013605442176870747,0.02857142857142857,0.0027210884353741495,0.0027210884353741495,0.0027210884353741495,0.005442176870748299,0.0013605442176870747,0.00816326530612245,0.004081632653061225,0.00816326530612245,0.0013605442176870747,0.005442176870748299,0.0027210884353741495,0.0013605442176870747,0.0013605442176870747,0.0027210884353741495,0.0013605442176870747,0.0013605442176870747,0.0013605442176870747,0.005442176870748299,0.0013605442176870747,0.005442176870748299,0.0027210884353741495,0.0013605442176870747,0.0027210884353741495,0.0027210884353741495,0.005442176870748299,0.004081632653061225,0.0013605442176870747,0.0027210884353741495,0.0013605442176870747,0.0013605442176870747,0.0013605442176870747,0.005442176870748299,0.004081632653061225,0.0013605442176870747,0.0013605442176870747,0.0013605442176870747,0.0027210884353741495,0.009523809523809525,0.014965986394557823,0.0013605442176870747,0.0013605442176870747,0.0013605442176870747,0.0027210884353741495,0.0013605442176870747,0.004081632653061225,0.0013605442176870747,0.004081632653061225,0.0013605442176870747,0.0013605442176870747,0.0027210884353741495,0.0027210884353741495,0.0027210884353741495,0.0013605442176870747,0.0013605442176870747,0.0027210884353741495,0.0027210884353741495,0.0013605442176870747,0.0027210884353741495,0.0013605442176870747,0.0027210884353741495,0.0013605442176870747,0.0013605442176870747,0.0013605442176870747,0.0013605442176870747,0.0013605442176870747,0.0013605442176870747,0.0013605442176870747,0.005442176870748299,0.004081632653061225,0.0013605442176870747,0.0013605442176870747,0.0027210884353741495,0.0027210884353741495,0.0013605442176870747,0.0013605442176870747,0.0013605442176870747,0.004081632653061225,0.0013605442176870747,0.0013605442176870747,0.004081632653061225,0.0013605442176870747,0.0027210884353741495,0.005442176870748299,0.0027210884353741495,0.004081632653061225,0.0013605442176870747,0.005442176870748299,0.0027210884353741495,0.0013605442176870747,0.0013605442176870747,0.0013605442176870747,0.0013605442176870747,0.0027210884353741495,0.0013605442176870747,0.0013605442176870747,0.0013605442176870747,0.0013605442176870747,0.0013605442176870747,0.0027210884353741495,0.0027210884353741495,0.0013605442176870747,0.0013605442176870747,0.0013605442176870747,0.0013605442176870747,0.0013605442176870747,0.0013605442176870747,0.0013605442176870747,0.0013605442176870747,0.0013605442176870747,0.0013605442176870747,0.0013605442176870747,0.0027210884353741495,0.0013605442176870747,0.0027210884353741495,0.0013605442176870747,0.0013605442176870747,0.005442176870748299,0.005442176870748299,0.005442176870748299,0.0013605442176870747,0.0013605442176870747,0.0013605442176870747,0.0013605442176870747,0.0013605442176870747,0.0013605442176870747,0.0013605442176870747,0.0027210884353741495,0.0013605442176870747,0.0013605442176870747,0.0013605442176870747,0.0013605442176870747,0.0027210884353741495,0.0013605442176870747,0.0013605442176870747,0.0013605442176870747,0.004081632653061225,0.0013605442176870747,0.0013605442176870747,0.0013605442176870747,0.0013605442176870747,0.0027210884353741495,0.0013605442176870747,0.0013605442176870747,0.0013605442176870747,0.005442176870748299,0.0027210884353741495,0.0013605442176870747,0.0013605442176870747,0.0027210884353741495,0.0013605442176870747,0.0013605442176870747,0.0013605442176870747,0.0013605442176870747,0.0013605442176870747,0.0013605442176870747,0.0013605442176870747,0.0013605442176870747,0.0013605442176870747,0.0013605442176870747,0.0027210884353741495,0.0027210884353741495,0.0013605442176870747,0.0013605442176870747,0.0013605442176870747,0.0013605442176870747,0.0013605442176870747,0.0013605442176870747,0.0013605442176870747,0.0013605442176870747,0.0027210884353741495,0.0013605442176870747,0.0013605442176870747,0.0013605442176870747,0.0013605442176870747,0.0013605442176870747,0.0013605442176870747,0.0013605442176870747,0.0013605442176870747,0.0013605442176870747,0.0013605442176870747,0.0013605442176870747,0.0027210884353741495,0.0013605442176870747,0.0013605442176870747,0.0013605442176870747,0.0013605442176870747,0.0013605442176870747,0.0013605442176870747,0.0013605442176870747,0.0,0.0,0.0,0.0,0.0,0.0,0.0,0.0,0.0,0.0,0.0,0.0,0.0,0.0,0.0,0.0,0.0,0.0,0.0,0.0,0.0,0.0,0.0,0.0,0.0,0.0,0.0,0.0,0.0,0.0,0.0,0.0,0.0,0.0,0.0,0.0,0.0,0.0,0.0,0.0,0.0,0.0,0.0,0.0,0.0,0.0,0.0,0.0,0.0,0.0,0.0,0.0,0.0,0.0,0.0,0.0,0.0,0.0,0.0,0.0,0.0,0.0,0.0,0.0,0.0,0.0,0.0,0.0,0.0,0.0,0.0,0.0,0.0,0.0,0.0,0.0,0.0,0.0,0.0,0.0,0.0,0.0,0.0,0.0,0.0,0.0,0.0,0.0,0.0,0.0,0.0,0.0,0.0,0.0,0.0,0.0,0.0,0.0,0.0,0.0,0.0,0.0,0.0,0.0,0.0,0.0,0.0,0.0,0.0,0.0,0.0,0.0,0.0,0.0,0.0,0.0,0.0,0.0,0.0,0.0,0.0,0.0,0.0,0.0,0.0,0.0,0.0,0.0,0.0,0.0,0.0,0.0,0.0,0.0,0.0,0.0,0.0,0.0,0.0,0.0,0.0,0.0,0.0,0.0,0.0,0.0,0.0,0.0,0.0,0.0,0.0,0.0,0.0,0.0,0.0,0.0,0.0,0.0,0.0,0.0,0.0,0.0,0.0,0.0,0.0,0.0,0.0,0.0,0.0,0.0,0.0,0.0,0.0,0.0,0.0,0.0,0.0,0.0,0.0,0.0,0.0,0.0,0.0,0.0,0.0,0.0,0.0,0.0,0.0,0.0,0.0,0.0,0.0,0.0,0.0,0.0,0.0,0.0,0.0,0.0,0.0,0.0,0.0,0.0,0.0,0.0,0.0,0.0,0.0,0.30557676878110357,0.0,0.0,0.0,0.0,0.0,0.0,0.0,0.0,0.0,0.0,0.0,0.0,0.0,0.0,0.0,0.0,0.0,0.0,0.0,0.0,0.0,0.0,0.0,0.0,0.0,0.0,0.0,0.0,0.0,0.0,0.0,0.0,0.0,0.0,0.0,0.0,0.0,0.0,0.0,0.0,0.0,0.0,0.0,0.0,0.0,0.0,0.0,0.0,0.0,0.0,0.0,0.0,0.0,0.2675112724395875,0.0,0.0,0.0,0.0,0.0,0.0,0.0,0.0,0.0,0.0,0.0,0.0,0.0,0.0,0.0,0.0,0.0,0.0,0.0,0.0,0.0,0.0,0.0,0.0,0.0,0.0,0.0,0.0,0.0,0.0,0.0,0.0,0.0,0.0,0.0,0.0,0.0,0.0,0.0,0.0,0.0,0.0,0.0,0.0,0.0,0.0,0.0,0.0,0.0,0.0,0.0,0.0,0.0,0.0,0.0,0.0,0.0,0.0,0.0,0.0,0.0,0.0,0.0,0.0,0.0,0.0,0.0,0.0,0.0,0.0,0.0,0.0,0.0,0.0,0.0,0.0,0.0,0.0,0.0,0.0,0.0,0.0,0.0,0.0,0.0,0.0,0.0,0.0,0.0,0.0,0.0,0.0,0.0,0.0,0.0,0.0,0.0,0.0,0.0,0.0,0.0,0.0,0.0,0.0,0.0,0.0,0.0,0.0,0.0,0.0,0.0,0.28330988084997827,0.0,0.0,0.0,0.0,0.0,0.0,0.0,0.0,0.0,0.0,0.0,0.0,0.0,0.0,0.0,0.0,0.0,0.0,0.0,0.0,0.0,0.0,0.0,0.0,0.0,0.0,0.0,0.0,0.0,0.0,0.0,0.0,0.0,0.0,0.0,0.0,0.0,0.0,0.0,0.0,0.0,0.0,0.0,0.0,0.0,0.0,0.0,0.0,0.0,0.0,0.0,0.0,0.0,0.0,0.0,0.0,0.0,0.0,0.0,0.0,0.0,0.0,0.0,0.0,0.0,0.0,0.0,0.0,0.0,0.0,0.0,0.0,0.0,0.0,0.0,0.0,0.0,0.222977496577337,0.0,0.0,0.0,0.0,0.0,0.0,0.0,0.0,0.0,0.0,0.0,0.0,0.0,0.0,0.0,0.0,0.0,0.0,0.0,0.0,0.0,0.0,0.0,0.0,0.0,0.0,0.0,0.0,0.0,0.0,0.0,0.0,0.0,0.0,0.0,0.0,0.0,0.0,0.0,0.0,0.0,0.0,0.0,0.0,0.0,0.0,0.0,0.0,0.0,0.0,0.0,0.0,0.0,0.0,0.0,0.0,0.0,0.0,0.0,0.0,0.0,0.0,0.0,0.0,0.0,0.0,0.0,0.0,0.0,0.0,0.0,0.0,0.0,0.0,0.0,0.0,0.0,0.0,0.0,0.0,0.0,0.0,0.0,0.0,0.0,0.0,0.0,0.0,0.0,0.0,0.0,0.0,0.0,0.0,0.0,0.0,0.0,0.0,0.0,0.0,0.0,0.0,0.0,0.0,0.0,0.0,0.0,0.0,0.0,0.0,0.0,0.0,0.0,0.0,0.0,0.0,0.0,0.0,0.0,0.0,0.0,0.0,0.0,0.0,0.0,0.0,0.0,0.0,0.0,0.0,0.0,0.0,0.0,0.0,0.0,0.0,0.0,0.0,0.0,0.0,0.0,0.0,0.0,0.0,0.0,0.0,0.0,0.0,0.0,0.0,0.0,0.0,0.0,0.0,0.0,0.0,0.0,0.0,0.0,0.0,0.0,0.0,0.0,0.0,0.0,0.0,0.30557676878110357,0.0,0.0,0.0,0.0,0.0,0.0,0.0,0.0,0.0,0.0,0.0,0.0,0.0,0.0,0.0,0.0,0.0,0.0,0.0,0.0,0.0,0.0,0.0,0.0,0.0,0.0,0.0,0.0,0.0,0.0,0.0,0.0,0.0,0.0,0.0,0.0,0.0,0.0,0.0,0.0,0.0,0.0,0.0,0.0,0.0,0.0,0.0,0.0,0.0,0.0,0.0,0.0,0.0,0.0,0.0,0.0,0.0,0.0,0.0,0.0,0.0,0.0,0.0,0.0,0.0,0.0,0.0,0.30557676878110357,0.0,0.0,0.0,0.0,0.28330988084997827,0.0,0.0,0.0,0.0,0.0,0.0,0.0,0.0,0.0,0.0,0.0,0.0,0.0,0.0,0.0,0.0,0.0,0.0,0.0,0.0,0.0,0.222977496577337,0.0,0.0,0.0,0.17912592703838937,0.0,0.0,0.0,0.0,0.0,0.0,0.0,0.0,0.0,0.0,0.0,0.0,0.0,0.0,0.0,0.0,0.0,0.0,0.0,0.0,0.0,0.0,0.0,0.0,0.0,0.0,0.0,0.0,0.0,0.0,0.0,0.0,0.0,0.0,0.0,0.0,0.0,0.0,0.0,0.0,0.0,0.0,0.0,0.0,0.0,0.0,0.0,0.0,0.0,0.0,0.0,0.0,0.0,0.0,0.0,0.0,0.0,0.0,0.0,0.0,0.0,0.0,0.0,0.0,0.0,0.0,0.0,0.0,0.0,0.0,0.0,0.0,0.0,0.0,0.0,0.0,0.0,0.0,0.0,0.0,0.0,0.0,0.0,0.0,0.2675112724395875,0.0,0.19871341026618283,0.0,0.0,0.0,0.0,0.0,0.0,0.0,0.0,0.0,0.0,0.0,0.0,0.0,0.0,0.0,0.0,0.0,0.0,0.0,0.0,0.0,0.0,0.0,0.0,0.0,0.0,0.28330988084997827,0.0,0.0,0.0,0.0,0.0,0.0,0.0,0.0,0.0,0.0,0.0,0.0,0.0,0.0,0.0,0.0,0.0,0.0,0.0,0.0,0.0,0.0,0.0,0.0,0.0,0.0,0.0,0.0,0.0,0.0,0.0,0.0,0.0,0.0,0.0,0.0,0.0,0.0,0.0,0.0,0.0,0.0,0.0,0.0,0.0,0.0,0.0,0.0,0.2675112724395875,0.0,0.0,0.0,0.30557676878110357,0.0,0.0,0.0,0.0,0.0,0.0,0.0,0.0,0.0,0.0,0.0,0.0,0.0,0.0,0.0,0.0,0.0,0.0,0.0,0.0,0.0,0.0,0.0,0.0,0.0,0.0,0.0,0.0,0.0,0.0,0.0,0.0,0.0,0.0,0.0
SD2401267,20대,너희 집은 지금 오피스텔이잖아. 그 층간 소음 좀 있는 거 같아? 나 지금 7층 사는데 딱히 층간 소음은 없는 거 같은데 좀 그 아파트에 이상한 사람은 좀 있는 거 같더라. 왜냐하면은 우리가 집에 아무도 없는 상태였는데 갑자기 밑의 집에서 올라온다 아 그 밑의 집인가 어디서 막 신고가 들어왔다는 거야. 이 이 시간이 너무 시끄러웠었다고. 그래 가지고 그게 그게 꼭 밑의 집은 아니고 밑의 층은 아니었던 거 같은데 그런 사람이 좀 있어서 좀 뭐지 좀 조심해야겠다 이런 적은 있었어. 이런 적이 있어. 그리고 너는 지금 자취를 그 1곳에서만 했던 거야 이사 없이? 나도 지금 누나랑 같이 살라고 하면은 절대 못 살 거 같아. 누나랑 진짜 맞는 게 하나도 없단 말이야. 누나도 막 나도 새벽에 전화하면은 누나가 뭐라 하고. 어떨 때 누나가 새벽에 게임하면 또 나한테 이제 내가 이제 스트레스받고. 그래서 이제 만약에 내가 너처럼 그러니까 형제 같이 살라고 하면은 나는 못 살 거 같아. 그리고 그리고 그 이사를 좀 많이 다녔었는데 이사 다닐 때마다 이제 방이 있긴 한데 이게 크기가 이제 큰방 작은방이 있었단 말이야. 그래 가지고 누가 큰방 쓸 거냐 이런 거 때문에 또 엄청 싸운 적 싸웠었고 싸웠었던 거 같아. 그러면 본가도 그러면 지금 살던 데 쭉 계속 살고 있었던 거야 어릴 때부터? 나는 이제 어릴 때부터 정말 많이 다녔었는데 초등학교랑 중학교 때까지는 그래도 한동네 내에서 왔다 갔다 했던 거여서 좀 이제 이사하느라 좀 귀찮고 막 집 바뀌는 게 좀 불편 적응이 안 되 초반에 적응이 안 되는 게 있긴 했어도 이 친구들이랑 멀어진다 이런 거 없어서 괜찮았는데 중학교 3학년에서 이제 고등학교 때 한번 아예 학 그 학 우리 지금 다니는 학교 쪽으로 이사를 왔었단 말이야. 근데 그때 정말 좀 좋았던 친구들인데 완전 멀어지니까 그때 쪼끔 이제 스트레스를 받았었던 경험이 있고. 그래서 또 그래 가지고 이제 고등학교 1학년 때에서부터 2학년 때 또 이사를 가야 되는 상황이 된 거야. 근데 그래서 원래 다니던 고등학교 쪽으로 가려 했었는데 그러진 않고 이제 다시 원래 동네로 돌아갔었던 적이 있어. 나도 그런 전원주택에서 사는 꿈 같은 게 있었던 거 같아. 그 내가 직접 집을 만들고 아 설계해서 막 비밀 공간이나 아 이제 정말 큰 목욕탕이나 아니면 음 어떤 작업실 뭐 이런 걸 만들어 두고 싶다는 생각이 있었어. 만들고 싶다는. 그리 너 근데 지금 자취하고 있잖아. 그러면 그 가전제품 같은 거는 뭐 뭐 있어? 어 이러면 안 되는데. 나는 이제 본가에 살잖아. 어 집안일을 거의 다 안 하고 엄마가 하고 있어. 그러니까 설거지만 이제 내가 먹은 거 설거지하고 이제 그리고 옷 옷이나 분리수거 이런 거는 엄마 아빠가 거의 다 하는 거 같아. 그 자취하면서 이런 설거지나 분리수거 때문에 막 오빠랑 막 싸우거나 그러진 않아? 난 지금 너무 자취를 하고 싶어. 왜냐하면은 일단 난 이제 혼자가 편하단 말이야. 그래 가지고 이제 나만의 일상생활 패턴이 있는데 어쨌든 가족이랑 살면은 아무리 가족이라도 쪼금 지켜야 되는 게 있으니까 그런 게 이제 좀 나한테는 너무 좀 힘들고 내가 하고 싶은 것도 너무 제한이 되는 거 같아서 학교 근처에서 자취하고 싶다는 생각은 있는데 이게 자취도 어쨌든 돈이 많이 깨지니까 쉽사리 하진 못 하고 있고. 음 아마 군대 갔다 와서 자취를 할 수 있으면 하지 않을까 이런 생각이 있어. 음 너는 음 너희 집 인테리어는 혹시 어떻게 돼 있어? 음 우리 집은 이번에 새로 지은 아파트여 가지고 그냥 전체적으로 완전 깔끔한 느낌으로 지금 돼 있는데 이게 아파 이제 방 청소를 쪼끔만 안 해도 이제 옷가 방이 좀 좁아 가지고 옷도 막 의자 위에 올라가 있고 침대 위에 뭉쳐져 있고. 그래 가지고 인테리어는 깔끔한데 방 정리는 되게 안 돼 있는 거 같아. 그리고 또 새로 지은 아파트라 했잖아. 이게 요즘에 새로 지어서 그런가. 아파트가 되게 개성이 넘치더라고. 건물도 막 다 이 모습이 막 다르고. 막 저게 아파트 건물이야 이런 것도 있고. 그리고 처음에 이사 왔을 때 첫날인데 집을 못 찾겠는 거야. 왜냐하면은 보통 아파트 단지가 뭐 몇 호부터 몇 호 1에서 3 3에서 5 이렇게 순서대로 있는데 거기는 막 1에서 3이랑 17에서 19 이렇게 붙어 있고. 막 이상하게 다 붙어 있는 거야. 그래 가지고 처음 이사 갔을 때 그 아파트 단지 안에서 길 잃어 가지고 한 20분 30분 정도 헤맸던 기억이 있어. 너는 만약에 이제 앞으로 회사 다니고 할 거면은 하면은 혼자 살게 되면은 서울에서 계속 살고 싶어? 아니면은 대구? 이게 새로 지은 아파트여 가지고 이게 헬스장이나 도서관 뭐 어린이집 이런 게 입주된다는 얘기만 있고 아직은 인프라가 갖춰지진 못한 거 같아. 그래서 헬스장도 아마 생긴다곤 하는데 어 언제 생길진 잘 모르겠고. 그 아파트 단지 내에 도서관은 지금도 운영하고 있고. 그거 말고도 뭔가 주민들 휴식 공간이라고 하면서 건물이 몇 개 있더라고. 거기서 막 좀 차 같은 거 마시고 막 떠들면서 있는 아줌마들도 있고. 그 빈백 빈백도 있잖아. 그런 것도 아파트 단지 내에 몇 개 깔아둔 거야. 그래 가지고 거기서 좀 누워서 막 떠드는 사람들도 보고 이런 시설이 좀 있었어.,0.014965986394557823,0.02857142857142857,0.013605442176870748,0.0013605442176870747,0.005442176870748299,0.0027210884353741495,0.0027210884353741495,0.02312925170068027,0.0326530612244898,0.02040816326530612,0.004081632653061225,0.0163265306122449,0.0013605442176870747,0.005442176870748299,0.013605442176870748,0.0027210884353741495,0.004081632653061225,0.004081632653061225,0.024489795918367346,0.021768707482993196,0.0013605442176870747,0.0013605442176870747,0.005442176870748299,0.006802721088435374,0.0013605442176870747,0.004081632653061225,0.02040816326530612,0.0013605442176870747,0.0013605442176870747,0.009523809523809525,0.04353741496598639,0.0013605442176870747,0.005442176870748299,0.0013605442176870747,0.010884353741496598,0.005442176870748299,0.0013605442176870747,0.0027210884353741495,0.012244897959183673,0.0013605442176870747,0.0013605442176870747,0.006802721088435374,0.004081632653061225,0.0027210884353741495,0.027210884353741496,0.009523809523809525,0.010884353741496598,0.0013605442176870747,0.006802721088435374,0.024489795918367346,0.010884353741496598,0.0013605442176870747,0.006802721088435374,0.0027210884353741495,0.0013605442176870747,0.005442176870748299,0.0013605442176870747,0.0013605442176870747,0.0013605442176870747,0.006802721088435374,0.0013605442176870747,0.0027210884353741495,0.0013605442176870747,0.0027210884353741495,0.013605442176870748,0.0013605442176870747,0.006802721088435374,0.0013605442176870747,0.02857142857142857,0.0027210884353741495,0.0027210884353741495,0.0027210884353741495,0.005442176870748299,0.0013605442176870747,0.00816326530612245,0.004081632653061225,0.00816326530612245,0.0013605442176870747,0.005442176870748299,0.0027210884353741495,0.0013605442176870747,0.0013605442176870747,0.0027210884353741495,0.0013605442176870747,0.0013605442176870747,0.0013605442176870747,0.005442176870748299,0.0013605442176870747,0.005442176870748299,0.0027210884353741495,0.0013605442176870747,0.0027210884353741495,0.0027210884353741495,0.005442176870748299,0.004081632653061225,0.0013605442176870747,0.0027210884353741495,0.0013605442176870747,0.0013605442176870747,0.0013605442176870747,0.005442176870748299,0.004081632653061225,0.0013605442176870747,0.0013605442176870747,0.0013605442176870747,0.0027210884353741495,0.009523809523809525,0.014965986394557823,0.0013605442176870747,0.0013605442176870747,0.0013605442176870747,0.0027210884353741495,0.0013605442176870747,0.004081632653061225,0.0013605442176870747,0.004081632653061225,0.0013605442176870747,0.0013605442176870747,0.0027210884353741495,0.0027210884353741495,0.0027210884353741495,0.0013605442176870747,0.0013605442176870747,0.0027210884353741495,0.0027210884353741495,0.0013605442176870747,0.0027210884353741495,0.0013605442176870747,0.0027210884353741495,0.0013605442176870747,0.0013605442176870747,0.0013605442176870747,0.0013605442176870747,0.0013605442176870747,0.0013605442176870747,0.0013605442176870747,0.005442176870748299,0.004081632653061225,0.0013605442176870747,0.0013605442176870747,0.0027210884353741495,0.0027210884353741495,0.0013605442176870747,0.0013605442176870747,0.0013605442176870747,0.004081632653061225,0.0013605442176870747,0.0013605442176870747,0.004081632653061225,0.0013605442176870747,0.0027210884353741495,0.005442176870748299,0.0027210884353741495,0.004081632653061225,0.0013605442176870747,0.005442176870748299,0.0027210884353741495,0.0013605442176870747,0.0013605442176870747,0.0013605442176870747,0.0013605442176870747,0.0027210884353741495,0.0013605442176870747,0.0013605442176870747,0.0013605442176870747,0.0013605442176870747,0.0013605442176870747,0.0027210884353741495,0.0027210884353741495,0.0013605442176870747,0.0013605442176870747,0.0013605442176870747,0.0013605442176870747,0.0013605442176870747,0.0013605442176870747,0.0013605442176870747,0.0013605442176870747,0.0013605442176870747,0.0013605442176870747,0.0013605442176870747,0.0027210884353741495,0.0013605442176870747,0.0027210884353741495,0.0013605442176870747,0.0013605442176870747,0.005442176870748299,0.005442176870748299,0.005442176870748299,0.0013605442176870747,0.0013605442176870747,0.0013605442176870747,0.0013605442176870747,0.0013605442176870747,0.0013605442176870747,0.0013605442176870747,0.0027210884353741495,0.0013605442176870747,0.0013605442176870747,0.0013605442176870747,0.0013605442176870747,0.0027210884353741495,0.0013605442176870747,0.0013605442176870747,0.0013605442176870747,0.004081632653061225,0.0013605442176870747,0.0013605442176870747,0.0013605442176870747,0.0013605442176870747,0.0027210884353741495,0.0013605442176870747,0.0013605442176870747,0.0013605442176870747,0.005442176870748299,0.0027210884353741495,0.0013605442176870747,0.0013605442176870747,0.0027210884353741495,0.0013605442176870747,0.0013605442176870747,0.0013605442176870747,0.0013605442176870747,0.0013605442176870747,0.0013605442176870747,0.0013605442176870747,0.0013605442176870747,0.0013605442176870747,0.0013605442176870747,0.0027210884353741495,0.0027210884353741495,0.0013605442176870747,0.0013605442176870747,0.0013605442176870747,0.0013605442176870747,0.0013605442176870747,0.0013605442176870747,0.0013605442176870747,0.0013605442176870747,0.0027210884353741495,0.0013605442176870747,0.0013605442176870747,0.0013605442176870747,0.0013605442176870747,0.0013605442176870747,0.0013605442176870747,0.0013605442176870747,0.0013605442176870747,0.0013605442176870747,0.0013605442176870747,0.0013605442176870747,0.0027210884353741495,0.0013605442176870747,0.0013605442176870747,0.0013605442176870747,0.0013605442176870747,0.0013605442176870747,0.0013605442176870747,0.0013605442176870747,0.0,0.0,0.0,0.0,0.0,0.0,0.0,0.0,0.0,0.0,0.0,0.0,0.0,0.0,0.0,0.0,0.0,0.0,0.0,0.0,0.0,0.0,0.0,0.0,0.0,0.0,0.0,0.0,0.0,0.0,0.0,0.0,0.0,0.0,0.0,0.0,0.0,0.0,0.0,0.0,0.0,0.0,0.0,0.0,0.0,0.0,0.0,0.0,0.0,0.0,0.0,0.0,0.0,0.0,0.0,0.0,0.0,0.0,0.0,0.0,0.0,0.0,0.0,0.0,0.0,0.0,0.0,0.0,0.0,0.0,0.0,0.0,0.0,0.0,0.0,0.0,0.0,0.0,0.0,0.0,0.0,0.0,0.0,0.0,0.0,0.0,0.0,0.0,0.0,0.0,0.0,0.0,0.0,0.0,0.0,0.0,0.0,0.0,0.0,0.0,0.0,0.0,0.0,0.0,0.0,0.0,0.0,0.0,0.0,0.0,0.0,0.0,0.0,0.0,0.0,0.0,0.0,0.0,0.0,0.0,0.0,0.0,0.0,0.0,0.0,0.0,0.0,0.0,0.0,0.0,0.0,0.0,0.0,0.0,0.0,0.0,0.0,0.0,0.0,0.0,0.0,0.0,0.0,0.0,0.0,0.0,0.0,0.0,0.0,0.0,0.0,0.0,0.0,0.0,0.0,0.0,0.0,0.0,0.0,0.0,0.0,0.0,0.0,0.0,0.0,0.0,0.0,0.0,0.0,0.0,0.0,0.0,0.0,0.0,0.0,0.0,0.0,0.0,0.0,0.0,0.0,0.0,0.0,0.0,0.0,0.0,0.0,0.0,0.0,0.0,0.0,0.0,0.0,0.0,0.0,0.0,0.0,0.0,0.0,0.0,0.0,0.0,0.0,0.0,0.0,0.0,0.0,0.0,0.0,0.0,0.0,0.0,0.0,0.0,0.0,0.0,0.0,0.0,0.0,0.0,0.0,0.0,0.0,0.0,0.0,0.0,0.0,0.0,0.0,0.0,0.0,0.0,0.0,0.0,0.0,0.0,0.0,0.0,0.0,0.0,0.0,0.0,0.0,0.0,0.0,0.0,0.0,0.0,0.0,0.0,0.0,0.0,0.0,0.0,0.0,0.0,0.0,0.0,0.0,0.0,0.0,0.0,0.0,0.0,0.0,0.0,0.0,0.0,0.0,0.0,0.0,0.0,0.0,0.0,0.0,0.0,0.0,0.0,0.0,0.0,0.0,0.0,0.0,0.0,0.0,0.0,0.38706696837208376,0.0,0.0,0.0,0.0,0.0,0.0,0.0,0.0,0.0,0.0,0.0,0.0,0.0,0.0,0.0,0.0,0.0,0.0,0.0,0.0,0.0,0.0,0.0,0.26146982402917796,0.0,0.0,0.0,0.0,0.0,0.0,0.0,0.0,0.0,0.0,0.0,0.0,0.0,0.0,0.0,0.0,0.0,0.0,0.0,0.0,0.0,0.0,0.0,0.0,0.0,0.0,0.0,0.0,0.0,0.0,0.0,0.0,0.0,0.0,0.0,0.0,0.0,0.0,0.0,0.0,0.0,0.0,0.0,0.0,0.0,0.0,0.0,0.0,0.0,0.0,0.0,0.0,0.0,0.0,0.0,0.0,0.0,0.0,0.0,0.0,0.0,0.0,0.0,0.0,0.0,0.0,0.0,0.0,0.0,0.0,0.0,0.0,0.0,0.0,0.0,0.0,0.0,0.0,0.0,0.0,0.0,0.0,0.0,0.0,0.0,0.0,0.0,0.0,0.0,0.0,0.0,0.0,0.0,0.0,0.0,0.0,0.0,0.0,0.0,0.0,0.0,0.0,0.0,0.0,0.0,0.0,0.0,0.0,0.0,0.0,0.0,0.0,0.0,0.0,0.0,0.0,0.0,0.0,0.0,0.0,0.0,0.0,0.0,0.0,0.0,0.0,0.0,0.0,0.0,0.0,0.0,0.0,0.0,0.0,0.0,0.0,0.0,0.0,0.0,0.0,0.0,0.0,0.0,0.0,0.0,0.0,0.0,0.0,0.0,0.0,0.0,0.41748869874281347,0.0,0.0,0.0,0.0,0.0,0.0,0.0,0.0,0.0,0.0,0.0,0.0,0.0,0.0,0.0,0.0,0.0,0.0,0.0,0.0,0.0,0.0,0.0,0.0,0.0,0.0,0.0,0.0,0.0,0.0,0.0,0.0,0.0,0.0,0.0,0.0,0.0,0.0,0.0,0.0,0.0,0.0,0.0,0.0,0.0,0.0,0.0,0.0,0.0,0.0,0.0,0.0,0.0,0.0,0.0,0.0,0.0,0.0,0.0,0.0,0.0,0.0,0.0,0.0,0.0,0.0,0.0,0.0,0.0,0.0,0.0,0.0,0.0,0.0,0.0,0.0,0.0,0.0,0.0,0.0,0.0,0.0,0.0,0.0,0.0,0.0,0.0,0.0,0.0,0.0,0.0,0.0,0.0,0.0,0.0,0.0,0.0,0.0,0.0,0.0,0.0,0.0,0.0,0.0,0.0,0.0,0.0,0.0,0.0,0.0,0.0,0.0,0.0,0.0,0.0,0.0,0.0,0.0,0.0,0.0,0.0,0.0,0.0,0.0,0.0,0.0,0.0,0.0,0.0,0.0,0.0,0.0,0.0,0.0,0.0,0.0,0.0,0.0,0.0,0.0,0.0,0.0,0.0,0.0,0.0,0.0,0.0,0.0,0.0,0.0,0.0,0.0,0.0,0.0,0.0,0.0,0.0,0.0,0.0,0.0,0.0,0.0,0.0,0.0,0.0,0.0,0.0,0.0,0.0,0.0,0.0,0.0,0.0,0.0,0.0,0.0,0.0,0.0,0.0,0.0,0.0,0.0,0.0,0.0,0.0,0.0,0.0,0.0,0.0,0.0,0.0,0.0,0.0,0.0,0.0,0.0,0.0,0.0,0.0,0.0,0.0,0.0,0.0,0.0,0.0,0.0,0.0,0.0,0.0,0.0,0.0,0.0,0.0,0.0,0.0,0.0,0.0,0.0,0.0,0.0,0.0,0.0,0.38706696837208376,0.0,0.0,0.0,0.0,0.0,0.0,0.0,0.0,0.0,0.0,0.0,0.0,0.0,0.0,0.0,0.0,0.0,0.0,0.0,0.0,0.0,0.0,0.0,0.0,0.0,0.0,0.0,0.0,0.0,0.0,0.0,0.0,0.0,0.0,0.0,0.0,0.0,0.0,0.0,0.0,0.0,0.0,0.0,0.0,0.0,0.0,0.0,0.0,0.0,0.0,0.0,0.0,0.0,0.0,0.0,0.0,0.0,0.0,0.0,0.0,0.0,0.0,0.0,0.0,0.0,0.0,0.0,0.0,0.0,0.0,0.0,0.0,0.0,0.0,0.0,0.0,0.0,0.0,0.0,0.0,0.0,0.0,0.0,0.0,0.0,0.0,0.0,0.0,0.0,0.0,0.0,0.0,0.0,0.0,0.0,0.0,0.36548240717160163,0.0,0.0,0.0,0.0,0.0,0.0,0.0,0.0,0.38706696837208376,0.0,0.0,0.0,0.0,0.0,0.0,0.0,0.0,0.0,0.0,0.0,0.0,0.0,0.0,0.0,0.0,0.0,0.0,0.0,0.0,0.0,0.0,0.0,0.0,0.0,0.0,0.0,0.0,0.0,0.0,0.0,0.0,0.0,0.0,0.0,0.0,0.0,0.0,0.0,0.0,0.0,0.0,0.0,0.0,0.0,0.0,0.0,0.0,0.0,0.0,0.0,0.0,0.0,0.0,0.0,0.0,0.0,0.0,0.0,0.0,0.0,0.0,0.41748869874281347,0.0,0.0,0.0,0.0,0.0,0.0,0.0,0.0,0.0,0.0,0.0,0.0,0.0,0.0,0.0,0.0,0.0,0.0,0.0,0.0,0.0,0.0,0.0,0.0,0.0,0.0,0.0,0.0,0.0,0.0,0.0,0.0,0.0,0.0,0.0,0.0,0.0,0.0,0.0,0.0,0.0,0.0,0.0,0.0,0.0,0.0,0.0,0.0,0.0,0.0,0.0,0.0,0.0,0.0,0.0,0.0,0.0,0.0,0.0,0.0,0.0,0.0,0.0,0.0,0.0,0.0,0.0
SD2401267,20대,너희 집은 지금 오피스텔이잖아. 그 층간 소음 좀 있는 거 같아? 나 지금 7층 사는데 딱히 층간 소음은 없는 거 같은데 좀 그 아파트에 이상한 사람은 좀 있는 거 같더라. 왜냐하면은 우리가 집에 아무도 없는 상태였는데 갑자기 밑의 집에서 올라온다 아 그 밑의 집인가 어디서 막 신고가 들어왔다는 거야. 이 이 시간이 너무 시끄러웠었다고. 그래 가지고 그게 그게 꼭 밑의 집은 아니고 밑의 층은 아니었던 거 같은데 그런 사람이 좀 있어서 좀 뭐지 좀 조심해야겠다 이런 적은 있었어. 이런 적이 있어. 그리고 너는 지금 자취를 그 1곳에서만 했던 거야 이사 없이? 나도 지금 누나랑 같이 살라고 하면은 절대 못 살 거 같아. 누나랑 진짜 맞는 게 하나도 없단 말이야. 누나도 막 나도 새벽에 전화하면은 누나가 뭐라 하고. 어떨 때 누나가 새벽에 게임하면 또 나한테 이제 내가 이제 스트레스받고. 그래서 이제 만약에 내가 너처럼 그러니까 형제 같이 살라고 하면은 나는 못 살 거 같아. 그리고 그리고 그 이사를 좀 많이 다녔었는데 이사 다닐 때마다 이제 방이 있긴 한데 이게 크기가 이제 큰방 작은방이 있었단 말이야. 그래 가지고 누가 큰방 쓸 거냐 이런 거 때문에 또 엄청 싸운 적 싸웠었고 싸웠었던 거 같아. 그러면 본가도 그러면 지금 살던 데 쭉 계속 살고 있었던 거야 어릴 때부터? 나는 이제 어릴 때부터 정말 많이 다녔었는데 초등학교랑 중학교 때까지는 그래도 한동네 내에서 왔다 갔다 했던 거여서 좀 이제 이사하느라 좀 귀찮고 막 집 바뀌는 게 좀 불편 적응이 안 되 초반에 적응이 안 되는 게 있긴 했어도 이 친구들이랑 멀어진다 이런 거 없어서 괜찮았는데 중학교 3학년에서 이제 고등학교 때 한번 아예 학 그 학 우리 지금 다니는 학교 쪽으로 이사를 왔었단 말이야. 근데 그때 정말 좀 좋았던 친구들인데 완전 멀어지니까 그때 쪼끔 이제 스트레스를 받았었던 경험이 있고. 그래서 또 그래 가지고 이제 고등학교 1학년 때에서부터 2학년 때 또 이사를 가야 되는 상황이 된 거야. 근데 그래서 원래 다니던 고등학교 쪽으로 가려 했었는데 그러진 않고 이제 다시 원래 동네로 돌아갔었던 적이 있어. 나도 그런 전원주택에서 사는 꿈 같은 게 있었던 거 같아. 그 내가 직접 집을 만들고 아 설계해서 막 비밀 공간이나 아 이제 정말 큰 목욕탕이나 아니면 음 어떤 작업실 뭐 이런 걸 만들어 두고 싶다는 생각이 있었어. 만들고 싶다는. 그리 너 근데 지금 자취하고 있잖아. 그러면 그 가전제품 같은 거는 뭐 뭐 있어? 어 이러면 안 되는데. 나는 이제 본가에 살잖아. 어 집안일을 거의 다 안 하고 엄마가 하고 있어. 그러니까 설거지만 이제 내가 먹은 거 설거지하고 이제 그리고 옷 옷이나 분리수거 이런 거는 엄마 아빠가 거의 다 하는 거 같아. 그 자취하면서 이런 설거지나 분리수거 때문에 막 오빠랑 막 싸우거나 그러진 않아? 난 지금 너무 자취를 하고 싶어. 왜냐하면은 일단 난 이제 혼자가 편하단 말이야. 그래 가지고 이제 나만의 일상생활 패턴이 있는데 어쨌든 가족이랑 살면은 아무리 가족이라도 쪼금 지켜야 되는 게 있으니까 그런 게 이제 좀 나한테는 너무 좀 힘들고 내가 하고 싶은 것도 너무 제한이 되는 거 같아서 학교 근처에서 자취하고 싶다는 생각은 있는데 이게 자취도 어쨌든 돈이 많이 깨지니까 쉽사리 하진 못 하고 있고. 음 아마 군대 갔다 와서 자취를 할 수 있으면 하지 않을까 이런 생각이 있어. 음 너는 음 너희 집 인테리어는 혹시 어떻게 돼 있어? 음 우리 집은 이번에 새로 지은 아파트여 가지고 그냥 전체적으로 완전 깔끔한 느낌으로 지금 돼 있는데 이게 아파 이제 방 청소를 쪼끔만 안 해도 이제 옷가 방이 좀 좁아 가지고 옷도 막 의자 위에 올라가 있고 침대 위에 뭉쳐져 있고. 그래 가지고 인테리어는 깔끔한데 방 정리는 되게 안 돼 있는 거 같아. 그리고 또 새로 지은 아파트라 했잖아. 이게 요즘에 새로 지어서 그런가. 아파트가 되게 개성이 넘치더라고. 건물도 막 다 이 모습이 막 다르고. 막 저게 아파트 건물이야 이런 것도 있고. 그리고 처음에 이사 왔을 때 첫날인데 집을 못 찾겠는 거야. 왜냐하면은 보통 아파트 단지가 뭐 몇 호부터 몇 호 1에서 3 3에서 5 이렇게 순서대로 있는데 거기는 막 1에서 3이랑 17에서 19 이렇게 붙어 있고. 막 이상하게 다 붙어 있는 거야. 그래 가지고 처음 이사 갔을 때 그 아파트 단지 안에서 길 잃어 가지고 한 20분 30분 정도 헤맸던 기억이 있어. 너는 만약에 이제 앞으로 회사 다니고 할 거면은 하면은 혼자 살게 되면은 서울에서 계속 살고 싶어? 아니면은 대구? 이게 새로 지은 아파트여 가지고 이게 헬스장이나 도서관 뭐 어린이집 이런 게 입주된다는 얘기만 있고 아직은 인프라가 갖춰지진 못한 거 같아. 그래서 헬스장도 아마 생긴다곤 하는데 어 언제 생길진 잘 모르겠고. 그 아파트 단지 내에 도서관은 지금도 운영하고 있고. 그거 말고도 뭔가 주민들 휴식 공간이라고 하면서 건물이 몇 개 있더라고. 거기서 막 좀 차 같은 거 마시고 막 떠들면서 있는 아줌마들도 있고. 그 빈백 빈백도 있잖아. 그런 것도 아파트 단지 내에 몇 개 깔아둔 거야. 그래 가지고 거기서 좀 누워서 막 떠드는 사람들도 보고 이런 시설이 좀 있었어.,0.014965986394557823,0.02857142857142857,0.013605442176870748,0.0013605442176870747,0.005442176870748299,0.0027210884353741495,0.0027210884353741495,0.02312925170068027,0.0326530612244898,0.02040816326530612,0.004081632653061225,0.0163265306122449,0.0013605442176870747,0.005442176870748299,0.013605442176870748,0.0027210884353741495,0.004081632653061225,0.004081632653061225,0.024489795918367346,0.021768707482993196,0.0013605442176870747,0.0013605442176870747,0.005442176870748299,0.006802721088435374,0.0013605442176870747,0.004081632653061225,0.02040816326530612,0.0013605442176870747,0.0013605442176870747,0.009523809523809525,0.04353741496598639,0.0013605442176870747,0.005442176870748299,0.0013605442176870747,0.010884353741496598,0.005442176870748299,0.0013605442176870747,0.0027210884353741495,0.012244897959183673,0.0013605442176870747,0.0013605442176870747,0.006802721088435374,0.004081632653061225,0.0027210884353741495,0.027210884353741496,0.009523809523809525,0.010884353741496598,0.0013605442176870747,0.006802721088435374,0.024489795918367346,0.010884353741496598,0.0013605442176870747,0.006802721088435374,0.0027210884353741495,0.0013605442176870747,0.005442176870748299,0.0013605442176870747,0.0013605442176870747,0.0013605442176870747,0.006802721088435374,0.0013605442176870747,0.0027210884353741495,0.0013605442176870747,0.0027210884353741495,0.013605442176870748,0.0013605442176870747,0.006802721088435374,0.0013605442176870747,0.02857142857142857,0.0027210884353741495,0.0027210884353741495,0.0027210884353741495,0.005442176870748299,0.0013605442176870747,0.00816326530612245,0.004081632653061225,0.00816326530612245,0.0013605442176870747,0.005442176870748299,0.0027210884353741495,0.0013605442176870747,0.0013605442176870747,0.0027210884353741495,0.0013605442176870747,0.0013605442176870747,0.0013605442176870747,0.005442176870748299,0.0013605442176870747,0.005442176870748299,0.0027210884353741495,0.0013605442176870747,0.0027210884353741495,0.0027210884353741495,0.005442176870748299,0.004081632653061225,0.0013605442176870747,0.0027210884353741495,0.0013605442176870747,0.0013605442176870747,0.0013605442176870747,0.005442176870748299,0.004081632653061225,0.0013605442176870747,0.0013605442176870747,0.0013605442176870747,0.0027210884353741495,0.009523809523809525,0.014965986394557823,0.0013605442176870747,0.0013605442176870747,0.0013605442176870747,0.0027210884353741495,0.0013605442176870747,0.004081632653061225,0.0013605442176870747,0.004081632653061225,0.0013605442176870747,0.0013605442176870747,0.0027210884353741495,0.0027210884353741495,0.0027210884353741495,0.0013605442176870747,0.0013605442176870747,0.0027210884353741495,0.0027210884353741495,0.0013605442176870747,0.0027210884353741495,0.0013605442176870747,0.0027210884353741495,0.0013605442176870747,0.0013605442176870747,0.0013605442176870747,0.0013605442176870747,0.0013605442176870747,0.0013605442176870747,0.0013605442176870747,0.005442176870748299,0.004081632653061225,0.0013605442176870747,0.0013605442176870747,0.0027210884353741495,0.0027210884353741495,0.0013605442176870747,0.0013605442176870747,0.0013605442176870747,0.004081632653061225,0.0013605442176870747,0.0013605442176870747,0.004081632653061225,0.0013605442176870747,0.0027210884353741495,0.005442176870748299,0.0027210884353741495,0.004081632653061225,0.0013605442176870747,0.005442176870748299,0.0027210884353741495,0.0013605442176870747,0.0013605442176870747,0.0013605442176870747,0.0013605442176870747,0.0027210884353741495,0.0013605442176870747,0.0013605442176870747,0.0013605442176870747,0.0013605442176870747,0.0013605442176870747,0.0027210884353741495,0.0027210884353741495,0.0013605442176870747,0.0013605442176870747,0.0013605442176870747,0.0013605442176870747,0.0013605442176870747,0.0013605442176870747,0.0013605442176870747,0.0013605442176870747,0.0013605442176870747,0.0013605442176870747,0.0013605442176870747,0.0027210884353741495,0.0013605442176870747,0.0027210884353741495,0.0013605442176870747,0.0013605442176870747,0.005442176870748299,0.005442176870748299,0.005442176870748299,0.0013605442176870747,0.0013605442176870747,0.0013605442176870747,0.0013605442176870747,0.0013605442176870747,0.0013605442176870747,0.0013605442176870747,0.0027210884353741495,0.0013605442176870747,0.0013605442176870747,0.0013605442176870747,0.0013605442176870747,0.0027210884353741495,0.0013605442176870747,0.0013605442176870747,0.0013605442176870747,0.004081632653061225,0.0013605442176870747,0.0013605442176870747,0.0013605442176870747,0.0013605442176870747,0.0027210884353741495,0.0013605442176870747,0.0013605442176870747,0.0013605442176870747,0.005442176870748299,0.0027210884353741495,0.0013605442176870747,0.0013605442176870747,0.0027210884353741495,0.0013605442176870747,0.0013605442176870747,0.0013605442176870747,0.0013605442176870747,0.0013605442176870747,0.0013605442176870747,0.0013605442176870747,0.0013605442176870747,0.0013605442176870747,0.0013605442176870747,0.0027210884353741495,0.0027210884353741495,0.0013605442176870747,0.0013605442176870747,0.0013605442176870747,0.0013605442176870747,0.0013605442176870747,0.0013605442176870747,0.0013605442176870747,0.0013605442176870747,0.0027210884353741495,0.0013605442176870747,0.0013605442176870747,0.0013605442176870747,0.0013605442176870747,0.0013605442176870747,0.0013605442176870747,0.0013605442176870747,0.0013605442176870747,0.0013605442176870747,0.0013605442176870747,0.0013605442176870747,0.0027210884353741495,0.0013605442176870747,0.0013605442176870747,0.0013605442176870747,0.0013605442176870747,0.0013605442176870747,0.0013605442176870747,0.0013605442176870747,0.0,0.0,0.0,0.0,0.0,0.0,0.0,0.0,0.0,0.0,0.0,0.0,0.0,0.0,0.0,0.0,0.0,0.0,0.0,0.0,0.0,0.0,0.0,0.0,0.0,0.0,0.0,0.0,0.0,0.0,0.0,0.0,0.0,0.0,0.0,0.0,0.0,0.0,0.0,0.0,0.0,0.0,0.0,0.0,0.0,0.0,0.0,0.0,0.0,0.0,0.0,0.0,0.0,0.0,0.0,0.0,0.0,0.0,0.0,0.0,0.0,0.0,0.0,0.0,0.0,0.0,0.0,0.0,0.0,0.0,0.0,0.0,0.0,0.0,0.0,0.0,0.0,0.0,0.0,0.0,0.0,0.0,0.0,0.0,0.0,0.0,0.0,0.0,0.0,0.0,0.0,0.0,0.0,0.0,0.0,0.0,0.0,0.0,0.0,0.0,0.0,0.0,0.0,0.0,0.0,0.0,0.0,0.0,0.0,0.0,0.0,0.0,0.0,0.0,0.0,0.0,0.0,0.0,0.0,0.0,0.0,0.0,0.0,0.0,0.0,0.0,0.0,0.0,0.0,0.0,0.0,0.0,0.0,0.0,0.0,0.0,0.0,0.0,0.0,0.0,0.0,0.0,0.0,0.0,0.0,0.0,0.0,0.0,0.0,0.0,0.0,0.0,0.0,0.0,0.0,0.0,0.0,0.0,0.0,0.0,0.0,0.0,0.0,0.0,0.0,0.0,0.0,0.0,0.0,0.0,0.0,0.0,0.0,0.0,0.0,0.0,0.0,0.0,0.0,0.0,0.0,0.0,0.0,0.0,0.0,0.0,0.0,0.0,0.0,0.0,0.0,0.0,0.0,0.0,0.0,0.0,0.0,0.0,0.0,0.0,0.0,0.0,0.0,0.0,0.0,0.0,0.0,0.0,0.0,0.0,0.0,0.0,0.0,0.0,0.0,0.0,0.0,0.0,0.0,0.0,0.0,0.0,0.0,0.0,0.0,0.0,0.0,0.0,0.0,0.0,0.0,0.0,0.0,0.0,0.0,0.0,0.0,0.0,0.0,0.0,0.0,0.0,0.0,0.0,0.0,0.0,0.0,0.0,0.0,0.0,0.0,0.0,0.0,0.0,0.0,0.0,0.0,0.0,0.0,0.40233076959886543,0.0,0.0,0.0,0.0,0.0,0.0,0.0,0.0,0.0,0.0,0.0,0.0,0.0,0.0,0.0,0.0,0.0,0.0,0.0,0.0,0.0,0.0,0.0,0.0,0.0,0.0,0.40233076959886543,0.0,0.0,0.0,0.0,0.0,0.0,0.0,0.0,0.0,0.0,0.0,0.0,0.0,0.0,0.0,0.0,0.0,0.0,0.0,0.0,0.0,0.0,0.0,0.0,0.0,0.0,0.0,0.0,0.0,0.0,0.0,0.0,0.0,0.0,0.0,0.0,0.0,0.0,0.0,0.0,0.0,0.0,0.0,0.0,0.0,0.0,0.0,0.0,0.0,0.0,0.0,0.0,0.0,0.0,0.0,0.0,0.0,0.0,0.0,0.0,0.0,0.0,0.0,0.0,0.0,0.0,0.0,0.0,0.0,0.0,0.0,0.0,0.0,0.0,0.0,0.0,0.0,0.0,0.0,0.0,0.0,0.0,0.0,0.0,0.0,0.0,0.0,0.0,0.0,0.0,0.0,0.0,0.0,0.0,0.0,0.0,0.0,0.0,0.0,0.0,0.0,0.0,0.0,0.0,0.0,0.0,0.0,0.0,0.0,0.0,0.0,0.0,0.0,0.0,0.0,0.0,0.0,0.0,0.0,0.0,0.0,0.0,0.0,0.0,0.0,0.0,0.0,0.0,0.0,0.0,0.0,0.0,0.0,0.0,0.0,0.0,0.0,0.0,0.0,0.0,0.0,0.0,0.0,0.0,0.0,0.0,0.0,0.0,0.0,0.0,0.0,0.0,0.0,0.0,0.0,0.0,0.0,0.0,0.0,0.0,0.0,0.0,0.0,0.0,0.0,0.0,0.0,0.0,0.0,0.0,0.0,0.0,0.0,0.0,0.0,0.0,0.0,0.0,0.0,0.0,0.0,0.0,0.0,0.0,0.0,0.0,0.0,0.0,0.0,0.0,0.0,0.0,0.0,0.0,0.43395216639245343,0.0,0.0,0.0,0.0,0.0,0.0,0.0,0.0,0.0,0.0,0.0,0.0,0.0,0.0,0.0,0.0,0.0,0.0,0.0,0.0,0.0,0.0,0.0,0.0,0.0,0.0,0.0,0.0,0.0,0.0,0.0,0.0,0.0,0.0,0.0,0.0,0.0,0.0,0.0,0.0,0.0,0.0,0.0,0.0,0.0,0.0,0.0,0.0,0.0,0.0,0.0,0.0,0.0,0.0,0.0,0.0,0.0,0.0,0.0,0.0,0.0,0.0,0.0,0.0,0.0,0.0,0.0,0.0,0.0,0.0,0.0,0.0,0.0,0.0,0.0,0.0,0.0,0.0,0.0,0.0,0.0,0.0,0.0,0.0,0.0,0.0,0.0,0.0,0.0,0.0,0.0,0.43395216639245343,0.0,0.0,0.0,0.0,0.0,0.0,0.0,0.0,0.0,0.0,0.0,0.0,0.0,0.0,0.0,0.0,0.0,0.0,0.0,0.0,0.0,0.0,0.0,0.0,0.0,0.0,0.0,0.0,0.0,0.0,0.0,0.0,0.0,0.0,0.0,0.0,0.0,0.0,0.0,0.0,0.0,0.0,0.0,0.0,0.0,0.0,0.0,0.0,0.0,0.0,0.0,0.0,0.0,0.0,0.0,0.0,0.0,0.0,0.0,0.0,0.0,0.0,0.0,0.0,0.0,0.0,0.0,0.0,0.0,0.0,0.0,0.0,0.0,0.0,0.0,0.0,0.0,0.0,0.0,0.0,0.0,0.0,0.0,0.0,0.0,0.0,0.0,0.0,0.0,0.0,0.0,0.0,0.0,0.0,0.0,0.0,0.0,0.0,0.0,0.0,0.0,0.0,0.0,0.0,0.0,0.0,0.0,0.0,0.0,0.0,0.0,0.0,0.0,0.0,0.0,0.0,0.0,0.0,0.0,0.0,0.0,0.0,0.0,0.0,0.0,0.0,0.0,0.0,0.0,0.0,0.0,0.0,0.0,0.0,0.0,0.0,0.0,0.0,0.0,0.0,0.0,0.0,0.0,0.0,0.0,0.254378251348839,0.0,0.0,0.0,0.0,0.0,0.0,0.0,0.0,0.0,0.0,0.0,0.0,0.3010023396877522,0.0,0.0,0.0,0.0,0.0,0.0,0.0,0.0,0.0,0.0,0.0,0.0,0.0,0.0,0.0,0.0,0.0,0.0,0.0,0.0,0.0,0.0,0.0,0.0,0.0,0.0,0.0,0.0,0.0,0.0,0.0,0.0,0.0,0.0,0.0,0.0,0.0,0.0,0.0,0.0,0.0,0.0,0.0,0.0,0.0,0.0,0.0,0.0,0.0,0.0,0.0,0.0,0.0,0.0,0.0,0.0,0.0,0.0,0.0,0.0,0.0,0.0,0.0,0.0,0.0,0.0,0.0,0.0,0.0,0.0,0.0,0.0,0.0,0.0,0.0,0.0,0.0,0.0,0.0,0.0,0.0,0.0,0.0,0.0,0.0,0.0,0.0,0.0,0.0,0.0,0.0,0.0,0.0,0.0,0.0,0.0,0.0,0.0,0.3798950315255101,0.0,0.0,0.0,0.0,0.0,0.0,0.0,0.0,0.0,0.0,0.0,0.0,0.0,0.0,0.0,0.0,0.0,0.0,0.0,0.0,0.0,0.0,0.0,0.0,0.0,0.0,0.0,0.0,0.0,0.0,0.0,0.0,0.0,0.0,0.0,0.0,0.0,0.0,0.0,0.0,0.0,0.0,0.0,0.0,0.0,0.0,0.0,0.0,0.0,0.0,0.0,0.0,0.0,0.0,0.0,0.0,0.0,0.0,0.0,0.0,0.0,0.0,0.0,0.0,0.0,0.0,0.0,0.0,0.0,0.0,0.0,0.0,0.0,0.0,0.0,0.0,0.0,0.0,0.0,0.0,0.0,0.0,0.0,0.0,0.0,0.0,0.0,0.0,0.0,0.0
SD2401267,20대,너희 집은 지금 오피스텔이잖아. 그 층간 소음 좀 있는 거 같아? 나 지금 7층 사는데 딱히 층간 소음은 없는 거 같은데 좀 그 아파트에 이상한 사람은 좀 있는 거 같더라. 왜냐하면은 우리가 집에 아무도 없는 상태였는데 갑자기 밑의 집에서 올라온다 아 그 밑의 집인가 어디서 막 신고가 들어왔다는 거야. 이 이 시간이 너무 시끄러웠었다고. 그래 가지고 그게 그게 꼭 밑의 집은 아니고 밑의 층은 아니었던 거 같은데 그런 사람이 좀 있어서 좀 뭐지 좀 조심해야겠다 이런 적은 있었어. 이런 적이 있어. 그리고 너는 지금 자취를 그 1곳에서만 했던 거야 이사 없이? 나도 지금 누나랑 같이 살라고 하면은 절대 못 살 거 같아. 누나랑 진짜 맞는 게 하나도 없단 말이야. 누나도 막 나도 새벽에 전화하면은 누나가 뭐라 하고. 어떨 때 누나가 새벽에 게임하면 또 나한테 이제 내가 이제 스트레스받고. 그래서 이제 만약에 내가 너처럼 그러니까 형제 같이 살라고 하면은 나는 못 살 거 같아. 그리고 그리고 그 이사를 좀 많이 다녔었는데 이사 다닐 때마다 이제 방이 있긴 한데 이게 크기가 이제 큰방 작은방이 있었단 말이야. 그래 가지고 누가 큰방 쓸 거냐 이런 거 때문에 또 엄청 싸운 적 싸웠었고 싸웠었던 거 같아. 그러면 본가도 그러면 지금 살던 데 쭉 계속 살고 있었던 거야 어릴 때부터? 나는 이제 어릴 때부터 정말 많이 다녔었는데 초등학교랑 중학교 때까지는 그래도 한동네 내에서 왔다 갔다 했던 거여서 좀 이제 이사하느라 좀 귀찮고 막 집 바뀌는 게 좀 불편 적응이 안 되 초반에 적응이 안 되는 게 있긴 했어도 이 친구들이랑 멀어진다 이런 거 없어서 괜찮았는데 중학교 3학년에서 이제 고등학교 때 한번 아예 학 그 학 우리 지금 다니는 학교 쪽으로 이사를 왔었단 말이야. 근데 그때 정말 좀 좋았던 친구들인데 완전 멀어지니까 그때 쪼끔 이제 스트레스를 받았었던 경험이 있고. 그래서 또 그래 가지고 이제 고등학교 1학년 때에서부터 2학년 때 또 이사를 가야 되는 상황이 된 거야. 근데 그래서 원래 다니던 고등학교 쪽으로 가려 했었는데 그러진 않고 이제 다시 원래 동네로 돌아갔었던 적이 있어. 나도 그런 전원주택에서 사는 꿈 같은 게 있었던 거 같아. 그 내가 직접 집을 만들고 아 설계해서 막 비밀 공간이나 아 이제 정말 큰 목욕탕이나 아니면 음 어떤 작업실 뭐 이런 걸 만들어 두고 싶다는 생각이 있었어. 만들고 싶다는. 그리 너 근데 지금 자취하고 있잖아. 그러면 그 가전제품 같은 거는 뭐 뭐 있어? 어 이러면 안 되는데. 나는 이제 본가에 살잖아. 어 집안일을 거의 다 안 하고 엄마가 하고 있어. 그러니까 설거지만 이제 내가 먹은 거 설거지하고 이제 그리고 옷 옷이나 분리수거 이런 거는 엄마 아빠가 거의 다 하는 거 같아. 그 자취하면서 이런 설거지나 분리수거 때문에 막 오빠랑 막 싸우거나 그러진 않아? 난 지금 너무 자취를 하고 싶어. 왜냐하면은 일단 난 이제 혼자가 편하단 말이야. 그래 가지고 이제 나만의 일상생활 패턴이 있는데 어쨌든 가족이랑 살면은 아무리 가족이라도 쪼금 지켜야 되는 게 있으니까 그런 게 이제 좀 나한테는 너무 좀 힘들고 내가 하고 싶은 것도 너무 제한이 되는 거 같아서 학교 근처에서 자취하고 싶다는 생각은 있는데 이게 자취도 어쨌든 돈이 많이 깨지니까 쉽사리 하진 못 하고 있고. 음 아마 군대 갔다 와서 자취를 할 수 있으면 하지 않을까 이런 생각이 있어. 음 너는 음 너희 집 인테리어는 혹시 어떻게 돼 있어? 음 우리 집은 이번에 새로 지은 아파트여 가지고 그냥 전체적으로 완전 깔끔한 느낌으로 지금 돼 있는데 이게 아파 이제 방 청소를 쪼끔만 안 해도 이제 옷가 방이 좀 좁아 가지고 옷도 막 의자 위에 올라가 있고 침대 위에 뭉쳐져 있고. 그래 가지고 인테리어는 깔끔한데 방 정리는 되게 안 돼 있는 거 같아. 그리고 또 새로 지은 아파트라 했잖아. 이게 요즘에 새로 지어서 그런가. 아파트가 되게 개성이 넘치더라고. 건물도 막 다 이 모습이 막 다르고. 막 저게 아파트 건물이야 이런 것도 있고. 그리고 처음에 이사 왔을 때 첫날인데 집을 못 찾겠는 거야. 왜냐하면은 보통 아파트 단지가 뭐 몇 호부터 몇 호 1에서 3 3에서 5 이렇게 순서대로 있는데 거기는 막 1에서 3이랑 17에서 19 이렇게 붙어 있고. 막 이상하게 다 붙어 있는 거야. 그래 가지고 처음 이사 갔을 때 그 아파트 단지 안에서 길 잃어 가지고 한 20분 30분 정도 헤맸던 기억이 있어. 너는 만약에 이제 앞으로 회사 다니고 할 거면은 하면은 혼자 살게 되면은 서울에서 계속 살고 싶어? 아니면은 대구? 이게 새로 지은 아파트여 가지고 이게 헬스장이나 도서관 뭐 어린이집 이런 게 입주된다는 얘기만 있고 아직은 인프라가 갖춰지진 못한 거 같아. 그래서 헬스장도 아마 생긴다곤 하는데 어 언제 생길진 잘 모르겠고. 그 아파트 단지 내에 도서관은 지금도 운영하고 있고. 그거 말고도 뭔가 주민들 휴식 공간이라고 하면서 건물이 몇 개 있더라고. 거기서 막 좀 차 같은 거 마시고 막 떠들면서 있는 아줌마들도 있고. 그 빈백 빈백도 있잖아. 그런 것도 아파트 단지 내에 몇 개 깔아둔 거야. 그래 가지고 거기서 좀 누워서 막 떠드는 사람들도 보고 이런 시설이 좀 있었어.,0.014965986394557823,0.02857142857142857,0.013605442176870748,0.0013605442176870747,0.005442176870748299,0.0027210884353741495,0.0027210884353741495,0.02312925170068027,0.0326530612244898,0.02040816326530612,0.004081632653061225,0.0163265306122449,0.0013605442176870747,0.005442176870748299,0.013605442176870748,0.0027210884353741495,0.004081632653061225,0.004081632653061225,0.024489795918367346,0.021768707482993196,0.0013605442176870747,0.0013605442176870747,0.005442176870748299,0.006802721088435374,0.0013605442176870747,0.004081632653061225,0.02040816326530612,0.0013605442176870747,0.0013605442176870747,0.009523809523809525,0.04353741496598639,0.0013605442176870747,0.005442176870748299,0.0013605442176870747,0.010884353741496598,0.005442176870748299,0.0013605442176870747,0.0027210884353741495,0.012244897959183673,0.0013605442176870747,0.0013605442176870747,0.006802721088435374,0.004081632653061225,0.0027210884353741495,0.027210884353741496,0.009523809523809525,0.010884353741496598,0.0013605442176870747,0.006802721088435374,0.024489795918367346,0.010884353741496598,0.0013605442176870747,0.006802721088435374,0.0027210884353741495,0.0013605442176870747,0.005442176870748299,0.0013605442176870747,0.0013605442176870747,0.0013605442176870747,0.006802721088435374,0.0013605442176870747,0.0027210884353741495,0.0013605442176870747,0.0027210884353741495,0.013605442176870748,0.0013605442176870747,0.006802721088435374,0.0013605442176870747,0.02857142857142857,0.0027210884353741495,0.0027210884353741495,0.0027210884353741495,0.005442176870748299,0.0013605442176870747,0.00816326530612245,0.004081632653061225,0.00816326530612245,0.0013605442176870747,0.005442176870748299,0.0027210884353741495,0.0013605442176870747,0.0013605442176870747,0.0027210884353741495,0.0013605442176870747,0.0013605442176870747,0.0013605442176870747,0.005442176870748299,0.0013605442176870747,0.005442176870748299,0.0027210884353741495,0.0013605442176870747,0.0027210884353741495,0.0027210884353741495,0.005442176870748299,0.004081632653061225,0.0013605442176870747,0.0027210884353741495,0.0013605442176870747,0.0013605442176870747,0.0013605442176870747,0.005442176870748299,0.004081632653061225,0.0013605442176870747,0.0013605442176870747,0.0013605442176870747,0.0027210884353741495,0.009523809523809525,0.014965986394557823,0.0013605442176870747,0.0013605442176870747,0.0013605442176870747,0.0027210884353741495,0.0013605442176870747,0.004081632653061225,0.0013605442176870747,0.004081632653061225,0.0013605442176870747,0.0013605442176870747,0.0027210884353741495,0.0027210884353741495,0.0027210884353741495,0.0013605442176870747,0.0013605442176870747,0.0027210884353741495,0.0027210884353741495,0.0013605442176870747,0.0027210884353741495,0.0013605442176870747,0.0027210884353741495,0.0013605442176870747,0.0013605442176870747,0.0013605442176870747,0.0013605442176870747,0.0013605442176870747,0.0013605442176870747,0.0013605442176870747,0.005442176870748299,0.004081632653061225,0.0013605442176870747,0.0013605442176870747,0.0027210884353741495,0.0027210884353741495,0.0013605442176870747,0.0013605442176870747,0.0013605442176870747,0.004081632653061225,0.0013605442176870747,0.0013605442176870747,0.004081632653061225,0.0013605442176870747,0.0027210884353741495,0.005442176870748299,0.0027210884353741495,0.004081632653061225,0.0013605442176870747,0.005442176870748299,0.0027210884353741495,0.0013605442176870747,0.0013605442176870747,0.0013605442176870747,0.0013605442176870747,0.0027210884353741495,0.0013605442176870747,0.0013605442176870747,0.0013605442176870747,0.0013605442176870747,0.0013605442176870747,0.0027210884353741495,0.0027210884353741495,0.0013605442176870747,0.0013605442176870747,0.0013605442176870747,0.0013605442176870747,0.0013605442176870747,0.0013605442176870747,0.0013605442176870747,0.0013605442176870747,0.0013605442176870747,0.0013605442176870747,0.0013605442176870747,0.0027210884353741495,0.0013605442176870747,0.0027210884353741495,0.0013605442176870747,0.0013605442176870747,0.005442176870748299,0.005442176870748299,0.005442176870748299,0.0013605442176870747,0.0013605442176870747,0.0013605442176870747,0.0013605442176870747,0.0013605442176870747,0.0013605442176870747,0.0013605442176870747,0.0027210884353741495,0.0013605442176870747,0.0013605442176870747,0.0013605442176870747,0.0013605442176870747,0.0027210884353741495,0.0013605442176870747,0.0013605442176870747,0.0013605442176870747,0.004081632653061225,0.0013605442176870747,0.0013605442176870747,0.0013605442176870747,0.0013605442176870747,0.0027210884353741495,0.0013605442176870747,0.0013605442176870747,0.0013605442176870747,0.005442176870748299,0.0027210884353741495,0.0013605442176870747,0.0013605442176870747,0.0027210884353741495,0.0013605442176870747,0.0013605442176870747,0.0013605442176870747,0.0013605442176870747,0.0013605442176870747,0.0013605442176870747,0.0013605442176870747,0.0013605442176870747,0.0013605442176870747,0.0013605442176870747,0.0027210884353741495,0.0027210884353741495,0.0013605442176870747,0.0013605442176870747,0.0013605442176870747,0.0013605442176870747,0.0013605442176870747,0.0013605442176870747,0.0013605442176870747,0.0013605442176870747,0.0027210884353741495,0.0013605442176870747,0.0013605442176870747,0.0013605442176870747,0.0013605442176870747,0.0013605442176870747,0.0013605442176870747,0.0013605442176870747,0.0013605442176870747,0.0013605442176870747,0.0013605442176870747,0.0013605442176870747,0.0027210884353741495,0.0013605442176870747,0.0013605442176870747,0.0013605442176870747,0.0013605442176870747,0.0013605442176870747,0.0013605442176870747,0.0013605442176870747,0.0,0.0,0.0,0.0,0.0,0.0,0.0,0.0,0.0,0.0,0.0,0.0,0.0,0.0,0.0,0.0,0.0,0.0,0.0,0.0,0.0,0.0,0.0,0.0,0.0,0.0,0.0,0.0,0.0,0.0,0.0,0.0,0.0,0.0,0.0,0.0,0.0,0.0,0.0,0.0,0.0,0.0,0.0,0.0,0.0,0.0,0.0,0.0,0.0,0.0,0.0,0.0,0.0,0.0,0.0,0.0,0.0,0.0,0.0,0.0,0.0,0.0,0.0,0.0,0.0,0.0,0.0,0.0,0.0,0.0,0.0,0.0,0.0,0.0,0.0,0.0,0.0,0.0,0.0,0.0,0.0,0.0,0.0,0.0,0.0,0.0,0.0,0.0,0.0,0.0,0.0,0.0,0.0,0.0,0.0,0.0,0.0,0.0,0.0,0.0,0.0,0.0,0.0,0.0,0.0,0.0,0.0,0.0,0.0,0.0,0.0,0.0,0.0,0.0,0.0,0.0,0.0,0.0,0.0,0.0,0.0,0.0,0.0,0.0,0.0,0.0,0.0,0.0,0.0,0.0,0.0,0.0,0.0,0.0,0.0,0.0,0.0,0.0,0.0,0.0,0.0,0.0,0.0,0.0,0.0,0.0,0.0,0.0,0.0,0.0,0.0,0.0,0.0,0.0,0.0,0.0,0.0,0.0,0.0,0.0,0.0,0.0,0.0,0.0,0.0,0.0,0.0,0.0,0.0,0.0,0.0,0.0,0.0,0.0,0.0,0.0,0.0,0.0,0.0,0.0,0.0,0.0,0.0,0.0,0.0,0.0,0.0,0.0,0.0,0.0,0.0,0.0,0.0,0.0,0.0,0.0,0.0,0.0,0.0,0.0,0.0,0.3291380970206486,0.0,0.0,0.0,0.3291380970206486,0.0,0.0,0.0,0.0,0.0,0.0,0.0,0.0,0.0,0.0,0.0,0.0,0.0,0.0,0.3291380970206486,0.0,0.0,0.0,0.2140350981796864,0.0,0.0,0.0,0.0,0.0,0.0,0.0,0.0,0.0,0.0,0.0,0.0,0.0,0.0,0.0,0.0,0.0,0.0,0.0,0.0,0.0,0.0,0.0,0.22830013295518942,0.0,0.0,0.0,0.0,0.0,0.0,0.0,0.0,0.0,0.0,0.0,0.0,0.0,0.0,0.28813758157581154,0.0,0.0,0.0,0.0,0.0,0.0,0.0,0.0,0.0,0.0,0.0,0.0,0.0,0.0,0.0,0.0,0.0,0.0,0.0,0.0,0.0,0.0,0.0,0.24713706613097441,0.0,0.2140350981796864,0.0,0.0,0.0,0.0,0.0,0.0,0.0,0.0,0.0,0.0,0.0,0.0,0.0,0.0,0.0,0.0,0.0,0.0,0.0,0.0,0.0,0.0,0.0,0.0,0.0,0.0,0.0,0.0,0.0,0.0,0.0,0.0,0.0,0.0,0.0,0.0,0.0,0.0,0.0,0.0,0.0,0.0,0.0,0.0,0.0,0.0,0.0,0.0,0.0,0.0,0.0,0.0,0.0,0.0,0.0,0.0,0.0,0.0,0.0,0.0,0.0,0.0,0.0,0.0,0.0,0.0,0.0,0.0,0.0,0.0,0.0,0.0,0.0,0.0,0.0,0.0,0.0,0.0,0.0,0.0,0.0,0.0,0.0,0.0,0.0,0.0,0.0,0.0,0.0,0.0,0.0,0.0,0.0,0.0,0.0,0.0,0.0,0.0,0.0,0.0,0.0,0.0,0.0,0.0,0.0,0.0,0.0,0.0,0.0,0.0,0.0,0.0,0.0,0.27493836374925523,0.0,0.0,0.0,0.0,0.0,0.0,0.0,0.0,0.0,0.0,0.0,0.0,0.0,0.0,0.0,0.0,0.0,0.0,0.0,0.0,0.0,0.0,0.0,0.0,0.0,0.0,0.0,0.3291380970206486,0.0,0.0,0.0,0.0,0.0,0.0,0.0,0.0,0.0,0.0,0.0,0.0,0.0,0.0,0.0,0.0,0.0,0.0,0.0,0.0,0.0,0.0,0.0,0.0,0.0,0.0,0.0,0.0,0.0,0.0,0.0,0.0,0.0,0.0,0.0,0.0,0.0,0.0,0.0,0.0,0.0,0.0,0.0,0.0,0.0,0.0,0.0,0.0,0.0,0.0,0.0,0.0,0.0,0.0,0.0,0.0,0.0,0.0,0.0,0.0,0.0,0.0,0.0,0.0,0.0,0.0,0.0,0.0,0.0,0.0,0.0,0.0,0.0,0.0,0.0,0.0,0.0,0.0,0.0,0.0,0.0,0.0,0.0,0.0,0.0,0.0,0.0,0.0,0.0,0.0,0.0,0.0,0.0,0.0,0.0,0.0,0.0,0.0,0.0,0.0,0.0,0.0,0.0,0.0,0.0,0.0,0.0,0.0,0.0,0.0,0.3291380970206486,0.0,0.0,0.0,0.0,0.0,0.0,0.0,0.0,0.0,0.0,0.0,0.0,0.0,0.0,0.0,0.0,0.0,0.0,0.0,0.0,0.0,0.0,0.0,0.0,0.0,0.0,0.0,0.0,0.0,0.0,0.0,0.0,0.0,0.0,0.0,0.0,0.0,0.0,0.0,0.0,0.0,0.0,0.0,0.0,0.0,0.0,0.0,0.0,0.0,0.0,0.0,0.0,0.0,0.0,0.0,0.0,0.0,0.0,0.0,0.0,0.0,0.0,0.0,0.0,0.0,0.0,0.0,0.0,0.0,0.0,0.0,0.0,0.0,0.0,0.0,0.0,0.0,0.0,0.0,0.0,0.0,0.0,0.0,0.0,0.0,0.0,0.0,0.0,0.0,0.0,0.0,0.0,0.0,0.0,0.0,0.0,0.0,0.0,0.0,0.0,0.0,0.0,0.0,0.0,0.0,0.0,0.0,0.0,0.0,0.0,0.0,0.0,0.0,0.0,0.0,0.0,0.0,0.0,0.0,0.0,0.0,0.0,0.0,0.0,0.0,0.0,0.0,0.0,0.0,0.0,0.0,0.0,0.0,0.0,0.0,0.0,0.0,0.0,0.0,0.0,0.0,0.0,0.0,0.0,0.0,0.0,0.0,0.0,0.0,0.0,0.0,0.0,0.0,0.0,0.0,0.0,0.0,0.0,0.0,0.0,0.0,0.0,0.0,0.0,0.0,0.0,0.0,0.0,0.0,0.0,0.0,0.0,0.2401700534848749,0.0,0.0,0.0,0.1929373328595811,0.0,0.0,0.0,0.0,0.0,0.0,0.0,0.0,0.0,0.0,0.0,0.0,0.0,0.0,0.0,0.0,0.0,0.0,0.0,0.0,0.0,0.0,0.0,0.0,0.0,0.0,0.0,0.0,0.0,0.0,0.0,0.0,0.0,0.0,0.0,0.0,0.0,0.0,0.0,0.0,0.0,0.0,0.0,0.0,0.0,0.0,0.0,0.0,0.0,0.0,0.0,0.0,0.0,0.0,0.0,0.0,0.0,0.0,0.0,0.0,0.0,0.0,0.0,0.0,0.0,0.0,0.0,0.0,0.0,0.0,0.0,0.0,0.0,0.0,0.0,0.0,0.0,0.0,0.0,0.0,0.0,0.0,0.0,0.0,0.0,0.0,0.0,0.0,0.0,0.0,0.0,0.0,0.0,0.0,0.0,0.0,0.0,0.0,0.0,0.0,0.0,0.0,0.0,0.0,0.0,0.0,0.0,0.0,0.0,0.0,0.0,0.0,0.0,0.0,0.0,0.0,0.0,0.0,0.0,0.0,0.0,0.0,0.0,0.0,0.0,0.0,0.0,0.0,0.0,0.0,0.0,0.0,0.0,0.0,0.0,0.0,0.0,0.0,0.0,0.0,0.0,0.0,0.0,0.0,0.0,0.0,0.0,0.0,0.0,0.0,0.0,0.0,0.0,0.0,0.0,0.0,0.0,0.0,0.0,0.0,0.0,0.0,0.0,0.0,0.0,0.0,0.0,0.0,0.0,0.0,0.0,0.0,0.0,0.0,0.0,0.0,0.0,0.0,0.0,0.0,0.0,0.0,0.0,0.0,0.0,0.0,0.0,0.0,0.0,0.0,0.0,0.0,0.0,0.0,0.0,0.0,0.0,0.0,0.0,0.0,0.0,0.0
SD2401267,20대,너희 집은 지금 오피스텔이잖아. 그 층간 소음 좀 있는 거 같아? 나 지금 7층 사는데 딱히 층간 소음은 없는 거 같은데 좀 그 아파트에 이상한 사람은 좀 있는 거 같더라. 왜냐하면은 우리가 집에 아무도 없는 상태였는데 갑자기 밑의 집에서 올라온다 아 그 밑의 집인가 어디서 막 신고가 들어왔다는 거야. 이 이 시간이 너무 시끄러웠었다고. 그래 가지고 그게 그게 꼭 밑의 집은 아니고 밑의 층은 아니었던 거 같은데 그런 사람이 좀 있어서 좀 뭐지 좀 조심해야겠다 이런 적은 있었어. 이런 적이 있어. 그리고 너는 지금 자취를 그 1곳에서만 했던 거야 이사 없이? 나도 지금 누나랑 같이 살라고 하면은 절대 못 살 거 같아. 누나랑 진짜 맞는 게 하나도 없단 말이야. 누나도 막 나도 새벽에 전화하면은 누나가 뭐라 하고. 어떨 때 누나가 새벽에 게임하면 또 나한테 이제 내가 이제 스트레스받고. 그래서 이제 만약에 내가 너처럼 그러니까 형제 같이 살라고 하면은 나는 못 살 거 같아. 그리고 그리고 그 이사를 좀 많이 다녔었는데 이사 다닐 때마다 이제 방이 있긴 한데 이게 크기가 이제 큰방 작은방이 있었단 말이야. 그래 가지고 누가 큰방 쓸 거냐 이런 거 때문에 또 엄청 싸운 적 싸웠었고 싸웠었던 거 같아. 그러면 본가도 그러면 지금 살던 데 쭉 계속 살고 있었던 거야 어릴 때부터? 나는 이제 어릴 때부터 정말 많이 다녔었는데 초등학교랑 중학교 때까지는 그래도 한동네 내에서 왔다 갔다 했던 거여서 좀 이제 이사하느라 좀 귀찮고 막 집 바뀌는 게 좀 불편 적응이 안 되 초반에 적응이 안 되는 게 있긴 했어도 이 친구들이랑 멀어진다 이런 거 없어서 괜찮았는데 중학교 3학년에서 이제 고등학교 때 한번 아예 학 그 학 우리 지금 다니는 학교 쪽으로 이사를 왔었단 말이야. 근데 그때 정말 좀 좋았던 친구들인데 완전 멀어지니까 그때 쪼끔 이제 스트레스를 받았었던 경험이 있고. 그래서 또 그래 가지고 이제 고등학교 1학년 때에서부터 2학년 때 또 이사를 가야 되는 상황이 된 거야. 근데 그래서 원래 다니던 고등학교 쪽으로 가려 했었는데 그러진 않고 이제 다시 원래 동네로 돌아갔었던 적이 있어. 나도 그런 전원주택에서 사는 꿈 같은 게 있었던 거 같아. 그 내가 직접 집을 만들고 아 설계해서 막 비밀 공간이나 아 이제 정말 큰 목욕탕이나 아니면 음 어떤 작업실 뭐 이런 걸 만들어 두고 싶다는 생각이 있었어. 만들고 싶다는. 그리 너 근데 지금 자취하고 있잖아. 그러면 그 가전제품 같은 거는 뭐 뭐 있어? 어 이러면 안 되는데. 나는 이제 본가에 살잖아. 어 집안일을 거의 다 안 하고 엄마가 하고 있어. 그러니까 설거지만 이제 내가 먹은 거 설거지하고 이제 그리고 옷 옷이나 분리수거 이런 거는 엄마 아빠가 거의 다 하는 거 같아. 그 자취하면서 이런 설거지나 분리수거 때문에 막 오빠랑 막 싸우거나 그러진 않아? 난 지금 너무 자취를 하고 싶어. 왜냐하면은 일단 난 이제 혼자가 편하단 말이야. 그래 가지고 이제 나만의 일상생활 패턴이 있는데 어쨌든 가족이랑 살면은 아무리 가족이라도 쪼금 지켜야 되는 게 있으니까 그런 게 이제 좀 나한테는 너무 좀 힘들고 내가 하고 싶은 것도 너무 제한이 되는 거 같아서 학교 근처에서 자취하고 싶다는 생각은 있는데 이게 자취도 어쨌든 돈이 많이 깨지니까 쉽사리 하진 못 하고 있고. 음 아마 군대 갔다 와서 자취를 할 수 있으면 하지 않을까 이런 생각이 있어. 음 너는 음 너희 집 인테리어는 혹시 어떻게 돼 있어? 음 우리 집은 이번에 새로 지은 아파트여 가지고 그냥 전체적으로 완전 깔끔한 느낌으로 지금 돼 있는데 이게 아파 이제 방 청소를 쪼끔만 안 해도 이제 옷가 방이 좀 좁아 가지고 옷도 막 의자 위에 올라가 있고 침대 위에 뭉쳐져 있고. 그래 가지고 인테리어는 깔끔한데 방 정리는 되게 안 돼 있는 거 같아. 그리고 또 새로 지은 아파트라 했잖아. 이게 요즘에 새로 지어서 그런가. 아파트가 되게 개성이 넘치더라고. 건물도 막 다 이 모습이 막 다르고. 막 저게 아파트 건물이야 이런 것도 있고. 그리고 처음에 이사 왔을 때 첫날인데 집을 못 찾겠는 거야. 왜냐하면은 보통 아파트 단지가 뭐 몇 호부터 몇 호 1에서 3 3에서 5 이렇게 순서대로 있는데 거기는 막 1에서 3이랑 17에서 19 이렇게 붙어 있고. 막 이상하게 다 붙어 있는 거야. 그래 가지고 처음 이사 갔을 때 그 아파트 단지 안에서 길 잃어 가지고 한 20분 30분 정도 헤맸던 기억이 있어. 너는 만약에 이제 앞으로 회사 다니고 할 거면은 하면은 혼자 살게 되면은 서울에서 계속 살고 싶어? 아니면은 대구? 이게 새로 지은 아파트여 가지고 이게 헬스장이나 도서관 뭐 어린이집 이런 게 입주된다는 얘기만 있고 아직은 인프라가 갖춰지진 못한 거 같아. 그래서 헬스장도 아마 생긴다곤 하는데 어 언제 생길진 잘 모르겠고. 그 아파트 단지 내에 도서관은 지금도 운영하고 있고. 그거 말고도 뭔가 주민들 휴식 공간이라고 하면서 건물이 몇 개 있더라고. 거기서 막 좀 차 같은 거 마시고 막 떠들면서 있는 아줌마들도 있고. 그 빈백 빈백도 있잖아. 그런 것도 아파트 단지 내에 몇 개 깔아둔 거야. 그래 가지고 거기서 좀 누워서 막 떠드는 사람들도 보고 이런 시설이 좀 있었어.,0.014965986394557823,0.02857142857142857,0.013605442176870748,0.0013605442176870747,0.005442176870748299,0.0027210884353741495,0.0027210884353741495,0.02312925170068027,0.0326530612244898,0.02040816326530612,0.004081632653061225,0.0163265306122449,0.0013605442176870747,0.005442176870748299,0.013605442176870748,0.0027210884353741495,0.004081632653061225,0.004081632653061225,0.024489795918367346,0.021768707482993196,0.0013605442176870747,0.0013605442176870747,0.005442176870748299,0.006802721088435374,0.0013605442176870747,0.004081632653061225,0.02040816326530612,0.0013605442176870747,0.0013605442176870747,0.009523809523809525,0.04353741496598639,0.0013605442176870747,0.005442176870748299,0.0013605442176870747,0.010884353741496598,0.005442176870748299,0.0013605442176870747,0.0027210884353741495,0.012244897959183673,0.0013605442176870747,0.0013605442176870747,0.006802721088435374,0.004081632653061225,0.0027210884353741495,0.027210884353741496,0.009523809523809525,0.010884353741496598,0.0013605442176870747,0.006802721088435374,0.024489795918367346,0.010884353741496598,0.0013605442176870747,0.006802721088435374,0.0027210884353741495,0.0013605442176870747,0.005442176870748299,0.0013605442176870747,0.0013605442176870747,0.0013605442176870747,0.006802721088435374,0.0013605442176870747,0.0027210884353741495,0.0013605442176870747,0.0027210884353741495,0.013605442176870748,0.0013605442176870747,0.006802721088435374,0.0013605442176870747,0.02857142857142857,0.0027210884353741495,0.0027210884353741495,0.0027210884353741495,0.005442176870748299,0.0013605442176870747,0.00816326530612245,0.004081632653061225,0.00816326530612245,0.0013605442176870747,0.005442176870748299,0.0027210884353741495,0.0013605442176870747,0.0013605442176870747,0.0027210884353741495,0.0013605442176870747,0.0013605442176870747,0.0013605442176870747,0.005442176870748299,0.0013605442176870747,0.005442176870748299,0.0027210884353741495,0.0013605442176870747,0.0027210884353741495,0.0027210884353741495,0.005442176870748299,0.004081632653061225,0.0013605442176870747,0.0027210884353741495,0.0013605442176870747,0.0013605442176870747,0.0013605442176870747,0.005442176870748299,0.004081632653061225,0.0013605442176870747,0.0013605442176870747,0.0013605442176870747,0.0027210884353741495,0.009523809523809525,0.014965986394557823,0.0013605442176870747,0.0013605442176870747,0.0013605442176870747,0.0027210884353741495,0.0013605442176870747,0.004081632653061225,0.0013605442176870747,0.004081632653061225,0.0013605442176870747,0.0013605442176870747,0.0027210884353741495,0.0027210884353741495,0.0027210884353741495,0.0013605442176870747,0.0013605442176870747,0.0027210884353741495,0.0027210884353741495,0.0013605442176870747,0.0027210884353741495,0.0013605442176870747,0.0027210884353741495,0.0013605442176870747,0.0013605442176870747,0.0013605442176870747,0.0013605442176870747,0.0013605442176870747,0.0013605442176870747,0.0013605442176870747,0.005442176870748299,0.004081632653061225,0.0013605442176870747,0.0013605442176870747,0.0027210884353741495,0.0027210884353741495,0.0013605442176870747,0.0013605442176870747,0.0013605442176870747,0.004081632653061225,0.0013605442176870747,0.0013605442176870747,0.004081632653061225,0.0013605442176870747,0.0027210884353741495,0.005442176870748299,0.0027210884353741495,0.004081632653061225,0.0013605442176870747,0.005442176870748299,0.0027210884353741495,0.0013605442176870747,0.0013605442176870747,0.0013605442176870747,0.0013605442176870747,0.0027210884353741495,0.0013605442176870747,0.0013605442176870747,0.0013605442176870747,0.0013605442176870747,0.0013605442176870747,0.0027210884353741495,0.0027210884353741495,0.0013605442176870747,0.0013605442176870747,0.0013605442176870747,0.0013605442176870747,0.0013605442176870747,0.0013605442176870747,0.0013605442176870747,0.0013605442176870747,0.0013605442176870747,0.0013605442176870747,0.0013605442176870747,0.0027210884353741495,0.0013605442176870747,0.0027210884353741495,0.0013605442176870747,0.0013605442176870747,0.005442176870748299,0.005442176870748299,0.005442176870748299,0.0013605442176870747,0.0013605442176870747,0.0013605442176870747,0.0013605442176870747,0.0013605442176870747,0.0013605442176870747,0.0013605442176870747,0.0027210884353741495,0.0013605442176870747,0.0013605442176870747,0.0013605442176870747,0.0013605442176870747,0.0027210884353741495,0.0013605442176870747,0.0013605442176870747,0.0013605442176870747,0.004081632653061225,0.0013605442176870747,0.0013605442176870747,0.0013605442176870747,0.0013605442176870747,0.0027210884353741495,0.0013605442176870747,0.0013605442176870747,0.0013605442176870747,0.005442176870748299,0.0027210884353741495,0.0013605442176870747,0.0013605442176870747,0.0027210884353741495,0.0013605442176870747,0.0013605442176870747,0.0013605442176870747,0.0013605442176870747,0.0013605442176870747,0.0013605442176870747,0.0013605442176870747,0.0013605442176870747,0.0013605442176870747,0.0013605442176870747,0.0027210884353741495,0.0027210884353741495,0.0013605442176870747,0.0013605442176870747,0.0013605442176870747,0.0013605442176870747,0.0013605442176870747,0.0013605442176870747,0.0013605442176870747,0.0013605442176870747,0.0027210884353741495,0.0013605442176870747,0.0013605442176870747,0.0013605442176870747,0.0013605442176870747,0.0013605442176870747,0.0013605442176870747,0.0013605442176870747,0.0013605442176870747,0.0013605442176870747,0.0013605442176870747,0.0013605442176870747,0.0027210884353741495,0.0013605442176870747,0.0013605442176870747,0.0013605442176870747,0.0013605442176870747,0.0013605442176870747,0.0013605442176870747,0.0013605442176870747,0.0,0.0,0.0,0.0,0.0,0.0,0.0,0.0,0.0,0.0,0.0,0.0,0.0,0.0,0.0,0.0,0.0,0.0,0.0,0.0,0.0,0.0,0.0,0.0,0.0,0.0,0.0,0.0,0.0,0.0,0.0,0.0,0.0,0.0,0.0,0.0,0.0,0.0,0.0,0.0,0.0,0.0,0.0,0.0,0.0,0.0,0.0,0.0,0.0,0.0,0.0,0.0,0.0,0.0,0.0,0.0,0.0,0.0,0.0,0.0,0.0,0.0,0.0,0.0,0.0,0.0,0.0,0.0,0.0,0.0,0.0,0.0,0.0,0.0,0.0,0.0,0.0,0.0,0.0,0.0,0.0,0.0,0.0,0.0,0.0,0.0,0.0,0.0,0.0,0.0,0.0,0.0,0.0,0.0,0.0,0.0,0.0,0.0,0.0,0.0,0.0,0.0,0.0,0.0,0.0,0.0,0.0,0.0,0.0,0.0,0.0,0.0,0.0,0.0,0.0,0.0,0.0,0.0,0.0,0.0,0.0,0.0,0.0,0.0,0.0,0.0,0.0,0.0,0.0,0.0,0.0,0.0,0.0,0.0,0.0,0.0,0.0,0.0,0.0,0.0,0.0,0.0,0.0,0.0,0.0,0.0,0.0,0.0,0.0,0.0,0.0,0.0,0.0,0.0,0.0,0.0,0.0,0.0,0.0,0.0,0.0,0.0,0.0,0.0,0.0,0.0,0.0,0.0,0.0,0.0,0.0,0.0,0.0,0.0,0.0,0.0,0.0,0.0,0.0,0.0,0.0,0.0,0.0,0.0,0.0,0.0,0.0,0.0,0.0,0.0,0.0,0.0,0.0,0.0,0.0,0.0,0.0,0.0,0.0,0.0,0.0,0.0,0.0,0.0,0.0,0.0,0.0,0.0,0.0,0.0,0.0,0.0,0.0,0.0,0.0,0.0,0.0,0.36215798467356247,0.0,0.0,0.0,0.0,0.0,0.0,0.0,0.0,0.0,0.0,0.0,0.0,0.0,0.0,0.0,0.0,0.0,0.0,0.0,0.0,0.0,0.0,0.0,0.0,0.0,0.0,0.0,0.0,0.0,0.0,0.0,0.0,0.0,0.0,0.0,0.0,0.0,0.0,0.0,0.0,0.0,0.0,0.0,0.0,0.0,0.31704420362393837,0.0,0.0,0.0,0.0,0.0,0.0,0.0,0.0,0.0,0.0,0.0,0.0,0.0,0.0,0.0,0.0,0.0,0.0,0.0,0.0,0.0,0.0,0.0,0.0,0.0,0.23550758939127125,0.0,0.0,0.0,0.0,0.0,0.0,0.0,0.3357681144937877,0.0,0.0,0.0,0.0,0.0,0.0,0.0,0.0,0.0,0.0,0.0,0.0,0.22681664152469025,0.0,0.0,0.0,0.0,0.0,0.0,0.0,0.0,0.0,0.0,0.0,0.0,0.0,0.0,0.0,0.0,0.0,0.0,0.0,0.0,0.0,0.0,0.0,0.0,0.0,0.0,0.0,0.0,0.0,0.0,0.0,0.0,0.0,0.0,0.0,0.0,0.0,0.0,0.0,0.0,0.0,0.0,0.0,0.0,0.0,0.0,0.0,0.0,0.0,0.0,0.0,0.0,0.0,0.0,0.0,0.0,0.0,0.0,0.0,0.0,0.0,0.0,0.0,0.0,0.0,0.36215798467356247,0.0,0.0,0.0,0.0,0.0,0.0,0.0,0.0,0.0,0.0,0.0,0.0,0.0,0.0,0.0,0.0,0.0,0.0,0.0,0.0,0.0,0.0,0.0,0.0,0.0,0.0,0.0,0.0,0.0,0.0,0.0,0.0,0.0,0.0,0.0,0.0,0.0,0.0,0.0,0.0,0.0,0.0,0.0,0.0,0.0,0.0,0.0,0.0,0.0,0.0,0.0,0.0,0.0,0.0,0.0,0.0,0.0,0.0,0.0,0.0,0.0,0.0,0.0,0.0,0.0,0.0,0.0,0.0,0.0,0.0,0.0,0.0,0.0,0.0,0.0,0.0,0.0,0.0,0.0,0.0,0.0,0.0,0.0,0.0,0.0,0.0,0.0,0.0,0.0,0.0,0.0,0.0,0.0,0.0,0.0,0.0,0.0,0.0,0.0,0.0,0.0,0.0,0.0,0.0,0.0,0.0,0.0,0.0,0.0,0.0,0.0,0.0,0.0,0.0,0.0,0.0,0.0,0.0,0.0,0.0,0.0,0.0,0.0,0.0,0.0,0.0,0.0,0.0,0.0,0.0,0.0,0.0,0.0,0.0,0.0,0.0,0.0,0.0,0.0,0.0,0.0,0.0,0.0,0.0,0.0,0.0,0.0,0.0,0.0,0.0,0.0,0.0,0.0,0.0,0.0,0.0,0.0,0.0,0.0,0.0,0.0,0.0,0.0,0.0,0.0,0.0,0.0,0.0,0.0,0.0,0.0,0.0,0.0,0.0,0.0,0.0,0.0,0.0,0.0,0.0,0.0,0.0,0.0,0.0,0.0,0.0,0.0,0.0,0.0,0.0,0.0,0.0,0.0,0.0,0.0,0.0,0.0,0.0,0.0,0.0,0.0,0.0,0.0,0.0,0.0,0.0,0.0,0.0,0.0,0.0,0.0,0.0,0.0,0.0,0.0,0.0,0.0,0.0,0.0,0.0,0.0,0.0,0.0,0.0,0.0,0.0,0.0,0.0,0.0,0.0,0.0,0.0,0.0,0.0,0.0,0.0,0.0,0.0,0.0,0.0,0.0,0.0,0.0,0.0,0.0,0.0,0.0,0.0,0.0,0.0,0.0,0.0,0.0,0.3357681144937877,0.0,0.0,0.0,0.0,0.0,0.0,0.0,0.0,0.0,0.0,0.0,0.0,0.0,0.0,0.0,0.0,0.0,0.0,0.0,0.0,0.0,0.0,0.0,0.0,0.0,0.0,0.0,0.0,0.0,0.0,0.0,0.0,0.0,0.0,0.0,0.0,0.0,0.0,0.0,0.0,0.0,0.0,0.0,0.0,0.0,0.0,0.0,0.0,0.0,0.0,0.0,0.0,0.0,0.0,0.0,0.0,0.0,0.0,0.0,0.0,0.0,0.0,0.0,0.0,0.0,0.0,0.30252081003746734,0.0,0.0,0.0,0.0,0.0,0.0,0.0,0.0,0.0,0.0,0.0,0.0,0.0,0.0,0.0,0.0,0.0,0.0,0.0,0.0,0.0,0.0,0.0,0.0,0.0,0.0,0.0,0.0,0.0,0.0,0.0,0.0,0.0,0.0,0.0,0.0,0.0,0.0,0.0,0.0,0.0,0.0,0.0,0.0,0.0,0.0,0.0,0.0,0.0,0.0,0.0,0.0,0.0,0.0,0.0,0.0,0.0,0.0,0.0,0.0,0.0,0.0,0.0,0.0,0.0,0.0,0.0,0.0,0.0,0.0,0.0,0.0,0.0,0.0,0.0,0.0,0.0,0.0,0.0,0.0,0.0,0.0,0.0,0.0,0.0,0.0,0.0,0.0,0.0,0.0,0.0,0.0,0.0,0.0,0.0,0.0,0.0,0.0,0.0,0.0,0.0,0.0,0.0,0.0,0.0,0.0,0.0,0.0,0.0,0.0,0.0,0.0,0.0,0.0,0.0,0.0,0.0,0.0,0.0,0.0,0.0,0.0,0.0,0.0,0.0,0.0,0.0,0.0,0.0,0.0,0.0,0.0,0.0,0.0,0.0,0.3357681144937877,0.0,0.0,0.0,0.0,0.0,0.0,0.0,0.0,0.0,0.0,0.0,0.0,0.0,0.0,0.0,0.0,0.0,0.0,0.0,0.0,0.0,0.0,0.0,0.0,0.0,0.0,0.0,0.0,0.0,0.0,0.0,0.0,0.0,0.0,0.0,0.0,0.0,0.0,0.0,0.0,0.0,0.0,0.0,0.0,0.0,0.0,0.0,0.0,0.0,0.0,0.0,0.0,0.0,0.0,0.0,0.0,0.0,0.0,0.0,0.0,0.0,0.0,0.31704420362393837,0.0,0.0,0.0,0.0,0.0,0.0,0.0,0.0,0.0,0.0,0.0,0.0,0.0,0.0,0.0,0.0,0.0,0.0,0.0,0.0,0.0,0.0,0.0,0.0,0.0
SD2401267,20대,너희 집은 지금 오피스텔이잖아. 그 층간 소음 좀 있는 거 같아? 나 지금 7층 사는데 딱히 층간 소음은 없는 거 같은데 좀 그 아파트에 이상한 사람은 좀 있는 거 같더라. 왜냐하면은 우리가 집에 아무도 없는 상태였는데 갑자기 밑의 집에서 올라온다 아 그 밑의 집인가 어디서 막 신고가 들어왔다는 거야. 이 이 시간이 너무 시끄러웠었다고. 그래 가지고 그게 그게 꼭 밑의 집은 아니고 밑의 층은 아니었던 거 같은데 그런 사람이 좀 있어서 좀 뭐지 좀 조심해야겠다 이런 적은 있었어. 이런 적이 있어. 그리고 너는 지금 자취를 그 1곳에서만 했던 거야 이사 없이? 나도 지금 누나랑 같이 살라고 하면은 절대 못 살 거 같아. 누나랑 진짜 맞는 게 하나도 없단 말이야. 누나도 막 나도 새벽에 전화하면은 누나가 뭐라 하고. 어떨 때 누나가 새벽에 게임하면 또 나한테 이제 내가 이제 스트레스받고. 그래서 이제 만약에 내가 너처럼 그러니까 형제 같이 살라고 하면은 나는 못 살 거 같아. 그리고 그리고 그 이사를 좀 많이 다녔었는데 이사 다닐 때마다 이제 방이 있긴 한데 이게 크기가 이제 큰방 작은방이 있었단 말이야. 그래 가지고 누가 큰방 쓸 거냐 이런 거 때문에 또 엄청 싸운 적 싸웠었고 싸웠었던 거 같아. 그러면 본가도 그러면 지금 살던 데 쭉 계속 살고 있었던 거야 어릴 때부터? 나는 이제 어릴 때부터 정말 많이 다녔었는데 초등학교랑 중학교 때까지는 그래도 한동네 내에서 왔다 갔다 했던 거여서 좀 이제 이사하느라 좀 귀찮고 막 집 바뀌는 게 좀 불편 적응이 안 되 초반에 적응이 안 되는 게 있긴 했어도 이 친구들이랑 멀어진다 이런 거 없어서 괜찮았는데 중학교 3학년에서 이제 고등학교 때 한번 아예 학 그 학 우리 지금 다니는 학교 쪽으로 이사를 왔었단 말이야. 근데 그때 정말 좀 좋았던 친구들인데 완전 멀어지니까 그때 쪼끔 이제 스트레스를 받았었던 경험이 있고. 그래서 또 그래 가지고 이제 고등학교 1학년 때에서부터 2학년 때 또 이사를 가야 되는 상황이 된 거야. 근데 그래서 원래 다니던 고등학교 쪽으로 가려 했었는데 그러진 않고 이제 다시 원래 동네로 돌아갔었던 적이 있어. 나도 그런 전원주택에서 사는 꿈 같은 게 있었던 거 같아. 그 내가 직접 집을 만들고 아 설계해서 막 비밀 공간이나 아 이제 정말 큰 목욕탕이나 아니면 음 어떤 작업실 뭐 이런 걸 만들어 두고 싶다는 생각이 있었어. 만들고 싶다는. 그리 너 근데 지금 자취하고 있잖아. 그러면 그 가전제품 같은 거는 뭐 뭐 있어? 어 이러면 안 되는데. 나는 이제 본가에 살잖아. 어 집안일을 거의 다 안 하고 엄마가 하고 있어. 그러니까 설거지만 이제 내가 먹은 거 설거지하고 이제 그리고 옷 옷이나 분리수거 이런 거는 엄마 아빠가 거의 다 하는 거 같아. 그 자취하면서 이런 설거지나 분리수거 때문에 막 오빠랑 막 싸우거나 그러진 않아? 난 지금 너무 자취를 하고 싶어. 왜냐하면은 일단 난 이제 혼자가 편하단 말이야. 그래 가지고 이제 나만의 일상생활 패턴이 있는데 어쨌든 가족이랑 살면은 아무리 가족이라도 쪼금 지켜야 되는 게 있으니까 그런 게 이제 좀 나한테는 너무 좀 힘들고 내가 하고 싶은 것도 너무 제한이 되는 거 같아서 학교 근처에서 자취하고 싶다는 생각은 있는데 이게 자취도 어쨌든 돈이 많이 깨지니까 쉽사리 하진 못 하고 있고. 음 아마 군대 갔다 와서 자취를 할 수 있으면 하지 않을까 이런 생각이 있어. 음 너는 음 너희 집 인테리어는 혹시 어떻게 돼 있어? 음 우리 집은 이번에 새로 지은 아파트여 가지고 그냥 전체적으로 완전 깔끔한 느낌으로 지금 돼 있는데 이게 아파 이제 방 청소를 쪼끔만 안 해도 이제 옷가 방이 좀 좁아 가지고 옷도 막 의자 위에 올라가 있고 침대 위에 뭉쳐져 있고. 그래 가지고 인테리어는 깔끔한데 방 정리는 되게 안 돼 있는 거 같아. 그리고 또 새로 지은 아파트라 했잖아. 이게 요즘에 새로 지어서 그런가. 아파트가 되게 개성이 넘치더라고. 건물도 막 다 이 모습이 막 다르고. 막 저게 아파트 건물이야 이런 것도 있고. 그리고 처음에 이사 왔을 때 첫날인데 집을 못 찾겠는 거야. 왜냐하면은 보통 아파트 단지가 뭐 몇 호부터 몇 호 1에서 3 3에서 5 이렇게 순서대로 있는데 거기는 막 1에서 3이랑 17에서 19 이렇게 붙어 있고. 막 이상하게 다 붙어 있는 거야. 그래 가지고 처음 이사 갔을 때 그 아파트 단지 안에서 길 잃어 가지고 한 20분 30분 정도 헤맸던 기억이 있어. 너는 만약에 이제 앞으로 회사 다니고 할 거면은 하면은 혼자 살게 되면은 서울에서 계속 살고 싶어? 아니면은 대구? 이게 새로 지은 아파트여 가지고 이게 헬스장이나 도서관 뭐 어린이집 이런 게 입주된다는 얘기만 있고 아직은 인프라가 갖춰지진 못한 거 같아. 그래서 헬스장도 아마 생긴다곤 하는데 어 언제 생길진 잘 모르겠고. 그 아파트 단지 내에 도서관은 지금도 운영하고 있고. 그거 말고도 뭔가 주민들 휴식 공간이라고 하면서 건물이 몇 개 있더라고. 거기서 막 좀 차 같은 거 마시고 막 떠들면서 있는 아줌마들도 있고. 그 빈백 빈백도 있잖아. 그런 것도 아파트 단지 내에 몇 개 깔아둔 거야. 그래 가지고 거기서 좀 누워서 막 떠드는 사람들도 보고 이런 시설이 좀 있었어.,0.014965986394557823,0.02857142857142857,0.013605442176870748,0.0013605442176870747,0.005442176870748299,0.0027210884353741495,0.0027210884353741495,0.02312925170068027,0.0326530612244898,0.02040816326530612,0.004081632653061225,0.0163265306122449,0.0013605442176870747,0.005442176870748299,0.013605442176870748,0.0027210884353741495,0.004081632653061225,0.004081632653061225,0.024489795918367346,0.021768707482993196,0.0013605442176870747,0.0013605442176870747,0.005442176870748299,0.006802721088435374,0.0013605442176870747,0.004081632653061225,0.02040816326530612,0.0013605442176870747,0.0013605442176870747,0.009523809523809525,0.04353741496598639,0.0013605442176870747,0.005442176870748299,0.0013605442176870747,0.010884353741496598,0.005442176870748299,0.0013605442176870747,0.0027210884353741495,0.012244897959183673,0.0013605442176870747,0.0013605442176870747,0.006802721088435374,0.004081632653061225,0.0027210884353741495,0.027210884353741496,0.009523809523809525,0.010884353741496598,0.0013605442176870747,0.006802721088435374,0.024489795918367346,0.010884353741496598,0.0013605442176870747,0.006802721088435374,0.0027210884353741495,0.0013605442176870747,0.005442176870748299,0.0013605442176870747,0.0013605442176870747,0.0013605442176870747,0.006802721088435374,0.0013605442176870747,0.0027210884353741495,0.0013605442176870747,0.0027210884353741495,0.013605442176870748,0.0013605442176870747,0.006802721088435374,0.0013605442176870747,0.02857142857142857,0.0027210884353741495,0.0027210884353741495,0.0027210884353741495,0.005442176870748299,0.0013605442176870747,0.00816326530612245,0.004081632653061225,0.00816326530612245,0.0013605442176870747,0.005442176870748299,0.0027210884353741495,0.0013605442176870747,0.0013605442176870747,0.0027210884353741495,0.0013605442176870747,0.0013605442176870747,0.0013605442176870747,0.005442176870748299,0.0013605442176870747,0.005442176870748299,0.0027210884353741495,0.0013605442176870747,0.0027210884353741495,0.0027210884353741495,0.005442176870748299,0.004081632653061225,0.0013605442176870747,0.0027210884353741495,0.0013605442176870747,0.0013605442176870747,0.0013605442176870747,0.005442176870748299,0.004081632653061225,0.0013605442176870747,0.0013605442176870747,0.0013605442176870747,0.0027210884353741495,0.009523809523809525,0.014965986394557823,0.0013605442176870747,0.0013605442176870747,0.0013605442176870747,0.0027210884353741495,0.0013605442176870747,0.004081632653061225,0.0013605442176870747,0.004081632653061225,0.0013605442176870747,0.0013605442176870747,0.0027210884353741495,0.0027210884353741495,0.0027210884353741495,0.0013605442176870747,0.0013605442176870747,0.0027210884353741495,0.0027210884353741495,0.0013605442176870747,0.0027210884353741495,0.0013605442176870747,0.0027210884353741495,0.0013605442176870747,0.0013605442176870747,0.0013605442176870747,0.0013605442176870747,0.0013605442176870747,0.0013605442176870747,0.0013605442176870747,0.005442176870748299,0.004081632653061225,0.0013605442176870747,0.0013605442176870747,0.0027210884353741495,0.0027210884353741495,0.0013605442176870747,0.0013605442176870747,0.0013605442176870747,0.004081632653061225,0.0013605442176870747,0.0013605442176870747,0.004081632653061225,0.0013605442176870747,0.0027210884353741495,0.005442176870748299,0.0027210884353741495,0.004081632653061225,0.0013605442176870747,0.005442176870748299,0.0027210884353741495,0.0013605442176870747,0.0013605442176870747,0.0013605442176870747,0.0013605442176870747,0.0027210884353741495,0.0013605442176870747,0.0013605442176870747,0.0013605442176870747,0.0013605442176870747,0.0013605442176870747,0.0027210884353741495,0.0027210884353741495,0.0013605442176870747,0.0013605442176870747,0.0013605442176870747,0.0013605442176870747,0.0013605442176870747,0.0013605442176870747,0.0013605442176870747,0.0013605442176870747,0.0013605442176870747,0.0013605442176870747,0.0013605442176870747,0.0027210884353741495,0.0013605442176870747,0.0027210884353741495,0.0013605442176870747,0.0013605442176870747,0.005442176870748299,0.005442176870748299,0.005442176870748299,0.0013605442176870747,0.0013605442176870747,0.0013605442176870747,0.0013605442176870747,0.0013605442176870747,0.0013605442176870747,0.0013605442176870747,0.0027210884353741495,0.0013605442176870747,0.0013605442176870747,0.0013605442176870747,0.0013605442176870747,0.0027210884353741495,0.0013605442176870747,0.0013605442176870747,0.0013605442176870747,0.004081632653061225,0.0013605442176870747,0.0013605442176870747,0.0013605442176870747,0.0013605442176870747,0.0027210884353741495,0.0013605442176870747,0.0013605442176870747,0.0013605442176870747,0.005442176870748299,0.0027210884353741495,0.0013605442176870747,0.0013605442176870747,0.0027210884353741495,0.0013605442176870747,0.0013605442176870747,0.0013605442176870747,0.0013605442176870747,0.0013605442176870747,0.0013605442176870747,0.0013605442176870747,0.0013605442176870747,0.0013605442176870747,0.0013605442176870747,0.0027210884353741495,0.0027210884353741495,0.0013605442176870747,0.0013605442176870747,0.0013605442176870747,0.0013605442176870747,0.0013605442176870747,0.0013605442176870747,0.0013605442176870747,0.0013605442176870747,0.0027210884353741495,0.0013605442176870747,0.0013605442176870747,0.0013605442176870747,0.0013605442176870747,0.0013605442176870747,0.0013605442176870747,0.0013605442176870747,0.0013605442176870747,0.0013605442176870747,0.0013605442176870747,0.0013605442176870747,0.0027210884353741495,0.0013605442176870747,0.0013605442176870747,0.0013605442176870747,0.0013605442176870747,0.0013605442176870747,0.0013605442176870747,0.0013605442176870747,0.0,0.0,0.0,0.0,0.0,0.0,0.0,0.0,0.0,0.0,0.0,0.0,0.0,0.0,0.0,0.0,0.0,0.0,0.0,0.0,0.0,0.0,0.0,0.0,0.0,0.0,0.0,0.0,0.0,0.0,0.0,0.0,0.0,0.0,0.0,0.0,0.0,0.0,0.0,0.0,0.0,0.0,0.0,0.0,0.0,0.0,0.0,0.0,0.0,0.0,0.0,0.0,0.0,0.0,0.0,0.0,0.0,0.0,0.0,0.0,0.0,0.0,0.0,0.0,0.0,0.0,0.0,0.0,0.0,0.0,0.0,0.0,0.0,0.0,0.0,0.0,0.0,0.0,0.0,0.0,0.0,0.0,0.0,0.0,0.0,0.0,0.0,0.0,0.0,0.0,0.0,0.0,0.0,0.0,0.0,0.0,0.0,0.0,0.0,0.0,0.0,0.0,0.0,0.0,0.0,0.0,0.0,0.0,0.0,0.0,0.0,0.0,0.0,0.0,0.0,0.0,0.0,0.0,0.0,0.0,0.0,0.0,0.0,0.0,0.0,0.0,0.0,0.0,0.0,0.0,0.0,0.0,0.0,0.0,0.0,0.0,0.0,0.0,0.0,0.0,0.0,0.0,0.0,0.0,0.0,0.0,0.0,0.0,0.0,0.0,0.0,0.0,0.0,0.0,0.0,0.0,0.0,0.0,0.0,0.0,0.0,0.0,0.0,0.0,0.0,0.0,0.0,0.0,0.0,0.0,0.0,0.0,0.0,0.0,0.0,0.0,0.0,0.0,0.0,0.0,0.0,0.0,0.0,0.0,0.0,0.0,0.0,0.0,0.0,0.0,0.0,0.0,0.0,0.0,0.0,0.0,0.0,0.0,0.0,0.0,0.0,0.0,0.0,0.0,0.0,0.0,0.0,0.0,0.0,0.0,0.0,0.0,0.0,0.0,0.0,0.0,0.0,0.0,0.0,0.0,0.0,0.0,0.0,0.0,0.0,0.0,0.0,0.0,0.0,0.0,0.0,0.0,0.0,0.0,0.0,0.0,0.0,0.0,0.0,0.0,0.0,0.0,0.0,0.0,0.0,0.0,0.0,0.0,0.0,0.0,0.0,0.0,0.0,0.0,0.0,0.0,0.0,0.0,0.0,0.0,0.0,0.0,0.0,0.0,0.0,0.0,0.0,0.0,0.0,0.0,0.0,0.0,0.0,0.0,0.0,0.0,0.0,0.0,0.0,0.0,0.0,0.0,0.0,0.0,0.0,0.0,0.0,0.0,0.0,0.0,0.0,0.0,0.0,0.0,0.0,0.0,0.0,0.0,0.0,0.0,0.0,0.0,0.0,0.0,0.0,0.0,0.0,0.0,0.0,0.0,0.0,0.0,0.0,0.0,0.0,0.0,0.0,0.0,0.0,0.0,0.0,0.0,0.0,0.0,0.0,0.0,0.0,0.0,0.0,0.0,0.0,0.0,0.0,0.0,0.0,0.0,0.0,0.0,0.0,0.0,0.0,0.0,0.0,0.0,0.0,0.0,0.0,0.0,0.0,0.0,0.0,0.0,0.0,0.0,0.0,0.0,0.0,0.0,0.0,0.0,0.0,0.0,0.0,0.0,0.0,0.0,0.0,0.0,0.0,0.0,0.0,0.0,0.0,0.0,0.0,0.0,0.0,0.0,0.0,0.0,0.0,0.43339854720297466,0.0,0.0,0.0,0.0,0.0,0.0,0.0,0.0,0.0,0.0,0.0,0.0,0.0,0.0,0.0,0.43339854720297466,0.43339854720297466,0.0,0.0,0.0,0.0,0.0,0.0,0.0,0.0,0.0,0.0,0.0,0.0,0.0,0.0,0.0,0.0,0.0,0.0,0.0,0.0,0.0,0.0,0.0,0.0,0.0,0.0,0.0,0.0,0.0,0.0,0.0,0.0,0.0,0.0,0.0,0.0,0.0,0.0,0.0,0.0,0.0,0.0,0.0,0.0,0.0,0.0,0.0,0.0,0.0,0.0,0.0,0.0,0.0,0.0,0.0,0.0,0.0,0.0,0.0,0.0,0.0,0.0,0.0,0.0,0.0,0.0,0.0,0.0,0.0,0.0,0.0,0.0,0.0,0.0,0.0,0.0,0.0,0.0,0.0,0.0,0.0,0.0,0.0,0.0,0.0,0.0,0.0,0.0,0.0,0.0,0.0,0.0,0.0,0.0,0.0,0.0,0.0,0.0,0.0,0.0,0.0,0.0,0.0,0.0,0.0,0.0,0.0,0.0,0.0,0.0,0.0,0.0,0.0,0.0,0.0,0.0,0.0,0.0,0.0,0.0,0.0,0.0,0.0,0.0,0.0,0.0,0.0,0.0,0.0,0.0,0.0,0.0,0.0,0.0,0.0,0.0,0.0,0.0,0.0,0.0,0.0,0.0,0.0,0.0,0.0,0.0,0.0,0.0,0.0,0.0,0.0,0.0,0.0,0.0,0.0,0.0,0.0,0.0,0.0,0.0,0.0,0.0,0.0,0.0,0.0,0.0,0.0,0.0,0.0,0.0,0.0,0.0,0.0,0.0,0.0,0.0,0.0,0.0,0.0,0.0,0.0,0.0,0.0,0.0,0.0,0.0,0.0,0.0,0.0,0.0,0.0,0.0,0.0,0.0,0.0,0.0,0.0,0.0,0.0,0.0,0.0,0.0,0.0,0.0,0.0,0.0,0.0,0.0,0.0,0.0,0.0,0.0,0.0,0.0,0.0,0.0,0.0,0.0,0.0,0.0,0.0,0.0,0.0,0.0,0.0,0.0,0.0,0.0,0.0,0.0,0.0,0.0,0.0,0.0,0.0,0.0,0.0,0.0,0.0,0.0,0.0,0.0,0.0,0.0,0.0,0.0,0.0,0.0,0.0,0.0,0.0,0.0,0.0,0.0,0.0,0.0,0.0,0.0,0.0,0.0,0.0,0.0,0.0,0.0,0.0,0.0,0.0,0.0,0.0,0.0,0.0,0.0,0.0,0.0,0.0,0.0,0.0,0.0,0.0,0.0,0.0,0.0,0.0,0.0,0.0,0.0,0.0,0.0,0.0,0.0,0.0,0.0,0.0,0.0,0.0,0.0,0.0,0.0,0.36203006731188214,0.0,0.0,0.0,0.0,0.0,0.0,0.0,0.0,0.0,0.0,0.0,0.0,0.0,0.0,0.0,0.0,0.0,0.0,0.0,0.0,0.0,0.25405372553184974,0.0,0.0,0.0,0.0,0.0,0.0,0.0,0.0,0.0,0.0,0.0,0.0,0.0,0.0,0.0,0.0,0.0,0.0,0.0,0.0,0.0,0.28183458992200056,0.0,0.0,0.0,0.0,0.0,0.0,0.0,0.0,0.0,0.0,0.0,0.0,0.0,0.0,0.0,0.0,0.0,0.0,0.0,0.0,0.0,0.0,0.0,0.0,0.0,0.0,0.4018174917497896,0.0,0.0,0.0,0.0,0.0,0.0,0.0,0.0,0.0,0.0,0.0,0.0,0.0,0.0,0.0,0.0,0.0,0.0,0.0,0.0,0.0,0.0,0.0,0.0,0.0,0.0,0.0,0.0,0.0,0.0,0.0,0.0,0.0,0.0,0.0,0.0,0.0,0.0,0.0,0.0,0.0,0.0,0.0,0.0,0.0,0.0,0.0,0.0,0.0,0.0,0.0,0.0,0.0,0.0,0.0,0.0,0.0,0.0,0.0,0.0,0.0,0.0,0.0,0.0,0.0,0.0,0.0,0.0,0.0,0.0,0.0,0.0,0.0,0.0,0.0,0.0,0.0,0.0,0.0,0.0,0.0,0.0,0.0,0.0,0.0,0.0,0.0,0.0,0.0,0.0,0.0,0.0,0.0,0.0,0.0,0.0,0.0,0.0,0.0,0.0,0.0,0.0,0.0,0.0,0.0,0.0,0.0,0.0,0.0,0.0,0.0,0.0,0.0,0.0,0.0,0.0,0.0,0.0,0.0,0.0,0.0,0.0,0.0,0.0,0.0,0.0,0.0,0.0,0.0,0.0,0.0,0.0,0.0,0.0,0.0,0.0,0.0,0.0,0.0,0.0,0.0,0.0,0.0,0.0,0.0,0.0,0.0,0.0,0.0,0.0,0.0,0.0,0.0
SD2401267,20대,너희 집은 지금 오피스텔이잖아. 그 층간 소음 좀 있는 거 같아? 나 지금 7층 사는데 딱히 층간 소음은 없는 거 같은데 좀 그 아파트에 이상한 사람은 좀 있는 거 같더라. 왜냐하면은 우리가 집에 아무도 없는 상태였는데 갑자기 밑의 집에서 올라온다 아 그 밑의 집인가 어디서 막 신고가 들어왔다는 거야. 이 이 시간이 너무 시끄러웠었다고. 그래 가지고 그게 그게 꼭 밑의 집은 아니고 밑의 층은 아니었던 거 같은데 그런 사람이 좀 있어서 좀 뭐지 좀 조심해야겠다 이런 적은 있었어. 이런 적이 있어. 그리고 너는 지금 자취를 그 1곳에서만 했던 거야 이사 없이? 나도 지금 누나랑 같이 살라고 하면은 절대 못 살 거 같아. 누나랑 진짜 맞는 게 하나도 없단 말이야. 누나도 막 나도 새벽에 전화하면은 누나가 뭐라 하고. 어떨 때 누나가 새벽에 게임하면 또 나한테 이제 내가 이제 스트레스받고. 그래서 이제 만약에 내가 너처럼 그러니까 형제 같이 살라고 하면은 나는 못 살 거 같아. 그리고 그리고 그 이사를 좀 많이 다녔었는데 이사 다닐 때마다 이제 방이 있긴 한데 이게 크기가 이제 큰방 작은방이 있었단 말이야. 그래 가지고 누가 큰방 쓸 거냐 이런 거 때문에 또 엄청 싸운 적 싸웠었고 싸웠었던 거 같아. 그러면 본가도 그러면 지금 살던 데 쭉 계속 살고 있었던 거야 어릴 때부터? 나는 이제 어릴 때부터 정말 많이 다녔었는데 초등학교랑 중학교 때까지는 그래도 한동네 내에서 왔다 갔다 했던 거여서 좀 이제 이사하느라 좀 귀찮고 막 집 바뀌는 게 좀 불편 적응이 안 되 초반에 적응이 안 되는 게 있긴 했어도 이 친구들이랑 멀어진다 이런 거 없어서 괜찮았는데 중학교 3학년에서 이제 고등학교 때 한번 아예 학 그 학 우리 지금 다니는 학교 쪽으로 이사를 왔었단 말이야. 근데 그때 정말 좀 좋았던 친구들인데 완전 멀어지니까 그때 쪼끔 이제 스트레스를 받았었던 경험이 있고. 그래서 또 그래 가지고 이제 고등학교 1학년 때에서부터 2학년 때 또 이사를 가야 되는 상황이 된 거야. 근데 그래서 원래 다니던 고등학교 쪽으로 가려 했었는데 그러진 않고 이제 다시 원래 동네로 돌아갔었던 적이 있어. 나도 그런 전원주택에서 사는 꿈 같은 게 있었던 거 같아. 그 내가 직접 집을 만들고 아 설계해서 막 비밀 공간이나 아 이제 정말 큰 목욕탕이나 아니면 음 어떤 작업실 뭐 이런 걸 만들어 두고 싶다는 생각이 있었어. 만들고 싶다는. 그리 너 근데 지금 자취하고 있잖아. 그러면 그 가전제품 같은 거는 뭐 뭐 있어? 어 이러면 안 되는데. 나는 이제 본가에 살잖아. 어 집안일을 거의 다 안 하고 엄마가 하고 있어. 그러니까 설거지만 이제 내가 먹은 거 설거지하고 이제 그리고 옷 옷이나 분리수거 이런 거는 엄마 아빠가 거의 다 하는 거 같아. 그 자취하면서 이런 설거지나 분리수거 때문에 막 오빠랑 막 싸우거나 그러진 않아? 난 지금 너무 자취를 하고 싶어. 왜냐하면은 일단 난 이제 혼자가 편하단 말이야. 그래 가지고 이제 나만의 일상생활 패턴이 있는데 어쨌든 가족이랑 살면은 아무리 가족이라도 쪼금 지켜야 되는 게 있으니까 그런 게 이제 좀 나한테는 너무 좀 힘들고 내가 하고 싶은 것도 너무 제한이 되는 거 같아서 학교 근처에서 자취하고 싶다는 생각은 있는데 이게 자취도 어쨌든 돈이 많이 깨지니까 쉽사리 하진 못 하고 있고. 음 아마 군대 갔다 와서 자취를 할 수 있으면 하지 않을까 이런 생각이 있어. 음 너는 음 너희 집 인테리어는 혹시 어떻게 돼 있어? 음 우리 집은 이번에 새로 지은 아파트여 가지고 그냥 전체적으로 완전 깔끔한 느낌으로 지금 돼 있는데 이게 아파 이제 방 청소를 쪼끔만 안 해도 이제 옷가 방이 좀 좁아 가지고 옷도 막 의자 위에 올라가 있고 침대 위에 뭉쳐져 있고. 그래 가지고 인테리어는 깔끔한데 방 정리는 되게 안 돼 있는 거 같아. 그리고 또 새로 지은 아파트라 했잖아. 이게 요즘에 새로 지어서 그런가. 아파트가 되게 개성이 넘치더라고. 건물도 막 다 이 모습이 막 다르고. 막 저게 아파트 건물이야 이런 것도 있고. 그리고 처음에 이사 왔을 때 첫날인데 집을 못 찾겠는 거야. 왜냐하면은 보통 아파트 단지가 뭐 몇 호부터 몇 호 1에서 3 3에서 5 이렇게 순서대로 있는데 거기는 막 1에서 3이랑 17에서 19 이렇게 붙어 있고. 막 이상하게 다 붙어 있는 거야. 그래 가지고 처음 이사 갔을 때 그 아파트 단지 안에서 길 잃어 가지고 한 20분 30분 정도 헤맸던 기억이 있어. 너는 만약에 이제 앞으로 회사 다니고 할 거면은 하면은 혼자 살게 되면은 서울에서 계속 살고 싶어? 아니면은 대구? 이게 새로 지은 아파트여 가지고 이게 헬스장이나 도서관 뭐 어린이집 이런 게 입주된다는 얘기만 있고 아직은 인프라가 갖춰지진 못한 거 같아. 그래서 헬스장도 아마 생긴다곤 하는데 어 언제 생길진 잘 모르겠고. 그 아파트 단지 내에 도서관은 지금도 운영하고 있고. 그거 말고도 뭔가 주민들 휴식 공간이라고 하면서 건물이 몇 개 있더라고. 거기서 막 좀 차 같은 거 마시고 막 떠들면서 있는 아줌마들도 있고. 그 빈백 빈백도 있잖아. 그런 것도 아파트 단지 내에 몇 개 깔아둔 거야. 그래 가지고 거기서 좀 누워서 막 떠드는 사람들도 보고 이런 시설이 좀 있었어.,0.014965986394557823,0.02857142857142857,0.013605442176870748,0.0013605442176870747,0.005442176870748299,0.0027210884353741495,0.0027210884353741495,0.02312925170068027,0.0326530612244898,0.02040816326530612,0.004081632653061225,0.0163265306122449,0.0013605442176870747,0.005442176870748299,0.013605442176870748,0.0027210884353741495,0.004081632653061225,0.004081632653061225,0.024489795918367346,0.021768707482993196,0.0013605442176870747,0.0013605442176870747,0.005442176870748299,0.006802721088435374,0.0013605442176870747,0.004081632653061225,0.02040816326530612,0.0013605442176870747,0.0013605442176870747,0.009523809523809525,0.04353741496598639,0.0013605442176870747,0.005442176870748299,0.0013605442176870747,0.010884353741496598,0.005442176870748299,0.0013605442176870747,0.0027210884353741495,0.012244897959183673,0.0013605442176870747,0.0013605442176870747,0.006802721088435374,0.004081632653061225,0.0027210884353741495,0.027210884353741496,0.009523809523809525,0.010884353741496598,0.0013605442176870747,0.006802721088435374,0.024489795918367346,0.010884353741496598,0.0013605442176870747,0.006802721088435374,0.0027210884353741495,0.0013605442176870747,0.005442176870748299,0.0013605442176870747,0.0013605442176870747,0.0013605442176870747,0.006802721088435374,0.0013605442176870747,0.0027210884353741495,0.0013605442176870747,0.0027210884353741495,0.013605442176870748,0.0013605442176870747,0.006802721088435374,0.0013605442176870747,0.02857142857142857,0.0027210884353741495,0.0027210884353741495,0.0027210884353741495,0.005442176870748299,0.0013605442176870747,0.00816326530612245,0.004081632653061225,0.00816326530612245,0.0013605442176870747,0.005442176870748299,0.0027210884353741495,0.0013605442176870747,0.0013605442176870747,0.0027210884353741495,0.0013605442176870747,0.0013605442176870747,0.0013605442176870747,0.005442176870748299,0.0013605442176870747,0.005442176870748299,0.0027210884353741495,0.0013605442176870747,0.0027210884353741495,0.0027210884353741495,0.005442176870748299,0.004081632653061225,0.0013605442176870747,0.0027210884353741495,0.0013605442176870747,0.0013605442176870747,0.0013605442176870747,0.005442176870748299,0.004081632653061225,0.0013605442176870747,0.0013605442176870747,0.0013605442176870747,0.0027210884353741495,0.009523809523809525,0.014965986394557823,0.0013605442176870747,0.0013605442176870747,0.0013605442176870747,0.0027210884353741495,0.0013605442176870747,0.004081632653061225,0.0013605442176870747,0.004081632653061225,0.0013605442176870747,0.0013605442176870747,0.0027210884353741495,0.0027210884353741495,0.0027210884353741495,0.0013605442176870747,0.0013605442176870747,0.0027210884353741495,0.0027210884353741495,0.0013605442176870747,0.0027210884353741495,0.0013605442176870747,0.0027210884353741495,0.0013605442176870747,0.0013605442176870747,0.0013605442176870747,0.0013605442176870747,0.0013605442176870747,0.0013605442176870747,0.0013605442176870747,0.005442176870748299,0.004081632653061225,0.0013605442176870747,0.0013605442176870747,0.0027210884353741495,0.0027210884353741495,0.0013605442176870747,0.0013605442176870747,0.0013605442176870747,0.004081632653061225,0.0013605442176870747,0.0013605442176870747,0.004081632653061225,0.0013605442176870747,0.0027210884353741495,0.005442176870748299,0.0027210884353741495,0.004081632653061225,0.0013605442176870747,0.005442176870748299,0.0027210884353741495,0.0013605442176870747,0.0013605442176870747,0.0013605442176870747,0.0013605442176870747,0.0027210884353741495,0.0013605442176870747,0.0013605442176870747,0.0013605442176870747,0.0013605442176870747,0.0013605442176870747,0.0027210884353741495,0.0027210884353741495,0.0013605442176870747,0.0013605442176870747,0.0013605442176870747,0.0013605442176870747,0.0013605442176870747,0.0013605442176870747,0.0013605442176870747,0.0013605442176870747,0.0013605442176870747,0.0013605442176870747,0.0013605442176870747,0.0027210884353741495,0.0013605442176870747,0.0027210884353741495,0.0013605442176870747,0.0013605442176870747,0.005442176870748299,0.005442176870748299,0.005442176870748299,0.0013605442176870747,0.0013605442176870747,0.0013605442176870747,0.0013605442176870747,0.0013605442176870747,0.0013605442176870747,0.0013605442176870747,0.0027210884353741495,0.0013605442176870747,0.0013605442176870747,0.0013605442176870747,0.0013605442176870747,0.0027210884353741495,0.0013605442176870747,0.0013605442176870747,0.0013605442176870747,0.004081632653061225,0.0013605442176870747,0.0013605442176870747,0.0013605442176870747,0.0013605442176870747,0.0027210884353741495,0.0013605442176870747,0.0013605442176870747,0.0013605442176870747,0.005442176870748299,0.0027210884353741495,0.0013605442176870747,0.0013605442176870747,0.0027210884353741495,0.0013605442176870747,0.0013605442176870747,0.0013605442176870747,0.0013605442176870747,0.0013605442176870747,0.0013605442176870747,0.0013605442176870747,0.0013605442176870747,0.0013605442176870747,0.0013605442176870747,0.0027210884353741495,0.0027210884353741495,0.0013605442176870747,0.0013605442176870747,0.0013605442176870747,0.0013605442176870747,0.0013605442176870747,0.0013605442176870747,0.0013605442176870747,0.0013605442176870747,0.0027210884353741495,0.0013605442176870747,0.0013605442176870747,0.0013605442176870747,0.0013605442176870747,0.0013605442176870747,0.0013605442176870747,0.0013605442176870747,0.0013605442176870747,0.0013605442176870747,0.0013605442176870747,0.0013605442176870747,0.0027210884353741495,0.0013605442176870747,0.0013605442176870747,0.0013605442176870747,0.0013605442176870747,0.0013605442176870747,0.0013605442176870747,0.0013605442176870747,0.0,0.0,0.0,0.0,0.0,0.0,0.0,0.0,0.0,0.0,0.0,0.0,0.0,0.0,0.0,0.0,0.0,0.0,0.0,0.0,0.0,0.0,0.0,0.0,0.0,0.0,0.0,0.0,0.0,0.0,0.0,0.0,0.0,0.0,0.0,0.0,0.0,0.0,0.0,0.0,0.0,0.0,0.0,0.0,0.0,0.0,0.0,0.0,0.0,0.0,0.0,0.0,0.0,0.0,0.0,0.0,0.0,0.0,0.0,0.0,0.0,0.0,0.0,0.0,0.0,0.0,0.0,0.0,0.0,0.0,0.0,0.0,0.0,0.0,0.0,0.0,0.0,0.0,0.0,0.0,0.0,0.0,0.0,0.0,0.0,0.0,0.0,0.0,0.0,0.0,0.0,0.0,0.0,0.0,0.0,0.0,0.0,0.0,0.0,0.0,0.0,0.0,0.0,0.0,0.0,0.0,0.0,0.0,0.0,0.0,0.0,0.0,0.0,0.0,0.0,0.0,0.0,0.0,0.0,0.0,0.0,0.0,0.0,0.0,0.0,0.0,0.0,0.0,0.0,0.0,0.0,0.0,0.0,0.0,0.0,0.0,0.0,0.0,0.0,0.0,0.0,0.0,0.0,0.0,0.0,0.0,0.0,0.0,0.0,0.0,0.0,0.0,0.0,0.0,0.0,0.0,0.0,0.0,0.0,0.0,0.0,0.0,0.0,0.0,0.0,0.0,0.0,0.0,0.0,0.0,0.0,0.0,0.0,0.0,0.0,0.0,0.0,0.0,0.0,0.0,0.0,0.0,0.0,0.0,0.0,0.0,0.0,0.0,0.0,0.0,0.0,0.0,0.0,0.0,0.0,0.0,0.0,0.0,0.0,0.0,0.0,0.0,0.0,0.0,0.0,0.0,0.0,0.0,0.0,0.0,0.0,0.0,0.0,0.0,0.0,0.0,0.0,0.0,0.0,0.0,0.0,0.0,0.0,0.0,0.0,0.0,0.0,0.0,0.0,0.0,0.0,0.0,0.0,0.283844384525509,0.0,0.310007798631291,0.0,0.0,0.0,0.0,0.0,0.0,0.0,0.0,0.0,0.0,0.0,0.0,0.0,0.0,0.0,0.0,0.0,0.0,0.0,0.0,0.0,0.0,0.0,0.0,0.0,0.0,0.0,0.0,0.0,0.0,0.0,0.0,0.0,0.0,0.0,0.0,0.0,0.0,0.0,0.0,0.0,0.0,0.0,0.0,0.0,0.0,0.0,0.0,0.0,0.0,0.0,0.0,0.0,0.0,0.0,0.0,0.0,0.0,0.0,0.0,0.0,0.0,0.29856756596999084,0.0,0.0,0.0,0.0,0.0,0.0,0.0,0.0,0.0,0.0,0.0,0.0,0.0,0.0,0.0,0.0,0.0,0.0,0.0,0.0,0.0,0.0,0.0,0.0,0.0,0.0,0.0,0.3982199070623504,0.0,0.0,0.0,0.0,0.0,0.0,0.0,0.0,0.0,0.0,0.0,0.0,0.0,0.0,0.0,0.0,0.0,0.0,0.0,0.0,0.0,0.0,0.0,0.0,0.0,0.0,0.0,0.0,0.0,0.0,0.0,0.0,0.0,0.0,0.0,0.0,0.0,0.0,0.0,0.0,0.0,0.0,0.0,0.0,0.0,0.0,0.0,0.0,0.0,0.0,0.0,0.0,0.0,0.0,0.0,0.0,0.0,0.0,0.0,0.0,0.0,0.0,0.0,0.0,0.0,0.0,0.0,0.0,0.0,0.0,0.0,0.0,0.0,0.0,0.0,0.0,0.0,0.0,0.0,0.0,0.0,0.0,0.0,0.0,0.0,0.0,0.0,0.0,0.0,0.0,0.0,0.0,0.0,0.0,0.0,0.0,0.0,0.0,0.0,0.0,0.0,0.0,0.0,0.0,0.0,0.0,0.0,0.0,0.0,0.0,0.0,0.0,0.0,0.0,0.0,0.0,0.0,0.0,0.0,0.0,0.0,0.0,0.0,0.0,0.0,0.0,0.0,0.0,0.0,0.0,0.0,0.0,0.0,0.0,0.0,0.0,0.0,0.0,0.0,0.0,0.0,0.0,0.0,0.0,0.0,0.0,0.0,0.0,0.0,0.0,0.0,0.0,0.0,0.0,0.0,0.0,0.0,0.0,0.0,0.0,0.0,0.0,0.0,0.0,0.0,0.0,0.0,0.0,0.0,0.0,0.0,0.0,0.0,0.0,0.0,0.0,0.0,0.0,0.0,0.0,0.0,0.0,0.0,0.0,0.0,0.0,0.0,0.0,0.0,0.0,0.0,0.0,0.0,0.4173376148442321,0.0,0.0,0.0,0.0,0.0,0.0,0.0,0.0,0.0,0.0,0.0,0.0,0.0,0.0,0.0,0.0,0.0,0.0,0.0,0.0,0.0,0.0,0.0,0.0,0.0,0.0,0.0,0.0,0.0,0.0,0.0,0.0,0.0,0.0,0.0,0.0,0.0,0.0,0.0,0.0,0.0,0.0,0.0,0.0,0.0,0.0,0.0,0.0,0.0,0.0,0.0,0.0,0.0,0.0,0.0,0.0,0.0,0.0,0.0,0.0,0.0,0.0,0.0,0.0,0.0,0.0,0.0,0.0,0.0,0.0,0.0,0.0,0.0,0.0,0.0,0.0,0.0,0.0,0.0,0.0,0.0,0.0,0.0,0.0,0.0,0.0,0.0,0.0,0.0,0.0,0.0,0.0,0.0,0.0,0.0,0.0,0.0,0.0,0.0,0.0,0.0,0.0,0.0,0.0,0.0,0.0,0.0,0.0,0.0,0.0,0.0,0.0,0.0,0.0,0.0,0.0,0.0,0.0,0.0,0.0,0.0,0.0,0.0,0.0,0.0,0.0,0.0,0.0,0.0,0.0,0.0,0.0,0.0,0.0,0.0,0.0,0.0,0.0,0.0,0.0,0.0,0.0,0.0,0.0,0.0,0.0,0.0,0.0,0.0,0.0,0.0,0.0,0.0,0.0,0.0,0.0,0.0,0.0,0.0,0.0,0.0,0.0,0.0,0.0,0.0,0.0,0.0,0.0,0.0,0.0,0.0,0.0,0.0,0.0,0.0,0.0,0.0,0.0,0.0,0.0,0.0,0.0,0.0,0.0,0.0,0.0,0.0,0.0,0.0,0.0,0.0,0.0,0.0,0.0,0.0,0.0,0.0,0.0,0.0,0.0,0.0,0.0,0.0,0.0,0.0,0.0,0.0,0.0,0.0,0.0,0.0,0.0,0.0,0.0,0.0,0.0,0.0,0.0,0.0,0.0,0.0,0.0,0.0,0.0,0.4173376148442321,0.0,0.0,0.0,0.0,0.0,0.0,0.0,0.0,0.0,0.0,0.0,0.0,0.0,0.0,0.0,0.0,0.0,0.0,0.0,0.0,0.0,0.0,0.0,0.0,0.0,0.0,0.4767226392813527,0.0,0.0,0.0,0.0,0.0,0.0,0.0,0.0,0.0,0.0,0.0,0.0,0.0,0.0,0.0,0.0,0.0,0.0,0.0,0.0,0.0,0.0,0.0,0.0,0.0,0.0,0.0,0.0,0.0,0.0,0.0,0.0,0.0,0.0,0.0,0.0,0.0,0.0,0.0,0.0,0.0,0.0,0.0,0.0,0.0,0.0,0.0,0.0,0.0,0.0,0.0,0.0,0.0,0.0,0.0,0.0,0.0,0.0,0.0,0.0,0.0,0.0,0.0,0.0,0.0,0.0,0.0,0.0,0.0,0.0,0.0,0.0,0.0,0.0,0.0,0.0,0.0,0.0,0.0,0.0,0.0,0.0,0.0,0.0,0.0,0.0,0.0,0.0,0.0,0.0,0.0,0.0,0.0,0.0,0.0,0.0,0.0,0.0,0.0,0.0,0.0,0.0,0.0,0.0,0.0,0.0,0.0,0.0,0.0,0.0,0.0,0.0,0.0,0.0,0.0,0.0,0.0,0.0,0.0,0.0,0.0,0.0,0.0,0.0,0.0,0.0,0.0,0.0,0.0,0.0,0.0,0.0,0.0,0.0,0.0,0.0,0.0,0.0,0.0,0.0,0.0,0.0,0.0,0.0,0.0,0.0,0.0,0.0,0.0
SD2401267,20대,너희 집은 지금 오피스텔이잖아. 그 층간 소음 좀 있는 거 같아? 나 지금 7층 사는데 딱히 층간 소음은 없는 거 같은데 좀 그 아파트에 이상한 사람은 좀 있는 거 같더라. 왜냐하면은 우리가 집에 아무도 없는 상태였는데 갑자기 밑의 집에서 올라온다 아 그 밑의 집인가 어디서 막 신고가 들어왔다는 거야. 이 이 시간이 너무 시끄러웠었다고. 그래 가지고 그게 그게 꼭 밑의 집은 아니고 밑의 층은 아니었던 거 같은데 그런 사람이 좀 있어서 좀 뭐지 좀 조심해야겠다 이런 적은 있었어. 이런 적이 있어. 그리고 너는 지금 자취를 그 1곳에서만 했던 거야 이사 없이? 나도 지금 누나랑 같이 살라고 하면은 절대 못 살 거 같아. 누나랑 진짜 맞는 게 하나도 없단 말이야. 누나도 막 나도 새벽에 전화하면은 누나가 뭐라 하고. 어떨 때 누나가 새벽에 게임하면 또 나한테 이제 내가 이제 스트레스받고. 그래서 이제 만약에 내가 너처럼 그러니까 형제 같이 살라고 하면은 나는 못 살 거 같아. 그리고 그리고 그 이사를 좀 많이 다녔었는데 이사 다닐 때마다 이제 방이 있긴 한데 이게 크기가 이제 큰방 작은방이 있었단 말이야. 그래 가지고 누가 큰방 쓸 거냐 이런 거 때문에 또 엄청 싸운 적 싸웠었고 싸웠었던 거 같아. 그러면 본가도 그러면 지금 살던 데 쭉 계속 살고 있었던 거야 어릴 때부터? 나는 이제 어릴 때부터 정말 많이 다녔었는데 초등학교랑 중학교 때까지는 그래도 한동네 내에서 왔다 갔다 했던 거여서 좀 이제 이사하느라 좀 귀찮고 막 집 바뀌는 게 좀 불편 적응이 안 되 초반에 적응이 안 되는 게 있긴 했어도 이 친구들이랑 멀어진다 이런 거 없어서 괜찮았는데 중학교 3학년에서 이제 고등학교 때 한번 아예 학 그 학 우리 지금 다니는 학교 쪽으로 이사를 왔었단 말이야. 근데 그때 정말 좀 좋았던 친구들인데 완전 멀어지니까 그때 쪼끔 이제 스트레스를 받았었던 경험이 있고. 그래서 또 그래 가지고 이제 고등학교 1학년 때에서부터 2학년 때 또 이사를 가야 되는 상황이 된 거야. 근데 그래서 원래 다니던 고등학교 쪽으로 가려 했었는데 그러진 않고 이제 다시 원래 동네로 돌아갔었던 적이 있어. 나도 그런 전원주택에서 사는 꿈 같은 게 있었던 거 같아. 그 내가 직접 집을 만들고 아 설계해서 막 비밀 공간이나 아 이제 정말 큰 목욕탕이나 아니면 음 어떤 작업실 뭐 이런 걸 만들어 두고 싶다는 생각이 있었어. 만들고 싶다는. 그리 너 근데 지금 자취하고 있잖아. 그러면 그 가전제품 같은 거는 뭐 뭐 있어? 어 이러면 안 되는데. 나는 이제 본가에 살잖아. 어 집안일을 거의 다 안 하고 엄마가 하고 있어. 그러니까 설거지만 이제 내가 먹은 거 설거지하고 이제 그리고 옷 옷이나 분리수거 이런 거는 엄마 아빠가 거의 다 하는 거 같아. 그 자취하면서 이런 설거지나 분리수거 때문에 막 오빠랑 막 싸우거나 그러진 않아? 난 지금 너무 자취를 하고 싶어. 왜냐하면은 일단 난 이제 혼자가 편하단 말이야. 그래 가지고 이제 나만의 일상생활 패턴이 있는데 어쨌든 가족이랑 살면은 아무리 가족이라도 쪼금 지켜야 되는 게 있으니까 그런 게 이제 좀 나한테는 너무 좀 힘들고 내가 하고 싶은 것도 너무 제한이 되는 거 같아서 학교 근처에서 자취하고 싶다는 생각은 있는데 이게 자취도 어쨌든 돈이 많이 깨지니까 쉽사리 하진 못 하고 있고. 음 아마 군대 갔다 와서 자취를 할 수 있으면 하지 않을까 이런 생각이 있어. 음 너는 음 너희 집 인테리어는 혹시 어떻게 돼 있어? 음 우리 집은 이번에 새로 지은 아파트여 가지고 그냥 전체적으로 완전 깔끔한 느낌으로 지금 돼 있는데 이게 아파 이제 방 청소를 쪼끔만 안 해도 이제 옷가 방이 좀 좁아 가지고 옷도 막 의자 위에 올라가 있고 침대 위에 뭉쳐져 있고. 그래 가지고 인테리어는 깔끔한데 방 정리는 되게 안 돼 있는 거 같아. 그리고 또 새로 지은 아파트라 했잖아. 이게 요즘에 새로 지어서 그런가. 아파트가 되게 개성이 넘치더라고. 건물도 막 다 이 모습이 막 다르고. 막 저게 아파트 건물이야 이런 것도 있고. 그리고 처음에 이사 왔을 때 첫날인데 집을 못 찾겠는 거야. 왜냐하면은 보통 아파트 단지가 뭐 몇 호부터 몇 호 1에서 3 3에서 5 이렇게 순서대로 있는데 거기는 막 1에서 3이랑 17에서 19 이렇게 붙어 있고. 막 이상하게 다 붙어 있는 거야. 그래 가지고 처음 이사 갔을 때 그 아파트 단지 안에서 길 잃어 가지고 한 20분 30분 정도 헤맸던 기억이 있어. 너는 만약에 이제 앞으로 회사 다니고 할 거면은 하면은 혼자 살게 되면은 서울에서 계속 살고 싶어? 아니면은 대구? 이게 새로 지은 아파트여 가지고 이게 헬스장이나 도서관 뭐 어린이집 이런 게 입주된다는 얘기만 있고 아직은 인프라가 갖춰지진 못한 거 같아. 그래서 헬스장도 아마 생긴다곤 하는데 어 언제 생길진 잘 모르겠고. 그 아파트 단지 내에 도서관은 지금도 운영하고 있고. 그거 말고도 뭔가 주민들 휴식 공간이라고 하면서 건물이 몇 개 있더라고. 거기서 막 좀 차 같은 거 마시고 막 떠들면서 있는 아줌마들도 있고. 그 빈백 빈백도 있잖아. 그런 것도 아파트 단지 내에 몇 개 깔아둔 거야. 그래 가지고 거기서 좀 누워서 막 떠드는 사람들도 보고 이런 시설이 좀 있었어.,0.014965986394557823,0.02857142857142857,0.013605442176870748,0.0013605442176870747,0.005442176870748299,0.0027210884353741495,0.0027210884353741495,0.02312925170068027,0.0326530612244898,0.02040816326530612,0.004081632653061225,0.0163265306122449,0.0013605442176870747,0.005442176870748299,0.013605442176870748,0.0027210884353741495,0.004081632653061225,0.004081632653061225,0.024489795918367346,0.021768707482993196,0.0013605442176870747,0.0013605442176870747,0.005442176870748299,0.006802721088435374,0.0013605442176870747,0.004081632653061225,0.02040816326530612,0.0013605442176870747,0.0013605442176870747,0.009523809523809525,0.04353741496598639,0.0013605442176870747,0.005442176870748299,0.0013605442176870747,0.010884353741496598,0.005442176870748299,0.0013605442176870747,0.0027210884353741495,0.012244897959183673,0.0013605442176870747,0.0013605442176870747,0.006802721088435374,0.004081632653061225,0.0027210884353741495,0.027210884353741496,0.009523809523809525,0.010884353741496598,0.0013605442176870747,0.006802721088435374,0.024489795918367346,0.010884353741496598,0.0013605442176870747,0.006802721088435374,0.0027210884353741495,0.0013605442176870747,0.005442176870748299,0.0013605442176870747,0.0013605442176870747,0.0013605442176870747,0.006802721088435374,0.0013605442176870747,0.0027210884353741495,0.0013605442176870747,0.0027210884353741495,0.013605442176870748,0.0013605442176870747,0.006802721088435374,0.0013605442176870747,0.02857142857142857,0.0027210884353741495,0.0027210884353741495,0.0027210884353741495,0.005442176870748299,0.0013605442176870747,0.00816326530612245,0.004081632653061225,0.00816326530612245,0.0013605442176870747,0.005442176870748299,0.0027210884353741495,0.0013605442176870747,0.0013605442176870747,0.0027210884353741495,0.0013605442176870747,0.0013605442176870747,0.0013605442176870747,0.005442176870748299,0.0013605442176870747,0.005442176870748299,0.0027210884353741495,0.0013605442176870747,0.0027210884353741495,0.0027210884353741495,0.005442176870748299,0.004081632653061225,0.0013605442176870747,0.0027210884353741495,0.0013605442176870747,0.0013605442176870747,0.0013605442176870747,0.005442176870748299,0.004081632653061225,0.0013605442176870747,0.0013605442176870747,0.0013605442176870747,0.0027210884353741495,0.009523809523809525,0.014965986394557823,0.0013605442176870747,0.0013605442176870747,0.0013605442176870747,0.0027210884353741495,0.0013605442176870747,0.004081632653061225,0.0013605442176870747,0.004081632653061225,0.0013605442176870747,0.0013605442176870747,0.0027210884353741495,0.0027210884353741495,0.0027210884353741495,0.0013605442176870747,0.0013605442176870747,0.0027210884353741495,0.0027210884353741495,0.0013605442176870747,0.0027210884353741495,0.0013605442176870747,0.0027210884353741495,0.0013605442176870747,0.0013605442176870747,0.0013605442176870747,0.0013605442176870747,0.0013605442176870747,0.0013605442176870747,0.0013605442176870747,0.005442176870748299,0.004081632653061225,0.0013605442176870747,0.0013605442176870747,0.0027210884353741495,0.0027210884353741495,0.0013605442176870747,0.0013605442176870747,0.0013605442176870747,0.004081632653061225,0.0013605442176870747,0.0013605442176870747,0.004081632653061225,0.0013605442176870747,0.0027210884353741495,0.005442176870748299,0.0027210884353741495,0.004081632653061225,0.0013605442176870747,0.005442176870748299,0.0027210884353741495,0.0013605442176870747,0.0013605442176870747,0.0013605442176870747,0.0013605442176870747,0.0027210884353741495,0.0013605442176870747,0.0013605442176870747,0.0013605442176870747,0.0013605442176870747,0.0013605442176870747,0.0027210884353741495,0.0027210884353741495,0.0013605442176870747,0.0013605442176870747,0.0013605442176870747,0.0013605442176870747,0.0013605442176870747,0.0013605442176870747,0.0013605442176870747,0.0013605442176870747,0.0013605442176870747,0.0013605442176870747,0.0013605442176870747,0.0027210884353741495,0.0013605442176870747,0.0027210884353741495,0.0013605442176870747,0.0013605442176870747,0.005442176870748299,0.005442176870748299,0.005442176870748299,0.0013605442176870747,0.0013605442176870747,0.0013605442176870747,0.0013605442176870747,0.0013605442176870747,0.0013605442176870747,0.0013605442176870747,0.0027210884353741495,0.0013605442176870747,0.0013605442176870747,0.0013605442176870747,0.0013605442176870747,0.0027210884353741495,0.0013605442176870747,0.0013605442176870747,0.0013605442176870747,0.004081632653061225,0.0013605442176870747,0.0013605442176870747,0.0013605442176870747,0.0013605442176870747,0.0027210884353741495,0.0013605442176870747,0.0013605442176870747,0.0013605442176870747,0.005442176870748299,0.0027210884353741495,0.0013605442176870747,0.0013605442176870747,0.0027210884353741495,0.0013605442176870747,0.0013605442176870747,0.0013605442176870747,0.0013605442176870747,0.0013605442176870747,0.0013605442176870747,0.0013605442176870747,0.0013605442176870747,0.0013605442176870747,0.0013605442176870747,0.0027210884353741495,0.0027210884353741495,0.0013605442176870747,0.0013605442176870747,0.0013605442176870747,0.0013605442176870747,0.0013605442176870747,0.0013605442176870747,0.0013605442176870747,0.0013605442176870747,0.0027210884353741495,0.0013605442176870747,0.0013605442176870747,0.0013605442176870747,0.0013605442176870747,0.0013605442176870747,0.0013605442176870747,0.0013605442176870747,0.0013605442176870747,0.0013605442176870747,0.0013605442176870747,0.0013605442176870747,0.0027210884353741495,0.0013605442176870747,0.0013605442176870747,0.0013605442176870747,0.0013605442176870747,0.0013605442176870747,0.0013605442176870747,0.0013605442176870747,0.0,0.0,0.0,0.0,0.0,0.0,0.0,0.0,0.0,0.0,0.0,0.0,0.0,0.0,0.0,0.0,0.0,0.0,0.0,0.0,0.0,0.0,0.0,0.0,0.0,0.0,0.0,0.0,0.0,0.0,0.0,0.0,0.0,0.0,0.0,0.0,0.0,0.0,0.0,0.0,0.0,0.0,0.0,0.0,0.0,0.0,0.0,0.0,0.0,0.0,0.0,0.0,0.0,0.0,0.0,0.0,0.0,0.0,0.0,0.0,0.0,0.0,0.0,0.0,0.0,0.0,0.0,0.0,0.0,0.0,0.0,0.0,0.0,0.0,0.0,0.0,0.0,0.0,0.0,0.0,0.0,0.0,0.0,0.0,0.0,0.0,0.0,0.0,0.0,0.0,0.0,0.0,0.0,0.0,0.0,0.0,0.0,0.0,0.0,0.0,0.0,0.0,0.0,0.0,0.0,0.0,0.0,0.0,0.0,0.0,0.0,0.0,0.0,0.0,0.0,0.0,0.0,0.0,0.0,0.0,0.0,0.0,0.0,0.0,0.0,0.0,0.0,0.0,0.0,0.0,0.0,0.0,0.0,0.0,0.0,0.0,0.0,0.0,0.0,0.0,0.0,0.0,0.0,0.0,0.0,0.0,0.0,0.0,0.0,0.0,0.0,0.0,0.0,0.0,0.0,0.0,0.0,0.0,0.0,0.0,0.0,0.0,0.0,0.0,0.0,0.0,0.0,0.0,0.0,0.0,0.0,0.0,0.0,0.0,0.0,0.0,0.0,0.0,0.0,0.0,0.0,0.0,0.0,0.0,0.0,0.0,0.0,0.0,0.0,0.0,0.0,0.0,0.0,0.0,0.0,0.0,0.0,0.0,0.0,0.0,0.0,0.0,0.0,0.0,0.0,0.0,0.0,0.0,0.0,0.0,0.0,0.0,0.0,0.0,0.0,0.0,0.0,0.0,0.0,0.0,0.0,0.0,0.0,0.0,0.0,0.0,0.0,0.0,0.0,0.0,0.0,0.0,0.0,0.0,0.0,0.0,0.0,0.0,0.0,0.0,0.0,0.0,0.0,0.0,0.0,0.0,0.0,0.0,0.0,0.0,0.0,0.0,0.0,0.0,0.0,0.0,0.0,0.0,0.0,0.0,0.0,0.0,0.0,0.0,0.0,0.0,0.0,0.0,0.0,0.0,0.0,0.0,0.0,0.0,0.0,0.0,0.0,0.0,0.0,0.0,0.0,0.0,0.0,0.0,0.0,0.0,0.0,0.0,0.0,0.0,0.0,0.0,0.0,0.0,0.0,0.0,0.0,0.0,0.0,0.0,0.0,0.0,0.0,0.0,0.0,0.0,0.0,0.0,0.0,0.0,0.0,0.0,0.0,0.0,0.0,0.0,0.0,0.0,0.0,0.0,0.0,0.0,0.0,0.0,0.0,0.0,0.0,0.0,0.0,0.0,0.0,0.0,0.0,0.0,0.0,0.3496937729243672,0.0,0.0,0.0,0.0,0.0,0.0,0.0,0.0,0.0,0.0,0.0,0.0,0.0,0.0,0.0,0.0,0.0,0.0,0.0,0.0,0.0,0.0,0.0,0.0,0.0,0.0,0.0,0.0,0.0,0.0,0.0,0.0,0.0,0.0,0.0,0.0,0.0,0.0,0.0,0.0,0.0,0.0,0.0,0.0,0.0,0.0,0.0,0.0,0.0,0.0,0.0,0.0,0.0,0.0,0.0,0.0,0.0,0.0,0.0,0.0,0.0,0.0,0.0,0.0,0.0,0.0,0.0,0.0,0.0,0.0,0.0,0.0,0.0,0.0,0.0,0.0,0.0,0.0,0.0,0.0,0.0,0.0,0.0,0.0,0.0,0.0,0.0,0.0,0.0,0.0,0.0,0.0,0.0,0.0,0.0,0.0,0.0,0.0,0.0,0.0,0.0,0.0,0.0,0.0,0.0,0.0,0.0,0.45614923278019265,0.0,0.0,0.0,0.0,0.0,0.0,0.0,0.0,0.0,0.0,0.0,0.0,0.0,0.0,0.0,0.0,0.0,0.0,0.0,0.0,0.0,0.0,0.0,0.0,0.0,0.0,0.0,0.0,0.0,0.0,0.0,0.0,0.0,0.0,0.0,0.0,0.0,0.0,0.0,0.0,0.0,0.0,0.0,0.0,0.0,0.0,0.0,0.0,0.0,0.0,0.0,0.0,0.0,0.0,0.0,0.0,0.0,0.0,0.0,0.0,0.0,0.0,0.0,0.0,0.0,0.0,0.0,0.0,0.0,0.0,0.0,0.0,0.0,0.0,0.0,0.0,0.0,0.0,0.0,0.0,0.0,0.0,0.0,0.0,0.0,0.0,0.0,0.0,0.0,0.0,0.0,0.0,0.0,0.0,0.0,0.0,0.0,0.0,0.0,0.0,0.0,0.0,0.0,0.0,0.0,0.0,0.0,0.0,0.0,0.0,0.0,0.0,0.0,0.0,0.0,0.0,0.0,0.0,0.0,0.4920005197727695,0.0,0.0,0.0,0.0,0.0,0.0,0.0,0.0,0.0,0.0,0.0,0.0,0.0,0.0,0.0,0.0,0.0,0.0,0.0,0.0,0.0,0.0,0.0,0.0,0.0,0.0,0.0,0.0,0.0,0.0,0.0,0.0,0.0,0.0,0.0,0.0,0.0,0.0,0.0,0.0,0.0,0.0,0.0,0.0,0.0,0.0,0.0,0.0,0.0,0.0,0.0,0.0,0.0,0.0,0.0,0.0,0.0,0.0,0.0,0.0,0.0,0.0,0.0,0.0,0.0,0.0,0.0,0.0,0.0,0.0,0.0,0.0,0.0,0.0,0.0,0.0,0.0,0.0,0.0,0.0,0.0,0.0,0.0,0.0,0.0,0.0,0.0,0.0,0.0,0.0,0.0,0.0,0.0,0.0,0.0,0.0,0.0,0.0,0.0,0.0,0.0,0.0,0.0,0.0,0.0,0.0,0.0,0.0,0.0,0.0,0.0,0.0,0.0,0.0,0.0,0.0,0.0,0.0,0.0,0.0,0.0,0.0,0.0,0.0,0.0,0.0,0.0,0.0,0.0,0.0,0.0,0.0,0.0,0.0,0.0,0.0,0.0,0.0,0.0,0.0,0.0,0.0,0.0,0.0,0.0,0.0,0.0,0.0,0.0,0.0,0.0,0.0,0.0,0.0,0.0,0.0,0.0,0.0,0.0,0.0,0.0,0.0,0.0,0.0,0.0,0.0,0.0,0.0,0.0,0.0,0.0,0.0,0.0,0.0,0.0,0.0,0.0,0.0,0.0,0.0,0.0,0.0,0.0,0.0,0.0,0.0,0.0,0.0,0.0,0.0,0.0,0.0,0.0,0.0,0.0,0.0,0.0,0.0,0.0,0.0,0.0,0.0,0.0,0.0,0.0,0.0,0.0,0.0,0.0,0.0,0.0,0.0,0.0,0.0,0.0,0.0,0.0,0.0,0.0,0.0,0.0,0.0,0.0,0.0,0.0,0.0,0.0,0.0,0.0,0.0,0.0,0.0,0.0,0.0,0.0,0.0,0.0,0.0,0.0,0.0,0.0,0.0,0.0,0.0,0.0,0.0,0.0,0.0,0.0,0.0,0.0,0.0,0.4920005197727695,0.0,0.0,0.0,0.0,0.0,0.0,0.0,0.0,0.0,0.43071233984947793,0.0,0.0,0.0,0.0,0.0,0.0,0.0,0.0,0.0,0.0,0.0,0.0,0.0,0.0,0.0,0.0,0.0,0.0,0.0,0.0,0.0,0.0,0.0,0.0,0.0,0.0,0.0,0.0,0.0,0.0,0.0,0.0,0.0,0.0,0.0,0.0,0.0,0.0,0.0,0.0,0.0,0.0,0.0,0.0,0.0,0.0,0.0,0.0,0.0,0.0,0.0,0.0,0.0,0.0,0.0,0.0,0.0,0.0,0.0,0.0,0.0,0.0,0.0,0.0,0.0,0.0,0.0,0.0,0.0,0.0,0.0,0.0,0.0,0.0,0.0,0.0,0.0,0.0,0.0,0.0,0.0,0.0,0.0,0.0,0.0,0.0,0.0,0.0,0.0,0.0,0.0,0.0,0.0,0.0,0.0
SD2401267,20대,너희 집은 지금 오피스텔이잖아. 그 층간 소음 좀 있는 거 같아? 나 지금 7층 사는데 딱히 층간 소음은 없는 거 같은데 좀 그 아파트에 이상한 사람은 좀 있는 거 같더라. 왜냐하면은 우리가 집에 아무도 없는 상태였는데 갑자기 밑의 집에서 올라온다 아 그 밑의 집인가 어디서 막 신고가 들어왔다는 거야. 이 이 시간이 너무 시끄러웠었다고. 그래 가지고 그게 그게 꼭 밑의 집은 아니고 밑의 층은 아니었던 거 같은데 그런 사람이 좀 있어서 좀 뭐지 좀 조심해야겠다 이런 적은 있었어. 이런 적이 있어. 그리고 너는 지금 자취를 그 1곳에서만 했던 거야 이사 없이? 나도 지금 누나랑 같이 살라고 하면은 절대 못 살 거 같아. 누나랑 진짜 맞는 게 하나도 없단 말이야. 누나도 막 나도 새벽에 전화하면은 누나가 뭐라 하고. 어떨 때 누나가 새벽에 게임하면 또 나한테 이제 내가 이제 스트레스받고. 그래서 이제 만약에 내가 너처럼 그러니까 형제 같이 살라고 하면은 나는 못 살 거 같아. 그리고 그리고 그 이사를 좀 많이 다녔었는데 이사 다닐 때마다 이제 방이 있긴 한데 이게 크기가 이제 큰방 작은방이 있었단 말이야. 그래 가지고 누가 큰방 쓸 거냐 이런 거 때문에 또 엄청 싸운 적 싸웠었고 싸웠었던 거 같아. 그러면 본가도 그러면 지금 살던 데 쭉 계속 살고 있었던 거야 어릴 때부터? 나는 이제 어릴 때부터 정말 많이 다녔었는데 초등학교랑 중학교 때까지는 그래도 한동네 내에서 왔다 갔다 했던 거여서 좀 이제 이사하느라 좀 귀찮고 막 집 바뀌는 게 좀 불편 적응이 안 되 초반에 적응이 안 되는 게 있긴 했어도 이 친구들이랑 멀어진다 이런 거 없어서 괜찮았는데 중학교 3학년에서 이제 고등학교 때 한번 아예 학 그 학 우리 지금 다니는 학교 쪽으로 이사를 왔었단 말이야. 근데 그때 정말 좀 좋았던 친구들인데 완전 멀어지니까 그때 쪼끔 이제 스트레스를 받았었던 경험이 있고. 그래서 또 그래 가지고 이제 고등학교 1학년 때에서부터 2학년 때 또 이사를 가야 되는 상황이 된 거야. 근데 그래서 원래 다니던 고등학교 쪽으로 가려 했었는데 그러진 않고 이제 다시 원래 동네로 돌아갔었던 적이 있어. 나도 그런 전원주택에서 사는 꿈 같은 게 있었던 거 같아. 그 내가 직접 집을 만들고 아 설계해서 막 비밀 공간이나 아 이제 정말 큰 목욕탕이나 아니면 음 어떤 작업실 뭐 이런 걸 만들어 두고 싶다는 생각이 있었어. 만들고 싶다는. 그리 너 근데 지금 자취하고 있잖아. 그러면 그 가전제품 같은 거는 뭐 뭐 있어? 어 이러면 안 되는데. 나는 이제 본가에 살잖아. 어 집안일을 거의 다 안 하고 엄마가 하고 있어. 그러니까 설거지만 이제 내가 먹은 거 설거지하고 이제 그리고 옷 옷이나 분리수거 이런 거는 엄마 아빠가 거의 다 하는 거 같아. 그 자취하면서 이런 설거지나 분리수거 때문에 막 오빠랑 막 싸우거나 그러진 않아? 난 지금 너무 자취를 하고 싶어. 왜냐하면은 일단 난 이제 혼자가 편하단 말이야. 그래 가지고 이제 나만의 일상생활 패턴이 있는데 어쨌든 가족이랑 살면은 아무리 가족이라도 쪼금 지켜야 되는 게 있으니까 그런 게 이제 좀 나한테는 너무 좀 힘들고 내가 하고 싶은 것도 너무 제한이 되는 거 같아서 학교 근처에서 자취하고 싶다는 생각은 있는데 이게 자취도 어쨌든 돈이 많이 깨지니까 쉽사리 하진 못 하고 있고. 음 아마 군대 갔다 와서 자취를 할 수 있으면 하지 않을까 이런 생각이 있어. 음 너는 음 너희 집 인테리어는 혹시 어떻게 돼 있어? 음 우리 집은 이번에 새로 지은 아파트여 가지고 그냥 전체적으로 완전 깔끔한 느낌으로 지금 돼 있는데 이게 아파 이제 방 청소를 쪼끔만 안 해도 이제 옷가 방이 좀 좁아 가지고 옷도 막 의자 위에 올라가 있고 침대 위에 뭉쳐져 있고. 그래 가지고 인테리어는 깔끔한데 방 정리는 되게 안 돼 있는 거 같아. 그리고 또 새로 지은 아파트라 했잖아. 이게 요즘에 새로 지어서 그런가. 아파트가 되게 개성이 넘치더라고. 건물도 막 다 이 모습이 막 다르고. 막 저게 아파트 건물이야 이런 것도 있고. 그리고 처음에 이사 왔을 때 첫날인데 집을 못 찾겠는 거야. 왜냐하면은 보통 아파트 단지가 뭐 몇 호부터 몇 호 1에서 3 3에서 5 이렇게 순서대로 있는데 거기는 막 1에서 3이랑 17에서 19 이렇게 붙어 있고. 막 이상하게 다 붙어 있는 거야. 그래 가지고 처음 이사 갔을 때 그 아파트 단지 안에서 길 잃어 가지고 한 20분 30분 정도 헤맸던 기억이 있어. 너는 만약에 이제 앞으로 회사 다니고 할 거면은 하면은 혼자 살게 되면은 서울에서 계속 살고 싶어? 아니면은 대구? 이게 새로 지은 아파트여 가지고 이게 헬스장이나 도서관 뭐 어린이집 이런 게 입주된다는 얘기만 있고 아직은 인프라가 갖춰지진 못한 거 같아. 그래서 헬스장도 아마 생긴다곤 하는데 어 언제 생길진 잘 모르겠고. 그 아파트 단지 내에 도서관은 지금도 운영하고 있고. 그거 말고도 뭔가 주민들 휴식 공간이라고 하면서 건물이 몇 개 있더라고. 거기서 막 좀 차 같은 거 마시고 막 떠들면서 있는 아줌마들도 있고. 그 빈백 빈백도 있잖아. 그런 것도 아파트 단지 내에 몇 개 깔아둔 거야. 그래 가지고 거기서 좀 누워서 막 떠드는 사람들도 보고 이런 시설이 좀 있었어.,0.014965986394557823,0.02857142857142857,0.013605442176870748,0.0013605442176870747,0.005442176870748299,0.0027210884353741495,0.0027210884353741495,0.02312925170068027,0.0326530612244898,0.02040816326530612,0.004081632653061225,0.0163265306122449,0.0013605442176870747,0.005442176870748299,0.013605442176870748,0.0027210884353741495,0.004081632653061225,0.004081632653061225,0.024489795918367346,0.021768707482993196,0.0013605442176870747,0.0013605442176870747,0.005442176870748299,0.006802721088435374,0.0013605442176870747,0.004081632653061225,0.02040816326530612,0.0013605442176870747,0.0013605442176870747,0.009523809523809525,0.04353741496598639,0.0013605442176870747,0.005442176870748299,0.0013605442176870747,0.010884353741496598,0.005442176870748299,0.0013605442176870747,0.0027210884353741495,0.012244897959183673,0.0013605442176870747,0.0013605442176870747,0.006802721088435374,0.004081632653061225,0.0027210884353741495,0.027210884353741496,0.009523809523809525,0.010884353741496598,0.0013605442176870747,0.006802721088435374,0.024489795918367346,0.010884353741496598,0.0013605442176870747,0.006802721088435374,0.0027210884353741495,0.0013605442176870747,0.005442176870748299,0.0013605442176870747,0.0013605442176870747,0.0013605442176870747,0.006802721088435374,0.0013605442176870747,0.0027210884353741495,0.0013605442176870747,0.0027210884353741495,0.013605442176870748,0.0013605442176870747,0.006802721088435374,0.0013605442176870747,0.02857142857142857,0.0027210884353741495,0.0027210884353741495,0.0027210884353741495,0.005442176870748299,0.0013605442176870747,0.00816326530612245,0.004081632653061225,0.00816326530612245,0.0013605442176870747,0.005442176870748299,0.0027210884353741495,0.0013605442176870747,0.0013605442176870747,0.0027210884353741495,0.0013605442176870747,0.0013605442176870747,0.0013605442176870747,0.005442176870748299,0.0013605442176870747,0.005442176870748299,0.0027210884353741495,0.0013605442176870747,0.0027210884353741495,0.0027210884353741495,0.005442176870748299,0.004081632653061225,0.0013605442176870747,0.0027210884353741495,0.0013605442176870747,0.0013605442176870747,0.0013605442176870747,0.005442176870748299,0.004081632653061225,0.0013605442176870747,0.0013605442176870747,0.0013605442176870747,0.0027210884353741495,0.009523809523809525,0.014965986394557823,0.0013605442176870747,0.0013605442176870747,0.0013605442176870747,0.0027210884353741495,0.0013605442176870747,0.004081632653061225,0.0013605442176870747,0.004081632653061225,0.0013605442176870747,0.0013605442176870747,0.0027210884353741495,0.0027210884353741495,0.0027210884353741495,0.0013605442176870747,0.0013605442176870747,0.0027210884353741495,0.0027210884353741495,0.0013605442176870747,0.0027210884353741495,0.0013605442176870747,0.0027210884353741495,0.0013605442176870747,0.0013605442176870747,0.0013605442176870747,0.0013605442176870747,0.0013605442176870747,0.0013605442176870747,0.0013605442176870747,0.005442176870748299,0.004081632653061225,0.0013605442176870747,0.0013605442176870747,0.0027210884353741495,0.0027210884353741495,0.0013605442176870747,0.0013605442176870747,0.0013605442176870747,0.004081632653061225,0.0013605442176870747,0.0013605442176870747,0.004081632653061225,0.0013605442176870747,0.0027210884353741495,0.005442176870748299,0.0027210884353741495,0.004081632653061225,0.0013605442176870747,0.005442176870748299,0.0027210884353741495,0.0013605442176870747,0.0013605442176870747,0.0013605442176870747,0.0013605442176870747,0.0027210884353741495,0.0013605442176870747,0.0013605442176870747,0.0013605442176870747,0.0013605442176870747,0.0013605442176870747,0.0027210884353741495,0.0027210884353741495,0.0013605442176870747,0.0013605442176870747,0.0013605442176870747,0.0013605442176870747,0.0013605442176870747,0.0013605442176870747,0.0013605442176870747,0.0013605442176870747,0.0013605442176870747,0.0013605442176870747,0.0013605442176870747,0.0027210884353741495,0.0013605442176870747,0.0027210884353741495,0.0013605442176870747,0.0013605442176870747,0.005442176870748299,0.005442176870748299,0.005442176870748299,0.0013605442176870747,0.0013605442176870747,0.0013605442176870747,0.0013605442176870747,0.0013605442176870747,0.0013605442176870747,0.0013605442176870747,0.0027210884353741495,0.0013605442176870747,0.0013605442176870747,0.0013605442176870747,0.0013605442176870747,0.0027210884353741495,0.0013605442176870747,0.0013605442176870747,0.0013605442176870747,0.004081632653061225,0.0013605442176870747,0.0013605442176870747,0.0013605442176870747,0.0013605442176870747,0.0027210884353741495,0.0013605442176870747,0.0013605442176870747,0.0013605442176870747,0.005442176870748299,0.0027210884353741495,0.0013605442176870747,0.0013605442176870747,0.0027210884353741495,0.0013605442176870747,0.0013605442176870747,0.0013605442176870747,0.0013605442176870747,0.0013605442176870747,0.0013605442176870747,0.0013605442176870747,0.0013605442176870747,0.0013605442176870747,0.0013605442176870747,0.0027210884353741495,0.0027210884353741495,0.0013605442176870747,0.0013605442176870747,0.0013605442176870747,0.0013605442176870747,0.0013605442176870747,0.0013605442176870747,0.0013605442176870747,0.0013605442176870747,0.0027210884353741495,0.0013605442176870747,0.0013605442176870747,0.0013605442176870747,0.0013605442176870747,0.0013605442176870747,0.0013605442176870747,0.0013605442176870747,0.0013605442176870747,0.0013605442176870747,0.0013605442176870747,0.0013605442176870747,0.0027210884353741495,0.0013605442176870747,0.0013605442176870747,0.0013605442176870747,0.0013605442176870747,0.0013605442176870747,0.0013605442176870747,0.0013605442176870747,0.0,0.0,0.0,0.0,0.0,0.0,0.0,0.0,0.0,0.0,0.0,0.0,0.0,0.0,0.0,0.0,0.0,0.0,0.0,0.0,0.0,0.0,0.0,0.0,0.0,0.0,0.0,0.0,0.0,0.0,0.0,0.0,0.0,0.0,0.0,0.0,0.0,0.0,0.0,0.0,0.0,0.0,0.0,0.0,0.0,0.0,0.0,0.0,0.0,0.0,0.0,0.0,0.0,0.0,0.0,0.0,0.0,0.0,0.0,0.0,0.0,0.0,0.0,0.0,0.0,0.0,0.0,0.0,0.0,0.0,0.0,0.0,0.0,0.0,0.0,0.0,0.0,0.0,0.0,0.0,0.0,0.0,0.0,0.0,0.0,0.0,0.0,0.0,0.0,0.0,0.0,0.0,0.0,0.0,0.0,0.0,0.0,0.0,0.0,0.0,0.0,0.0,0.0,0.0,0.0,0.0,0.0,0.0,0.0,0.0,0.0,0.0,0.0,0.0,0.0,0.0,0.0,0.0,0.0,0.0,0.0,0.0,0.0,0.0,0.0,0.0,0.0,0.0,0.0,0.0,0.0,0.0,0.0,0.0,0.0,0.0,0.0,0.0,0.0,0.0,0.0,0.0,0.0,0.0,0.0,0.0,0.0,0.0,0.0,0.0,0.0,0.0,0.0,0.0,0.0,0.0,0.0,0.0,0.0,0.0,0.0,0.0,0.0,0.0,0.0,0.0,0.0,0.0,0.0,0.0,0.0,0.0,0.0,0.0,0.0,0.0,0.0,0.0,0.0,0.0,0.0,0.0,0.0,0.0,0.0,0.0,0.0,0.0,0.0,0.0,0.0,0.0,0.0,0.0,0.0,0.0,0.0,0.0,0.0,0.0,0.0,0.0,0.0,0.0,0.0,0.0,0.0,0.0,0.0,0.0,0.0,0.0,0.0,0.0,0.0,0.0,0.0,0.0,0.0,0.0,0.0,0.0,0.0,0.0,0.0,0.0,0.0,0.0,0.0,0.0,0.0,0.0,0.0,0.0,0.0,0.0,0.0,0.0,0.0,0.0,0.0,0.0,0.0,0.0,0.0,0.0,0.0,0.0,0.0,0.0,0.0,0.0,0.0,0.0,0.0,0.0,0.0,0.0,0.0,0.0,0.0,0.0,0.0,0.0,0.0,0.0,0.0,0.0,0.0,0.2981107993477931,0.0,0.0,0.0,0.0,0.0,0.0,0.0,0.0,0.0,0.0,0.0,0.0,0.0,0.0,0.0,0.0,0.0,0.0,0.0,0.0,0.0,0.0,0.0,0.0,0.0,0.0,0.0,0.0,0.0,0.0,0.0,0.0,0.0,0.0,0.0,0.0,0.0,0.0,0.0,0.0,0.0,0.0,0.0,0.0,0.0,0.0,0.0,0.0,0.0,0.0,0.0,0.0,0.0,0.0,0.0,0.0,0.0,0.0,0.0,0.0,0.0,0.0,0.0,0.0,0.0,0.0,0.0,0.0,0.0,0.0,0.0,0.0,0.0,0.0,0.0,0.0,0.0,0.0,0.0,0.0,0.0,0.0,0.0,0.0,0.0,0.0,0.0,0.0,0.0,0.0,0.0,0.0,0.0,0.0,0.0,0.0,0.0,0.0,0.0,0.0,0.0,0.0,0.0,0.0,0.0,0.0,0.0,0.0,0.0,0.0,0.0,0.0,0.0,0.0,0.0,0.0,0.0,0.0,0.0,0.0,0.0,0.0,0.0,0.0,0.0,0.0,0.0,0.0,0.0,0.0,0.0,0.0,0.0,0.0,0.0,0.0,0.0,0.0,0.0,0.2981107993477931,0.0,0.0,0.0,0.0,0.0,0.0,0.0,0.0,0.0,0.0,0.0,0.0,0.0,0.0,0.0,0.0,0.0,0.0,0.0,0.0,0.0,0.0,0.0,0.0,0.0,0.0,0.0,0.0,0.0,0.0,0.0,0.0,0.0,0.0,0.2609753338894596,0.0,0.0,0.0,0.0,0.0,0.0,0.0,0.0,0.0,0.0,0.0,0.0,0.0,0.0,0.0,0.0,0.0,0.0,0.0,0.0,0.0,0.2981107993477931,0.0,0.0,0.0,0.0,0.0,0.0,0.0,0.0,0.0,0.0,0.0,0.0,0.0,0.0,0.0,0.0,0.0,0.0,0.0,0.0,0.0,0.0,0.0,0.0,0.0,0.0,0.0,0.0,0.0,0.0,0.0,0.0,0.0,0.0,0.0,0.0,0.0,0.0,0.0,0.0,0.0,0.0,0.0,0.0,0.0,0.0,0.0,0.2981107993477931,0.0,0.0,0.0,0.0,0.0,0.0,0.0,0.0,0.0,0.0,0.0,0.0,0.0,0.0,0.0,0.0,0.0,0.0,0.0,0.0,0.0,0.0,0.0,0.0,0.0,0.0,0.0,0.0,0.0,0.0,0.0,0.0,0.0,0.24902038424170286,0.0,0.0,0.0,0.0,0.0,0.0,0.0,0.0,0.0,0.0,0.0,0.0,0.0,0.0,0.0,0.0,0.0,0.0,0.0,0.0,0.0,0.0,0.0,0.0,0.0,0.0,0.0,0.0,0.0,0.0,0.0,0.0,0.0,0.0,0.0,0.0,0.0,0.24902038424170286,0.0,0.0,0.0,0.0,0.0,0.0,0.0,0.0,0.0,0.0,0.0,0.0,0.0,0.0,0.0,0.0,0.0,0.0,0.0,0.0,0.0,0.0,0.2981107993477931,0.0,0.0,0.0,0.0,0.0,0.0,0.0,0.0,0.0,0.0,0.0,0.0,0.0,0.0,0.0,0.0,0.0,0.0,0.0,0.0,0.0,0.0,0.0,0.0,0.0,0.0,0.0,0.0,0.0,0.0,0.0,0.0,0.2763879446078422,0.0,0.0,0.0,0.0,0.0,0.0,0.0,0.0,0.0,0.0,0.0,0.0,0.0,0.0,0.0,0.0,0.0,0.0,0.0,0.0,0.0,0.0,0.0,0.0,0.0,0.0,0.0,0.0,0.0,0.0,0.0,0.0,0.0,0.0,0.0,0.0,0.0,0.0,0.0,0.0,0.0,0.0,0.0,0.0,0.0,0.0,0.0,0.0,0.0,0.0,0.0,0.0,0.0,0.0,0.0,0.0,0.0,0.0,0.0,0.0,0.0,0.0,0.0,0.0,0.0,0.0,0.0,0.0,0.17749749936113782,0.0,0.0,0.0,0.0,0.0,0.0,0.0,0.17474945332503583,0.0,0.0,0.0,0.0,0.0,0.0,0.0,0.0,0.0,0.0,0.0,0.0,0.0,0.0,0.0,0.0,0.0,0.0,0.0,0.0,0.0,0.0,0.0,0.0,0.0,0.0,0.2609753338894596,0.0,0.0,0.0,0.0,0.0,0.0,0.0,0.0,0.0,0.0,0.0,0.0,0.0,0.2981107993477931,0.0,0.0,0.0,0.0,0.0,0.0,0.0,0.0,0.0,0.0,0.0,0.0,0.0,0.0,0.0,0.0,0.0,0.0,0.0,0.0,0.0,0.2609753338894596,0.0,0.0,0.0,0.0,0.0,0.0,0.0,0.0,0.0,0.0,0.0,0.0,0.0,0.0,0.0,0.0,0.0,0.0,0.0,0.0,0.0,0.0,0.0,0.0,0.0,0.0,0.0,0.0,0.0,0.0,0.0,0.0,0.0,0.0,0.0,0.0,0.0,0.0,0.0,0.0,0.0,0.0,0.0,0.0,0.0,0.0,0.0,0.0,0.0,0.0,0.0,0.0,0.0,0.0,0.0,0.0,0.0,0.0,0.0,0.0,0.0,0.0,0.0,0.0,0.0,0.0,0.0,0.0,0.0,0.0,0.0,0.0,0.0,0.0,0.0,0.0,0.0,0.0,0.0,0.0,0.0,0.0,0.0,0.0,0.0,0.0,0.0,0.0,0.0,0.0,0.0,0.0,0.0,0.0,0.0,0.0,0.0,0.0,0.0,0.0,0.0,0.0,0.0,0.0,0.0,0.0,0.0,0.0,0.0,0.0,0.0,0.0,0.0,0.0,0.0,0.0,0.0,0.0,0.0,0.0,0.0,0.0,0.0,0.0,0.0,0.0,0.0,0.0,0.0,0.0,0.0,0.0,0.0,0.0,0.0,0.0,0.0,0.0,0.0
SD2401267,20대,너희 집은 지금 오피스텔이잖아. 그 층간 소음 좀 있는 거 같아? 나 지금 7층 사는데 딱히 층간 소음은 없는 거 같은데 좀 그 아파트에 이상한 사람은 좀 있는 거 같더라. 왜냐하면은 우리가 집에 아무도 없는 상태였는데 갑자기 밑의 집에서 올라온다 아 그 밑의 집인가 어디서 막 신고가 들어왔다는 거야. 이 이 시간이 너무 시끄러웠었다고. 그래 가지고 그게 그게 꼭 밑의 집은 아니고 밑의 층은 아니었던 거 같은데 그런 사람이 좀 있어서 좀 뭐지 좀 조심해야겠다 이런 적은 있었어. 이런 적이 있어. 그리고 너는 지금 자취를 그 1곳에서만 했던 거야 이사 없이? 나도 지금 누나랑 같이 살라고 하면은 절대 못 살 거 같아. 누나랑 진짜 맞는 게 하나도 없단 말이야. 누나도 막 나도 새벽에 전화하면은 누나가 뭐라 하고. 어떨 때 누나가 새벽에 게임하면 또 나한테 이제 내가 이제 스트레스받고. 그래서 이제 만약에 내가 너처럼 그러니까 형제 같이 살라고 하면은 나는 못 살 거 같아. 그리고 그리고 그 이사를 좀 많이 다녔었는데 이사 다닐 때마다 이제 방이 있긴 한데 이게 크기가 이제 큰방 작은방이 있었단 말이야. 그래 가지고 누가 큰방 쓸 거냐 이런 거 때문에 또 엄청 싸운 적 싸웠었고 싸웠었던 거 같아. 그러면 본가도 그러면 지금 살던 데 쭉 계속 살고 있었던 거야 어릴 때부터? 나는 이제 어릴 때부터 정말 많이 다녔었는데 초등학교랑 중학교 때까지는 그래도 한동네 내에서 왔다 갔다 했던 거여서 좀 이제 이사하느라 좀 귀찮고 막 집 바뀌는 게 좀 불편 적응이 안 되 초반에 적응이 안 되는 게 있긴 했어도 이 친구들이랑 멀어진다 이런 거 없어서 괜찮았는데 중학교 3학년에서 이제 고등학교 때 한번 아예 학 그 학 우리 지금 다니는 학교 쪽으로 이사를 왔었단 말이야. 근데 그때 정말 좀 좋았던 친구들인데 완전 멀어지니까 그때 쪼끔 이제 스트레스를 받았었던 경험이 있고. 그래서 또 그래 가지고 이제 고등학교 1학년 때에서부터 2학년 때 또 이사를 가야 되는 상황이 된 거야. 근데 그래서 원래 다니던 고등학교 쪽으로 가려 했었는데 그러진 않고 이제 다시 원래 동네로 돌아갔었던 적이 있어. 나도 그런 전원주택에서 사는 꿈 같은 게 있었던 거 같아. 그 내가 직접 집을 만들고 아 설계해서 막 비밀 공간이나 아 이제 정말 큰 목욕탕이나 아니면 음 어떤 작업실 뭐 이런 걸 만들어 두고 싶다는 생각이 있었어. 만들고 싶다는. 그리 너 근데 지금 자취하고 있잖아. 그러면 그 가전제품 같은 거는 뭐 뭐 있어? 어 이러면 안 되는데. 나는 이제 본가에 살잖아. 어 집안일을 거의 다 안 하고 엄마가 하고 있어. 그러니까 설거지만 이제 내가 먹은 거 설거지하고 이제 그리고 옷 옷이나 분리수거 이런 거는 엄마 아빠가 거의 다 하는 거 같아. 그 자취하면서 이런 설거지나 분리수거 때문에 막 오빠랑 막 싸우거나 그러진 않아? 난 지금 너무 자취를 하고 싶어. 왜냐하면은 일단 난 이제 혼자가 편하단 말이야. 그래 가지고 이제 나만의 일상생활 패턴이 있는데 어쨌든 가족이랑 살면은 아무리 가족이라도 쪼금 지켜야 되는 게 있으니까 그런 게 이제 좀 나한테는 너무 좀 힘들고 내가 하고 싶은 것도 너무 제한이 되는 거 같아서 학교 근처에서 자취하고 싶다는 생각은 있는데 이게 자취도 어쨌든 돈이 많이 깨지니까 쉽사리 하진 못 하고 있고. 음 아마 군대 갔다 와서 자취를 할 수 있으면 하지 않을까 이런 생각이 있어. 음 너는 음 너희 집 인테리어는 혹시 어떻게 돼 있어? 음 우리 집은 이번에 새로 지은 아파트여 가지고 그냥 전체적으로 완전 깔끔한 느낌으로 지금 돼 있는데 이게 아파 이제 방 청소를 쪼끔만 안 해도 이제 옷가 방이 좀 좁아 가지고 옷도 막 의자 위에 올라가 있고 침대 위에 뭉쳐져 있고. 그래 가지고 인테리어는 깔끔한데 방 정리는 되게 안 돼 있는 거 같아. 그리고 또 새로 지은 아파트라 했잖아. 이게 요즘에 새로 지어서 그런가. 아파트가 되게 개성이 넘치더라고. 건물도 막 다 이 모습이 막 다르고. 막 저게 아파트 건물이야 이런 것도 있고. 그리고 처음에 이사 왔을 때 첫날인데 집을 못 찾겠는 거야. 왜냐하면은 보통 아파트 단지가 뭐 몇 호부터 몇 호 1에서 3 3에서 5 이렇게 순서대로 있는데 거기는 막 1에서 3이랑 17에서 19 이렇게 붙어 있고. 막 이상하게 다 붙어 있는 거야. 그래 가지고 처음 이사 갔을 때 그 아파트 단지 안에서 길 잃어 가지고 한 20분 30분 정도 헤맸던 기억이 있어. 너는 만약에 이제 앞으로 회사 다니고 할 거면은 하면은 혼자 살게 되면은 서울에서 계속 살고 싶어? 아니면은 대구? 이게 새로 지은 아파트여 가지고 이게 헬스장이나 도서관 뭐 어린이집 이런 게 입주된다는 얘기만 있고 아직은 인프라가 갖춰지진 못한 거 같아. 그래서 헬스장도 아마 생긴다곤 하는데 어 언제 생길진 잘 모르겠고. 그 아파트 단지 내에 도서관은 지금도 운영하고 있고. 그거 말고도 뭔가 주민들 휴식 공간이라고 하면서 건물이 몇 개 있더라고. 거기서 막 좀 차 같은 거 마시고 막 떠들면서 있는 아줌마들도 있고. 그 빈백 빈백도 있잖아. 그런 것도 아파트 단지 내에 몇 개 깔아둔 거야. 그래 가지고 거기서 좀 누워서 막 떠드는 사람들도 보고 이런 시설이 좀 있었어.,0.014965986394557823,0.02857142857142857,0.013605442176870748,0.0013605442176870747,0.005442176870748299,0.0027210884353741495,0.0027210884353741495,0.02312925170068027,0.0326530612244898,0.02040816326530612,0.004081632653061225,0.0163265306122449,0.0013605442176870747,0.005442176870748299,0.013605442176870748,0.0027210884353741495,0.004081632653061225,0.004081632653061225,0.024489795918367346,0.021768707482993196,0.0013605442176870747,0.0013605442176870747,0.005442176870748299,0.006802721088435374,0.0013605442176870747,0.004081632653061225,0.02040816326530612,0.0013605442176870747,0.0013605442176870747,0.009523809523809525,0.04353741496598639,0.0013605442176870747,0.005442176870748299,0.0013605442176870747,0.010884353741496598,0.005442176870748299,0.0013605442176870747,0.0027210884353741495,0.012244897959183673,0.0013605442176870747,0.0013605442176870747,0.006802721088435374,0.004081632653061225,0.0027210884353741495,0.027210884353741496,0.009523809523809525,0.010884353741496598,0.0013605442176870747,0.006802721088435374,0.024489795918367346,0.010884353741496598,0.0013605442176870747,0.006802721088435374,0.0027210884353741495,0.0013605442176870747,0.005442176870748299,0.0013605442176870747,0.0013605442176870747,0.0013605442176870747,0.006802721088435374,0.0013605442176870747,0.0027210884353741495,0.0013605442176870747,0.0027210884353741495,0.013605442176870748,0.0013605442176870747,0.006802721088435374,0.0013605442176870747,0.02857142857142857,0.0027210884353741495,0.0027210884353741495,0.0027210884353741495,0.005442176870748299,0.0013605442176870747,0.00816326530612245,0.004081632653061225,0.00816326530612245,0.0013605442176870747,0.005442176870748299,0.0027210884353741495,0.0013605442176870747,0.0013605442176870747,0.0027210884353741495,0.0013605442176870747,0.0013605442176870747,0.0013605442176870747,0.005442176870748299,0.0013605442176870747,0.005442176870748299,0.0027210884353741495,0.0013605442176870747,0.0027210884353741495,0.0027210884353741495,0.005442176870748299,0.004081632653061225,0.0013605442176870747,0.0027210884353741495,0.0013605442176870747,0.0013605442176870747,0.0013605442176870747,0.005442176870748299,0.004081632653061225,0.0013605442176870747,0.0013605442176870747,0.0013605442176870747,0.0027210884353741495,0.009523809523809525,0.014965986394557823,0.0013605442176870747,0.0013605442176870747,0.0013605442176870747,0.0027210884353741495,0.0013605442176870747,0.004081632653061225,0.0013605442176870747,0.004081632653061225,0.0013605442176870747,0.0013605442176870747,0.0027210884353741495,0.0027210884353741495,0.0027210884353741495,0.0013605442176870747,0.0013605442176870747,0.0027210884353741495,0.0027210884353741495,0.0013605442176870747,0.0027210884353741495,0.0013605442176870747,0.0027210884353741495,0.0013605442176870747,0.0013605442176870747,0.0013605442176870747,0.0013605442176870747,0.0013605442176870747,0.0013605442176870747,0.0013605442176870747,0.005442176870748299,0.004081632653061225,0.0013605442176870747,0.0013605442176870747,0.0027210884353741495,0.0027210884353741495,0.0013605442176870747,0.0013605442176870747,0.0013605442176870747,0.004081632653061225,0.0013605442176870747,0.0013605442176870747,0.004081632653061225,0.0013605442176870747,0.0027210884353741495,0.005442176870748299,0.0027210884353741495,0.004081632653061225,0.0013605442176870747,0.005442176870748299,0.0027210884353741495,0.0013605442176870747,0.0013605442176870747,0.0013605442176870747,0.0013605442176870747,0.0027210884353741495,0.0013605442176870747,0.0013605442176870747,0.0013605442176870747,0.0013605442176870747,0.0013605442176870747,0.0027210884353741495,0.0027210884353741495,0.0013605442176870747,0.0013605442176870747,0.0013605442176870747,0.0013605442176870747,0.0013605442176870747,0.0013605442176870747,0.0013605442176870747,0.0013605442176870747,0.0013605442176870747,0.0013605442176870747,0.0013605442176870747,0.0027210884353741495,0.0013605442176870747,0.0027210884353741495,0.0013605442176870747,0.0013605442176870747,0.005442176870748299,0.005442176870748299,0.005442176870748299,0.0013605442176870747,0.0013605442176870747,0.0013605442176870747,0.0013605442176870747,0.0013605442176870747,0.0013605442176870747,0.0013605442176870747,0.0027210884353741495,0.0013605442176870747,0.0013605442176870747,0.0013605442176870747,0.0013605442176870747,0.0027210884353741495,0.0013605442176870747,0.0013605442176870747,0.0013605442176870747,0.004081632653061225,0.0013605442176870747,0.0013605442176870747,0.0013605442176870747,0.0013605442176870747,0.0027210884353741495,0.0013605442176870747,0.0013605442176870747,0.0013605442176870747,0.005442176870748299,0.0027210884353741495,0.0013605442176870747,0.0013605442176870747,0.0027210884353741495,0.0013605442176870747,0.0013605442176870747,0.0013605442176870747,0.0013605442176870747,0.0013605442176870747,0.0013605442176870747,0.0013605442176870747,0.0013605442176870747,0.0013605442176870747,0.0013605442176870747,0.0027210884353741495,0.0027210884353741495,0.0013605442176870747,0.0013605442176870747,0.0013605442176870747,0.0013605442176870747,0.0013605442176870747,0.0013605442176870747,0.0013605442176870747,0.0013605442176870747,0.0027210884353741495,0.0013605442176870747,0.0013605442176870747,0.0013605442176870747,0.0013605442176870747,0.0013605442176870747,0.0013605442176870747,0.0013605442176870747,0.0013605442176870747,0.0013605442176870747,0.0013605442176870747,0.0013605442176870747,0.0027210884353741495,0.0013605442176870747,0.0013605442176870747,0.0013605442176870747,0.0013605442176870747,0.0013605442176870747,0.0013605442176870747,0.0013605442176870747,0.0,0.0,0.0,0.0,0.0,0.0,0.0,0.0,0.0,0.0,0.0,0.0,0.0,0.0,0.0,0.0,0.0,0.0,0.0,0.0,0.0,0.0,0.0,0.0,0.0,0.0,0.0,0.0,0.0,0.0,0.0,0.0,0.0,0.0,0.0,0.0,0.0,0.0,0.0,0.0,0.0,0.0,0.0,0.0,0.0,0.0,0.0,0.0,0.0,0.0,0.0,0.0,0.0,0.0,0.0,0.0,0.0,0.0,0.0,0.0,0.0,0.0,0.0,0.0,0.0,0.0,0.0,0.0,0.0,0.0,0.0,0.0,0.0,0.0,0.0,0.0,0.0,0.0,0.0,0.0,0.0,0.0,0.0,0.0,0.0,0.0,0.0,0.0,0.0,0.0,0.0,0.0,0.0,0.0,0.0,0.0,0.0,0.0,0.0,0.0,0.0,0.0,0.0,0.0,0.0,0.0,0.0,0.0,0.0,0.0,0.0,0.0,0.0,0.0,0.0,0.0,0.0,0.0,0.0,0.0,0.0,0.0,0.0,0.0,0.0,0.0,0.0,0.0,0.0,0.0,0.0,0.0,0.0,0.0,0.0,0.0,0.0,0.0,0.0,0.0,0.0,0.0,0.0,0.0,0.0,0.0,0.0,0.0,0.0,0.0,0.0,0.0,0.0,0.0,0.0,0.0,0.0,0.0,0.0,0.0,0.0,0.0,0.0,0.0,0.0,0.0,0.0,0.0,0.0,0.0,0.0,0.0,0.0,0.0,0.0,0.0,0.0,0.0,0.0,0.0,0.0,0.0,0.0,0.0,0.0,0.0,0.0,0.0,0.0,0.0,0.0,0.0,0.0,0.0,0.0,0.0,0.0,0.0,0.0,0.0,0.0,0.0,0.0,0.0,0.0,0.0,0.0,0.0,0.0,0.0,0.0,0.0,0.0,0.0,0.0,0.0,0.0,0.0,0.0,0.0,0.0,0.0,0.0,0.0,0.0,0.0,0.0,0.0,0.0,0.0,0.0,0.0,0.0,0.0,0.0,0.0,0.0,0.0,0.0,0.0,0.0,0.0,0.0,0.0,0.0,0.0,0.0,0.0,0.0,0.0,0.0,0.0,0.0,0.0,0.0,0.0,0.0,0.0,0.0,0.0,0.0,0.0,0.0,0.0,0.0,0.0,0.0,0.0,0.0,0.0,0.0,0.0,0.0,0.0,0.0,0.0,0.0,0.0,0.0,0.0,0.0,0.0,0.0,0.0,0.0,0.0,0.0,0.0,0.0,0.0,0.0,0.0,0.0,0.0,0.0,0.0,0.0,0.0,0.0,0.0,0.0,0.0,0.0,0.0,0.0,0.0,0.0,0.0,0.0,0.0,0.0,0.0,0.0,0.0,0.0,0.0,0.0,0.0,0.0,0.0,0.0,0.0,0.0,0.0,0.0,0.0,0.0,0.0,0.0,0.0,0.0,0.0,0.0,0.0,0.0,0.0,0.0,0.0,0.0,0.0,0.0,0.0,0.0,0.0,0.0,0.0,0.0,0.0,0.0,0.0,0.0,0.0,0.0,0.0,0.0,0.0,0.0,0.0,0.0,0.0,0.0,0.0,0.0,0.0,0.0,0.0,0.0,0.0,0.0,0.0,0.0,0.0,0.0,0.0,0.0,0.0,0.0,0.0,0.0,0.0,0.0,0.0,0.0,0.0,0.0,0.0,0.0,0.0,0.0,0.0,0.0,0.0,0.0,0.0,0.0,0.0,0.0,0.0,0.0,0.0,0.0,0.0,0.0,0.0,0.0,0.0,0.0,0.0,0.0,0.0,0.0,0.0,0.0,0.0,0.0,0.0,0.0,0.0,0.0,0.0,0.0,0.0,0.0,0.0,0.0,0.0,0.0,0.0,0.0,0.0,0.0,0.0,0.0,0.0,0.0,0.0,0.0,0.0,0.0,0.0,0.0,0.0,0.0,0.7429315121555515,0.0,0.0,0.0,0.0,0.0,0.0,0.0,0.0,0.0,0.0,0.0,0.0,0.0,0.0,0.0,0.0,0.0,0.0,0.0,0.0,0.0,0.0,0.0,0.0,0.0,0.0,0.0,0.0,0.0,0.0,0.0,0.0,0.0,0.0,0.0,0.0,0.0,0.0,0.0,0.0,0.0,0.0,0.0,0.0,0.0,0.0,0.0,0.0,0.0,0.0,0.0,0.0,0.0,0.0,0.0,0.0,0.0,0.0,0.0,0.0,0.0,0.0,0.0,0.0,0.0,0.0,0.0,0.0,0.0,0.0,0.0,0.0,0.0,0.0,0.0,0.0,0.0,0.0,0.0,0.0,0.0,0.0,0.0,0.0,0.0,0.0,0.0,0.0,0.0,0.0,0.0,0.0,0.0,0.0,0.0,0.0,0.0,0.0,0.0,0.0,0.0,0.0,0.0,0.0,0.0,0.0,0.0,0.0,0.0,0.0,0.0,0.0,0.0,0.0,0.0,0.0,0.0,0.0,0.0,0.0,0.0,0.0,0.0,0.0,0.0,0.0,0.0,0.0,0.0,0.0,0.0,0.0,0.0,0.0,0.0,0.0,0.0,0.0,0.0,0.0,0.0,0.0,0.6693674388900804,0.0,0.0,0.0,0.0,0.0,0.0,0.0,0.0,0.0,0.0,0.0,0.0,0.0,0.0,0.0,0.0,0.0,0.0,0.0,0.0,0.0,0.0,0.0,0.0,0.0,0.0,0.0,0.0,0.0,0.0,0.0,0.0,0.0,0.0,0.0,0.0,0.0,0.0,0.0,0.0,0.0,0.0,0.0,0.0,0.0,0.0,0.0,0.0,0.0,0.0,0.0,0.0,0.0,0.0,0.0,0.0,0.0,0.0,0.0,0.0,0.0,0.0,0.0,0.0,0.0,0.0,0.0,0.0,0.0,0.0,0.0,0.0,0.0,0.0,0.0,0.0,0.0,0.0,0.0,0.0,0.0,0.0,0.0,0.0,0.0,0.0,0.0,0.0,0.0,0.0,0.0,0.0,0.0,0.0,0.0,0.0,0.0,0.0,0.0,0.0,0.0,0.0,0.0,0.0,0.0,0.0,0.0,0.0,0.0,0.0,0.0,0.0,0.0,0.0,0.0,0.0,0.0,0.0,0.0,0.0,0.0,0.0,0.0,0.0,0.0,0.0,0.0,0.0,0.0,0.0,0.0,0.0,0.0,0.0,0.0,0.0,0.0,0.0,0.0,0.0,0.0,0.0,0.0,0.0,0.0,0.0,0.0,0.0,0.0,0.0,0.0,0.0,0.0,0.0,0.0,0.0,0.0,0.0,0.0,0.0,0.0,0.0,0.0,0.0,0.0,0.0,0.0,0.0,0.0,0.0,0.0,0.0,0.0,0.0,0.0,0.0,0.0,0.0,0.0,0.0,0.0,0.0,0.0,0.0,0.0,0.0,0.0,0.0,0.0,0.0,0.0,0.0,0.0,0.0,0.0,0.0,0.0,0.0,0.0,0.0,0.0,0.0,0.0,0.0,0.0,0.0,0.0,0.0,0.0,0.0,0.0,0.0,0.0,0.0,0.0,0.0,0.0,0.0,0.0,0.0,0.0,0.0,0.0,0.0,0.0,0.0,0.0,0.0,0.0,0.0,0.0,0.0,0.0,0.0,0.0,0.0,0.0,0.0,0.0,0.0,0.0,0.0,0.0,0.0,0.0,0.0,0.0,0.0,0.0,0.0,0.0,0.0,0.0,0.0,0.0,0.0,0.0,0.0,0.0,0.0,0.0,0.0,0.0,0.0,0.0,0.0,0.0,0.0,0.0,0.0,0.0,0.0,0.0,0.0,0.0,0.0,0.0,0.0,0.0,0.0,0.0,0.0,0.0,0.0,0.0,0.0,0.0,0.0,0.0,0.0,0.0,0.0,0.0,0.0,0.0,0.0,0.0,0.0,0.0,0.0,0.0,0.0,0.0,0.0,0.0,0.0,0.0,0.0,0.0,0.0,0.0,0.0,0.0,0.0,0.0,0.0,0.0,0.0,0.0,0.0,0.0,0.0,0.0,0.0,0.0,0.0,0.0,0.0,0.0,0.0,0.0,0.0,0.0,0.0,0.0
SD2401267,20대,너희 집은 지금 오피스텔이잖아. 그 층간 소음 좀 있는 거 같아? 나 지금 7층 사는데 딱히 층간 소음은 없는 거 같은데 좀 그 아파트에 이상한 사람은 좀 있는 거 같더라. 왜냐하면은 우리가 집에 아무도 없는 상태였는데 갑자기 밑의 집에서 올라온다 아 그 밑의 집인가 어디서 막 신고가 들어왔다는 거야. 이 이 시간이 너무 시끄러웠었다고. 그래 가지고 그게 그게 꼭 밑의 집은 아니고 밑의 층은 아니었던 거 같은데 그런 사람이 좀 있어서 좀 뭐지 좀 조심해야겠다 이런 적은 있었어. 이런 적이 있어. 그리고 너는 지금 자취를 그 1곳에서만 했던 거야 이사 없이? 나도 지금 누나랑 같이 살라고 하면은 절대 못 살 거 같아. 누나랑 진짜 맞는 게 하나도 없단 말이야. 누나도 막 나도 새벽에 전화하면은 누나가 뭐라 하고. 어떨 때 누나가 새벽에 게임하면 또 나한테 이제 내가 이제 스트레스받고. 그래서 이제 만약에 내가 너처럼 그러니까 형제 같이 살라고 하면은 나는 못 살 거 같아. 그리고 그리고 그 이사를 좀 많이 다녔었는데 이사 다닐 때마다 이제 방이 있긴 한데 이게 크기가 이제 큰방 작은방이 있었단 말이야. 그래 가지고 누가 큰방 쓸 거냐 이런 거 때문에 또 엄청 싸운 적 싸웠었고 싸웠었던 거 같아. 그러면 본가도 그러면 지금 살던 데 쭉 계속 살고 있었던 거야 어릴 때부터? 나는 이제 어릴 때부터 정말 많이 다녔었는데 초등학교랑 중학교 때까지는 그래도 한동네 내에서 왔다 갔다 했던 거여서 좀 이제 이사하느라 좀 귀찮고 막 집 바뀌는 게 좀 불편 적응이 안 되 초반에 적응이 안 되는 게 있긴 했어도 이 친구들이랑 멀어진다 이런 거 없어서 괜찮았는데 중학교 3학년에서 이제 고등학교 때 한번 아예 학 그 학 우리 지금 다니는 학교 쪽으로 이사를 왔었단 말이야. 근데 그때 정말 좀 좋았던 친구들인데 완전 멀어지니까 그때 쪼끔 이제 스트레스를 받았었던 경험이 있고. 그래서 또 그래 가지고 이제 고등학교 1학년 때에서부터 2학년 때 또 이사를 가야 되는 상황이 된 거야. 근데 그래서 원래 다니던 고등학교 쪽으로 가려 했었는데 그러진 않고 이제 다시 원래 동네로 돌아갔었던 적이 있어. 나도 그런 전원주택에서 사는 꿈 같은 게 있었던 거 같아. 그 내가 직접 집을 만들고 아 설계해서 막 비밀 공간이나 아 이제 정말 큰 목욕탕이나 아니면 음 어떤 작업실 뭐 이런 걸 만들어 두고 싶다는 생각이 있었어. 만들고 싶다는. 그리 너 근데 지금 자취하고 있잖아. 그러면 그 가전제품 같은 거는 뭐 뭐 있어? 어 이러면 안 되는데. 나는 이제 본가에 살잖아. 어 집안일을 거의 다 안 하고 엄마가 하고 있어. 그러니까 설거지만 이제 내가 먹은 거 설거지하고 이제 그리고 옷 옷이나 분리수거 이런 거는 엄마 아빠가 거의 다 하는 거 같아. 그 자취하면서 이런 설거지나 분리수거 때문에 막 오빠랑 막 싸우거나 그러진 않아? 난 지금 너무 자취를 하고 싶어. 왜냐하면은 일단 난 이제 혼자가 편하단 말이야. 그래 가지고 이제 나만의 일상생활 패턴이 있는데 어쨌든 가족이랑 살면은 아무리 가족이라도 쪼금 지켜야 되는 게 있으니까 그런 게 이제 좀 나한테는 너무 좀 힘들고 내가 하고 싶은 것도 너무 제한이 되는 거 같아서 학교 근처에서 자취하고 싶다는 생각은 있는데 이게 자취도 어쨌든 돈이 많이 깨지니까 쉽사리 하진 못 하고 있고. 음 아마 군대 갔다 와서 자취를 할 수 있으면 하지 않을까 이런 생각이 있어. 음 너는 음 너희 집 인테리어는 혹시 어떻게 돼 있어? 음 우리 집은 이번에 새로 지은 아파트여 가지고 그냥 전체적으로 완전 깔끔한 느낌으로 지금 돼 있는데 이게 아파 이제 방 청소를 쪼끔만 안 해도 이제 옷가 방이 좀 좁아 가지고 옷도 막 의자 위에 올라가 있고 침대 위에 뭉쳐져 있고. 그래 가지고 인테리어는 깔끔한데 방 정리는 되게 안 돼 있는 거 같아. 그리고 또 새로 지은 아파트라 했잖아. 이게 요즘에 새로 지어서 그런가. 아파트가 되게 개성이 넘치더라고. 건물도 막 다 이 모습이 막 다르고. 막 저게 아파트 건물이야 이런 것도 있고. 그리고 처음에 이사 왔을 때 첫날인데 집을 못 찾겠는 거야. 왜냐하면은 보통 아파트 단지가 뭐 몇 호부터 몇 호 1에서 3 3에서 5 이렇게 순서대로 있는데 거기는 막 1에서 3이랑 17에서 19 이렇게 붙어 있고. 막 이상하게 다 붙어 있는 거야. 그래 가지고 처음 이사 갔을 때 그 아파트 단지 안에서 길 잃어 가지고 한 20분 30분 정도 헤맸던 기억이 있어. 너는 만약에 이제 앞으로 회사 다니고 할 거면은 하면은 혼자 살게 되면은 서울에서 계속 살고 싶어? 아니면은 대구? 이게 새로 지은 아파트여 가지고 이게 헬스장이나 도서관 뭐 어린이집 이런 게 입주된다는 얘기만 있고 아직은 인프라가 갖춰지진 못한 거 같아. 그래서 헬스장도 아마 생긴다곤 하는데 어 언제 생길진 잘 모르겠고. 그 아파트 단지 내에 도서관은 지금도 운영하고 있고. 그거 말고도 뭔가 주민들 휴식 공간이라고 하면서 건물이 몇 개 있더라고. 거기서 막 좀 차 같은 거 마시고 막 떠들면서 있는 아줌마들도 있고. 그 빈백 빈백도 있잖아. 그런 것도 아파트 단지 내에 몇 개 깔아둔 거야. 그래 가지고 거기서 좀 누워서 막 떠드는 사람들도 보고 이런 시설이 좀 있었어.,0.014965986394557823,0.02857142857142857,0.013605442176870748,0.0013605442176870747,0.005442176870748299,0.0027210884353741495,0.0027210884353741495,0.02312925170068027,0.0326530612244898,0.02040816326530612,0.004081632653061225,0.0163265306122449,0.0013605442176870747,0.005442176870748299,0.013605442176870748,0.0027210884353741495,0.004081632653061225,0.004081632653061225,0.024489795918367346,0.021768707482993196,0.0013605442176870747,0.0013605442176870747,0.005442176870748299,0.006802721088435374,0.0013605442176870747,0.004081632653061225,0.02040816326530612,0.0013605442176870747,0.0013605442176870747,0.009523809523809525,0.04353741496598639,0.0013605442176870747,0.005442176870748299,0.0013605442176870747,0.010884353741496598,0.005442176870748299,0.0013605442176870747,0.0027210884353741495,0.012244897959183673,0.0013605442176870747,0.0013605442176870747,0.006802721088435374,0.004081632653061225,0.0027210884353741495,0.027210884353741496,0.009523809523809525,0.010884353741496598,0.0013605442176870747,0.006802721088435374,0.024489795918367346,0.010884353741496598,0.0013605442176870747,0.006802721088435374,0.0027210884353741495,0.0013605442176870747,0.005442176870748299,0.0013605442176870747,0.0013605442176870747,0.0013605442176870747,0.006802721088435374,0.0013605442176870747,0.0027210884353741495,0.0013605442176870747,0.0027210884353741495,0.013605442176870748,0.0013605442176870747,0.006802721088435374,0.0013605442176870747,0.02857142857142857,0.0027210884353741495,0.0027210884353741495,0.0027210884353741495,0.005442176870748299,0.0013605442176870747,0.00816326530612245,0.004081632653061225,0.00816326530612245,0.0013605442176870747,0.005442176870748299,0.0027210884353741495,0.0013605442176870747,0.0013605442176870747,0.0027210884353741495,0.0013605442176870747,0.0013605442176870747,0.0013605442176870747,0.005442176870748299,0.0013605442176870747,0.005442176870748299,0.0027210884353741495,0.0013605442176870747,0.0027210884353741495,0.0027210884353741495,0.005442176870748299,0.004081632653061225,0.0013605442176870747,0.0027210884353741495,0.0013605442176870747,0.0013605442176870747,0.0013605442176870747,0.005442176870748299,0.004081632653061225,0.0013605442176870747,0.0013605442176870747,0.0013605442176870747,0.0027210884353741495,0.009523809523809525,0.014965986394557823,0.0013605442176870747,0.0013605442176870747,0.0013605442176870747,0.0027210884353741495,0.0013605442176870747,0.004081632653061225,0.0013605442176870747,0.004081632653061225,0.0013605442176870747,0.0013605442176870747,0.0027210884353741495,0.0027210884353741495,0.0027210884353741495,0.0013605442176870747,0.0013605442176870747,0.0027210884353741495,0.0027210884353741495,0.0013605442176870747,0.0027210884353741495,0.0013605442176870747,0.0027210884353741495,0.0013605442176870747,0.0013605442176870747,0.0013605442176870747,0.0013605442176870747,0.0013605442176870747,0.0013605442176870747,0.0013605442176870747,0.005442176870748299,0.004081632653061225,0.0013605442176870747,0.0013605442176870747,0.0027210884353741495,0.0027210884353741495,0.0013605442176870747,0.0013605442176870747,0.0013605442176870747,0.004081632653061225,0.0013605442176870747,0.0013605442176870747,0.004081632653061225,0.0013605442176870747,0.0027210884353741495,0.005442176870748299,0.0027210884353741495,0.004081632653061225,0.0013605442176870747,0.005442176870748299,0.0027210884353741495,0.0013605442176870747,0.0013605442176870747,0.0013605442176870747,0.0013605442176870747,0.0027210884353741495,0.0013605442176870747,0.0013605442176870747,0.0013605442176870747,0.0013605442176870747,0.0013605442176870747,0.0027210884353741495,0.0027210884353741495,0.0013605442176870747,0.0013605442176870747,0.0013605442176870747,0.0013605442176870747,0.0013605442176870747,0.0013605442176870747,0.0013605442176870747,0.0013605442176870747,0.0013605442176870747,0.0013605442176870747,0.0013605442176870747,0.0027210884353741495,0.0013605442176870747,0.0027210884353741495,0.0013605442176870747,0.0013605442176870747,0.005442176870748299,0.005442176870748299,0.005442176870748299,0.0013605442176870747,0.0013605442176870747,0.0013605442176870747,0.0013605442176870747,0.0013605442176870747,0.0013605442176870747,0.0013605442176870747,0.0027210884353741495,0.0013605442176870747,0.0013605442176870747,0.0013605442176870747,0.0013605442176870747,0.0027210884353741495,0.0013605442176870747,0.0013605442176870747,0.0013605442176870747,0.004081632653061225,0.0013605442176870747,0.0013605442176870747,0.0013605442176870747,0.0013605442176870747,0.0027210884353741495,0.0013605442176870747,0.0013605442176870747,0.0013605442176870747,0.005442176870748299,0.0027210884353741495,0.0013605442176870747,0.0013605442176870747,0.0027210884353741495,0.0013605442176870747,0.0013605442176870747,0.0013605442176870747,0.0013605442176870747,0.0013605442176870747,0.0013605442176870747,0.0013605442176870747,0.0013605442176870747,0.0013605442176870747,0.0013605442176870747,0.0027210884353741495,0.0027210884353741495,0.0013605442176870747,0.0013605442176870747,0.0013605442176870747,0.0013605442176870747,0.0013605442176870747,0.0013605442176870747,0.0013605442176870747,0.0013605442176870747,0.0027210884353741495,0.0013605442176870747,0.0013605442176870747,0.0013605442176870747,0.0013605442176870747,0.0013605442176870747,0.0013605442176870747,0.0013605442176870747,0.0013605442176870747,0.0013605442176870747,0.0013605442176870747,0.0013605442176870747,0.0027210884353741495,0.0013605442176870747,0.0013605442176870747,0.0013605442176870747,0.0013605442176870747,0.0013605442176870747,0.0013605442176870747,0.0013605442176870747,0.0,0.0,0.0,0.0,0.0,0.0,0.0,0.0,0.0,0.0,0.0,0.0,0.0,0.0,0.0,0.0,0.0,0.0,0.0,0.0,0.0,0.0,0.0,0.0,0.0,0.0,0.0,0.0,0.0,0.0,0.0,0.0,0.0,0.0,0.0,0.0,0.0,0.0,0.0,0.0,0.0,0.0,0.0,0.0,0.0,0.0,0.0,0.0,0.0,0.0,0.0,0.0,0.0,0.0,0.0,0.0,0.0,0.0,0.0,0.0,0.0,0.0,0.0,0.0,0.0,0.0,0.0,0.0,0.0,0.0,0.0,0.0,0.0,0.0,0.0,0.0,0.0,0.0,0.0,0.0,0.0,0.0,0.0,0.0,0.0,0.0,0.0,0.0,0.0,0.0,0.0,0.0,0.0,0.0,0.0,0.0,0.0,0.0,0.0,0.0,0.0,0.0,0.0,0.0,0.0,0.0,0.0,0.0,0.0,0.0,0.0,0.0,0.0,0.0,0.0,0.0,0.0,0.0,0.0,0.0,0.0,0.0,0.0,0.0,0.0,0.0,0.0,0.0,0.0,0.0,0.0,0.0,0.0,0.0,0.0,0.0,0.0,0.0,0.0,0.0,0.0,0.0,0.0,0.0,0.0,0.0,0.0,0.0,0.0,0.0,0.0,0.0,0.0,0.0,0.0,0.0,0.0,0.0,0.0,0.0,0.0,0.0,0.0,0.0,0.0,0.0,0.0,0.0,0.0,0.0,0.0,0.0,0.0,0.0,0.0,0.0,0.0,0.0,0.0,0.0,0.0,0.0,0.0,0.0,0.0,0.0,0.0,0.0,0.0,0.0,0.0,0.0,0.0,0.0,0.0,0.0,0.0,0.0,0.0,0.0,0.0,0.0,0.0,0.0,0.0,0.0,0.0,0.0,0.0,0.0,0.0,0.0,0.0,0.0,0.0,0.0,0.0,0.0,0.0,0.0,0.0,0.0,0.0,0.0,0.0,0.0,0.0,0.0,0.0,0.0,0.0,0.0,0.0,0.0,0.0,0.0,0.0,0.0,0.0,0.0,0.0,0.0,0.0,0.0,0.0,0.0,0.0,0.0,0.0,0.0,0.0,0.0,0.0,0.0,0.0,0.0,0.0,0.0,0.0,0.0,0.0,0.0,0.0,0.0,0.0,0.0,0.0,0.0,0.0,0.0,0.0,0.0,0.0,0.0,0.0,0.0,0.0,0.0,0.0,0.0,0.0,0.0,0.0,0.0,0.0,0.0,0.0,0.0,0.0,0.0,0.0,0.0,0.0,0.0,0.0,0.0,0.0,0.0,0.0,0.0,0.0,0.0,0.0,0.0,1.0,0.0,0.0,0.0,0.0,0.0,0.0,0.0,0.0,0.0,0.0,0.0,0.0,0.0,0.0,0.0,0.0,0.0,0.0,0.0,0.0,0.0,0.0,0.0,0.0,0.0,0.0,0.0,0.0,0.0,0.0,0.0,0.0,0.0,0.0,0.0,0.0,0.0,0.0,0.0,0.0,0.0,0.0,0.0,0.0,0.0,0.0,0.0,0.0,0.0,0.0,0.0,0.0,0.0,0.0,0.0,0.0,0.0,0.0,0.0,0.0,0.0,0.0,0.0,0.0,0.0,0.0,0.0,0.0,0.0,0.0,0.0,0.0,0.0,0.0,0.0,0.0,0.0,0.0,0.0,0.0,0.0,0.0,0.0,0.0,0.0,0.0,0.0,0.0,0.0,0.0,0.0,0.0,0.0,0.0,0.0,0.0,0.0,0.0,0.0,0.0,0.0,0.0,0.0,0.0,0.0,0.0,0.0,0.0,0.0,0.0,0.0,0.0,0.0,0.0,0.0,0.0,0.0,0.0,0.0,0.0,0.0,0.0,0.0,0.0,0.0,0.0,0.0,0.0,0.0,0.0,0.0,0.0,0.0,0.0,0.0,0.0,0.0,0.0,0.0,0.0,0.0,0.0,0.0,0.0,0.0,0.0,0.0,0.0,0.0,0.0,0.0,0.0,0.0,0.0,0.0,0.0,0.0,0.0,0.0,0.0,0.0,0.0,0.0,0.0,0.0,0.0,0.0,0.0,0.0,0.0,0.0,0.0,0.0,0.0,0.0,0.0,0.0,0.0,0.0,0.0,0.0,0.0,0.0,0.0,0.0,0.0,0.0,0.0,0.0,0.0,0.0,0.0,0.0,0.0,0.0,0.0,0.0,0.0,0.0,0.0,0.0,0.0,0.0,0.0,0.0,0.0,0.0,0.0,0.0,0.0,0.0,0.0,0.0,0.0,0.0,0.0,0.0,0.0,0.0,0.0,0.0,0.0,0.0,0.0,0.0,0.0,0.0,0.0,0.0,0.0,0.0,0.0,0.0,0.0,0.0,0.0,0.0,0.0,0.0,0.0,0.0,0.0,0.0,0.0,0.0,0.0,0.0,0.0,0.0,0.0,0.0,0.0,0.0,0.0,0.0,0.0,0.0,0.0,0.0,0.0,0.0,0.0,0.0,0.0,0.0,0.0,0.0,0.0,0.0,0.0,0.0,0.0,0.0,0.0,0.0,0.0,0.0,0.0,0.0,0.0,0.0,0.0,0.0,0.0,0.0,0.0,0.0,0.0,0.0,0.0,0.0,0.0,0.0,0.0,0.0,0.0,0.0,0.0,0.0,0.0,0.0,0.0,0.0,0.0,0.0,0.0,0.0,0.0,0.0,0.0,0.0,0.0,0.0,0.0,0.0,0.0,0.0,0.0,0.0,0.0,0.0,0.0,0.0,0.0,0.0,0.0,0.0,0.0,0.0,0.0,0.0,0.0,0.0,0.0,0.0,0.0,0.0,0.0,0.0,0.0,0.0,0.0,0.0,0.0,0.0,0.0,0.0,0.0,0.0,0.0,0.0,0.0,0.0,0.0,0.0,0.0,0.0,0.0,0.0,0.0,0.0,0.0,0.0,0.0,0.0,0.0,0.0,0.0,0.0,0.0,0.0,0.0,0.0,0.0,0.0,0.0,0.0,0.0,0.0,0.0,0.0,0.0,0.0,0.0,0.0,0.0,0.0,0.0,0.0,0.0,0.0,0.0,0.0,0.0,0.0,0.0,0.0,0.0,0.0,0.0,0.0,0.0,0.0,0.0,0.0,0.0,0.0,0.0,0.0,0.0,0.0,0.0,0.0,0.0,0.0,0.0,0.0,0.0,0.0,0.0,0.0,0.0,0.0,0.0,0.0,0.0,0.0,0.0,0.0,0.0,0.0,0.0,0.0,0.0,0.0,0.0,0.0,0.0,0.0,0.0,0.0,0.0,0.0,0.0,0.0,0.0,0.0,0.0,0.0,0.0,0.0,0.0,0.0,0.0,0.0,0.0,0.0,0.0,0.0,0.0,0.0,0.0,0.0,0.0,0.0,0.0,0.0,0.0,0.0,0.0,0.0,0.0,0.0,0.0,0.0,0.0,0.0,0.0,0.0,0.0,0.0,0.0,0.0,0.0,0.0,0.0,0.0,0.0,0.0,0.0,0.0,0.0,0.0,0.0,0.0,0.0,0.0,0.0,0.0,0.0,0.0,0.0,0.0,0.0,0.0,0.0,0.0,0.0,0.0,0.0,0.0,0.0,0.0,0.0,0.0,0.0,0.0,0.0,0.0,0.0,0.0,0.0,0.0,0.0,0.0,0.0,0.0,0.0,0.0,0.0,0.0,0.0,0.0,0.0,0.0,0.0,0.0,0.0,0.0,0.0,0.0,0.0,0.0,0.0,0.0,0.0,0.0,0.0,0.0,0.0,0.0,0.0,0.0,0.0,0.0,0.0,0.0,0.0,0.0,0.0,0.0,0.0,0.0,0.0,0.0,0.0,0.0,0.0,0.0,0.0,0.0,0.0,0.0,0.0,0.0,0.0,0.0,0.0,0.0,0.0,0.0,0.0,0.0,0.0,0.0,0.0,0.0,0.0,0.0,0.0,0.0,0.0,0.0,0.0,0.0,0.0,0.0,0.0,0.0,0.0,0.0,0.0,0.0,0.0,0.0,0.0,0.0,0.0,0.0,0.0,0.0,0.0,0.0,0.0,0.0,0.0,0.0
SD2401267,20대,너희 집은 지금 오피스텔이잖아. 그 층간 소음 좀 있는 거 같아? 나 지금 7층 사는데 딱히 층간 소음은 없는 거 같은데 좀 그 아파트에 이상한 사람은 좀 있는 거 같더라. 왜냐하면은 우리가 집에 아무도 없는 상태였는데 갑자기 밑의 집에서 올라온다 아 그 밑의 집인가 어디서 막 신고가 들어왔다는 거야. 이 이 시간이 너무 시끄러웠었다고. 그래 가지고 그게 그게 꼭 밑의 집은 아니고 밑의 층은 아니었던 거 같은데 그런 사람이 좀 있어서 좀 뭐지 좀 조심해야겠다 이런 적은 있었어. 이런 적이 있어. 그리고 너는 지금 자취를 그 1곳에서만 했던 거야 이사 없이? 나도 지금 누나랑 같이 살라고 하면은 절대 못 살 거 같아. 누나랑 진짜 맞는 게 하나도 없단 말이야. 누나도 막 나도 새벽에 전화하면은 누나가 뭐라 하고. 어떨 때 누나가 새벽에 게임하면 또 나한테 이제 내가 이제 스트레스받고. 그래서 이제 만약에 내가 너처럼 그러니까 형제 같이 살라고 하면은 나는 못 살 거 같아. 그리고 그리고 그 이사를 좀 많이 다녔었는데 이사 다닐 때마다 이제 방이 있긴 한데 이게 크기가 이제 큰방 작은방이 있었단 말이야. 그래 가지고 누가 큰방 쓸 거냐 이런 거 때문에 또 엄청 싸운 적 싸웠었고 싸웠었던 거 같아. 그러면 본가도 그러면 지금 살던 데 쭉 계속 살고 있었던 거야 어릴 때부터? 나는 이제 어릴 때부터 정말 많이 다녔었는데 초등학교랑 중학교 때까지는 그래도 한동네 내에서 왔다 갔다 했던 거여서 좀 이제 이사하느라 좀 귀찮고 막 집 바뀌는 게 좀 불편 적응이 안 되 초반에 적응이 안 되는 게 있긴 했어도 이 친구들이랑 멀어진다 이런 거 없어서 괜찮았는데 중학교 3학년에서 이제 고등학교 때 한번 아예 학 그 학 우리 지금 다니는 학교 쪽으로 이사를 왔었단 말이야. 근데 그때 정말 좀 좋았던 친구들인데 완전 멀어지니까 그때 쪼끔 이제 스트레스를 받았었던 경험이 있고. 그래서 또 그래 가지고 이제 고등학교 1학년 때에서부터 2학년 때 또 이사를 가야 되는 상황이 된 거야. 근데 그래서 원래 다니던 고등학교 쪽으로 가려 했었는데 그러진 않고 이제 다시 원래 동네로 돌아갔었던 적이 있어. 나도 그런 전원주택에서 사는 꿈 같은 게 있었던 거 같아. 그 내가 직접 집을 만들고 아 설계해서 막 비밀 공간이나 아 이제 정말 큰 목욕탕이나 아니면 음 어떤 작업실 뭐 이런 걸 만들어 두고 싶다는 생각이 있었어. 만들고 싶다는. 그리 너 근데 지금 자취하고 있잖아. 그러면 그 가전제품 같은 거는 뭐 뭐 있어? 어 이러면 안 되는데. 나는 이제 본가에 살잖아. 어 집안일을 거의 다 안 하고 엄마가 하고 있어. 그러니까 설거지만 이제 내가 먹은 거 설거지하고 이제 그리고 옷 옷이나 분리수거 이런 거는 엄마 아빠가 거의 다 하는 거 같아. 그 자취하면서 이런 설거지나 분리수거 때문에 막 오빠랑 막 싸우거나 그러진 않아? 난 지금 너무 자취를 하고 싶어. 왜냐하면은 일단 난 이제 혼자가 편하단 말이야. 그래 가지고 이제 나만의 일상생활 패턴이 있는데 어쨌든 가족이랑 살면은 아무리 가족이라도 쪼금 지켜야 되는 게 있으니까 그런 게 이제 좀 나한테는 너무 좀 힘들고 내가 하고 싶은 것도 너무 제한이 되는 거 같아서 학교 근처에서 자취하고 싶다는 생각은 있는데 이게 자취도 어쨌든 돈이 많이 깨지니까 쉽사리 하진 못 하고 있고. 음 아마 군대 갔다 와서 자취를 할 수 있으면 하지 않을까 이런 생각이 있어. 음 너는 음 너희 집 인테리어는 혹시 어떻게 돼 있어? 음 우리 집은 이번에 새로 지은 아파트여 가지고 그냥 전체적으로 완전 깔끔한 느낌으로 지금 돼 있는데 이게 아파 이제 방 청소를 쪼끔만 안 해도 이제 옷가 방이 좀 좁아 가지고 옷도 막 의자 위에 올라가 있고 침대 위에 뭉쳐져 있고. 그래 가지고 인테리어는 깔끔한데 방 정리는 되게 안 돼 있는 거 같아. 그리고 또 새로 지은 아파트라 했잖아. 이게 요즘에 새로 지어서 그런가. 아파트가 되게 개성이 넘치더라고. 건물도 막 다 이 모습이 막 다르고. 막 저게 아파트 건물이야 이런 것도 있고. 그리고 처음에 이사 왔을 때 첫날인데 집을 못 찾겠는 거야. 왜냐하면은 보통 아파트 단지가 뭐 몇 호부터 몇 호 1에서 3 3에서 5 이렇게 순서대로 있는데 거기는 막 1에서 3이랑 17에서 19 이렇게 붙어 있고. 막 이상하게 다 붙어 있는 거야. 그래 가지고 처음 이사 갔을 때 그 아파트 단지 안에서 길 잃어 가지고 한 20분 30분 정도 헤맸던 기억이 있어. 너는 만약에 이제 앞으로 회사 다니고 할 거면은 하면은 혼자 살게 되면은 서울에서 계속 살고 싶어? 아니면은 대구? 이게 새로 지은 아파트여 가지고 이게 헬스장이나 도서관 뭐 어린이집 이런 게 입주된다는 얘기만 있고 아직은 인프라가 갖춰지진 못한 거 같아. 그래서 헬스장도 아마 생긴다곤 하는데 어 언제 생길진 잘 모르겠고. 그 아파트 단지 내에 도서관은 지금도 운영하고 있고. 그거 말고도 뭔가 주민들 휴식 공간이라고 하면서 건물이 몇 개 있더라고. 거기서 막 좀 차 같은 거 마시고 막 떠들면서 있는 아줌마들도 있고. 그 빈백 빈백도 있잖아. 그런 것도 아파트 단지 내에 몇 개 깔아둔 거야. 그래 가지고 거기서 좀 누워서 막 떠드는 사람들도 보고 이런 시설이 좀 있었어.,0.014965986394557823,0.02857142857142857,0.013605442176870748,0.0013605442176870747,0.005442176870748299,0.0027210884353741495,0.0027210884353741495,0.02312925170068027,0.0326530612244898,0.02040816326530612,0.004081632653061225,0.0163265306122449,0.0013605442176870747,0.005442176870748299,0.013605442176870748,0.0027210884353741495,0.004081632653061225,0.004081632653061225,0.024489795918367346,0.021768707482993196,0.0013605442176870747,0.0013605442176870747,0.005442176870748299,0.006802721088435374,0.0013605442176870747,0.004081632653061225,0.02040816326530612,0.0013605442176870747,0.0013605442176870747,0.009523809523809525,0.04353741496598639,0.0013605442176870747,0.005442176870748299,0.0013605442176870747,0.010884353741496598,0.005442176870748299,0.0013605442176870747,0.0027210884353741495,0.012244897959183673,0.0013605442176870747,0.0013605442176870747,0.006802721088435374,0.004081632653061225,0.0027210884353741495,0.027210884353741496,0.009523809523809525,0.010884353741496598,0.0013605442176870747,0.006802721088435374,0.024489795918367346,0.010884353741496598,0.0013605442176870747,0.006802721088435374,0.0027210884353741495,0.0013605442176870747,0.005442176870748299,0.0013605442176870747,0.0013605442176870747,0.0013605442176870747,0.006802721088435374,0.0013605442176870747,0.0027210884353741495,0.0013605442176870747,0.0027210884353741495,0.013605442176870748,0.0013605442176870747,0.006802721088435374,0.0013605442176870747,0.02857142857142857,0.0027210884353741495,0.0027210884353741495,0.0027210884353741495,0.005442176870748299,0.0013605442176870747,0.00816326530612245,0.004081632653061225,0.00816326530612245,0.0013605442176870747,0.005442176870748299,0.0027210884353741495,0.0013605442176870747,0.0013605442176870747,0.0027210884353741495,0.0013605442176870747,0.0013605442176870747,0.0013605442176870747,0.005442176870748299,0.0013605442176870747,0.005442176870748299,0.0027210884353741495,0.0013605442176870747,0.0027210884353741495,0.0027210884353741495,0.005442176870748299,0.004081632653061225,0.0013605442176870747,0.0027210884353741495,0.0013605442176870747,0.0013605442176870747,0.0013605442176870747,0.005442176870748299,0.004081632653061225,0.0013605442176870747,0.0013605442176870747,0.0013605442176870747,0.0027210884353741495,0.009523809523809525,0.014965986394557823,0.0013605442176870747,0.0013605442176870747,0.0013605442176870747,0.0027210884353741495,0.0013605442176870747,0.004081632653061225,0.0013605442176870747,0.004081632653061225,0.0013605442176870747,0.0013605442176870747,0.0027210884353741495,0.0027210884353741495,0.0027210884353741495,0.0013605442176870747,0.0013605442176870747,0.0027210884353741495,0.0027210884353741495,0.0013605442176870747,0.0027210884353741495,0.0013605442176870747,0.0027210884353741495,0.0013605442176870747,0.0013605442176870747,0.0013605442176870747,0.0013605442176870747,0.0013605442176870747,0.0013605442176870747,0.0013605442176870747,0.005442176870748299,0.004081632653061225,0.0013605442176870747,0.0013605442176870747,0.0027210884353741495,0.0027210884353741495,0.0013605442176870747,0.0013605442176870747,0.0013605442176870747,0.004081632653061225,0.0013605442176870747,0.0013605442176870747,0.004081632653061225,0.0013605442176870747,0.0027210884353741495,0.005442176870748299,0.0027210884353741495,0.004081632653061225,0.0013605442176870747,0.005442176870748299,0.0027210884353741495,0.0013605442176870747,0.0013605442176870747,0.0013605442176870747,0.0013605442176870747,0.0027210884353741495,0.0013605442176870747,0.0013605442176870747,0.0013605442176870747,0.0013605442176870747,0.0013605442176870747,0.0027210884353741495,0.0027210884353741495,0.0013605442176870747,0.0013605442176870747,0.0013605442176870747,0.0013605442176870747,0.0013605442176870747,0.0013605442176870747,0.0013605442176870747,0.0013605442176870747,0.0013605442176870747,0.0013605442176870747,0.0013605442176870747,0.0027210884353741495,0.0013605442176870747,0.0027210884353741495,0.0013605442176870747,0.0013605442176870747,0.005442176870748299,0.005442176870748299,0.005442176870748299,0.0013605442176870747,0.0013605442176870747,0.0013605442176870747,0.0013605442176870747,0.0013605442176870747,0.0013605442176870747,0.0013605442176870747,0.0027210884353741495,0.0013605442176870747,0.0013605442176870747,0.0013605442176870747,0.0013605442176870747,0.0027210884353741495,0.0013605442176870747,0.0013605442176870747,0.0013605442176870747,0.004081632653061225,0.0013605442176870747,0.0013605442176870747,0.0013605442176870747,0.0013605442176870747,0.0027210884353741495,0.0013605442176870747,0.0013605442176870747,0.0013605442176870747,0.005442176870748299,0.0027210884353741495,0.0013605442176870747,0.0013605442176870747,0.0027210884353741495,0.0013605442176870747,0.0013605442176870747,0.0013605442176870747,0.0013605442176870747,0.0013605442176870747,0.0013605442176870747,0.0013605442176870747,0.0013605442176870747,0.0013605442176870747,0.0013605442176870747,0.0027210884353741495,0.0027210884353741495,0.0013605442176870747,0.0013605442176870747,0.0013605442176870747,0.0013605442176870747,0.0013605442176870747,0.0013605442176870747,0.0013605442176870747,0.0013605442176870747,0.0027210884353741495,0.0013605442176870747,0.0013605442176870747,0.0013605442176870747,0.0013605442176870747,0.0013605442176870747,0.0013605442176870747,0.0013605442176870747,0.0013605442176870747,0.0013605442176870747,0.0013605442176870747,0.0013605442176870747,0.0027210884353741495,0.0013605442176870747,0.0013605442176870747,0.0013605442176870747,0.0013605442176870747,0.0013605442176870747,0.0013605442176870747,0.0013605442176870747,0.0,0.0,0.0,0.0,0.0,0.0,0.0,0.0,0.0,0.0,0.0,0.0,0.0,0.0,0.0,0.0,0.0,0.0,0.0,0.0,0.0,0.0,0.0,0.0,0.0,0.0,0.0,0.0,0.0,0.0,0.0,0.0,0.0,0.0,0.0,0.0,0.0,0.0,0.0,0.0,0.0,0.0,0.0,0.0,0.0,0.0,0.0,0.0,0.0,0.0,0.0,0.0,0.0,0.0,0.0,0.0,0.0,0.0,0.0,0.0,0.0,0.0,0.0,0.0,0.0,0.0,0.0,0.0,0.0,0.0,0.0,0.0,0.0,0.0,0.0,0.0,0.0,0.0,0.0,0.0,0.0,0.0,0.0,0.0,0.0,0.0,0.0,0.0,0.0,0.0,0.0,0.0,0.0,0.0,0.0,0.0,0.0,0.0,0.0,0.0,0.0,0.0,0.0,0.0,0.0,0.0,0.0,0.0,0.0,0.0,0.0,0.0,0.0,0.0,0.0,0.0,0.0,0.0,0.0,0.0,0.0,0.0,0.0,0.0,0.0,0.0,0.0,0.0,0.0,0.0,0.0,0.0,0.0,0.0,0.0,0.0,0.0,0.0,0.0,0.0,0.0,0.0,0.0,0.0,0.0,0.0,0.0,0.0,0.0,0.0,0.0,0.0,0.0,0.0,0.0,0.0,0.0,0.0,0.0,0.0,0.0,0.0,0.0,0.0,0.0,0.0,0.0,0.0,0.0,0.0,0.0,0.0,0.0,0.0,0.0,0.0,0.0,0.0,0.0,0.0,0.0,0.0,0.0,0.0,0.0,0.0,0.0,0.0,0.0,0.0,0.0,0.0,0.0,0.0,0.0,0.0,0.0,0.0,0.0,0.0,0.0,0.0,0.0,0.0,0.0,0.0,0.0,0.0,0.0,0.0,0.0,0.0,0.0,0.0,0.0,0.0,0.0,0.0,0.0,0.0,0.0,0.0,0.0,0.0,0.0,0.0,0.0,0.0,0.0,0.0,0.0,0.0,0.0,0.0,0.0,0.0,0.0,0.0,0.0,0.0,0.0,0.0,0.0,0.0,0.0,0.0,0.0,0.0,0.0,0.0,0.0,0.0,0.0,0.0,0.0,0.0,0.0,0.0,0.0,0.0,0.0,0.0,0.0,0.0,0.0,0.0,0.0,0.0,0.0,0.0,0.0,0.0,0.0,0.0,0.0,0.0,0.0,0.0,0.0,0.0,0.0,0.0,0.0,0.0,0.0,0.0,0.0,0.0,0.0,0.0,0.0,0.0,0.0,0.0,0.0,0.0,0.0,0.0,0.0,0.0,0.0,0.0,0.0,0.0,0.0,0.0,0.0,0.0,0.0,0.0,0.40085446204788466,0.0,0.0,0.0,0.0,0.0,0.0,0.0,0.0,0.0,0.0,0.0,0.0,0.0,0.0,0.0,0.0,0.0,0.0,0.0,0.0,0.0,0.0,0.0,0.0,0.0,0.0,0.0,0.0,0.0,0.0,0.0,0.0,0.0,0.0,0.0,0.0,0.0,0.0,0.0,0.0,0.0,0.0,0.0,0.0,0.0,0.0,0.0,0.0,0.0,0.0,0.0,0.0,0.0,0.0,0.0,0.0,0.0,0.0,0.0,0.0,0.0,0.0,0.0,0.0,0.0,0.0,0.0,0.0,0.0,0.0,0.0,0.0,0.0,0.0,0.0,0.0,0.0,0.0,0.0,0.0,0.0,0.0,0.0,0.0,0.0,0.0,0.0,0.0,0.0,0.0,0.0,0.0,0.0,0.0,0.0,0.0,0.0,0.0,0.0,0.0,0.0,0.0,0.0,0.0,0.0,0.0,0.0,0.0,0.0,0.0,0.0,0.0,0.0,0.0,0.0,0.0,0.0,0.0,0.0,0.0,0.0,0.0,0.0,0.0,0.0,0.0,0.0,0.0,0.0,0.0,0.0,0.0,0.0,0.0,0.0,0.0,0.0,0.0,0.0,0.0,0.0,0.0,0.0,0.0,0.0,0.0,0.0,0.0,0.0,0.0,0.0,0.0,0.0,0.0,0.0,0.0,0.0,0.0,0.0,0.0,0.0,0.0,0.0,0.0,0.0,0.0,0.0,0.0,0.0,0.0,0.0,0.0,0.0,0.0,0.0,0.0,0.0,0.0,0.0,0.0,0.0,0.0,0.0,0.0,0.0,0.0,0.0,0.0,0.0,0.0,0.0,0.0,0.0,0.0,0.0,0.0,0.0,0.0,0.0,0.0,0.0,0.0,0.0,0.0,0.0,0.0,0.0,0.0,0.0,0.0,0.0,0.0,0.0,0.0,0.0,0.0,0.0,0.0,0.0,0.0,0.0,0.0,0.0,0.0,0.0,0.0,0.0,0.0,0.0,0.0,0.0,0.0,0.0,0.0,0.0,0.0,0.0,0.0,0.0,0.0,0.0,0.0,0.0,0.0,0.0,0.0,0.0,0.0,0.0,0.0,0.0,0.0,0.0,0.0,0.0,0.0,0.0,0.0,0.0,0.0,0.0,0.0,0.0,0.0,0.0,0.0,0.0,0.0,0.0,0.0,0.0,0.0,0.0,0.0,0.0,0.0,0.0,0.0,0.0,0.0,0.0,0.0,0.0,0.0,0.0,0.0,0.0,0.0,0.0,0.0,0.0,0.0,0.0,0.0,0.0,0.0,0.0,0.0,0.0,0.0,0.0,0.0,0.0,0.0,0.0,0.0,0.0,0.0,0.0,0.0,0.0,0.0,0.0,0.0,0.0,0.0,0.0,0.0,0.0,0.0,0.0,0.0,0.0,0.0,0.0,0.0,0.0,0.0,0.0,0.0,0.0,0.0,0.0,0.0,0.0,0.0,0.0,0.0,0.0,0.0,0.0,0.0,0.0,0.0,0.0,0.0,0.0,0.0,0.0,0.0,0.0,0.0,0.0,0.0,0.0,0.0,0.0,0.0,0.0,0.0,0.0,0.0,0.0,0.0,0.0,0.0,0.0,0.0,0.0,0.0,0.0,0.0,0.0,0.0,0.0,0.0,0.0,0.0,0.0,0.0,0.0,0.0,0.0,0.0,0.0,0.0,0.0,0.0,0.0,0.0,0.0,0.0,0.0,0.0,0.0,0.0,0.0,0.0,0.0,0.0,0.0,0.0,0.0,0.0,0.0,0.0,0.0,0.0,0.0,0.0,0.0,0.0,0.0,0.0,0.0,0.0,0.0,0.0,0.0,0.0,0.0,0.0,0.0,0.0,0.0,0.0,0.0,0.0,0.0,0.0,0.0,0.0,0.0,0.0,0.0,0.0,0.0,0.0,0.5934050782318302,0.0,0.0,0.0,0.0,0.0,0.0,0.5603141940325377,0.0,0.0,0.0,0.0,0.0,0.0,0.0,0.0,0.0,0.0,0.0,0.0,0.0,0.0,0.0,0.0,0.0,0.0,0.0,0.0,0.0,0.0,0.0,0.0,0.0,0.0,0.0,0.0,0.0,0.0,0.0,0.0,0.0,0.0,0.0,0.0,0.0,0.0,0.0,0.0,0.0,0.0,0.0,0.0,0.0,0.0,0.0,0.0,0.0,0.4162140282963132,0.0,0.0,0.0,0.0,0.0,0.0,0.0,0.0,0.0,0.0,0.0,0.0,0.0,0.0,0.0,0.0,0.0,0.0,0.0,0.0,0.0,0.0,0.0,0.0,0.0,0.0,0.0,0.0,0.0,0.0,0.0,0.0,0.0,0.0,0.0,0.0,0.0,0.0,0.0,0.0,0.0,0.0,0.0,0.0,0.0,0.0,0.0,0.0,0.0,0.0,0.0,0.0,0.0,0.0,0.0,0.0,0.0,0.0,0.0,0.0,0.0,0.0,0.0,0.0,0.0,0.0,0.0,0.0,0.0,0.0,0.0,0.0,0.0,0.0,0.0,0.0,0.0,0.0,0.0,0.0,0.0,0.0,0.0,0.0,0.0,0.0,0.0,0.0,0.0,0.0,0.0,0.0,0.0,0.0,0.0,0.0,0.0,0.0,0.0,0.0,0.0,0.0,0.0,0.0,0.0,0.0,0.0,0.0,0.0,0.0,0.0,0.0,0.0,0.0,0.0
SD2401267,20대,너희 집은 지금 오피스텔이잖아. 그 층간 소음 좀 있는 거 같아? 나 지금 7층 사는데 딱히 층간 소음은 없는 거 같은데 좀 그 아파트에 이상한 사람은 좀 있는 거 같더라. 왜냐하면은 우리가 집에 아무도 없는 상태였는데 갑자기 밑의 집에서 올라온다 아 그 밑의 집인가 어디서 막 신고가 들어왔다는 거야. 이 이 시간이 너무 시끄러웠었다고. 그래 가지고 그게 그게 꼭 밑의 집은 아니고 밑의 층은 아니었던 거 같은데 그런 사람이 좀 있어서 좀 뭐지 좀 조심해야겠다 이런 적은 있었어. 이런 적이 있어. 그리고 너는 지금 자취를 그 1곳에서만 했던 거야 이사 없이? 나도 지금 누나랑 같이 살라고 하면은 절대 못 살 거 같아. 누나랑 진짜 맞는 게 하나도 없단 말이야. 누나도 막 나도 새벽에 전화하면은 누나가 뭐라 하고. 어떨 때 누나가 새벽에 게임하면 또 나한테 이제 내가 이제 스트레스받고. 그래서 이제 만약에 내가 너처럼 그러니까 형제 같이 살라고 하면은 나는 못 살 거 같아. 그리고 그리고 그 이사를 좀 많이 다녔었는데 이사 다닐 때마다 이제 방이 있긴 한데 이게 크기가 이제 큰방 작은방이 있었단 말이야. 그래 가지고 누가 큰방 쓸 거냐 이런 거 때문에 또 엄청 싸운 적 싸웠었고 싸웠었던 거 같아. 그러면 본가도 그러면 지금 살던 데 쭉 계속 살고 있었던 거야 어릴 때부터? 나는 이제 어릴 때부터 정말 많이 다녔었는데 초등학교랑 중학교 때까지는 그래도 한동네 내에서 왔다 갔다 했던 거여서 좀 이제 이사하느라 좀 귀찮고 막 집 바뀌는 게 좀 불편 적응이 안 되 초반에 적응이 안 되는 게 있긴 했어도 이 친구들이랑 멀어진다 이런 거 없어서 괜찮았는데 중학교 3학년에서 이제 고등학교 때 한번 아예 학 그 학 우리 지금 다니는 학교 쪽으로 이사를 왔었단 말이야. 근데 그때 정말 좀 좋았던 친구들인데 완전 멀어지니까 그때 쪼끔 이제 스트레스를 받았었던 경험이 있고. 그래서 또 그래 가지고 이제 고등학교 1학년 때에서부터 2학년 때 또 이사를 가야 되는 상황이 된 거야. 근데 그래서 원래 다니던 고등학교 쪽으로 가려 했었는데 그러진 않고 이제 다시 원래 동네로 돌아갔었던 적이 있어. 나도 그런 전원주택에서 사는 꿈 같은 게 있었던 거 같아. 그 내가 직접 집을 만들고 아 설계해서 막 비밀 공간이나 아 이제 정말 큰 목욕탕이나 아니면 음 어떤 작업실 뭐 이런 걸 만들어 두고 싶다는 생각이 있었어. 만들고 싶다는. 그리 너 근데 지금 자취하고 있잖아. 그러면 그 가전제품 같은 거는 뭐 뭐 있어? 어 이러면 안 되는데. 나는 이제 본가에 살잖아. 어 집안일을 거의 다 안 하고 엄마가 하고 있어. 그러니까 설거지만 이제 내가 먹은 거 설거지하고 이제 그리고 옷 옷이나 분리수거 이런 거는 엄마 아빠가 거의 다 하는 거 같아. 그 자취하면서 이런 설거지나 분리수거 때문에 막 오빠랑 막 싸우거나 그러진 않아? 난 지금 너무 자취를 하고 싶어. 왜냐하면은 일단 난 이제 혼자가 편하단 말이야. 그래 가지고 이제 나만의 일상생활 패턴이 있는데 어쨌든 가족이랑 살면은 아무리 가족이라도 쪼금 지켜야 되는 게 있으니까 그런 게 이제 좀 나한테는 너무 좀 힘들고 내가 하고 싶은 것도 너무 제한이 되는 거 같아서 학교 근처에서 자취하고 싶다는 생각은 있는데 이게 자취도 어쨌든 돈이 많이 깨지니까 쉽사리 하진 못 하고 있고. 음 아마 군대 갔다 와서 자취를 할 수 있으면 하지 않을까 이런 생각이 있어. 음 너는 음 너희 집 인테리어는 혹시 어떻게 돼 있어? 음 우리 집은 이번에 새로 지은 아파트여 가지고 그냥 전체적으로 완전 깔끔한 느낌으로 지금 돼 있는데 이게 아파 이제 방 청소를 쪼끔만 안 해도 이제 옷가 방이 좀 좁아 가지고 옷도 막 의자 위에 올라가 있고 침대 위에 뭉쳐져 있고. 그래 가지고 인테리어는 깔끔한데 방 정리는 되게 안 돼 있는 거 같아. 그리고 또 새로 지은 아파트라 했잖아. 이게 요즘에 새로 지어서 그런가. 아파트가 되게 개성이 넘치더라고. 건물도 막 다 이 모습이 막 다르고. 막 저게 아파트 건물이야 이런 것도 있고. 그리고 처음에 이사 왔을 때 첫날인데 집을 못 찾겠는 거야. 왜냐하면은 보통 아파트 단지가 뭐 몇 호부터 몇 호 1에서 3 3에서 5 이렇게 순서대로 있는데 거기는 막 1에서 3이랑 17에서 19 이렇게 붙어 있고. 막 이상하게 다 붙어 있는 거야. 그래 가지고 처음 이사 갔을 때 그 아파트 단지 안에서 길 잃어 가지고 한 20분 30분 정도 헤맸던 기억이 있어. 너는 만약에 이제 앞으로 회사 다니고 할 거면은 하면은 혼자 살게 되면은 서울에서 계속 살고 싶어? 아니면은 대구? 이게 새로 지은 아파트여 가지고 이게 헬스장이나 도서관 뭐 어린이집 이런 게 입주된다는 얘기만 있고 아직은 인프라가 갖춰지진 못한 거 같아. 그래서 헬스장도 아마 생긴다곤 하는데 어 언제 생길진 잘 모르겠고. 그 아파트 단지 내에 도서관은 지금도 운영하고 있고. 그거 말고도 뭔가 주민들 휴식 공간이라고 하면서 건물이 몇 개 있더라고. 거기서 막 좀 차 같은 거 마시고 막 떠들면서 있는 아줌마들도 있고. 그 빈백 빈백도 있잖아. 그런 것도 아파트 단지 내에 몇 개 깔아둔 거야. 그래 가지고 거기서 좀 누워서 막 떠드는 사람들도 보고 이런 시설이 좀 있었어.,0.014965986394557823,0.02857142857142857,0.013605442176870748,0.0013605442176870747,0.005442176870748299,0.0027210884353741495,0.0027210884353741495,0.02312925170068027,0.0326530612244898,0.02040816326530612,0.004081632653061225,0.0163265306122449,0.0013605442176870747,0.005442176870748299,0.013605442176870748,0.0027210884353741495,0.004081632653061225,0.004081632653061225,0.024489795918367346,0.021768707482993196,0.0013605442176870747,0.0013605442176870747,0.005442176870748299,0.006802721088435374,0.0013605442176870747,0.004081632653061225,0.02040816326530612,0.0013605442176870747,0.0013605442176870747,0.009523809523809525,0.04353741496598639,0.0013605442176870747,0.005442176870748299,0.0013605442176870747,0.010884353741496598,0.005442176870748299,0.0013605442176870747,0.0027210884353741495,0.012244897959183673,0.0013605442176870747,0.0013605442176870747,0.006802721088435374,0.004081632653061225,0.0027210884353741495,0.027210884353741496,0.009523809523809525,0.010884353741496598,0.0013605442176870747,0.006802721088435374,0.024489795918367346,0.010884353741496598,0.0013605442176870747,0.006802721088435374,0.0027210884353741495,0.0013605442176870747,0.005442176870748299,0.0013605442176870747,0.0013605442176870747,0.0013605442176870747,0.006802721088435374,0.0013605442176870747,0.0027210884353741495,0.0013605442176870747,0.0027210884353741495,0.013605442176870748,0.0013605442176870747,0.006802721088435374,0.0013605442176870747,0.02857142857142857,0.0027210884353741495,0.0027210884353741495,0.0027210884353741495,0.005442176870748299,0.0013605442176870747,0.00816326530612245,0.004081632653061225,0.00816326530612245,0.0013605442176870747,0.005442176870748299,0.0027210884353741495,0.0013605442176870747,0.0013605442176870747,0.0027210884353741495,0.0013605442176870747,0.0013605442176870747,0.0013605442176870747,0.005442176870748299,0.0013605442176870747,0.005442176870748299,0.0027210884353741495,0.0013605442176870747,0.0027210884353741495,0.0027210884353741495,0.005442176870748299,0.004081632653061225,0.0013605442176870747,0.0027210884353741495,0.0013605442176870747,0.0013605442176870747,0.0013605442176870747,0.005442176870748299,0.004081632653061225,0.0013605442176870747,0.0013605442176870747,0.0013605442176870747,0.0027210884353741495,0.009523809523809525,0.014965986394557823,0.0013605442176870747,0.0013605442176870747,0.0013605442176870747,0.0027210884353741495,0.0013605442176870747,0.004081632653061225,0.0013605442176870747,0.004081632653061225,0.0013605442176870747,0.0013605442176870747,0.0027210884353741495,0.0027210884353741495,0.0027210884353741495,0.0013605442176870747,0.0013605442176870747,0.0027210884353741495,0.0027210884353741495,0.0013605442176870747,0.0027210884353741495,0.0013605442176870747,0.0027210884353741495,0.0013605442176870747,0.0013605442176870747,0.0013605442176870747,0.0013605442176870747,0.0013605442176870747,0.0013605442176870747,0.0013605442176870747,0.005442176870748299,0.004081632653061225,0.0013605442176870747,0.0013605442176870747,0.0027210884353741495,0.0027210884353741495,0.0013605442176870747,0.0013605442176870747,0.0013605442176870747,0.004081632653061225,0.0013605442176870747,0.0013605442176870747,0.004081632653061225,0.0013605442176870747,0.0027210884353741495,0.005442176870748299,0.0027210884353741495,0.004081632653061225,0.0013605442176870747,0.005442176870748299,0.0027210884353741495,0.0013605442176870747,0.0013605442176870747,0.0013605442176870747,0.0013605442176870747,0.0027210884353741495,0.0013605442176870747,0.0013605442176870747,0.0013605442176870747,0.0013605442176870747,0.0013605442176870747,0.0027210884353741495,0.0027210884353741495,0.0013605442176870747,0.0013605442176870747,0.0013605442176870747,0.0013605442176870747,0.0013605442176870747,0.0013605442176870747,0.0013605442176870747,0.0013605442176870747,0.0013605442176870747,0.0013605442176870747,0.0013605442176870747,0.0027210884353741495,0.0013605442176870747,0.0027210884353741495,0.0013605442176870747,0.0013605442176870747,0.005442176870748299,0.005442176870748299,0.005442176870748299,0.0013605442176870747,0.0013605442176870747,0.0013605442176870747,0.0013605442176870747,0.0013605442176870747,0.0013605442176870747,0.0013605442176870747,0.0027210884353741495,0.0013605442176870747,0.0013605442176870747,0.0013605442176870747,0.0013605442176870747,0.0027210884353741495,0.0013605442176870747,0.0013605442176870747,0.0013605442176870747,0.004081632653061225,0.0013605442176870747,0.0013605442176870747,0.0013605442176870747,0.0013605442176870747,0.0027210884353741495,0.0013605442176870747,0.0013605442176870747,0.0013605442176870747,0.005442176870748299,0.0027210884353741495,0.0013605442176870747,0.0013605442176870747,0.0027210884353741495,0.0013605442176870747,0.0013605442176870747,0.0013605442176870747,0.0013605442176870747,0.0013605442176870747,0.0013605442176870747,0.0013605442176870747,0.0013605442176870747,0.0013605442176870747,0.0013605442176870747,0.0027210884353741495,0.0027210884353741495,0.0013605442176870747,0.0013605442176870747,0.0013605442176870747,0.0013605442176870747,0.0013605442176870747,0.0013605442176870747,0.0013605442176870747,0.0013605442176870747,0.0027210884353741495,0.0013605442176870747,0.0013605442176870747,0.0013605442176870747,0.0013605442176870747,0.0013605442176870747,0.0013605442176870747,0.0013605442176870747,0.0013605442176870747,0.0013605442176870747,0.0013605442176870747,0.0013605442176870747,0.0027210884353741495,0.0013605442176870747,0.0013605442176870747,0.0013605442176870747,0.0013605442176870747,0.0013605442176870747,0.0013605442176870747,0.0013605442176870747,0.0,0.0,0.0,0.0,0.0,0.0,0.0,0.0,0.0,0.0,0.0,0.0,0.0,0.0,0.0,0.0,0.0,0.0,0.0,0.0,0.0,0.0,0.0,0.0,0.0,0.0,0.0,0.0,0.0,0.0,0.0,0.0,0.0,0.0,0.0,0.0,0.0,0.0,0.0,0.0,0.0,0.0,0.0,0.0,0.0,0.0,0.0,0.0,0.0,0.0,0.0,0.0,0.0,0.0,0.0,0.0,0.0,0.0,0.0,0.0,0.0,0.0,0.0,0.0,0.0,0.0,0.0,0.0,0.0,0.0,0.0,0.0,0.0,0.0,0.0,0.0,0.0,0.0,0.0,0.0,0.0,0.0,0.0,0.0,0.0,0.0,0.0,0.0,0.0,0.0,0.0,0.0,0.0,0.0,0.0,0.0,0.0,0.0,0.0,0.0,0.0,0.0,0.0,0.0,0.0,0.0,0.0,0.0,0.0,0.0,0.0,0.0,0.0,0.0,0.0,0.0,0.0,0.0,0.0,0.0,0.0,0.0,0.0,0.0,0.0,0.0,0.0,0.0,0.0,0.0,0.0,0.0,0.0,0.0,0.0,0.0,0.0,0.0,0.0,0.0,0.0,0.0,0.0,0.0,0.0,0.0,0.0,0.0,0.0,0.0,0.0,0.0,0.0,0.0,0.0,0.0,0.0,0.0,0.0,0.0,0.0,0.0,0.0,0.0,0.0,0.0,0.0,0.0,0.0,0.0,0.0,0.0,0.0,0.0,0.0,0.0,0.0,0.0,0.0,0.0,0.0,0.0,0.0,0.0,0.0,0.0,0.0,0.0,0.0,0.0,0.0,0.0,0.0,0.0,0.0,0.0,0.0,0.0,0.0,0.0,0.0,0.0,0.0,0.0,0.0,0.0,0.0,0.0,0.0,0.0,0.0,0.0,0.0,0.0,0.0,0.0,0.0,0.0,0.0,0.0,0.0,0.5440481465810594,0.0,0.0,0.0,0.0,0.0,0.0,0.0,0.0,0.0,0.0,0.0,0.0,0.0,0.3537888792637949,0.0,0.0,0.0,0.0,0.0,0.0,0.0,0.0,0.0,0.47627642814874327,0.0,0.0,0.0,0.0,0.0,0.0,0.0,0.0,0.0,0.0,0.0,0.0,0.0,0.0,0.0,0.0,0.0,0.0,0.0,0.0,0.0,0.0,0.0,0.0,0.0,0.0,0.0,0.0,0.0,0.0,0.0,0.0,0.0,0.0,0.0,0.0,0.0,0.0,0.0,0.0,0.0,0.0,0.0,0.0,0.0,0.0,0.0,0.0,0.0,0.47627642814874327,0.0,0.0,0.0,0.0,0.0,0.0,0.0,0.0,0.0,0.0,0.0,0.0,0.0,0.0,0.0,0.0,0.0,0.0,0.0,0.0,0.0,0.0,0.0,0.0,0.0,0.0,0.0,0.0,0.0,0.0,0.0,0.0,0.0,0.0,0.0,0.0,0.0,0.0,0.0,0.0,0.0,0.0,0.0,0.0,0.0,0.0,0.0,0.0,0.0,0.0,0.0,0.0,0.0,0.0,0.0,0.0,0.0,0.0,0.0,0.0,0.0,0.0,0.0,0.0,0.0,0.0,0.0,0.0,0.0,0.0,0.0,0.0,0.0,0.0,0.0,0.0,0.0,0.0,0.0,0.0,0.0,0.0,0.0,0.0,0.0,0.0,0.0,0.0,0.0,0.0,0.0,0.0,0.0,0.0,0.0,0.0,0.0,0.0,0.0,0.0,0.0,0.0,0.0,0.0,0.0,0.0,0.0,0.0,0.0,0.0,0.0,0.0,0.0,0.0,0.0,0.0,0.0,0.0,0.0,0.0,0.0,0.0,0.0,0.0,0.0,0.0,0.0,0.0,0.0,0.0,0.0,0.0,0.0,0.0,0.0,0.0,0.0,0.0,0.0,0.0,0.0,0.0,0.0,0.0,0.0,0.0,0.0,0.0,0.0,0.0,0.0,0.0,0.0,0.0,0.0,0.0,0.0,0.0,0.0,0.0,0.0,0.0,0.0,0.0,0.0,0.0,0.0,0.0,0.0,0.0,0.0,0.0,0.0,0.0,0.0,0.0,0.0,0.0,0.0,0.0,0.0,0.0,0.0,0.0,0.0,0.0,0.0,0.0,0.0,0.0,0.0,0.0,0.0,0.0,0.0,0.0,0.0,0.0,0.0,0.0,0.0,0.0,0.0,0.0,0.0,0.0,0.0,0.0,0.0,0.0,0.0,0.0,0.0,0.0,0.0,0.0,0.0,0.0,0.0,0.0,0.0,0.0,0.0,0.0,0.0,0.0,0.0,0.0,0.0,0.0,0.0,0.0,0.0,0.0,0.0,0.0,0.0,0.0,0.0,0.0,0.0,0.0,0.0,0.0,0.0,0.0,0.0,0.0,0.0,0.0,0.0,0.0,0.0,0.0,0.0,0.0,0.0,0.0,0.0,0.0,0.0,0.0,0.0,0.0,0.0,0.0,0.0,0.0,0.0,0.0,0.0,0.0,0.0,0.0,0.0,0.0,0.0,0.0,0.0,0.0,0.0,0.0,0.0,0.0,0.0,0.0,0.0,0.0,0.0,0.0,0.0,0.0,0.0,0.0,0.0,0.0,0.0,0.0,0.0,0.0,0.0,0.0,0.0,0.0,0.0,0.0,0.0,0.0,0.0,0.0,0.0,0.0,0.0,0.0,0.0,0.0,0.0,0.0,0.0,0.0,0.0,0.0,0.0,0.0,0.0,0.0,0.0,0.0,0.0,0.0,0.0,0.0,0.0,0.0,0.0,0.0,0.0,0.0,0.0,0.0,0.0,0.0,0.0,0.0,0.0,0.0,0.0,0.0,0.0,0.0,0.0,0.0,0.0,0.0,0.0,0.0,0.0,0.0,0.0,0.0,0.0,0.0,0.0,0.0,0.0,0.0,0.0,0.0,0.0,0.0,0.0,0.0,0.0,0.0,0.0,0.0,0.0,0.0,0.0,0.0,0.0,0.0,0.0,0.0,0.0,0.0,0.0,0.0,0.0,0.0,0.0,0.0,0.0,0.0,0.0,0.0,0.0,0.0,0.0,0.0,0.0,0.0,0.0,0.0,0.0,0.0,0.0,0.0,0.0,0.0,0.0,0.0,0.0,0.0,0.0,0.0,0.0,0.0,0.0,0.0,0.0,0.0,0.0,0.0,0.0,0.0,0.0,0.0,0.0,0.0,0.0,0.0,0.0,0.0,0.0,0.0,0.0,0.0,0.0,0.0,0.0,0.0,0.0,0.0,0.0,0.3537888792637949,0.0,0.0,0.0,0.0,0.0,0.0,0.0,0.0,0.0,0.0,0.0,0.0,0.0,0.0,0.0,0.0,0.0,0.0,0.0,0.0,0.0,0.0,0.0,0.0,0.0,0.0,0.0,0.0,0.0,0.0,0.0,0.0,0.0,0.0,0.0,0.0,0.0,0.0,0.0,0.0,0.0,0.0,0.0,0.0,0.0,0.0,0.0,0.0,0.0,0.0,0.0,0.0,0.0,0.0,0.0,0.0,0.0,0.0,0.0,0.0,0.0,0.0,0.0,0.0,0.0,0.0,0.0,0.0,0.0,0.0,0.0,0.0,0.0,0.0,0.0,0.0,0.0,0.0,0.0,0.0,0.0,0.0,0.0,0.0,0.0,0.0,0.0,0.0,0.0,0.0,0.0,0.0,0.0,0.0,0.0,0.0,0.0,0.0,0.0,0.0,0.0,0.0,0.0,0.0,0.0,0.0,0.0,0.0,0.0,0.0,0.0,0.0,0.0,0.0,0.0,0.0,0.0,0.0,0.0,0.0,0.0,0.0,0.0,0.0,0.0,0.0,0.0,0.0,0.0,0.0,0.0,0.0,0.0,0.0,0.0,0.0,0.0,0.0,0.0,0.0,0.0,0.0,0.0,0.0,0.0,0.0,0.0,0.0,0.0,0.0,0.0,0.0,0.0,0.0,0.0,0.0,0.0,0.0,0.0,0.0,0.0,0.0,0.0,0.0,0.0,0.0,0.0,0.0,0.0,0.0,0.0,0.0,0.0,0.0,0.0,0.0,0.0,0.0,0.0,0.0
SD2401267,20대,너희 집은 지금 오피스텔이잖아. 그 층간 소음 좀 있는 거 같아? 나 지금 7층 사는데 딱히 층간 소음은 없는 거 같은데 좀 그 아파트에 이상한 사람은 좀 있는 거 같더라. 왜냐하면은 우리가 집에 아무도 없는 상태였는데 갑자기 밑의 집에서 올라온다 아 그 밑의 집인가 어디서 막 신고가 들어왔다는 거야. 이 이 시간이 너무 시끄러웠었다고. 그래 가지고 그게 그게 꼭 밑의 집은 아니고 밑의 층은 아니었던 거 같은데 그런 사람이 좀 있어서 좀 뭐지 좀 조심해야겠다 이런 적은 있었어. 이런 적이 있어. 그리고 너는 지금 자취를 그 1곳에서만 했던 거야 이사 없이? 나도 지금 누나랑 같이 살라고 하면은 절대 못 살 거 같아. 누나랑 진짜 맞는 게 하나도 없단 말이야. 누나도 막 나도 새벽에 전화하면은 누나가 뭐라 하고. 어떨 때 누나가 새벽에 게임하면 또 나한테 이제 내가 이제 스트레스받고. 그래서 이제 만약에 내가 너처럼 그러니까 형제 같이 살라고 하면은 나는 못 살 거 같아. 그리고 그리고 그 이사를 좀 많이 다녔었는데 이사 다닐 때마다 이제 방이 있긴 한데 이게 크기가 이제 큰방 작은방이 있었단 말이야. 그래 가지고 누가 큰방 쓸 거냐 이런 거 때문에 또 엄청 싸운 적 싸웠었고 싸웠었던 거 같아. 그러면 본가도 그러면 지금 살던 데 쭉 계속 살고 있었던 거야 어릴 때부터? 나는 이제 어릴 때부터 정말 많이 다녔었는데 초등학교랑 중학교 때까지는 그래도 한동네 내에서 왔다 갔다 했던 거여서 좀 이제 이사하느라 좀 귀찮고 막 집 바뀌는 게 좀 불편 적응이 안 되 초반에 적응이 안 되는 게 있긴 했어도 이 친구들이랑 멀어진다 이런 거 없어서 괜찮았는데 중학교 3학년에서 이제 고등학교 때 한번 아예 학 그 학 우리 지금 다니는 학교 쪽으로 이사를 왔었단 말이야. 근데 그때 정말 좀 좋았던 친구들인데 완전 멀어지니까 그때 쪼끔 이제 스트레스를 받았었던 경험이 있고. 그래서 또 그래 가지고 이제 고등학교 1학년 때에서부터 2학년 때 또 이사를 가야 되는 상황이 된 거야. 근데 그래서 원래 다니던 고등학교 쪽으로 가려 했었는데 그러진 않고 이제 다시 원래 동네로 돌아갔었던 적이 있어. 나도 그런 전원주택에서 사는 꿈 같은 게 있었던 거 같아. 그 내가 직접 집을 만들고 아 설계해서 막 비밀 공간이나 아 이제 정말 큰 목욕탕이나 아니면 음 어떤 작업실 뭐 이런 걸 만들어 두고 싶다는 생각이 있었어. 만들고 싶다는. 그리 너 근데 지금 자취하고 있잖아. 그러면 그 가전제품 같은 거는 뭐 뭐 있어? 어 이러면 안 되는데. 나는 이제 본가에 살잖아. 어 집안일을 거의 다 안 하고 엄마가 하고 있어. 그러니까 설거지만 이제 내가 먹은 거 설거지하고 이제 그리고 옷 옷이나 분리수거 이런 거는 엄마 아빠가 거의 다 하는 거 같아. 그 자취하면서 이런 설거지나 분리수거 때문에 막 오빠랑 막 싸우거나 그러진 않아? 난 지금 너무 자취를 하고 싶어. 왜냐하면은 일단 난 이제 혼자가 편하단 말이야. 그래 가지고 이제 나만의 일상생활 패턴이 있는데 어쨌든 가족이랑 살면은 아무리 가족이라도 쪼금 지켜야 되는 게 있으니까 그런 게 이제 좀 나한테는 너무 좀 힘들고 내가 하고 싶은 것도 너무 제한이 되는 거 같아서 학교 근처에서 자취하고 싶다는 생각은 있는데 이게 자취도 어쨌든 돈이 많이 깨지니까 쉽사리 하진 못 하고 있고. 음 아마 군대 갔다 와서 자취를 할 수 있으면 하지 않을까 이런 생각이 있어. 음 너는 음 너희 집 인테리어는 혹시 어떻게 돼 있어? 음 우리 집은 이번에 새로 지은 아파트여 가지고 그냥 전체적으로 완전 깔끔한 느낌으로 지금 돼 있는데 이게 아파 이제 방 청소를 쪼끔만 안 해도 이제 옷가 방이 좀 좁아 가지고 옷도 막 의자 위에 올라가 있고 침대 위에 뭉쳐져 있고. 그래 가지고 인테리어는 깔끔한데 방 정리는 되게 안 돼 있는 거 같아. 그리고 또 새로 지은 아파트라 했잖아. 이게 요즘에 새로 지어서 그런가. 아파트가 되게 개성이 넘치더라고. 건물도 막 다 이 모습이 막 다르고. 막 저게 아파트 건물이야 이런 것도 있고. 그리고 처음에 이사 왔을 때 첫날인데 집을 못 찾겠는 거야. 왜냐하면은 보통 아파트 단지가 뭐 몇 호부터 몇 호 1에서 3 3에서 5 이렇게 순서대로 있는데 거기는 막 1에서 3이랑 17에서 19 이렇게 붙어 있고. 막 이상하게 다 붙어 있는 거야. 그래 가지고 처음 이사 갔을 때 그 아파트 단지 안에서 길 잃어 가지고 한 20분 30분 정도 헤맸던 기억이 있어. 너는 만약에 이제 앞으로 회사 다니고 할 거면은 하면은 혼자 살게 되면은 서울에서 계속 살고 싶어? 아니면은 대구? 이게 새로 지은 아파트여 가지고 이게 헬스장이나 도서관 뭐 어린이집 이런 게 입주된다는 얘기만 있고 아직은 인프라가 갖춰지진 못한 거 같아. 그래서 헬스장도 아마 생긴다곤 하는데 어 언제 생길진 잘 모르겠고. 그 아파트 단지 내에 도서관은 지금도 운영하고 있고. 그거 말고도 뭔가 주민들 휴식 공간이라고 하면서 건물이 몇 개 있더라고. 거기서 막 좀 차 같은 거 마시고 막 떠들면서 있는 아줌마들도 있고. 그 빈백 빈백도 있잖아. 그런 것도 아파트 단지 내에 몇 개 깔아둔 거야. 그래 가지고 거기서 좀 누워서 막 떠드는 사람들도 보고 이런 시설이 좀 있었어.,0.014965986394557823,0.02857142857142857,0.013605442176870748,0.0013605442176870747,0.005442176870748299,0.0027210884353741495,0.0027210884353741495,0.02312925170068027,0.0326530612244898,0.02040816326530612,0.004081632653061225,0.0163265306122449,0.0013605442176870747,0.005442176870748299,0.013605442176870748,0.0027210884353741495,0.004081632653061225,0.004081632653061225,0.024489795918367346,0.021768707482993196,0.0013605442176870747,0.0013605442176870747,0.005442176870748299,0.006802721088435374,0.0013605442176870747,0.004081632653061225,0.02040816326530612,0.0013605442176870747,0.0013605442176870747,0.009523809523809525,0.04353741496598639,0.0013605442176870747,0.005442176870748299,0.0013605442176870747,0.010884353741496598,0.005442176870748299,0.0013605442176870747,0.0027210884353741495,0.012244897959183673,0.0013605442176870747,0.0013605442176870747,0.006802721088435374,0.004081632653061225,0.0027210884353741495,0.027210884353741496,0.009523809523809525,0.010884353741496598,0.0013605442176870747,0.006802721088435374,0.024489795918367346,0.010884353741496598,0.0013605442176870747,0.006802721088435374,0.0027210884353741495,0.0013605442176870747,0.005442176870748299,0.0013605442176870747,0.0013605442176870747,0.0013605442176870747,0.006802721088435374,0.0013605442176870747,0.0027210884353741495,0.0013605442176870747,0.0027210884353741495,0.013605442176870748,0.0013605442176870747,0.006802721088435374,0.0013605442176870747,0.02857142857142857,0.0027210884353741495,0.0027210884353741495,0.0027210884353741495,0.005442176870748299,0.0013605442176870747,0.00816326530612245,0.004081632653061225,0.00816326530612245,0.0013605442176870747,0.005442176870748299,0.0027210884353741495,0.0013605442176870747,0.0013605442176870747,0.0027210884353741495,0.0013605442176870747,0.0013605442176870747,0.0013605442176870747,0.005442176870748299,0.0013605442176870747,0.005442176870748299,0.0027210884353741495,0.0013605442176870747,0.0027210884353741495,0.0027210884353741495,0.005442176870748299,0.004081632653061225,0.0013605442176870747,0.0027210884353741495,0.0013605442176870747,0.0013605442176870747,0.0013605442176870747,0.005442176870748299,0.004081632653061225,0.0013605442176870747,0.0013605442176870747,0.0013605442176870747,0.0027210884353741495,0.009523809523809525,0.014965986394557823,0.0013605442176870747,0.0013605442176870747,0.0013605442176870747,0.0027210884353741495,0.0013605442176870747,0.004081632653061225,0.0013605442176870747,0.004081632653061225,0.0013605442176870747,0.0013605442176870747,0.0027210884353741495,0.0027210884353741495,0.0027210884353741495,0.0013605442176870747,0.0013605442176870747,0.0027210884353741495,0.0027210884353741495,0.0013605442176870747,0.0027210884353741495,0.0013605442176870747,0.0027210884353741495,0.0013605442176870747,0.0013605442176870747,0.0013605442176870747,0.0013605442176870747,0.0013605442176870747,0.0013605442176870747,0.0013605442176870747,0.005442176870748299,0.004081632653061225,0.0013605442176870747,0.0013605442176870747,0.0027210884353741495,0.0027210884353741495,0.0013605442176870747,0.0013605442176870747,0.0013605442176870747,0.004081632653061225,0.0013605442176870747,0.0013605442176870747,0.004081632653061225,0.0013605442176870747,0.0027210884353741495,0.005442176870748299,0.0027210884353741495,0.004081632653061225,0.0013605442176870747,0.005442176870748299,0.0027210884353741495,0.0013605442176870747,0.0013605442176870747,0.0013605442176870747,0.0013605442176870747,0.0027210884353741495,0.0013605442176870747,0.0013605442176870747,0.0013605442176870747,0.0013605442176870747,0.0013605442176870747,0.0027210884353741495,0.0027210884353741495,0.0013605442176870747,0.0013605442176870747,0.0013605442176870747,0.0013605442176870747,0.0013605442176870747,0.0013605442176870747,0.0013605442176870747,0.0013605442176870747,0.0013605442176870747,0.0013605442176870747,0.0013605442176870747,0.0027210884353741495,0.0013605442176870747,0.0027210884353741495,0.0013605442176870747,0.0013605442176870747,0.005442176870748299,0.005442176870748299,0.005442176870748299,0.0013605442176870747,0.0013605442176870747,0.0013605442176870747,0.0013605442176870747,0.0013605442176870747,0.0013605442176870747,0.0013605442176870747,0.0027210884353741495,0.0013605442176870747,0.0013605442176870747,0.0013605442176870747,0.0013605442176870747,0.0027210884353741495,0.0013605442176870747,0.0013605442176870747,0.0013605442176870747,0.004081632653061225,0.0013605442176870747,0.0013605442176870747,0.0013605442176870747,0.0013605442176870747,0.0027210884353741495,0.0013605442176870747,0.0013605442176870747,0.0013605442176870747,0.005442176870748299,0.0027210884353741495,0.0013605442176870747,0.0013605442176870747,0.0027210884353741495,0.0013605442176870747,0.0013605442176870747,0.0013605442176870747,0.0013605442176870747,0.0013605442176870747,0.0013605442176870747,0.0013605442176870747,0.0013605442176870747,0.0013605442176870747,0.0013605442176870747,0.0027210884353741495,0.0027210884353741495,0.0013605442176870747,0.0013605442176870747,0.0013605442176870747,0.0013605442176870747,0.0013605442176870747,0.0013605442176870747,0.0013605442176870747,0.0013605442176870747,0.0027210884353741495,0.0013605442176870747,0.0013605442176870747,0.0013605442176870747,0.0013605442176870747,0.0013605442176870747,0.0013605442176870747,0.0013605442176870747,0.0013605442176870747,0.0013605442176870747,0.0013605442176870747,0.0013605442176870747,0.0027210884353741495,0.0013605442176870747,0.0013605442176870747,0.0013605442176870747,0.0013605442176870747,0.0013605442176870747,0.0013605442176870747,0.0013605442176870747,0.0,0.0,0.0,0.0,0.0,0.0,0.0,0.0,0.0,0.0,0.0,0.0,0.0,0.0,0.0,0.0,0.0,0.0,0.0,0.0,0.0,0.0,0.0,0.0,0.0,0.0,0.0,0.0,0.0,0.0,0.0,0.0,0.0,0.0,0.0,0.0,0.0,0.0,0.0,0.0,0.0,0.0,0.0,0.0,0.0,0.0,0.0,0.0,0.0,0.0,0.0,0.0,0.0,0.0,0.0,0.0,0.0,0.0,0.0,0.0,0.0,0.0,0.0,0.0,0.0,0.0,0.0,0.0,0.0,0.0,0.0,0.0,0.0,0.0,0.0,0.0,0.0,0.0,0.0,0.0,0.0,0.0,0.0,0.0,0.0,0.0,0.0,0.0,0.0,0.0,0.0,0.0,0.0,0.0,0.0,0.0,0.0,0.0,0.0,0.0,0.0,0.0,0.0,0.0,0.0,0.0,0.0,0.0,0.0,0.0,0.0,0.0,0.0,0.0,0.0,0.0,0.0,0.0,0.0,0.0,0.0,0.0,0.0,0.0,0.0,0.0,0.0,0.0,0.0,0.0,0.0,0.0,0.0,0.0,0.0,0.0,0.0,0.0,0.0,0.0,0.0,0.0,0.0,0.0,0.0,0.0,0.0,0.0,0.0,0.0,0.0,0.0,0.0,0.0,0.0,0.0,0.0,0.0,0.0,0.0,0.0,0.0,0.0,0.0,0.0,0.0,0.0,0.0,0.0,0.0,0.0,0.0,0.0,0.0,0.0,0.0,0.0,0.0,0.0,0.0,0.0,0.0,0.0,0.0,0.0,0.0,0.0,0.0,0.0,0.0,0.0,0.0,0.0,0.0,0.0,0.0,0.0,0.0,0.0,0.0,0.0,0.0,0.0,0.0,0.0,0.0,0.0,0.0,0.0,0.0,0.0,0.0,0.0,0.0,0.0,0.0,0.0,0.0,0.0,0.0,0.0,0.0,0.0,0.0,0.0,0.0,0.0,0.0,0.0,0.0,0.0,0.0,0.0,0.0,0.0,0.0,0.0,0.0,0.0,0.0,0.0,0.0,0.0,0.0,0.0,0.0,0.0,0.0,0.0,0.0,0.0,0.0,0.0,0.0,0.0,0.0,0.0,0.0,0.0,0.0,0.0,0.0,0.0,0.0,0.0,0.0,0.0,0.0,0.0,0.0,0.0,0.0,0.0,0.0,0.0,0.0,0.0,0.0,0.0,0.0,0.0,0.0,0.0,0.0,0.0,0.0,0.0,0.0,0.0,0.0,0.0,0.0,0.0,0.0,0.0,0.0,0.0,0.0,0.0,0.0,0.0,0.0,0.0,0.0,0.0,0.0,0.0,0.0,0.0,0.0,0.0,0.0,0.0,0.0,0.0,0.0,0.0,0.0,0.0,0.0,0.0,0.0,0.0,0.0,0.0,0.0,0.0,0.0,0.0,0.0,0.0,0.0,0.0,0.0,0.0,0.0,0.0,0.0,0.0,0.0,0.0,0.0,0.0,0.0,0.0,0.0,0.0,0.0,0.0,0.0,0.0,0.0,0.0,0.0,0.0,0.0,0.0,0.0,0.0,0.0,0.0,0.0,0.0,0.0,0.0,0.0,0.0,0.0,0.0,0.0,0.0,0.0,0.0,0.0,0.0,0.0,0.0,0.0,0.0,0.0,0.0,0.0,0.0,0.0,0.0,0.0,0.0,0.0,0.0,0.0,0.0,0.0,0.0,0.0,0.0,0.0,0.0,0.0,0.0,0.0,0.0,0.0,0.0,0.0,0.7071067811865475,0.0,0.0,0.0,0.0,0.0,0.0,0.0,0.0,0.0,0.0,0.0,0.0,0.0,0.0,0.0,0.0,0.0,0.0,0.0,0.0,0.0,0.0,0.0,0.0,0.0,0.0,0.0,0.0,0.0,0.0,0.0,0.0,0.0,0.0,0.0,0.0,0.0,0.0,0.0,0.0,0.0,0.0,0.0,0.0,0.0,0.0,0.0,0.0,0.0,0.0,0.0,0.0,0.0,0.0,0.0,0.0,0.0,0.0,0.0,0.0,0.0,0.0,0.0,0.0,0.0,0.0,0.0,0.0,0.0,0.0,0.0,0.0,0.0,0.0,0.0,0.0,0.0,0.0,0.0,0.0,0.0,0.0,0.0,0.0,0.0,0.0,0.0,0.0,0.0,0.0,0.0,0.0,0.0,0.0,0.0,0.0,0.0,0.0,0.0,0.0,0.0,0.0,0.0,0.0,0.0,0.0,0.0,0.0,0.0,0.0,0.0,0.0,0.0,0.0,0.0,0.0,0.0,0.0,0.0,0.0,0.0,0.0,0.0,0.0,0.0,0.0,0.0,0.0,0.0,0.0,0.0,0.0,0.0,0.0,0.0,0.0,0.0,0.0,0.0,0.0,0.0,0.0,0.0,0.0,0.0,0.0,0.0,0.0,0.0,0.0,0.0,0.0,0.0,0.0,0.0,0.0,0.0,0.0,0.0,0.0,0.0,0.0,0.0,0.0,0.0,0.0,0.0,0.0,0.0,0.0,0.0,0.0,0.0,0.0,0.0,0.0,0.0,0.0,0.0,0.0,0.0,0.0,0.0,0.0,0.0,0.0,0.0,0.0,0.0,0.0,0.0,0.0,0.0,0.0,0.0,0.0,0.0,0.0,0.0,0.0,0.0,0.0,0.0,0.0,0.0,0.0,0.0,0.0,0.0,0.0,0.0,0.0,0.0,0.0,0.0,0.0,0.0,0.0,0.0,0.0,0.0,0.0,0.0,0.0,0.0,0.0,0.0,0.0,0.0,0.0,0.0,0.0,0.0,0.0,0.0,0.0,0.0,0.0,0.0,0.0,0.0,0.0,0.0,0.0,0.0,0.0,0.0,0.0,0.0,0.0,0.0,0.0,0.0,0.0,0.0,0.0,0.0,0.0,0.0,0.0,0.0,0.0,0.0,0.0,0.0,0.0,0.0,0.0,0.0,0.0,0.0,0.0,0.0,0.0,0.0,0.0,0.0,0.0,0.0,0.0,0.0,0.0,0.0,0.0,0.0,0.0,0.0,0.0,0.0,0.0,0.0,0.0,0.0,0.0,0.0,0.0,0.0,0.0,0.0,0.0,0.0,0.0,0.0,0.0,0.0,0.7071067811865475,0.0,0.0,0.0,0.0,0.0,0.0,0.0,0.0,0.0,0.0,0.0,0.0,0.0,0.0,0.0,0.0,0.0,0.0,0.0,0.0,0.0,0.0,0.0,0.0,0.0,0.0,0.0,0.0,0.0,0.0,0.0,0.0,0.0,0.0,0.0,0.0,0.0,0.0,0.0,0.0,0.0,0.0,0.0,0.0,0.0,0.0,0.0,0.0,0.0,0.0,0.0,0.0,0.0,0.0,0.0,0.0,0.0,0.0,0.0,0.0,0.0,0.0,0.0,0.0,0.0,0.0,0.0,0.0,0.0,0.0,0.0,0.0,0.0,0.0,0.0,0.0,0.0,0.0,0.0,0.0,0.0,0.0,0.0,0.0,0.0,0.0,0.0,0.0,0.0,0.0,0.0,0.0,0.0,0.0,0.0,0.0,0.0,0.0,0.0,0.0,0.0,0.0,0.0,0.0,0.0,0.0,0.0,0.0,0.0,0.0,0.0,0.0,0.0,0.0,0.0,0.0,0.0,0.0,0.0,0.0,0.0,0.0,0.0,0.0,0.0,0.0,0.0,0.0,0.0,0.0,0.0,0.0,0.0,0.0,0.0,0.0,0.0,0.0,0.0,0.0,0.0,0.0,0.0,0.0,0.0,0.0,0.0,0.0,0.0,0.0,0.0,0.0,0.0,0.0,0.0,0.0,0.0,0.0,0.0,0.0,0.0,0.0,0.0,0.0,0.0,0.0,0.0,0.0,0.0,0.0,0.0,0.0,0.0,0.0,0.0,0.0,0.0,0.0,0.0,0.0,0.0,0.0,0.0,0.0,0.0,0.0,0.0,0.0,0.0,0.0,0.0,0.0,0.0,0.0,0.0,0.0,0.0,0.0,0.0,0.0,0.0,0.0,0.0,0.0,0.0,0.0,0.0,0.0,0.0,0.0,0.0
SD2401267,20대,너희 집은 지금 오피스텔이잖아. 그 층간 소음 좀 있는 거 같아? 나 지금 7층 사는데 딱히 층간 소음은 없는 거 같은데 좀 그 아파트에 이상한 사람은 좀 있는 거 같더라. 왜냐하면은 우리가 집에 아무도 없는 상태였는데 갑자기 밑의 집에서 올라온다 아 그 밑의 집인가 어디서 막 신고가 들어왔다는 거야. 이 이 시간이 너무 시끄러웠었다고. 그래 가지고 그게 그게 꼭 밑의 집은 아니고 밑의 층은 아니었던 거 같은데 그런 사람이 좀 있어서 좀 뭐지 좀 조심해야겠다 이런 적은 있었어. 이런 적이 있어. 그리고 너는 지금 자취를 그 1곳에서만 했던 거야 이사 없이? 나도 지금 누나랑 같이 살라고 하면은 절대 못 살 거 같아. 누나랑 진짜 맞는 게 하나도 없단 말이야. 누나도 막 나도 새벽에 전화하면은 누나가 뭐라 하고. 어떨 때 누나가 새벽에 게임하면 또 나한테 이제 내가 이제 스트레스받고. 그래서 이제 만약에 내가 너처럼 그러니까 형제 같이 살라고 하면은 나는 못 살 거 같아. 그리고 그리고 그 이사를 좀 많이 다녔었는데 이사 다닐 때마다 이제 방이 있긴 한데 이게 크기가 이제 큰방 작은방이 있었단 말이야. 그래 가지고 누가 큰방 쓸 거냐 이런 거 때문에 또 엄청 싸운 적 싸웠었고 싸웠었던 거 같아. 그러면 본가도 그러면 지금 살던 데 쭉 계속 살고 있었던 거야 어릴 때부터? 나는 이제 어릴 때부터 정말 많이 다녔었는데 초등학교랑 중학교 때까지는 그래도 한동네 내에서 왔다 갔다 했던 거여서 좀 이제 이사하느라 좀 귀찮고 막 집 바뀌는 게 좀 불편 적응이 안 되 초반에 적응이 안 되는 게 있긴 했어도 이 친구들이랑 멀어진다 이런 거 없어서 괜찮았는데 중학교 3학년에서 이제 고등학교 때 한번 아예 학 그 학 우리 지금 다니는 학교 쪽으로 이사를 왔었단 말이야. 근데 그때 정말 좀 좋았던 친구들인데 완전 멀어지니까 그때 쪼끔 이제 스트레스를 받았었던 경험이 있고. 그래서 또 그래 가지고 이제 고등학교 1학년 때에서부터 2학년 때 또 이사를 가야 되는 상황이 된 거야. 근데 그래서 원래 다니던 고등학교 쪽으로 가려 했었는데 그러진 않고 이제 다시 원래 동네로 돌아갔었던 적이 있어. 나도 그런 전원주택에서 사는 꿈 같은 게 있었던 거 같아. 그 내가 직접 집을 만들고 아 설계해서 막 비밀 공간이나 아 이제 정말 큰 목욕탕이나 아니면 음 어떤 작업실 뭐 이런 걸 만들어 두고 싶다는 생각이 있었어. 만들고 싶다는. 그리 너 근데 지금 자취하고 있잖아. 그러면 그 가전제품 같은 거는 뭐 뭐 있어? 어 이러면 안 되는데. 나는 이제 본가에 살잖아. 어 집안일을 거의 다 안 하고 엄마가 하고 있어. 그러니까 설거지만 이제 내가 먹은 거 설거지하고 이제 그리고 옷 옷이나 분리수거 이런 거는 엄마 아빠가 거의 다 하는 거 같아. 그 자취하면서 이런 설거지나 분리수거 때문에 막 오빠랑 막 싸우거나 그러진 않아? 난 지금 너무 자취를 하고 싶어. 왜냐하면은 일단 난 이제 혼자가 편하단 말이야. 그래 가지고 이제 나만의 일상생활 패턴이 있는데 어쨌든 가족이랑 살면은 아무리 가족이라도 쪼금 지켜야 되는 게 있으니까 그런 게 이제 좀 나한테는 너무 좀 힘들고 내가 하고 싶은 것도 너무 제한이 되는 거 같아서 학교 근처에서 자취하고 싶다는 생각은 있는데 이게 자취도 어쨌든 돈이 많이 깨지니까 쉽사리 하진 못 하고 있고. 음 아마 군대 갔다 와서 자취를 할 수 있으면 하지 않을까 이런 생각이 있어. 음 너는 음 너희 집 인테리어는 혹시 어떻게 돼 있어? 음 우리 집은 이번에 새로 지은 아파트여 가지고 그냥 전체적으로 완전 깔끔한 느낌으로 지금 돼 있는데 이게 아파 이제 방 청소를 쪼끔만 안 해도 이제 옷가 방이 좀 좁아 가지고 옷도 막 의자 위에 올라가 있고 침대 위에 뭉쳐져 있고. 그래 가지고 인테리어는 깔끔한데 방 정리는 되게 안 돼 있는 거 같아. 그리고 또 새로 지은 아파트라 했잖아. 이게 요즘에 새로 지어서 그런가. 아파트가 되게 개성이 넘치더라고. 건물도 막 다 이 모습이 막 다르고. 막 저게 아파트 건물이야 이런 것도 있고. 그리고 처음에 이사 왔을 때 첫날인데 집을 못 찾겠는 거야. 왜냐하면은 보통 아파트 단지가 뭐 몇 호부터 몇 호 1에서 3 3에서 5 이렇게 순서대로 있는데 거기는 막 1에서 3이랑 17에서 19 이렇게 붙어 있고. 막 이상하게 다 붙어 있는 거야. 그래 가지고 처음 이사 갔을 때 그 아파트 단지 안에서 길 잃어 가지고 한 20분 30분 정도 헤맸던 기억이 있어. 너는 만약에 이제 앞으로 회사 다니고 할 거면은 하면은 혼자 살게 되면은 서울에서 계속 살고 싶어? 아니면은 대구? 이게 새로 지은 아파트여 가지고 이게 헬스장이나 도서관 뭐 어린이집 이런 게 입주된다는 얘기만 있고 아직은 인프라가 갖춰지진 못한 거 같아. 그래서 헬스장도 아마 생긴다곤 하는데 어 언제 생길진 잘 모르겠고. 그 아파트 단지 내에 도서관은 지금도 운영하고 있고. 그거 말고도 뭔가 주민들 휴식 공간이라고 하면서 건물이 몇 개 있더라고. 거기서 막 좀 차 같은 거 마시고 막 떠들면서 있는 아줌마들도 있고. 그 빈백 빈백도 있잖아. 그런 것도 아파트 단지 내에 몇 개 깔아둔 거야. 그래 가지고 거기서 좀 누워서 막 떠드는 사람들도 보고 이런 시설이 좀 있었어.,0.014965986394557823,0.02857142857142857,0.013605442176870748,0.0013605442176870747,0.005442176870748299,0.0027210884353741495,0.0027210884353741495,0.02312925170068027,0.0326530612244898,0.02040816326530612,0.004081632653061225,0.0163265306122449,0.0013605442176870747,0.005442176870748299,0.013605442176870748,0.0027210884353741495,0.004081632653061225,0.004081632653061225,0.024489795918367346,0.021768707482993196,0.0013605442176870747,0.0013605442176870747,0.005442176870748299,0.006802721088435374,0.0013605442176870747,0.004081632653061225,0.02040816326530612,0.0013605442176870747,0.0013605442176870747,0.009523809523809525,0.04353741496598639,0.0013605442176870747,0.005442176870748299,0.0013605442176870747,0.010884353741496598,0.005442176870748299,0.0013605442176870747,0.0027210884353741495,0.012244897959183673,0.0013605442176870747,0.0013605442176870747,0.006802721088435374,0.004081632653061225,0.0027210884353741495,0.027210884353741496,0.009523809523809525,0.010884353741496598,0.0013605442176870747,0.006802721088435374,0.024489795918367346,0.010884353741496598,0.0013605442176870747,0.006802721088435374,0.0027210884353741495,0.0013605442176870747,0.005442176870748299,0.0013605442176870747,0.0013605442176870747,0.0013605442176870747,0.006802721088435374,0.0013605442176870747,0.0027210884353741495,0.0013605442176870747,0.0027210884353741495,0.013605442176870748,0.0013605442176870747,0.006802721088435374,0.0013605442176870747,0.02857142857142857,0.0027210884353741495,0.0027210884353741495,0.0027210884353741495,0.005442176870748299,0.0013605442176870747,0.00816326530612245,0.004081632653061225,0.00816326530612245,0.0013605442176870747,0.005442176870748299,0.0027210884353741495,0.0013605442176870747,0.0013605442176870747,0.0027210884353741495,0.0013605442176870747,0.0013605442176870747,0.0013605442176870747,0.005442176870748299,0.0013605442176870747,0.005442176870748299,0.0027210884353741495,0.0013605442176870747,0.0027210884353741495,0.0027210884353741495,0.005442176870748299,0.004081632653061225,0.0013605442176870747,0.0027210884353741495,0.0013605442176870747,0.0013605442176870747,0.0013605442176870747,0.005442176870748299,0.004081632653061225,0.0013605442176870747,0.0013605442176870747,0.0013605442176870747,0.0027210884353741495,0.009523809523809525,0.014965986394557823,0.0013605442176870747,0.0013605442176870747,0.0013605442176870747,0.0027210884353741495,0.0013605442176870747,0.004081632653061225,0.0013605442176870747,0.004081632653061225,0.0013605442176870747,0.0013605442176870747,0.0027210884353741495,0.0027210884353741495,0.0027210884353741495,0.0013605442176870747,0.0013605442176870747,0.0027210884353741495,0.0027210884353741495,0.0013605442176870747,0.0027210884353741495,0.0013605442176870747,0.0027210884353741495,0.0013605442176870747,0.0013605442176870747,0.0013605442176870747,0.0013605442176870747,0.0013605442176870747,0.0013605442176870747,0.0013605442176870747,0.005442176870748299,0.004081632653061225,0.0013605442176870747,0.0013605442176870747,0.0027210884353741495,0.0027210884353741495,0.0013605442176870747,0.0013605442176870747,0.0013605442176870747,0.004081632653061225,0.0013605442176870747,0.0013605442176870747,0.004081632653061225,0.0013605442176870747,0.0027210884353741495,0.005442176870748299,0.0027210884353741495,0.004081632653061225,0.0013605442176870747,0.005442176870748299,0.0027210884353741495,0.0013605442176870747,0.0013605442176870747,0.0013605442176870747,0.0013605442176870747,0.0027210884353741495,0.0013605442176870747,0.0013605442176870747,0.0013605442176870747,0.0013605442176870747,0.0013605442176870747,0.0027210884353741495,0.0027210884353741495,0.0013605442176870747,0.0013605442176870747,0.0013605442176870747,0.0013605442176870747,0.0013605442176870747,0.0013605442176870747,0.0013605442176870747,0.0013605442176870747,0.0013605442176870747,0.0013605442176870747,0.0013605442176870747,0.0027210884353741495,0.0013605442176870747,0.0027210884353741495,0.0013605442176870747,0.0013605442176870747,0.005442176870748299,0.005442176870748299,0.005442176870748299,0.0013605442176870747,0.0013605442176870747,0.0013605442176870747,0.0013605442176870747,0.0013605442176870747,0.0013605442176870747,0.0013605442176870747,0.0027210884353741495,0.0013605442176870747,0.0013605442176870747,0.0013605442176870747,0.0013605442176870747,0.0027210884353741495,0.0013605442176870747,0.0013605442176870747,0.0013605442176870747,0.004081632653061225,0.0013605442176870747,0.0013605442176870747,0.0013605442176870747,0.0013605442176870747,0.0027210884353741495,0.0013605442176870747,0.0013605442176870747,0.0013605442176870747,0.005442176870748299,0.0027210884353741495,0.0013605442176870747,0.0013605442176870747,0.0027210884353741495,0.0013605442176870747,0.0013605442176870747,0.0013605442176870747,0.0013605442176870747,0.0013605442176870747,0.0013605442176870747,0.0013605442176870747,0.0013605442176870747,0.0013605442176870747,0.0013605442176870747,0.0027210884353741495,0.0027210884353741495,0.0013605442176870747,0.0013605442176870747,0.0013605442176870747,0.0013605442176870747,0.0013605442176870747,0.0013605442176870747,0.0013605442176870747,0.0013605442176870747,0.0027210884353741495,0.0013605442176870747,0.0013605442176870747,0.0013605442176870747,0.0013605442176870747,0.0013605442176870747,0.0013605442176870747,0.0013605442176870747,0.0013605442176870747,0.0013605442176870747,0.0013605442176870747,0.0013605442176870747,0.0027210884353741495,0.0013605442176870747,0.0013605442176870747,0.0013605442176870747,0.0013605442176870747,0.0013605442176870747,0.0013605442176870747,0.0013605442176870747,0.0,0.0,0.0,0.0,0.0,0.0,0.0,0.0,0.0,0.0,0.0,0.0,0.0,0.0,0.0,0.0,0.0,0.0,0.0,0.0,0.0,0.0,0.0,0.0,0.0,0.0,0.0,0.0,0.0,0.0,0.0,0.0,0.0,0.0,0.0,0.0,0.0,0.0,0.0,0.0,0.0,0.0,0.0,0.0,0.0,0.0,0.0,0.0,0.0,0.0,0.0,0.0,0.0,0.0,0.0,0.0,0.0,0.0,0.0,0.0,0.0,0.0,0.0,0.0,0.0,0.0,0.0,0.0,0.0,0.0,0.0,0.0,0.0,0.0,0.0,0.0,0.0,0.0,0.0,0.0,0.0,0.0,0.0,0.0,0.0,0.0,0.0,0.0,0.0,0.0,0.0,0.0,0.0,0.0,0.0,0.0,0.0,0.0,0.0,0.0,0.0,0.0,0.0,0.0,0.0,0.0,0.0,0.0,0.0,0.0,0.0,0.0,0.0,0.0,0.0,0.0,0.0,0.0,0.0,0.0,0.0,0.0,0.0,0.0,0.0,0.0,0.0,0.0,0.0,0.0,0.0,0.0,0.0,0.0,0.0,0.0,0.0,0.0,0.0,0.0,0.0,0.0,0.0,0.0,0.0,0.0,0.0,0.0,0.0,0.0,0.0,0.0,0.0,0.0,0.0,0.0,0.0,0.0,0.0,0.0,0.0,0.0,0.0,0.0,0.0,0.0,0.0,0.0,0.0,0.0,0.0,0.0,0.0,0.0,0.0,0.0,0.0,0.0,0.0,0.0,0.0,0.0,0.0,0.0,0.0,0.0,0.0,0.0,0.0,0.0,0.0,0.0,0.0,0.0,0.0,0.0,0.0,0.0,0.0,0.0,0.0,0.0,0.0,0.0,0.0,0.0,0.0,0.0,0.0,0.0,0.0,0.0,0.0,0.0,0.0,0.0,0.0,0.0,0.0,0.0,0.0,0.0,0.0,0.0,0.0,0.0,0.0,0.0,0.0,0.0,0.0,0.0,0.0,0.0,0.0,0.0,0.0,0.0,0.0,0.0,0.0,0.0,0.0,0.0,0.0,0.0,0.0,0.0,0.0,0.0,0.0,0.0,0.0,0.0,0.0,0.0,0.0,0.0,0.0,0.0,0.0,0.0,0.0,0.0,0.0,0.0,0.0,0.0,0.0,0.0,0.0,0.0,0.0,0.0,0.0,0.0,0.0,0.0,0.0,0.0,0.0,0.0,0.0,0.0,0.0,0.0,0.0,0.0,0.0,0.0,0.0,0.0,0.0,0.0,0.0,0.0,0.0,0.0,0.0,0.0,0.0,0.0,0.0,0.0,0.0,0.0,0.0,0.0,0.0,0.0,0.0,0.0,0.0,0.0,0.0,0.0,0.0,0.0,0.0,0.0,0.0,0.0,0.0,0.0,0.0,0.45295371390809014,0.0,0.0,0.0,0.0,0.0,0.0,0.0,0.0,0.0,0.0,0.0,0.0,0.0,0.0,0.0,0.0,0.0,0.0,0.0,0.0,0.0,0.0,0.0,0.0,0.0,0.0,0.0,0.0,0.0,0.0,0.0,0.0,0.0,0.0,0.0,0.0,0.0,0.0,0.0,0.0,0.0,0.0,0.0,0.0,0.0,0.0,0.0,0.0,0.0,0.0,0.0,0.0,0.0,0.0,0.0,0.0,0.0,0.0,0.0,0.0,0.0,0.0,0.0,0.0,0.0,0.0,0.0,0.0,0.0,0.0,0.0,0.0,0.0,0.0,0.0,0.0,0.0,0.0,0.0,0.0,0.0,0.0,0.0,0.0,0.0,0.0,0.0,0.0,0.0,0.0,0.0,0.0,0.0,0.0,0.0,0.0,0.0,0.0,0.0,0.0,0.0,0.0,0.0,0.0,0.0,0.0,0.0,0.0,0.0,0.0,0.0,0.0,0.0,0.0,0.0,0.0,0.0,0.0,0.0,0.0,0.0,0.0,0.0,0.0,0.0,0.0,0.0,0.0,0.0,0.0,0.0,0.0,0.0,0.0,0.0,0.0,0.0,0.0,0.0,0.0,0.0,0.0,0.0,0.0,0.0,0.0,0.0,0.0,0.0,0.0,0.0,0.0,0.0,0.0,0.0,0.0,0.0,0.0,0.0,0.0,0.0,0.0,0.0,0.0,0.0,0.0,0.0,0.0,0.0,0.0,0.0,0.0,0.0,0.0,0.0,0.0,0.5755121691096203,0.0,0.0,0.0,0.0,0.0,0.0,0.0,0.0,0.0,0.0,0.0,0.0,0.0,0.0,0.0,0.0,0.0,0.0,0.0,0.0,0.0,0.0,0.0,0.0,0.0,0.0,0.0,0.0,0.0,0.0,0.0,0.0,0.0,0.0,0.0,0.0,0.5755121691096203,0.0,0.0,0.0,0.0,0.0,0.0,0.0,0.0,0.0,0.0,0.0,0.0,0.0,0.0,0.0,0.0,0.0,0.0,0.0,0.0,0.0,0.0,0.0,0.0,0.0,0.0,0.0,0.0,0.0,0.0,0.0,0.0,0.0,0.0,0.0,0.0,0.0,0.0,0.0,0.0,0.0,0.0,0.0,0.0,0.0,0.0,0.0,0.0,0.0,0.0,0.0,0.0,0.0,0.0,0.0,0.0,0.0,0.0,0.0,0.0,0.0,0.0,0.0,0.0,0.0,0.0,0.0,0.0,0.0,0.0,0.0,0.0,0.0,0.0,0.0,0.0,0.0,0.0,0.0,0.0,0.0,0.0,0.0,0.0,0.0,0.0,0.0,0.0,0.0,0.0,0.0,0.0,0.0,0.0,0.0,0.0,0.0,0.0,0.0,0.0,0.0,0.0,0.0,0.0,0.0,0.0,0.0,0.0,0.0,0.0,0.0,0.0,0.0,0.0,0.0,0.0,0.0,0.0,0.0,0.0,0.0,0.0,0.0,0.0,0.0,0.0,0.0,0.0,0.0,0.0,0.0,0.0,0.0,0.0,0.0,0.0,0.0,0.0,0.0,0.0,0.0,0.0,0.0,0.0,0.0,0.0,0.0,0.0,0.0,0.0,0.0,0.0,0.0,0.0,0.0,0.0,0.0,0.0,0.0,0.0,0.0,0.0,0.0,0.0,0.0,0.0,0.0,0.0,0.0,0.0,0.0,0.0,0.0,0.0,0.0,0.0,0.0,0.0,0.0,0.3638741808240147,0.0,0.0,0.0,0.0,0.0,0.0,0.0,0.0,0.0,0.0,0.0,0.0,0.0,0.0,0.0,0.0,0.0,0.0,0.0,0.0,0.0,0.0,0.0,0.0,0.0,0.0,0.0,0.0,0.0,0.0,0.0,0.0,0.0,0.0,0.0,0.0,0.0,0.0,0.0,0.0,0.0,0.0,0.0,0.0,0.0,0.0,0.0,0.0,0.0,0.0,0.0,0.0,0.0,0.0,0.0,0.0,0.0,0.0,0.0,0.0,0.0,0.0,0.0,0.0,0.0,0.0,0.0,0.0,0.0,0.0,0.0,0.0,0.0,0.0,0.0,0.0,0.0,0.0,0.0,0.0,0.0,0.0,0.0,0.0,0.0,0.0,0.0,0.0,0.0,0.0,0.0,0.0,0.0,0.0,0.0,0.0,0.0,0.0,0.0,0.0,0.0,0.0,0.0,0.0,0.0,0.0,0.0,0.0,0.0,0.0,0.0,0.0,0.0,0.0,0.0,0.0,0.0,0.0,0.0,0.0,0.0,0.0,0.0,0.0,0.0,0.0,0.0,0.0,0.0,0.0,0.0,0.0,0.0,0.0,0.0,0.0,0.0,0.0,0.0,0.0,0.0,0.0,0.0,0.0,0.0,0.0,0.0,0.0,0.0,0.0,0.0,0.0,0.0,0.0,0.0,0.0,0.0,0.0,0.0,0.0,0.0,0.0,0.0,0.0,0.0,0.0,0.0,0.0,0.0,0.0,0.0,0.0,0.0,0.0,0.0,0.0,0.0,0.0,0.0,0.0,0.0,0.0,0.0,0.0,0.0,0.0,0.0,0.0,0.0,0.0,0.0,0.0,0.0,0.0,0.0,0.0,0.0,0.0,0.0,0.0,0.0,0.0
SD2401267,20대,너희 집은 지금 오피스텔이잖아. 그 층간 소음 좀 있는 거 같아? 나 지금 7층 사는데 딱히 층간 소음은 없는 거 같은데 좀 그 아파트에 이상한 사람은 좀 있는 거 같더라. 왜냐하면은 우리가 집에 아무도 없는 상태였는데 갑자기 밑의 집에서 올라온다 아 그 밑의 집인가 어디서 막 신고가 들어왔다는 거야. 이 이 시간이 너무 시끄러웠었다고. 그래 가지고 그게 그게 꼭 밑의 집은 아니고 밑의 층은 아니었던 거 같은데 그런 사람이 좀 있어서 좀 뭐지 좀 조심해야겠다 이런 적은 있었어. 이런 적이 있어. 그리고 너는 지금 자취를 그 1곳에서만 했던 거야 이사 없이? 나도 지금 누나랑 같이 살라고 하면은 절대 못 살 거 같아. 누나랑 진짜 맞는 게 하나도 없단 말이야. 누나도 막 나도 새벽에 전화하면은 누나가 뭐라 하고. 어떨 때 누나가 새벽에 게임하면 또 나한테 이제 내가 이제 스트레스받고. 그래서 이제 만약에 내가 너처럼 그러니까 형제 같이 살라고 하면은 나는 못 살 거 같아. 그리고 그리고 그 이사를 좀 많이 다녔었는데 이사 다닐 때마다 이제 방이 있긴 한데 이게 크기가 이제 큰방 작은방이 있었단 말이야. 그래 가지고 누가 큰방 쓸 거냐 이런 거 때문에 또 엄청 싸운 적 싸웠었고 싸웠었던 거 같아. 그러면 본가도 그러면 지금 살던 데 쭉 계속 살고 있었던 거야 어릴 때부터? 나는 이제 어릴 때부터 정말 많이 다녔었는데 초등학교랑 중학교 때까지는 그래도 한동네 내에서 왔다 갔다 했던 거여서 좀 이제 이사하느라 좀 귀찮고 막 집 바뀌는 게 좀 불편 적응이 안 되 초반에 적응이 안 되는 게 있긴 했어도 이 친구들이랑 멀어진다 이런 거 없어서 괜찮았는데 중학교 3학년에서 이제 고등학교 때 한번 아예 학 그 학 우리 지금 다니는 학교 쪽으로 이사를 왔었단 말이야. 근데 그때 정말 좀 좋았던 친구들인데 완전 멀어지니까 그때 쪼끔 이제 스트레스를 받았었던 경험이 있고. 그래서 또 그래 가지고 이제 고등학교 1학년 때에서부터 2학년 때 또 이사를 가야 되는 상황이 된 거야. 근데 그래서 원래 다니던 고등학교 쪽으로 가려 했었는데 그러진 않고 이제 다시 원래 동네로 돌아갔었던 적이 있어. 나도 그런 전원주택에서 사는 꿈 같은 게 있었던 거 같아. 그 내가 직접 집을 만들고 아 설계해서 막 비밀 공간이나 아 이제 정말 큰 목욕탕이나 아니면 음 어떤 작업실 뭐 이런 걸 만들어 두고 싶다는 생각이 있었어. 만들고 싶다는. 그리 너 근데 지금 자취하고 있잖아. 그러면 그 가전제품 같은 거는 뭐 뭐 있어? 어 이러면 안 되는데. 나는 이제 본가에 살잖아. 어 집안일을 거의 다 안 하고 엄마가 하고 있어. 그러니까 설거지만 이제 내가 먹은 거 설거지하고 이제 그리고 옷 옷이나 분리수거 이런 거는 엄마 아빠가 거의 다 하는 거 같아. 그 자취하면서 이런 설거지나 분리수거 때문에 막 오빠랑 막 싸우거나 그러진 않아? 난 지금 너무 자취를 하고 싶어. 왜냐하면은 일단 난 이제 혼자가 편하단 말이야. 그래 가지고 이제 나만의 일상생활 패턴이 있는데 어쨌든 가족이랑 살면은 아무리 가족이라도 쪼금 지켜야 되는 게 있으니까 그런 게 이제 좀 나한테는 너무 좀 힘들고 내가 하고 싶은 것도 너무 제한이 되는 거 같아서 학교 근처에서 자취하고 싶다는 생각은 있는데 이게 자취도 어쨌든 돈이 많이 깨지니까 쉽사리 하진 못 하고 있고. 음 아마 군대 갔다 와서 자취를 할 수 있으면 하지 않을까 이런 생각이 있어. 음 너는 음 너희 집 인테리어는 혹시 어떻게 돼 있어? 음 우리 집은 이번에 새로 지은 아파트여 가지고 그냥 전체적으로 완전 깔끔한 느낌으로 지금 돼 있는데 이게 아파 이제 방 청소를 쪼끔만 안 해도 이제 옷가 방이 좀 좁아 가지고 옷도 막 의자 위에 올라가 있고 침대 위에 뭉쳐져 있고. 그래 가지고 인테리어는 깔끔한데 방 정리는 되게 안 돼 있는 거 같아. 그리고 또 새로 지은 아파트라 했잖아. 이게 요즘에 새로 지어서 그런가. 아파트가 되게 개성이 넘치더라고. 건물도 막 다 이 모습이 막 다르고. 막 저게 아파트 건물이야 이런 것도 있고. 그리고 처음에 이사 왔을 때 첫날인데 집을 못 찾겠는 거야. 왜냐하면은 보통 아파트 단지가 뭐 몇 호부터 몇 호 1에서 3 3에서 5 이렇게 순서대로 있는데 거기는 막 1에서 3이랑 17에서 19 이렇게 붙어 있고. 막 이상하게 다 붙어 있는 거야. 그래 가지고 처음 이사 갔을 때 그 아파트 단지 안에서 길 잃어 가지고 한 20분 30분 정도 헤맸던 기억이 있어. 너는 만약에 이제 앞으로 회사 다니고 할 거면은 하면은 혼자 살게 되면은 서울에서 계속 살고 싶어? 아니면은 대구? 이게 새로 지은 아파트여 가지고 이게 헬스장이나 도서관 뭐 어린이집 이런 게 입주된다는 얘기만 있고 아직은 인프라가 갖춰지진 못한 거 같아. 그래서 헬스장도 아마 생긴다곤 하는데 어 언제 생길진 잘 모르겠고. 그 아파트 단지 내에 도서관은 지금도 운영하고 있고. 그거 말고도 뭔가 주민들 휴식 공간이라고 하면서 건물이 몇 개 있더라고. 거기서 막 좀 차 같은 거 마시고 막 떠들면서 있는 아줌마들도 있고. 그 빈백 빈백도 있잖아. 그런 것도 아파트 단지 내에 몇 개 깔아둔 거야. 그래 가지고 거기서 좀 누워서 막 떠드는 사람들도 보고 이런 시설이 좀 있었어.,0.014965986394557823,0.02857142857142857,0.013605442176870748,0.0013605442176870747,0.005442176870748299,0.0027210884353741495,0.0027210884353741495,0.02312925170068027,0.0326530612244898,0.02040816326530612,0.004081632653061225,0.0163265306122449,0.0013605442176870747,0.005442176870748299,0.013605442176870748,0.0027210884353741495,0.004081632653061225,0.004081632653061225,0.024489795918367346,0.021768707482993196,0.0013605442176870747,0.0013605442176870747,0.005442176870748299,0.006802721088435374,0.0013605442176870747,0.004081632653061225,0.02040816326530612,0.0013605442176870747,0.0013605442176870747,0.009523809523809525,0.04353741496598639,0.0013605442176870747,0.005442176870748299,0.0013605442176870747,0.010884353741496598,0.005442176870748299,0.0013605442176870747,0.0027210884353741495,0.012244897959183673,0.0013605442176870747,0.0013605442176870747,0.006802721088435374,0.004081632653061225,0.0027210884353741495,0.027210884353741496,0.009523809523809525,0.010884353741496598,0.0013605442176870747,0.006802721088435374,0.024489795918367346,0.010884353741496598,0.0013605442176870747,0.006802721088435374,0.0027210884353741495,0.0013605442176870747,0.005442176870748299,0.0013605442176870747,0.0013605442176870747,0.0013605442176870747,0.006802721088435374,0.0013605442176870747,0.0027210884353741495,0.0013605442176870747,0.0027210884353741495,0.013605442176870748,0.0013605442176870747,0.006802721088435374,0.0013605442176870747,0.02857142857142857,0.0027210884353741495,0.0027210884353741495,0.0027210884353741495,0.005442176870748299,0.0013605442176870747,0.00816326530612245,0.004081632653061225,0.00816326530612245,0.0013605442176870747,0.005442176870748299,0.0027210884353741495,0.0013605442176870747,0.0013605442176870747,0.0027210884353741495,0.0013605442176870747,0.0013605442176870747,0.0013605442176870747,0.005442176870748299,0.0013605442176870747,0.005442176870748299,0.0027210884353741495,0.0013605442176870747,0.0027210884353741495,0.0027210884353741495,0.005442176870748299,0.004081632653061225,0.0013605442176870747,0.0027210884353741495,0.0013605442176870747,0.0013605442176870747,0.0013605442176870747,0.005442176870748299,0.004081632653061225,0.0013605442176870747,0.0013605442176870747,0.0013605442176870747,0.0027210884353741495,0.009523809523809525,0.014965986394557823,0.0013605442176870747,0.0013605442176870747,0.0013605442176870747,0.0027210884353741495,0.0013605442176870747,0.004081632653061225,0.0013605442176870747,0.004081632653061225,0.0013605442176870747,0.0013605442176870747,0.0027210884353741495,0.0027210884353741495,0.0027210884353741495,0.0013605442176870747,0.0013605442176870747,0.0027210884353741495,0.0027210884353741495,0.0013605442176870747,0.0027210884353741495,0.0013605442176870747,0.0027210884353741495,0.0013605442176870747,0.0013605442176870747,0.0013605442176870747,0.0013605442176870747,0.0013605442176870747,0.0013605442176870747,0.0013605442176870747,0.005442176870748299,0.004081632653061225,0.0013605442176870747,0.0013605442176870747,0.0027210884353741495,0.0027210884353741495,0.0013605442176870747,0.0013605442176870747,0.0013605442176870747,0.004081632653061225,0.0013605442176870747,0.0013605442176870747,0.004081632653061225,0.0013605442176870747,0.0027210884353741495,0.005442176870748299,0.0027210884353741495,0.004081632653061225,0.0013605442176870747,0.005442176870748299,0.0027210884353741495,0.0013605442176870747,0.0013605442176870747,0.0013605442176870747,0.0013605442176870747,0.0027210884353741495,0.0013605442176870747,0.0013605442176870747,0.0013605442176870747,0.0013605442176870747,0.0013605442176870747,0.0027210884353741495,0.0027210884353741495,0.0013605442176870747,0.0013605442176870747,0.0013605442176870747,0.0013605442176870747,0.0013605442176870747,0.0013605442176870747,0.0013605442176870747,0.0013605442176870747,0.0013605442176870747,0.0013605442176870747,0.0013605442176870747,0.0027210884353741495,0.0013605442176870747,0.0027210884353741495,0.0013605442176870747,0.0013605442176870747,0.005442176870748299,0.005442176870748299,0.005442176870748299,0.0013605442176870747,0.0013605442176870747,0.0013605442176870747,0.0013605442176870747,0.0013605442176870747,0.0013605442176870747,0.0013605442176870747,0.0027210884353741495,0.0013605442176870747,0.0013605442176870747,0.0013605442176870747,0.0013605442176870747,0.0027210884353741495,0.0013605442176870747,0.0013605442176870747,0.0013605442176870747,0.004081632653061225,0.0013605442176870747,0.0013605442176870747,0.0013605442176870747,0.0013605442176870747,0.0027210884353741495,0.0013605442176870747,0.0013605442176870747,0.0013605442176870747,0.005442176870748299,0.0027210884353741495,0.0013605442176870747,0.0013605442176870747,0.0027210884353741495,0.0013605442176870747,0.0013605442176870747,0.0013605442176870747,0.0013605442176870747,0.0013605442176870747,0.0013605442176870747,0.0013605442176870747,0.0013605442176870747,0.0013605442176870747,0.0013605442176870747,0.0027210884353741495,0.0027210884353741495,0.0013605442176870747,0.0013605442176870747,0.0013605442176870747,0.0013605442176870747,0.0013605442176870747,0.0013605442176870747,0.0013605442176870747,0.0013605442176870747,0.0027210884353741495,0.0013605442176870747,0.0013605442176870747,0.0013605442176870747,0.0013605442176870747,0.0013605442176870747,0.0013605442176870747,0.0013605442176870747,0.0013605442176870747,0.0013605442176870747,0.0013605442176870747,0.0013605442176870747,0.0027210884353741495,0.0013605442176870747,0.0013605442176870747,0.0013605442176870747,0.0013605442176870747,0.0013605442176870747,0.0013605442176870747,0.0013605442176870747,0.0,0.0,0.0,0.0,0.0,0.0,0.0,0.0,0.0,0.0,0.0,0.0,0.0,0.0,0.0,0.0,0.0,0.0,0.0,0.0,0.0,0.0,0.0,0.0,0.0,0.0,0.0,0.0,0.0,0.0,0.0,0.0,0.0,0.0,0.0,0.0,0.0,0.0,0.0,0.0,0.0,0.0,0.0,0.0,0.0,0.0,0.0,0.0,0.0,0.0,0.0,0.0,0.0,0.0,0.0,0.0,0.0,0.0,0.0,0.0,0.0,0.0,0.0,0.0,0.0,0.0,0.0,0.0,0.0,0.0,0.0,0.0,0.0,0.0,0.0,0.0,0.0,0.0,0.0,0.0,0.0,0.0,0.0,0.0,0.0,0.0,0.0,0.0,0.0,0.0,0.0,0.0,0.0,0.0,0.0,0.0,0.0,0.0,0.0,0.0,0.0,0.0,0.0,0.0,0.0,0.0,0.0,0.0,0.0,0.0,0.0,0.0,0.0,0.0,0.0,0.0,0.0,0.0,0.0,0.0,0.0,0.0,0.0,0.0,0.0,0.0,0.0,0.0,0.0,0.0,0.0,0.0,0.0,0.0,0.0,0.0,0.0,0.0,0.0,0.0,0.0,0.0,0.0,0.0,0.0,0.0,0.0,0.0,0.0,0.0,0.0,0.0,0.0,0.0,0.0,0.0,0.0,0.0,0.0,0.0,0.0,0.0,0.0,0.0,0.0,0.0,0.0,0.0,0.0,0.0,0.0,0.0,0.0,0.0,0.0,0.0,0.0,0.0,0.0,0.0,0.0,0.0,0.0,0.0,0.0,0.0,0.0,0.0,0.0,0.0,0.0,0.0,0.0,0.0,0.0,0.0,0.0,0.0,0.0,0.0,0.0,0.0,0.0,0.0,0.0,0.0,0.0,0.0,0.0,0.0,0.0,0.0,0.0,0.0,0.0,0.0,0.0,0.0,0.0,0.0,0.0,0.0,0.0,0.0,0.0,0.0,0.0,0.0,0.0,0.0,0.0,0.0,0.0,0.0,0.0,0.0,0.0,0.0,0.0,0.0,0.0,0.0,0.0,0.0,0.0,0.0,0.0,0.0,0.0,0.0,0.0,0.5773885092115828,0.0,0.0,0.0,0.0,0.0,0.0,0.0,0.0,0.0,0.0,0.0,0.0,0.0,0.0,0.0,0.0,0.0,0.0,0.0,0.0,0.0,0.0,0.0,0.0,0.0,0.0,0.0,0.0,0.0,0.0,0.0,0.0,0.0,0.0,0.0,0.0,0.0,0.0,0.0,0.0,0.0,0.0,0.0,0.0,0.0,0.0,0.0,0.0,0.0,0.0,0.0,0.0,0.0,0.0,0.0,0.0,0.0,0.0,0.0,0.0,0.0,0.0,0.0,0.0,0.0,0.0,0.0,0.0,0.0,0.0,0.0,0.0,0.0,0.0,0.0,0.0,0.0,0.0,0.0,0.0,0.0,0.0,0.0,0.0,0.0,0.0,0.0,0.0,0.0,0.0,0.0,0.0,0.0,0.0,0.0,0.0,0.0,0.0,0.0,0.0,0.0,0.0,0.0,0.0,0.0,0.0,0.0,0.0,0.0,0.0,0.0,0.0,0.0,0.0,0.0,0.0,0.0,0.0,0.0,0.0,0.0,0.0,0.0,0.0,0.0,0.0,0.0,0.0,0.0,0.0,0.0,0.0,0.0,0.0,0.0,0.0,0.0,0.0,0.0,0.0,0.0,0.0,0.0,0.0,0.0,0.0,0.0,0.0,0.0,0.0,0.0,0.0,0.0,0.0,0.0,0.0,0.0,0.0,0.0,0.0,0.0,0.0,0.0,0.0,0.0,0.0,0.0,0.0,0.0,0.0,0.0,0.0,0.0,0.0,0.0,0.0,0.0,0.0,0.0,0.0,0.0,0.0,0.0,0.0,0.0,0.0,0.0,0.0,0.0,0.0,0.0,0.0,0.0,0.0,0.0,0.0,0.0,0.0,0.0,0.0,0.0,0.0,0.0,0.0,0.0,0.0,0.0,0.0,0.0,0.0,0.0,0.0,0.0,0.0,0.0,0.0,0.0,0.0,0.0,0.0,0.0,0.0,0.0,0.0,0.0,0.0,0.0,0.0,0.0,0.0,0.0,0.0,0.0,0.0,0.0,0.0,0.0,0.0,0.0,0.0,0.0,0.0,0.0,0.0,0.0,0.0,0.0,0.0,0.0,0.0,0.0,0.0,0.0,0.0,0.0,0.0,0.0,0.0,0.0,0.0,0.0,0.0,0.0,0.0,0.0,0.0,0.0,0.0,0.0,0.0,0.0,0.0,0.0,0.0,0.0,0.0,0.0,0.0,0.0,0.0,0.0,0.0,0.0,0.0,0.0,0.0,0.0,0.0,0.0,0.0,0.0,0.0,0.0,0.0,0.0,0.0,0.0,0.0,0.0,0.0,0.0,0.0,0.0,0.0,0.0,0.0,0.0,0.0,0.0,0.0,0.0,0.0,0.0,0.0,0.0,0.0,0.0,0.0,0.0,0.0,0.0,0.0,0.0,0.0,0.0,0.0,0.0,0.0,0.0,0.0,0.0,0.0,0.0,0.0,0.0,0.0,0.0,0.0,0.0,0.0,0.0,0.0,0.0,0.0,0.0,0.0,0.0,0.0,0.0,0.0,0.0,0.0,0.0,0.0,0.0,0.0,0.0,0.0,0.0,0.0,0.0,0.0,0.0,0.0,0.0,0.0,0.0,0.0,0.0,0.0,0.0,0.0,0.0,0.0,0.0,0.0,0.0,0.0,0.0,0.0,0.0,0.0,0.0,0.0,0.0,0.0,0.0,0.0,0.0,0.0,0.0,0.0,0.0,0.0,0.0,0.0,0.0,0.0,0.0,0.0,0.0,0.0,0.0,0.0,0.0,0.0,0.0,0.0,0.0,0.0,0.0,0.0,0.0,0.0,0.0,0.0,0.0,0.0,0.0,0.0,0.0,0.0,0.0,0.0,0.0,0.0,0.0,0.0,0.0,0.0,0.0,0.0,0.0,0.0,0.0,0.0,0.0,0.0,0.0,0.0,0.0,0.0,0.0,0.0,0.0,0.0,0.0,0.0,0.0,0.0,0.0,0.0,0.0,0.0,0.0,0.0,0.0,0.0,0.0,0.0,0.0,0.0,0.0,0.0,0.0,0.0,0.0,0.0,0.0,0.0,0.0,0.0,0.0,0.0,0.0,0.0,0.0,0.0,0.0,0.0,0.0,0.0,0.0,0.0,0.0,0.0,0.0,0.0,0.0,0.0,0.0,0.0,0.0,0.0,0.0,0.0,0.0,0.0,0.0,0.0,0.0,0.0,0.0,0.0,0.0,0.0,0.0,0.0,0.0,0.0,0.0,0.0,0.0,0.0,0.0,0.0,0.0,0.0,0.0,0.0,0.0,0.0,0.0,0.0,0.0,0.0,0.0,0.0,0.0,0.0,0.0,0.0,0.0,0.0,0.0,0.0,0.0,0.0,0.0,0.0,0.0,0.0,0.0,0.0,0.0,0.0,0.0,0.0,0.0,0.0,0.0,0.0,0.0,0.0,0.0,0.0,0.0,0.0,0.0,0.0,0.0,0.0,0.0,0.0,0.0,0.0,0.0,0.0,0.0,0.0,0.659547963594913,0.0,0.0,0.0,0.0,0.0,0.0,0.0,0.0,0.0,0.0,0.0,0.0,0.0,0.0,0.0,0.0,0.0,0.0,0.0,0.0,0.0,0.0,0.0,0.0,0.0,0.0,0.0,0.0,0.0,0.0,0.0,0.0,0.0,0.0,0.0,0.0,0.0,0.0,0.0,0.0,0.0,0.0,0.0,0.0,0.4812681094236656,0.0,0.0,0.0,0.0,0.0,0.0,0.0,0.0,0.0,0.0,0.0,0.0,0.0,0.0,0.0,0.0,0.0,0.0,0.0,0.0,0.0,0.0,0.0,0.0,0.0,0.0,0.0,0.0,0.0,0.0,0.0,0.0,0.0,0.0,0.0,0.0,0.0,0.0,0.0,0.0,0.0,0.0,0.0,0.0,0.0,0.0,0.0,0.0,0.0,0.0,0.0,0.0,0.0,0.0
SD2401267,20대,너희 집은 지금 오피스텔이잖아. 그 층간 소음 좀 있는 거 같아? 나 지금 7층 사는데 딱히 층간 소음은 없는 거 같은데 좀 그 아파트에 이상한 사람은 좀 있는 거 같더라. 왜냐하면은 우리가 집에 아무도 없는 상태였는데 갑자기 밑의 집에서 올라온다 아 그 밑의 집인가 어디서 막 신고가 들어왔다는 거야. 이 이 시간이 너무 시끄러웠었다고. 그래 가지고 그게 그게 꼭 밑의 집은 아니고 밑의 층은 아니었던 거 같은데 그런 사람이 좀 있어서 좀 뭐지 좀 조심해야겠다 이런 적은 있었어. 이런 적이 있어. 그리고 너는 지금 자취를 그 1곳에서만 했던 거야 이사 없이? 나도 지금 누나랑 같이 살라고 하면은 절대 못 살 거 같아. 누나랑 진짜 맞는 게 하나도 없단 말이야. 누나도 막 나도 새벽에 전화하면은 누나가 뭐라 하고. 어떨 때 누나가 새벽에 게임하면 또 나한테 이제 내가 이제 스트레스받고. 그래서 이제 만약에 내가 너처럼 그러니까 형제 같이 살라고 하면은 나는 못 살 거 같아. 그리고 그리고 그 이사를 좀 많이 다녔었는데 이사 다닐 때마다 이제 방이 있긴 한데 이게 크기가 이제 큰방 작은방이 있었단 말이야. 그래 가지고 누가 큰방 쓸 거냐 이런 거 때문에 또 엄청 싸운 적 싸웠었고 싸웠었던 거 같아. 그러면 본가도 그러면 지금 살던 데 쭉 계속 살고 있었던 거야 어릴 때부터? 나는 이제 어릴 때부터 정말 많이 다녔었는데 초등학교랑 중학교 때까지는 그래도 한동네 내에서 왔다 갔다 했던 거여서 좀 이제 이사하느라 좀 귀찮고 막 집 바뀌는 게 좀 불편 적응이 안 되 초반에 적응이 안 되는 게 있긴 했어도 이 친구들이랑 멀어진다 이런 거 없어서 괜찮았는데 중학교 3학년에서 이제 고등학교 때 한번 아예 학 그 학 우리 지금 다니는 학교 쪽으로 이사를 왔었단 말이야. 근데 그때 정말 좀 좋았던 친구들인데 완전 멀어지니까 그때 쪼끔 이제 스트레스를 받았었던 경험이 있고. 그래서 또 그래 가지고 이제 고등학교 1학년 때에서부터 2학년 때 또 이사를 가야 되는 상황이 된 거야. 근데 그래서 원래 다니던 고등학교 쪽으로 가려 했었는데 그러진 않고 이제 다시 원래 동네로 돌아갔었던 적이 있어. 나도 그런 전원주택에서 사는 꿈 같은 게 있었던 거 같아. 그 내가 직접 집을 만들고 아 설계해서 막 비밀 공간이나 아 이제 정말 큰 목욕탕이나 아니면 음 어떤 작업실 뭐 이런 걸 만들어 두고 싶다는 생각이 있었어. 만들고 싶다는. 그리 너 근데 지금 자취하고 있잖아. 그러면 그 가전제품 같은 거는 뭐 뭐 있어? 어 이러면 안 되는데. 나는 이제 본가에 살잖아. 어 집안일을 거의 다 안 하고 엄마가 하고 있어. 그러니까 설거지만 이제 내가 먹은 거 설거지하고 이제 그리고 옷 옷이나 분리수거 이런 거는 엄마 아빠가 거의 다 하는 거 같아. 그 자취하면서 이런 설거지나 분리수거 때문에 막 오빠랑 막 싸우거나 그러진 않아? 난 지금 너무 자취를 하고 싶어. 왜냐하면은 일단 난 이제 혼자가 편하단 말이야. 그래 가지고 이제 나만의 일상생활 패턴이 있는데 어쨌든 가족이랑 살면은 아무리 가족이라도 쪼금 지켜야 되는 게 있으니까 그런 게 이제 좀 나한테는 너무 좀 힘들고 내가 하고 싶은 것도 너무 제한이 되는 거 같아서 학교 근처에서 자취하고 싶다는 생각은 있는데 이게 자취도 어쨌든 돈이 많이 깨지니까 쉽사리 하진 못 하고 있고. 음 아마 군대 갔다 와서 자취를 할 수 있으면 하지 않을까 이런 생각이 있어. 음 너는 음 너희 집 인테리어는 혹시 어떻게 돼 있어? 음 우리 집은 이번에 새로 지은 아파트여 가지고 그냥 전체적으로 완전 깔끔한 느낌으로 지금 돼 있는데 이게 아파 이제 방 청소를 쪼끔만 안 해도 이제 옷가 방이 좀 좁아 가지고 옷도 막 의자 위에 올라가 있고 침대 위에 뭉쳐져 있고. 그래 가지고 인테리어는 깔끔한데 방 정리는 되게 안 돼 있는 거 같아. 그리고 또 새로 지은 아파트라 했잖아. 이게 요즘에 새로 지어서 그런가. 아파트가 되게 개성이 넘치더라고. 건물도 막 다 이 모습이 막 다르고. 막 저게 아파트 건물이야 이런 것도 있고. 그리고 처음에 이사 왔을 때 첫날인데 집을 못 찾겠는 거야. 왜냐하면은 보통 아파트 단지가 뭐 몇 호부터 몇 호 1에서 3 3에서 5 이렇게 순서대로 있는데 거기는 막 1에서 3이랑 17에서 19 이렇게 붙어 있고. 막 이상하게 다 붙어 있는 거야. 그래 가지고 처음 이사 갔을 때 그 아파트 단지 안에서 길 잃어 가지고 한 20분 30분 정도 헤맸던 기억이 있어. 너는 만약에 이제 앞으로 회사 다니고 할 거면은 하면은 혼자 살게 되면은 서울에서 계속 살고 싶어? 아니면은 대구? 이게 새로 지은 아파트여 가지고 이게 헬스장이나 도서관 뭐 어린이집 이런 게 입주된다는 얘기만 있고 아직은 인프라가 갖춰지진 못한 거 같아. 그래서 헬스장도 아마 생긴다곤 하는데 어 언제 생길진 잘 모르겠고. 그 아파트 단지 내에 도서관은 지금도 운영하고 있고. 그거 말고도 뭔가 주민들 휴식 공간이라고 하면서 건물이 몇 개 있더라고. 거기서 막 좀 차 같은 거 마시고 막 떠들면서 있는 아줌마들도 있고. 그 빈백 빈백도 있잖아. 그런 것도 아파트 단지 내에 몇 개 깔아둔 거야. 그래 가지고 거기서 좀 누워서 막 떠드는 사람들도 보고 이런 시설이 좀 있었어.,0.014965986394557823,0.02857142857142857,0.013605442176870748,0.0013605442176870747,0.005442176870748299,0.0027210884353741495,0.0027210884353741495,0.02312925170068027,0.0326530612244898,0.02040816326530612,0.004081632653061225,0.0163265306122449,0.0013605442176870747,0.005442176870748299,0.013605442176870748,0.0027210884353741495,0.004081632653061225,0.004081632653061225,0.024489795918367346,0.021768707482993196,0.0013605442176870747,0.0013605442176870747,0.005442176870748299,0.006802721088435374,0.0013605442176870747,0.004081632653061225,0.02040816326530612,0.0013605442176870747,0.0013605442176870747,0.009523809523809525,0.04353741496598639,0.0013605442176870747,0.005442176870748299,0.0013605442176870747,0.010884353741496598,0.005442176870748299,0.0013605442176870747,0.0027210884353741495,0.012244897959183673,0.0013605442176870747,0.0013605442176870747,0.006802721088435374,0.004081632653061225,0.0027210884353741495,0.027210884353741496,0.009523809523809525,0.010884353741496598,0.0013605442176870747,0.006802721088435374,0.024489795918367346,0.010884353741496598,0.0013605442176870747,0.006802721088435374,0.0027210884353741495,0.0013605442176870747,0.005442176870748299,0.0013605442176870747,0.0013605442176870747,0.0013605442176870747,0.006802721088435374,0.0013605442176870747,0.0027210884353741495,0.0013605442176870747,0.0027210884353741495,0.013605442176870748,0.0013605442176870747,0.006802721088435374,0.0013605442176870747,0.02857142857142857,0.0027210884353741495,0.0027210884353741495,0.0027210884353741495,0.005442176870748299,0.0013605442176870747,0.00816326530612245,0.004081632653061225,0.00816326530612245,0.0013605442176870747,0.005442176870748299,0.0027210884353741495,0.0013605442176870747,0.0013605442176870747,0.0027210884353741495,0.0013605442176870747,0.0013605442176870747,0.0013605442176870747,0.005442176870748299,0.0013605442176870747,0.005442176870748299,0.0027210884353741495,0.0013605442176870747,0.0027210884353741495,0.0027210884353741495,0.005442176870748299,0.004081632653061225,0.0013605442176870747,0.0027210884353741495,0.0013605442176870747,0.0013605442176870747,0.0013605442176870747,0.005442176870748299,0.004081632653061225,0.0013605442176870747,0.0013605442176870747,0.0013605442176870747,0.0027210884353741495,0.009523809523809525,0.014965986394557823,0.0013605442176870747,0.0013605442176870747,0.0013605442176870747,0.0027210884353741495,0.0013605442176870747,0.004081632653061225,0.0013605442176870747,0.004081632653061225,0.0013605442176870747,0.0013605442176870747,0.0027210884353741495,0.0027210884353741495,0.0027210884353741495,0.0013605442176870747,0.0013605442176870747,0.0027210884353741495,0.0027210884353741495,0.0013605442176870747,0.0027210884353741495,0.0013605442176870747,0.0027210884353741495,0.0013605442176870747,0.0013605442176870747,0.0013605442176870747,0.0013605442176870747,0.0013605442176870747,0.0013605442176870747,0.0013605442176870747,0.005442176870748299,0.004081632653061225,0.0013605442176870747,0.0013605442176870747,0.0027210884353741495,0.0027210884353741495,0.0013605442176870747,0.0013605442176870747,0.0013605442176870747,0.004081632653061225,0.0013605442176870747,0.0013605442176870747,0.004081632653061225,0.0013605442176870747,0.0027210884353741495,0.005442176870748299,0.0027210884353741495,0.004081632653061225,0.0013605442176870747,0.005442176870748299,0.0027210884353741495,0.0013605442176870747,0.0013605442176870747,0.0013605442176870747,0.0013605442176870747,0.0027210884353741495,0.0013605442176870747,0.0013605442176870747,0.0013605442176870747,0.0013605442176870747,0.0013605442176870747,0.0027210884353741495,0.0027210884353741495,0.0013605442176870747,0.0013605442176870747,0.0013605442176870747,0.0013605442176870747,0.0013605442176870747,0.0013605442176870747,0.0013605442176870747,0.0013605442176870747,0.0013605442176870747,0.0013605442176870747,0.0013605442176870747,0.0027210884353741495,0.0013605442176870747,0.0027210884353741495,0.0013605442176870747,0.0013605442176870747,0.005442176870748299,0.005442176870748299,0.005442176870748299,0.0013605442176870747,0.0013605442176870747,0.0013605442176870747,0.0013605442176870747,0.0013605442176870747,0.0013605442176870747,0.0013605442176870747,0.0027210884353741495,0.0013605442176870747,0.0013605442176870747,0.0013605442176870747,0.0013605442176870747,0.0027210884353741495,0.0013605442176870747,0.0013605442176870747,0.0013605442176870747,0.004081632653061225,0.0013605442176870747,0.0013605442176870747,0.0013605442176870747,0.0013605442176870747,0.0027210884353741495,0.0013605442176870747,0.0013605442176870747,0.0013605442176870747,0.005442176870748299,0.0027210884353741495,0.0013605442176870747,0.0013605442176870747,0.0027210884353741495,0.0013605442176870747,0.0013605442176870747,0.0013605442176870747,0.0013605442176870747,0.0013605442176870747,0.0013605442176870747,0.0013605442176870747,0.0013605442176870747,0.0013605442176870747,0.0013605442176870747,0.0027210884353741495,0.0027210884353741495,0.0013605442176870747,0.0013605442176870747,0.0013605442176870747,0.0013605442176870747,0.0013605442176870747,0.0013605442176870747,0.0013605442176870747,0.0013605442176870747,0.0027210884353741495,0.0013605442176870747,0.0013605442176870747,0.0013605442176870747,0.0013605442176870747,0.0013605442176870747,0.0013605442176870747,0.0013605442176870747,0.0013605442176870747,0.0013605442176870747,0.0013605442176870747,0.0013605442176870747,0.0027210884353741495,0.0013605442176870747,0.0013605442176870747,0.0013605442176870747,0.0013605442176870747,0.0013605442176870747,0.0013605442176870747,0.0013605442176870747,0.0,0.0,0.0,0.0,0.0,0.0,0.0,0.0,0.0,0.0,0.0,0.0,0.0,0.0,0.0,0.0,0.0,0.0,0.0,0.0,0.0,0.0,0.0,0.0,0.0,0.0,0.0,0.0,0.0,0.0,0.0,0.0,0.0,0.0,0.0,0.0,0.0,0.0,0.0,0.0,0.0,0.0,0.0,0.0,0.0,0.0,0.0,0.0,0.0,0.0,0.0,0.0,0.0,0.0,0.0,0.0,0.0,0.0,0.0,0.0,0.0,0.0,0.0,0.0,0.0,0.0,0.0,0.0,0.0,0.0,0.0,0.0,0.0,0.0,0.0,0.0,0.0,0.0,0.0,0.0,0.0,0.0,0.0,0.0,0.0,0.0,0.0,0.0,0.0,0.0,0.0,0.0,0.0,0.0,0.0,0.0,0.0,0.0,0.0,0.0,0.0,0.0,0.0,0.0,0.0,0.0,0.0,0.0,0.0,0.0,0.0,0.0,0.0,0.0,0.0,0.0,0.0,0.0,0.0,0.0,0.0,0.0,0.0,0.0,0.0,0.0,0.0,0.0,0.0,0.0,0.0,0.0,0.0,0.0,0.0,0.0,0.0,0.0,0.0,0.0,0.0,0.0,0.0,0.0,0.0,0.0,0.0,0.0,0.0,0.0,0.0,0.0,0.0,0.0,0.0,0.0,0.0,0.0,0.0,0.0,0.0,0.0,0.0,0.0,0.0,0.0,0.0,0.0,0.0,0.0,0.0,0.0,0.0,0.0,0.0,0.0,0.0,0.0,0.0,0.0,0.0,0.0,0.0,0.0,0.0,0.0,0.0,0.0,0.0,0.0,0.0,0.0,0.0,0.0,0.0,0.0,0.0,0.0,0.0,0.0,0.0,0.0,0.0,0.0,0.0,0.0,0.0,0.0,0.0,0.0,0.0,0.0,0.0,0.0,0.0,0.0,0.0,0.0,0.0,0.0,0.0,0.0,0.0,0.0,0.0,0.0,0.0,0.0,0.0,0.0,0.0,0.0,0.0,0.0,0.0,0.0,0.0,0.0,0.0,0.0,0.0,0.0,0.0,0.0,0.0,0.0,0.0,0.0,0.0,0.0,0.0,0.0,0.0,0.0,0.0,0.0,0.0,0.0,0.0,0.0,0.0,0.0,0.0,0.0,0.0,0.0,0.0,0.0,0.0,0.0,0.0,0.0,0.0,0.0,0.0,0.0,0.0,0.0,0.0,0.0,0.0,0.0,0.0,0.0,0.0,0.0,0.0,0.0,0.0,0.0,0.0,0.0,0.0,0.0,0.0,0.0,0.0,0.0,0.0,0.0,0.0,0.0,0.0,0.0,0.0,0.0,0.0,0.0,0.0,0.0,0.0,0.0,0.0,0.0,0.0,0.0,0.0,0.0,0.0,0.0,0.0,0.0,0.0,0.0,0.0,0.0,0.0,0.0,0.0,0.0,0.0,0.0,0.0,0.0,0.0,0.0,0.0,0.0,0.0,0.0,0.0,0.0,0.0,0.0,0.0,0.0,0.0,0.0,0.0,0.0,0.0,0.0,0.0,0.0,0.0,0.0,0.0,0.0,0.0,0.0,0.0,0.0,0.0,0.0,0.0,0.0,0.0,0.0,0.0,0.0,0.0,0.0,0.0,0.0,0.0,0.0,0.0,0.0,0.0,0.0,0.0,0.0,0.0,0.0,0.0,0.0,0.0,0.0,0.0,0.0,0.0,0.0,0.0,0.0,0.0,0.0,0.0,0.0,0.0,0.0,0.0,0.0,0.0,0.0,0.0,0.0,0.0,0.0,0.0,0.0,0.0,0.0,0.0,0.0,0.0,0.0,0.0,0.0,0.0,0.0,0.0,0.0,0.0,0.0,0.0,0.0,0.0,0.0,0.0,0.0,0.0,0.0,0.0,0.0,0.0,0.0,0.0,0.0,0.0,0.0,0.0,0.0,0.0,0.0,0.0,0.0,0.0,0.0,0.0,0.0,0.0,0.0,0.0,0.0,0.0,0.0,0.0,0.0,0.0,0.0,0.0,0.0,0.0,0.0,0.0,0.0,0.0,0.0,0.0,0.0,0.0,0.0,0.0,0.0,0.0,0.0,0.0,0.0,0.0,0.0,0.0,0.0,0.0,0.0,0.0,0.0,0.0,0.0,0.0,0.0,0.0,0.0,0.0,0.0,0.0,0.0,0.0,0.0,0.0,0.0,0.0,0.0,0.0,0.0,0.0,0.0,0.0,0.0,0.0,0.0,0.0,0.0,0.0,0.0,0.0,0.0,0.0,0.0,0.0,0.0,0.0,0.0,0.0,0.0,0.0,0.0,0.0,0.0,0.0,0.0,0.0,0.0,0.0,0.0,0.0,0.0,0.0,0.0,0.0,0.0,0.0,0.0,0.0,0.0,0.0,0.0,0.0,0.0,0.0,0.0,0.0,0.0,0.0,0.0,0.0,0.0,0.0,0.0,0.0,0.0,0.0,0.0,0.0,0.0,0.0,0.0,0.0,0.0,0.0,0.0,0.0,0.0,0.0,0.0,0.0,0.0,0.0,0.0,0.0,0.0,0.0,0.0,0.0,0.0,0.0,0.0,0.0,0.0,0.0,0.0,0.0,0.0,0.0,0.0,0.0,0.0,0.0,0.0,0.0,0.0,0.0,0.0,0.0,0.0,0.0,0.0,0.0,0.0,0.0,0.0,0.0,0.0,0.0,0.0,0.0,0.0,0.0,0.0,0.0,0.0,0.0,0.0,0.0,0.0,0.0,0.0,0.0,0.0,0.0,0.0,0.0,0.0,0.0,0.0,0.0,0.0,0.0,0.0,0.0,0.0,0.0,0.0,0.0,0.0,0.0,0.0,0.0,0.0,0.0,0.0,0.0,0.6882000533416426,0.0,0.0,0.0,0.0,0.0,0.0,0.0,0.0,0.0,0.0,0.0,0.0,0.0,0.0,0.0,0.0,0.0,0.0,0.0,0.0,0.0,0.0,0.0,0.0,0.0,0.0,0.0,0.0,0.0,0.0,0.0,0.0,0.0,0.0,0.0,0.0,0.0,0.0,0.0,0.0,0.0,0.0,0.0,0.0,0.0,0.0,0.0,0.0,0.0,0.0,0.0,0.0,0.0,0.0,0.0,0.0,0.0,0.0,0.0,0.0,0.0,0.0,0.0,0.0,0.0,0.0,0.0,0.0,0.0,0.0,0.0,0.0,0.0,0.0,0.0,0.0,0.0,0.0,0.0,0.0,0.0,0.0,0.0,0.0,0.0,0.0,0.0,0.0,0.0,0.4827031769403859,0.0,0.0,0.0,0.0,0.0,0.0,0.0,0.0,0.0,0.0,0.0,0.0,0.0,0.0,0.0,0.0,0.0,0.0,0.0,0.0,0.0,0.0,0.0,0.0,0.0,0.0,0.0,0.0,0.0,0.0,0.0,0.0,0.0,0.0,0.0,0.0,0.0,0.0,0.0,0.0,0.0,0.0,0.0,0.0,0.0,0.0,0.0,0.0,0.0,0.0,0.0,0.0,0.0,0.0,0.0,0.0,0.0,0.0,0.0,0.0,0.0,0.0,0.0,0.0,0.0,0.0,0.0,0.0,0.0,0.0,0.0,0.0,0.0,0.0,0.0,0.0,0.0,0.0,0.0,0.0,0.0,0.0,0.0,0.0,0.0,0.0,0.0,0.0,0.0,0.0,0.0,0.0,0.0,0.0,0.0,0.0,0.0,0.0,0.0,0.0,0.0,0.0,0.0,0.0,0.0,0.0,0.0,0.0,0.0,0.0,0.0,0.0,0.0,0.0,0.0,0.0,0.0,0.0,0.0,0.0,0.0,0.0,0.0,0.0,0.0,0.5416440986037039,0.0,0.0,0.0,0.0,0.0,0.0,0.0,0.0,0.0,0.0,0.0,0.0,0.0,0.0,0.0,0.0,0.0,0.0,0.0,0.0,0.0,0.0,0.0,0.0,0.0,0.0,0.0,0.0,0.0,0.0,0.0,0.0,0.0,0.0,0.0,0.0,0.0,0.0,0.0,0.0,0.0,0.0,0.0,0.0,0.0,0.0,0.0,0.0,0.0,0.0,0.0,0.0,0.0,0.0
SD2401267,20대,너희 집은 지금 오피스텔이잖아. 그 층간 소음 좀 있는 거 같아? 나 지금 7층 사는데 딱히 층간 소음은 없는 거 같은데 좀 그 아파트에 이상한 사람은 좀 있는 거 같더라. 왜냐하면은 우리가 집에 아무도 없는 상태였는데 갑자기 밑의 집에서 올라온다 아 그 밑의 집인가 어디서 막 신고가 들어왔다는 거야. 이 이 시간이 너무 시끄러웠었다고. 그래 가지고 그게 그게 꼭 밑의 집은 아니고 밑의 층은 아니었던 거 같은데 그런 사람이 좀 있어서 좀 뭐지 좀 조심해야겠다 이런 적은 있었어. 이런 적이 있어. 그리고 너는 지금 자취를 그 1곳에서만 했던 거야 이사 없이? 나도 지금 누나랑 같이 살라고 하면은 절대 못 살 거 같아. 누나랑 진짜 맞는 게 하나도 없단 말이야. 누나도 막 나도 새벽에 전화하면은 누나가 뭐라 하고. 어떨 때 누나가 새벽에 게임하면 또 나한테 이제 내가 이제 스트레스받고. 그래서 이제 만약에 내가 너처럼 그러니까 형제 같이 살라고 하면은 나는 못 살 거 같아. 그리고 그리고 그 이사를 좀 많이 다녔었는데 이사 다닐 때마다 이제 방이 있긴 한데 이게 크기가 이제 큰방 작은방이 있었단 말이야. 그래 가지고 누가 큰방 쓸 거냐 이런 거 때문에 또 엄청 싸운 적 싸웠었고 싸웠었던 거 같아. 그러면 본가도 그러면 지금 살던 데 쭉 계속 살고 있었던 거야 어릴 때부터? 나는 이제 어릴 때부터 정말 많이 다녔었는데 초등학교랑 중학교 때까지는 그래도 한동네 내에서 왔다 갔다 했던 거여서 좀 이제 이사하느라 좀 귀찮고 막 집 바뀌는 게 좀 불편 적응이 안 되 초반에 적응이 안 되는 게 있긴 했어도 이 친구들이랑 멀어진다 이런 거 없어서 괜찮았는데 중학교 3학년에서 이제 고등학교 때 한번 아예 학 그 학 우리 지금 다니는 학교 쪽으로 이사를 왔었단 말이야. 근데 그때 정말 좀 좋았던 친구들인데 완전 멀어지니까 그때 쪼끔 이제 스트레스를 받았었던 경험이 있고. 그래서 또 그래 가지고 이제 고등학교 1학년 때에서부터 2학년 때 또 이사를 가야 되는 상황이 된 거야. 근데 그래서 원래 다니던 고등학교 쪽으로 가려 했었는데 그러진 않고 이제 다시 원래 동네로 돌아갔었던 적이 있어. 나도 그런 전원주택에서 사는 꿈 같은 게 있었던 거 같아. 그 내가 직접 집을 만들고 아 설계해서 막 비밀 공간이나 아 이제 정말 큰 목욕탕이나 아니면 음 어떤 작업실 뭐 이런 걸 만들어 두고 싶다는 생각이 있었어. 만들고 싶다는. 그리 너 근데 지금 자취하고 있잖아. 그러면 그 가전제품 같은 거는 뭐 뭐 있어? 어 이러면 안 되는데. 나는 이제 본가에 살잖아. 어 집안일을 거의 다 안 하고 엄마가 하고 있어. 그러니까 설거지만 이제 내가 먹은 거 설거지하고 이제 그리고 옷 옷이나 분리수거 이런 거는 엄마 아빠가 거의 다 하는 거 같아. 그 자취하면서 이런 설거지나 분리수거 때문에 막 오빠랑 막 싸우거나 그러진 않아? 난 지금 너무 자취를 하고 싶어. 왜냐하면은 일단 난 이제 혼자가 편하단 말이야. 그래 가지고 이제 나만의 일상생활 패턴이 있는데 어쨌든 가족이랑 살면은 아무리 가족이라도 쪼금 지켜야 되는 게 있으니까 그런 게 이제 좀 나한테는 너무 좀 힘들고 내가 하고 싶은 것도 너무 제한이 되는 거 같아서 학교 근처에서 자취하고 싶다는 생각은 있는데 이게 자취도 어쨌든 돈이 많이 깨지니까 쉽사리 하진 못 하고 있고. 음 아마 군대 갔다 와서 자취를 할 수 있으면 하지 않을까 이런 생각이 있어. 음 너는 음 너희 집 인테리어는 혹시 어떻게 돼 있어? 음 우리 집은 이번에 새로 지은 아파트여 가지고 그냥 전체적으로 완전 깔끔한 느낌으로 지금 돼 있는데 이게 아파 이제 방 청소를 쪼끔만 안 해도 이제 옷가 방이 좀 좁아 가지고 옷도 막 의자 위에 올라가 있고 침대 위에 뭉쳐져 있고. 그래 가지고 인테리어는 깔끔한데 방 정리는 되게 안 돼 있는 거 같아. 그리고 또 새로 지은 아파트라 했잖아. 이게 요즘에 새로 지어서 그런가. 아파트가 되게 개성이 넘치더라고. 건물도 막 다 이 모습이 막 다르고. 막 저게 아파트 건물이야 이런 것도 있고. 그리고 처음에 이사 왔을 때 첫날인데 집을 못 찾겠는 거야. 왜냐하면은 보통 아파트 단지가 뭐 몇 호부터 몇 호 1에서 3 3에서 5 이렇게 순서대로 있는데 거기는 막 1에서 3이랑 17에서 19 이렇게 붙어 있고. 막 이상하게 다 붙어 있는 거야. 그래 가지고 처음 이사 갔을 때 그 아파트 단지 안에서 길 잃어 가지고 한 20분 30분 정도 헤맸던 기억이 있어. 너는 만약에 이제 앞으로 회사 다니고 할 거면은 하면은 혼자 살게 되면은 서울에서 계속 살고 싶어? 아니면은 대구? 이게 새로 지은 아파트여 가지고 이게 헬스장이나 도서관 뭐 어린이집 이런 게 입주된다는 얘기만 있고 아직은 인프라가 갖춰지진 못한 거 같아. 그래서 헬스장도 아마 생긴다곤 하는데 어 언제 생길진 잘 모르겠고. 그 아파트 단지 내에 도서관은 지금도 운영하고 있고. 그거 말고도 뭔가 주민들 휴식 공간이라고 하면서 건물이 몇 개 있더라고. 거기서 막 좀 차 같은 거 마시고 막 떠들면서 있는 아줌마들도 있고. 그 빈백 빈백도 있잖아. 그런 것도 아파트 단지 내에 몇 개 깔아둔 거야. 그래 가지고 거기서 좀 누워서 막 떠드는 사람들도 보고 이런 시설이 좀 있었어.,0.014965986394557823,0.02857142857142857,0.013605442176870748,0.0013605442176870747,0.005442176870748299,0.0027210884353741495,0.0027210884353741495,0.02312925170068027,0.0326530612244898,0.02040816326530612,0.004081632653061225,0.0163265306122449,0.0013605442176870747,0.005442176870748299,0.013605442176870748,0.0027210884353741495,0.004081632653061225,0.004081632653061225,0.024489795918367346,0.021768707482993196,0.0013605442176870747,0.0013605442176870747,0.005442176870748299,0.006802721088435374,0.0013605442176870747,0.004081632653061225,0.02040816326530612,0.0013605442176870747,0.0013605442176870747,0.009523809523809525,0.04353741496598639,0.0013605442176870747,0.005442176870748299,0.0013605442176870747,0.010884353741496598,0.005442176870748299,0.0013605442176870747,0.0027210884353741495,0.012244897959183673,0.0013605442176870747,0.0013605442176870747,0.006802721088435374,0.004081632653061225,0.0027210884353741495,0.027210884353741496,0.009523809523809525,0.010884353741496598,0.0013605442176870747,0.006802721088435374,0.024489795918367346,0.010884353741496598,0.0013605442176870747,0.006802721088435374,0.0027210884353741495,0.0013605442176870747,0.005442176870748299,0.0013605442176870747,0.0013605442176870747,0.0013605442176870747,0.006802721088435374,0.0013605442176870747,0.0027210884353741495,0.0013605442176870747,0.0027210884353741495,0.013605442176870748,0.0013605442176870747,0.006802721088435374,0.0013605442176870747,0.02857142857142857,0.0027210884353741495,0.0027210884353741495,0.0027210884353741495,0.005442176870748299,0.0013605442176870747,0.00816326530612245,0.004081632653061225,0.00816326530612245,0.0013605442176870747,0.005442176870748299,0.0027210884353741495,0.0013605442176870747,0.0013605442176870747,0.0027210884353741495,0.0013605442176870747,0.0013605442176870747,0.0013605442176870747,0.005442176870748299,0.0013605442176870747,0.005442176870748299,0.0027210884353741495,0.0013605442176870747,0.0027210884353741495,0.0027210884353741495,0.005442176870748299,0.004081632653061225,0.0013605442176870747,0.0027210884353741495,0.0013605442176870747,0.0013605442176870747,0.0013605442176870747,0.005442176870748299,0.004081632653061225,0.0013605442176870747,0.0013605442176870747,0.0013605442176870747,0.0027210884353741495,0.009523809523809525,0.014965986394557823,0.0013605442176870747,0.0013605442176870747,0.0013605442176870747,0.0027210884353741495,0.0013605442176870747,0.004081632653061225,0.0013605442176870747,0.004081632653061225,0.0013605442176870747,0.0013605442176870747,0.0027210884353741495,0.0027210884353741495,0.0027210884353741495,0.0013605442176870747,0.0013605442176870747,0.0027210884353741495,0.0027210884353741495,0.0013605442176870747,0.0027210884353741495,0.0013605442176870747,0.0027210884353741495,0.0013605442176870747,0.0013605442176870747,0.0013605442176870747,0.0013605442176870747,0.0013605442176870747,0.0013605442176870747,0.0013605442176870747,0.005442176870748299,0.004081632653061225,0.0013605442176870747,0.0013605442176870747,0.0027210884353741495,0.0027210884353741495,0.0013605442176870747,0.0013605442176870747,0.0013605442176870747,0.004081632653061225,0.0013605442176870747,0.0013605442176870747,0.004081632653061225,0.0013605442176870747,0.0027210884353741495,0.005442176870748299,0.0027210884353741495,0.004081632653061225,0.0013605442176870747,0.005442176870748299,0.0027210884353741495,0.0013605442176870747,0.0013605442176870747,0.0013605442176870747,0.0013605442176870747,0.0027210884353741495,0.0013605442176870747,0.0013605442176870747,0.0013605442176870747,0.0013605442176870747,0.0013605442176870747,0.0027210884353741495,0.0027210884353741495,0.0013605442176870747,0.0013605442176870747,0.0013605442176870747,0.0013605442176870747,0.0013605442176870747,0.0013605442176870747,0.0013605442176870747,0.0013605442176870747,0.0013605442176870747,0.0013605442176870747,0.0013605442176870747,0.0027210884353741495,0.0013605442176870747,0.0027210884353741495,0.0013605442176870747,0.0013605442176870747,0.005442176870748299,0.005442176870748299,0.005442176870748299,0.0013605442176870747,0.0013605442176870747,0.0013605442176870747,0.0013605442176870747,0.0013605442176870747,0.0013605442176870747,0.0013605442176870747,0.0027210884353741495,0.0013605442176870747,0.0013605442176870747,0.0013605442176870747,0.0013605442176870747,0.0027210884353741495,0.0013605442176870747,0.0013605442176870747,0.0013605442176870747,0.004081632653061225,0.0013605442176870747,0.0013605442176870747,0.0013605442176870747,0.0013605442176870747,0.0027210884353741495,0.0013605442176870747,0.0013605442176870747,0.0013605442176870747,0.005442176870748299,0.0027210884353741495,0.0013605442176870747,0.0013605442176870747,0.0027210884353741495,0.0013605442176870747,0.0013605442176870747,0.0013605442176870747,0.0013605442176870747,0.0013605442176870747,0.0013605442176870747,0.0013605442176870747,0.0013605442176870747,0.0013605442176870747,0.0013605442176870747,0.0027210884353741495,0.0027210884353741495,0.0013605442176870747,0.0013605442176870747,0.0013605442176870747,0.0013605442176870747,0.0013605442176870747,0.0013605442176870747,0.0013605442176870747,0.0013605442176870747,0.0027210884353741495,0.0013605442176870747,0.0013605442176870747,0.0013605442176870747,0.0013605442176870747,0.0013605442176870747,0.0013605442176870747,0.0013605442176870747,0.0013605442176870747,0.0013605442176870747,0.0013605442176870747,0.0013605442176870747,0.0027210884353741495,0.0013605442176870747,0.0013605442176870747,0.0013605442176870747,0.0013605442176870747,0.0013605442176870747,0.0013605442176870747,0.0013605442176870747,0.0,0.0,0.0,0.0,0.0,0.0,0.0,0.0,0.0,0.0,0.0,0.0,0.0,0.0,0.0,0.0,0.0,0.0,0.0,0.0,0.0,0.0,0.0,0.0,0.0,0.0,0.0,0.0,0.0,0.0,0.0,0.0,0.0,0.0,0.0,0.0,0.0,0.0,0.0,0.0,0.0,0.0,0.0,0.0,0.0,0.0,0.0,0.0,0.0,0.0,0.0,0.0,0.0,0.0,0.0,0.0,0.0,0.0,0.0,0.0,0.0,0.0,0.0,0.0,0.0,0.0,0.0,0.0,0.0,0.0,0.0,0.0,0.0,0.0,0.0,0.0,0.0,0.0,0.0,0.0,0.0,0.0,0.0,0.0,0.0,0.0,0.0,0.0,0.0,0.0,0.0,0.0,0.0,0.0,0.0,0.0,0.0,0.0,0.0,0.0,0.0,0.0,0.0,0.0,0.0,0.0,0.0,0.0,0.0,0.0,0.0,0.0,0.0,0.0,0.0,0.0,0.0,0.0,0.0,0.0,0.0,0.0,0.0,0.0,0.0,0.0,0.0,0.0,0.0,0.0,0.0,0.0,0.0,0.0,0.0,0.0,0.0,0.0,0.0,0.0,0.0,0.0,0.0,0.0,0.0,0.0,0.0,0.0,0.0,0.0,0.0,0.0,0.0,0.0,0.0,0.0,0.0,0.0,0.0,0.0,0.0,0.0,0.0,0.0,0.0,0.0,0.0,0.0,0.0,0.0,0.0,0.0,0.0,0.0,0.0,0.0,0.0,0.0,0.0,0.0,0.0,0.0,0.0,0.0,0.0,0.0,0.0,0.0,0.0,0.0,0.0,0.0,0.0,0.0,0.0,0.0,0.0,0.0,0.0,0.0,0.0,0.0,0.0,0.0,0.0,0.0,0.0,0.0,0.0,0.0,0.0,0.0,0.0,0.0,0.0,0.0,0.0,0.0,0.0,0.0,0.0,0.0,0.0,0.0,0.0,0.0,0.0,0.0,0.0,0.0,0.0,0.0,0.0,0.0,0.0,0.0,0.0,0.0,0.0,0.0,0.0,0.0,0.0,0.0,0.0,0.0,0.0,0.0,0.0,0.0,0.0,0.0,0.0,0.0,0.0,0.0,0.0,0.0,0.0,0.0,0.0,0.0,0.0,0.0,0.0,0.0,0.0,0.0,0.0,0.0,0.0,0.0,0.0,0.0,0.0,0.0,0.0,0.0,0.0,0.0,0.0,0.0,0.0,0.0,0.0,0.0,0.0,0.0,0.0,0.0,0.0,0.0,0.0,0.4272736546711405,0.0,0.0,0.0,0.0,0.0,0.0,0.0,0.0,0.0,0.0,0.0,0.0,0.0,0.0,0.0,0.0,0.0,0.0,0.0,0.0,0.0,0.0,0.0,0.0,0.0,0.0,0.0,0.0,0.0,0.0,0.0,0.0,0.0,0.0,0.0,0.0,0.0,0.0,0.0,0.0,0.0,0.3275571362083903,0.0,0.0,0.0,0.0,0.0,0.0,0.0,0.0,0.0,0.0,0.0,0.0,0.0,0.0,0.0,0.0,0.0,0.0,0.0,0.0,0.0,0.0,0.0,0.0,0.0,0.0,0.0,0.0,0.0,0.0,0.0,0.0,0.0,0.0,0.0,0.0,0.0,0.0,0.0,0.0,0.0,0.0,0.0,0.0,0.0,0.0,0.0,0.0,0.0,0.0,0.0,0.0,0.0,0.0,0.0,0.0,0.0,0.0,0.0,0.0,0.0,0.0,0.0,0.0,0.0,0.0,0.0,0.0,0.0,0.0,0.0,0.0,0.0,0.0,0.0,0.0,0.0,0.0,0.0,0.0,0.0,0.0,0.0,0.0,0.0,0.0,0.0,0.0,0.0,0.0,0.0,0.0,0.0,0.0,0.0,0.0,0.0,0.0,0.0,0.0,0.0,0.0,0.0,0.0,0.0,0.0,0.0,0.0,0.0,0.0,0.0,0.0,0.0,0.0,0.0,0.0,0.0,0.0,0.0,0.0,0.0,0.0,0.46085545053346905,0.0,0.0,0.0,0.0,0.0,0.0,0.0,0.0,0.0,0.0,0.0,0.0,0.0,0.0,0.0,0.0,0.0,0.0,0.0,0.0,0.0,0.0,0.0,0.0,0.0,0.0,0.0,0.0,0.0,0.0,0.0,0.0,0.0,0.0,0.0,0.0,0.0,0.0,0.0,0.0,0.0,0.0,0.0,0.0,0.0,0.0,0.0,0.0,0.0,0.0,0.0,0.0,0.0,0.0,0.0,0.0,0.0,0.0,0.0,0.0,0.0,0.0,0.0,0.0,0.0,0.0,0.0,0.0,0.0,0.0,0.0,0.0,0.0,0.0,0.0,0.0,0.0,0.0,0.0,0.0,0.0,0.0,0.0,0.0,0.0,0.0,0.0,0.0,0.0,0.0,0.0,0.0,0.0,0.0,0.0,0.0,0.0,0.0,0.0,0.0,0.0,0.0,0.46085545053346905,0.46085545053346905,0.0,0.0,0.0,0.0,0.0,0.0,0.0,0.0,0.0,0.0,0.0,0.0,0.0,0.0,0.0,0.0,0.0,0.0,0.0,0.0,0.0,0.0,0.0,0.0,0.0,0.0,0.0,0.0,0.0,0.0,0.0,0.0,0.0,0.0,0.0,0.0,0.0,0.0,0.0,0.0,0.0,0.0,0.0,0.0,0.0,0.0,0.0,0.0,0.0,0.0,0.0,0.0,0.0,0.0,0.0,0.0,0.0,0.0,0.0,0.0,0.0,0.0,0.0,0.0,0.0,0.0,0.0,0.0,0.0,0.0,0.0,0.0,0.0,0.0,0.0,0.0,0.0,0.0,0.0,0.0,0.0,0.0,0.0,0.0,0.0,0.0,0.0,0.0,0.0,0.0,0.0,0.0,0.0,0.0,0.0,0.0,0.0,0.0,0.0,0.0,0.0,0.0,0.0,0.0,0.0,0.0,0.0,0.0,0.0,0.0,0.0,0.0,0.0,0.0,0.0,0.0,0.0,0.0,0.0,0.0,0.0,0.0,0.0,0.0,0.0,0.0,0.0,0.0,0.0,0.0,0.0,0.0,0.0,0.0,0.0,0.0,0.0,0.0,0.0,0.0,0.0,0.0,0.0,0.0,0.0,0.0,0.0,0.0,0.0,0.0,0.0,0.0,0.0,0.0,0.0,0.0,0.2701486769978801,0.0,0.0,0.0,0.0,0.0,0.0,0.0,0.0,0.0,0.0,0.0,0.0,0.0,0.0,0.0,0.0,0.0,0.0,0.0,0.0,0.0,0.0,0.0,0.0,0.0,0.0,0.0,0.0,0.0,0.0,0.0,0.0,0.0,0.0,0.0,0.0,0.0,0.0,0.0,0.0,0.0,0.0,0.0,0.0,0.0,0.0,0.0,0.0,0.0,0.0,0.0,0.0,0.0,0.0,0.0,0.0,0.0,0.0,0.0,0.0,0.0,0.0,0.0,0.0,0.0,0.0,0.0,0.0,0.0,0.0,0.0,0.0,0.0,0.0,0.0,0.0,0.0,0.0,0.0,0.0,0.0,0.0,0.0,0.0,0.0,0.0,0.0,0.0,0.0,0.0,0.0,0.0,0.0,0.0,0.0,0.0,0.0,0.0,0.0,0.0,0.0,0.0,0.0,0.0,0.0,0.0,0.0,0.0,0.0,0.0,0.0,0.0,0.0,0.0,0.0,0.0,0.0,0.0,0.0,0.0,0.0,0.0,0.0,0.0,0.0,0.0,0.0,0.0,0.0,0.0,0.0,0.0,0.0,0.0,0.0,0.0,0.0,0.0,0.0,0.0,0.0,0.0,0.0,0.0,0.0,0.0,0.0,0.0,0.0,0.0,0.0,0.0,0.0,0.0,0.0,0.0,0.0,0.0,0.0,0.0,0.0,0.0,0.0,0.0,0.0,0.0,0.0,0.0,0.0,0.0,0.0,0.0,0.0,0.0,0.0,0.0,0.0,0.0,0.0,0.0,0.0,0.0,0.0,0.0,0.0,0.0,0.0,0.0,0.0,0.0,0.0,0.0,0.0,0.0,0.0,0.0,0.0,0.0,0.0,0.0,0.0,0.0
SD2401267,20대,너희 집은 지금 오피스텔이잖아. 그 층간 소음 좀 있는 거 같아? 나 지금 7층 사는데 딱히 층간 소음은 없는 거 같은데 좀 그 아파트에 이상한 사람은 좀 있는 거 같더라. 왜냐하면은 우리가 집에 아무도 없는 상태였는데 갑자기 밑의 집에서 올라온다 아 그 밑의 집인가 어디서 막 신고가 들어왔다는 거야. 이 이 시간이 너무 시끄러웠었다고. 그래 가지고 그게 그게 꼭 밑의 집은 아니고 밑의 층은 아니었던 거 같은데 그런 사람이 좀 있어서 좀 뭐지 좀 조심해야겠다 이런 적은 있었어. 이런 적이 있어. 그리고 너는 지금 자취를 그 1곳에서만 했던 거야 이사 없이? 나도 지금 누나랑 같이 살라고 하면은 절대 못 살 거 같아. 누나랑 진짜 맞는 게 하나도 없단 말이야. 누나도 막 나도 새벽에 전화하면은 누나가 뭐라 하고. 어떨 때 누나가 새벽에 게임하면 또 나한테 이제 내가 이제 스트레스받고. 그래서 이제 만약에 내가 너처럼 그러니까 형제 같이 살라고 하면은 나는 못 살 거 같아. 그리고 그리고 그 이사를 좀 많이 다녔었는데 이사 다닐 때마다 이제 방이 있긴 한데 이게 크기가 이제 큰방 작은방이 있었단 말이야. 그래 가지고 누가 큰방 쓸 거냐 이런 거 때문에 또 엄청 싸운 적 싸웠었고 싸웠었던 거 같아. 그러면 본가도 그러면 지금 살던 데 쭉 계속 살고 있었던 거야 어릴 때부터? 나는 이제 어릴 때부터 정말 많이 다녔었는데 초등학교랑 중학교 때까지는 그래도 한동네 내에서 왔다 갔다 했던 거여서 좀 이제 이사하느라 좀 귀찮고 막 집 바뀌는 게 좀 불편 적응이 안 되 초반에 적응이 안 되는 게 있긴 했어도 이 친구들이랑 멀어진다 이런 거 없어서 괜찮았는데 중학교 3학년에서 이제 고등학교 때 한번 아예 학 그 학 우리 지금 다니는 학교 쪽으로 이사를 왔었단 말이야. 근데 그때 정말 좀 좋았던 친구들인데 완전 멀어지니까 그때 쪼끔 이제 스트레스를 받았었던 경험이 있고. 그래서 또 그래 가지고 이제 고등학교 1학년 때에서부터 2학년 때 또 이사를 가야 되는 상황이 된 거야. 근데 그래서 원래 다니던 고등학교 쪽으로 가려 했었는데 그러진 않고 이제 다시 원래 동네로 돌아갔었던 적이 있어. 나도 그런 전원주택에서 사는 꿈 같은 게 있었던 거 같아. 그 내가 직접 집을 만들고 아 설계해서 막 비밀 공간이나 아 이제 정말 큰 목욕탕이나 아니면 음 어떤 작업실 뭐 이런 걸 만들어 두고 싶다는 생각이 있었어. 만들고 싶다는. 그리 너 근데 지금 자취하고 있잖아. 그러면 그 가전제품 같은 거는 뭐 뭐 있어? 어 이러면 안 되는데. 나는 이제 본가에 살잖아. 어 집안일을 거의 다 안 하고 엄마가 하고 있어. 그러니까 설거지만 이제 내가 먹은 거 설거지하고 이제 그리고 옷 옷이나 분리수거 이런 거는 엄마 아빠가 거의 다 하는 거 같아. 그 자취하면서 이런 설거지나 분리수거 때문에 막 오빠랑 막 싸우거나 그러진 않아? 난 지금 너무 자취를 하고 싶어. 왜냐하면은 일단 난 이제 혼자가 편하단 말이야. 그래 가지고 이제 나만의 일상생활 패턴이 있는데 어쨌든 가족이랑 살면은 아무리 가족이라도 쪼금 지켜야 되는 게 있으니까 그런 게 이제 좀 나한테는 너무 좀 힘들고 내가 하고 싶은 것도 너무 제한이 되는 거 같아서 학교 근처에서 자취하고 싶다는 생각은 있는데 이게 자취도 어쨌든 돈이 많이 깨지니까 쉽사리 하진 못 하고 있고. 음 아마 군대 갔다 와서 자취를 할 수 있으면 하지 않을까 이런 생각이 있어. 음 너는 음 너희 집 인테리어는 혹시 어떻게 돼 있어? 음 우리 집은 이번에 새로 지은 아파트여 가지고 그냥 전체적으로 완전 깔끔한 느낌으로 지금 돼 있는데 이게 아파 이제 방 청소를 쪼끔만 안 해도 이제 옷가 방이 좀 좁아 가지고 옷도 막 의자 위에 올라가 있고 침대 위에 뭉쳐져 있고. 그래 가지고 인테리어는 깔끔한데 방 정리는 되게 안 돼 있는 거 같아. 그리고 또 새로 지은 아파트라 했잖아. 이게 요즘에 새로 지어서 그런가. 아파트가 되게 개성이 넘치더라고. 건물도 막 다 이 모습이 막 다르고. 막 저게 아파트 건물이야 이런 것도 있고. 그리고 처음에 이사 왔을 때 첫날인데 집을 못 찾겠는 거야. 왜냐하면은 보통 아파트 단지가 뭐 몇 호부터 몇 호 1에서 3 3에서 5 이렇게 순서대로 있는데 거기는 막 1에서 3이랑 17에서 19 이렇게 붙어 있고. 막 이상하게 다 붙어 있는 거야. 그래 가지고 처음 이사 갔을 때 그 아파트 단지 안에서 길 잃어 가지고 한 20분 30분 정도 헤맸던 기억이 있어. 너는 만약에 이제 앞으로 회사 다니고 할 거면은 하면은 혼자 살게 되면은 서울에서 계속 살고 싶어? 아니면은 대구? 이게 새로 지은 아파트여 가지고 이게 헬스장이나 도서관 뭐 어린이집 이런 게 입주된다는 얘기만 있고 아직은 인프라가 갖춰지진 못한 거 같아. 그래서 헬스장도 아마 생긴다곤 하는데 어 언제 생길진 잘 모르겠고. 그 아파트 단지 내에 도서관은 지금도 운영하고 있고. 그거 말고도 뭔가 주민들 휴식 공간이라고 하면서 건물이 몇 개 있더라고. 거기서 막 좀 차 같은 거 마시고 막 떠들면서 있는 아줌마들도 있고. 그 빈백 빈백도 있잖아. 그런 것도 아파트 단지 내에 몇 개 깔아둔 거야. 그래 가지고 거기서 좀 누워서 막 떠드는 사람들도 보고 이런 시설이 좀 있었어.,0.014965986394557823,0.02857142857142857,0.013605442176870748,0.0013605442176870747,0.005442176870748299,0.0027210884353741495,0.0027210884353741495,0.02312925170068027,0.0326530612244898,0.02040816326530612,0.004081632653061225,0.0163265306122449,0.0013605442176870747,0.005442176870748299,0.013605442176870748,0.0027210884353741495,0.004081632653061225,0.004081632653061225,0.024489795918367346,0.021768707482993196,0.0013605442176870747,0.0013605442176870747,0.005442176870748299,0.006802721088435374,0.0013605442176870747,0.004081632653061225,0.02040816326530612,0.0013605442176870747,0.0013605442176870747,0.009523809523809525,0.04353741496598639,0.0013605442176870747,0.005442176870748299,0.0013605442176870747,0.010884353741496598,0.005442176870748299,0.0013605442176870747,0.0027210884353741495,0.012244897959183673,0.0013605442176870747,0.0013605442176870747,0.006802721088435374,0.004081632653061225,0.0027210884353741495,0.027210884353741496,0.009523809523809525,0.010884353741496598,0.0013605442176870747,0.006802721088435374,0.024489795918367346,0.010884353741496598,0.0013605442176870747,0.006802721088435374,0.0027210884353741495,0.0013605442176870747,0.005442176870748299,0.0013605442176870747,0.0013605442176870747,0.0013605442176870747,0.006802721088435374,0.0013605442176870747,0.0027210884353741495,0.0013605442176870747,0.0027210884353741495,0.013605442176870748,0.0013605442176870747,0.006802721088435374,0.0013605442176870747,0.02857142857142857,0.0027210884353741495,0.0027210884353741495,0.0027210884353741495,0.005442176870748299,0.0013605442176870747,0.00816326530612245,0.004081632653061225,0.00816326530612245,0.0013605442176870747,0.005442176870748299,0.0027210884353741495,0.0013605442176870747,0.0013605442176870747,0.0027210884353741495,0.0013605442176870747,0.0013605442176870747,0.0013605442176870747,0.005442176870748299,0.0013605442176870747,0.005442176870748299,0.0027210884353741495,0.0013605442176870747,0.0027210884353741495,0.0027210884353741495,0.005442176870748299,0.004081632653061225,0.0013605442176870747,0.0027210884353741495,0.0013605442176870747,0.0013605442176870747,0.0013605442176870747,0.005442176870748299,0.004081632653061225,0.0013605442176870747,0.0013605442176870747,0.0013605442176870747,0.0027210884353741495,0.009523809523809525,0.014965986394557823,0.0013605442176870747,0.0013605442176870747,0.0013605442176870747,0.0027210884353741495,0.0013605442176870747,0.004081632653061225,0.0013605442176870747,0.004081632653061225,0.0013605442176870747,0.0013605442176870747,0.0027210884353741495,0.0027210884353741495,0.0027210884353741495,0.0013605442176870747,0.0013605442176870747,0.0027210884353741495,0.0027210884353741495,0.0013605442176870747,0.0027210884353741495,0.0013605442176870747,0.0027210884353741495,0.0013605442176870747,0.0013605442176870747,0.0013605442176870747,0.0013605442176870747,0.0013605442176870747,0.0013605442176870747,0.0013605442176870747,0.005442176870748299,0.004081632653061225,0.0013605442176870747,0.0013605442176870747,0.0027210884353741495,0.0027210884353741495,0.0013605442176870747,0.0013605442176870747,0.0013605442176870747,0.004081632653061225,0.0013605442176870747,0.0013605442176870747,0.004081632653061225,0.0013605442176870747,0.0027210884353741495,0.005442176870748299,0.0027210884353741495,0.004081632653061225,0.0013605442176870747,0.005442176870748299,0.0027210884353741495,0.0013605442176870747,0.0013605442176870747,0.0013605442176870747,0.0013605442176870747,0.0027210884353741495,0.0013605442176870747,0.0013605442176870747,0.0013605442176870747,0.0013605442176870747,0.0013605442176870747,0.0027210884353741495,0.0027210884353741495,0.0013605442176870747,0.0013605442176870747,0.0013605442176870747,0.0013605442176870747,0.0013605442176870747,0.0013605442176870747,0.0013605442176870747,0.0013605442176870747,0.0013605442176870747,0.0013605442176870747,0.0013605442176870747,0.0027210884353741495,0.0013605442176870747,0.0027210884353741495,0.0013605442176870747,0.0013605442176870747,0.005442176870748299,0.005442176870748299,0.005442176870748299,0.0013605442176870747,0.0013605442176870747,0.0013605442176870747,0.0013605442176870747,0.0013605442176870747,0.0013605442176870747,0.0013605442176870747,0.0027210884353741495,0.0013605442176870747,0.0013605442176870747,0.0013605442176870747,0.0013605442176870747,0.0027210884353741495,0.0013605442176870747,0.0013605442176870747,0.0013605442176870747,0.004081632653061225,0.0013605442176870747,0.0013605442176870747,0.0013605442176870747,0.0013605442176870747,0.0027210884353741495,0.0013605442176870747,0.0013605442176870747,0.0013605442176870747,0.005442176870748299,0.0027210884353741495,0.0013605442176870747,0.0013605442176870747,0.0027210884353741495,0.0013605442176870747,0.0013605442176870747,0.0013605442176870747,0.0013605442176870747,0.0013605442176870747,0.0013605442176870747,0.0013605442176870747,0.0013605442176870747,0.0013605442176870747,0.0013605442176870747,0.0027210884353741495,0.0027210884353741495,0.0013605442176870747,0.0013605442176870747,0.0013605442176870747,0.0013605442176870747,0.0013605442176870747,0.0013605442176870747,0.0013605442176870747,0.0013605442176870747,0.0027210884353741495,0.0013605442176870747,0.0013605442176870747,0.0013605442176870747,0.0013605442176870747,0.0013605442176870747,0.0013605442176870747,0.0013605442176870747,0.0013605442176870747,0.0013605442176870747,0.0013605442176870747,0.0013605442176870747,0.0027210884353741495,0.0013605442176870747,0.0013605442176870747,0.0013605442176870747,0.0013605442176870747,0.0013605442176870747,0.0013605442176870747,0.0013605442176870747,0.0,0.0,0.0,0.0,0.0,0.0,0.0,0.0,0.0,0.0,0.0,0.0,0.0,0.0,0.0,0.0,0.0,0.0,0.0,0.0,0.0,0.0,0.0,0.0,0.0,0.0,0.0,0.0,0.0,0.0,0.0,0.0,0.0,0.0,0.0,0.0,0.0,0.0,0.0,0.0,0.0,0.0,0.0,0.0,0.0,0.0,0.0,0.0,0.0,0.0,0.0,0.0,0.0,0.0,0.0,0.0,0.0,0.0,0.0,0.0,0.0,0.0,0.0,0.0,0.0,0.0,0.0,0.0,0.0,0.0,0.0,0.0,0.0,0.0,0.0,0.0,0.0,0.0,0.0,0.0,0.0,0.0,0.0,0.0,0.0,0.0,0.0,0.0,0.0,0.0,0.0,0.0,0.0,0.0,0.0,0.0,0.0,0.0,0.0,0.0,0.0,0.0,0.0,0.0,0.0,0.0,0.0,0.0,0.0,0.0,0.0,0.0,0.0,0.0,0.0,0.0,0.0,0.0,0.0,0.0,0.0,0.0,0.0,0.0,0.0,0.0,0.0,0.0,0.0,0.0,0.0,0.0,0.0,0.0,0.0,0.0,0.0,0.0,0.0,0.0,0.0,0.0,0.0,0.0,0.0,0.0,0.0,0.0,0.0,0.0,0.0,0.0,0.0,0.0,0.0,0.0,0.0,0.0,0.0,0.0,0.0,0.0,0.0,0.0,0.0,0.0,0.0,0.0,0.0,0.0,0.0,0.0,0.0,0.0,0.0,0.0,0.0,0.0,0.0,0.0,0.0,0.0,0.0,0.0,0.0,0.0,0.0,0.0,0.0,0.0,0.0,0.0,0.0,0.0,0.0,0.0,0.0,0.0,0.0,0.0,0.0,0.0,0.0,0.0,0.0,0.0,0.0,0.0,0.0,0.0,0.0,0.0,0.0,0.0,0.0,0.0,0.0,0.0,0.0,0.0,0.0,0.0,0.0,0.0,0.0,0.0,0.0,0.0,0.0,0.0,0.0,0.0,0.0,0.21527077530316036,0.0,0.0,0.0,0.0,0.0,0.0,0.0,0.0,0.0,0.0,0.0,0.3165135433659271,0.0,0.0,0.0,0.0,0.0,0.3165135433659271,0.0,0.0,0.0,0.0,0.0,0.0,0.0,0.0,0.0,0.0,0.0,0.0,0.0,0.0,0.0,0.0,0.0,0.0,0.0,0.0,0.0,0.0,0.0,0.0,0.0,0.0,0.0,0.0,0.0,0.0,0.0,0.0,0.0,0.0,0.0,0.0,0.0,0.0,0.0,0.0,0.0,0.0,0.0,0.0,0.0,0.0,0.0,0.0,0.0,0.0,0.0,0.0,0.0,0.28015167376409283,0.0,0.0,0.0,0.0,0.0,0.0,0.0,0.0,0.0,0.0,0.0,0.0,0.0,0.0,0.0,0.0,0.0,0.0,0.0,0.0,0.0,0.0,0.0,0.0,0.0,0.0,0.0,0.0,0.0,0.0,0.0,0.0,0.0,0.0,0.0,0.0,0.0,0.0,0.0,0.0,0.0,0.0,0.0,0.0,0.0,0.0,0.0,0.0,0.0,0.0,0.0,0.0,0.0,0.0,0.0,0.0,0.0,0.0,0.0,0.0,0.0,0.0,0.0,0.0,0.0,0.0,0.0,0.0,0.0,0.0,0.0,0.0,0.0,0.0,0.0,0.0,0.0,0.0,0.0,0.0,0.0,0.0,0.0,0.0,0.0,0.0,0.0,0.0,0.0,0.0,0.0,0.0,0.0,0.0,0.0,0.0,0.0,0.0,0.0,0.0,0.0,0.0,0.0,0.0,0.0,0.0,0.0,0.0,0.0,0.0,0.0,0.0,0.0,0.0,0.0,0.0,0.0,0.0,0.0,0.0,0.0,0.0,0.0,0.0,0.0,0.0,0.0,0.0,0.0,0.0,0.0,0.0,0.0,0.0,0.0,0.0,0.0,0.0,0.0,0.0,0.0,0.0,0.0,0.0,0.0,0.0,0.0,0.0,0.0,0.0,0.0,0.0,0.0,0.0,0.0,0.0,0.0,0.0,0.0,0.0,0.0,0.0,0.0,0.0,0.0,0.0,0.0,0.0,0.0,0.0,0.0,0.0,0.0,0.0,0.0,0.0,0.0,0.0,0.0,0.0,0.0,0.0,0.0,0.0,0.0,0.0,0.0,0.0,0.0,0.0,0.0,0.0,0.0,0.0,0.0,0.0,0.0,0.0,0.0,0.0,0.0,0.3165135433659271,0.0,0.0,0.0,0.0,0.0,0.0,0.0,0.0,0.0,0.0,0.0,0.0,0.0,0.0,0.0,0.0,0.0,0.0,0.0,0.0,0.0,0.0,0.0,0.0,0.0,0.0,0.0,0.0,0.0,0.0,0.0,0.0,0.0,0.0,0.0,0.0,0.0,0.0,0.0,0.0,0.0,0.0,0.0,0.0,0.0,0.0,0.0,0.0,0.0,0.0,0.0,0.0,0.0,0.0,0.0,0.0,0.0,0.0,0.0,0.0,0.0,0.0,0.0,0.0,0.0,0.0,0.0,0.0,0.0,0.0,0.0,0.0,0.0,0.0,0.0,0.0,0.0,0.0,0.0,0.0,0.0,0.0,0.0,0.0,0.0,0.0,0.0,0.0,0.0,0.0,0.0,0.0,0.0,0.0,0.0,0.0,0.0,0.0,0.0,0.0,0.0,0.0,0.0,0.0,0.0,0.0,0.0,0.0,0.0,0.0,0.3615518141541491,0.0,0.0,0.0,0.0,0.0,0.0,0.0,0.0,0.0,0.0,0.0,0.0,0.0,0.0,0.0,0.0,0.0,0.0,0.0,0.0,0.0,0.0,0.0,0.0,0.0,0.0,0.0,0.0,0.0,0.0,0.0,0.3615518141541491,0.0,0.0,0.0,0.0,0.0,0.0,0.0,0.0,0.0,0.0,0.0,0.0,0.0,0.0,0.0,0.0,0.0,0.0,0.0,0.0,0.0,0.0,0.0,0.0,0.0,0.0,0.0,0.0,0.0,0.0,0.0,0.3615518141541491,0.0,0.0,0.0,0.0,0.0,0.0,0.0,0.0,0.0,0.0,0.0,0.0,0.0,0.0,0.0,0.0,0.0,0.0,0.0,0.0,0.0,0.0,0.0,0.0,0.0,0.0,0.0,0.0,0.21527077530316036,0.0,0.0,0.0,0.0,0.0,0.0,0.0,0.21193791707760967,0.0,0.0,0.0,0.0,0.0,0.0,0.0,0.0,0.0,0.0,0.0,0.0,0.0,0.0,0.0,0.0,0.0,0.0,0.0,0.0,0.0,0.0,0.0,0.0,0.0,0.0,0.0,0.0,0.0,0.0,0.0,0.0,0.0,0.0,0.0,0.0,0.0,0.0,0.0,0.0,0.0,0.0,0.0,0.0,0.0,0.0,0.0,0.0,0.0,0.0,0.0,0.0,0.0,0.0,0.0,0.0,0.0,0.0,0.0,0.0,0.0,0.0,0.0,0.0,0.0,0.0,0.0,0.0,0.0,0.0,0.0,0.0,0.0,0.0,0.0,0.0,0.0,0.0,0.0,0.0,0.0,0.0,0.0,0.0,0.0,0.0,0.0,0.0,0.0,0.0,0.0,0.0,0.0,0.0,0.0,0.0,0.0,0.0,0.0,0.0,0.0,0.0,0.0,0.0,0.0,0.0,0.0,0.0,0.0,0.0,0.0,0.0,0.0,0.0,0.0,0.0,0.0,0.0,0.0,0.0,0.0,0.0,0.0,0.0,0.0,0.0,0.0,0.0,0.0,0.0,0.0,0.0,0.0,0.0,0.0,0.0,0.0,0.0,0.0,0.0,0.0,0.0,0.0,0.0,0.0,0.0,0.0,0.0,0.0,0.0,0.30201445865405363,0.0,0.0,0.0,0.0,0.0,0.0,0.0,0.0,0.0,0.0,0.0,0.0,0.0,0.0,0.0,0.0,0.0,0.0,0.0,0.0,0.0,0.0,0.0,0.0,0.0,0.0,0.0,0.0,0.0,0.0,0.0,0.0,0.0,0.0,0.0,0.0,0.0,0.0,0.0,0.0,0.0,0.0,0.0,0.0,0.0,0.0,0.0,0.0,0.0,0.0,0.0
SD2401267,20대,너희 집은 지금 오피스텔이잖아. 그 층간 소음 좀 있는 거 같아? 나 지금 7층 사는데 딱히 층간 소음은 없는 거 같은데 좀 그 아파트에 이상한 사람은 좀 있는 거 같더라. 왜냐하면은 우리가 집에 아무도 없는 상태였는데 갑자기 밑의 집에서 올라온다 아 그 밑의 집인가 어디서 막 신고가 들어왔다는 거야. 이 이 시간이 너무 시끄러웠었다고. 그래 가지고 그게 그게 꼭 밑의 집은 아니고 밑의 층은 아니었던 거 같은데 그런 사람이 좀 있어서 좀 뭐지 좀 조심해야겠다 이런 적은 있었어. 이런 적이 있어. 그리고 너는 지금 자취를 그 1곳에서만 했던 거야 이사 없이? 나도 지금 누나랑 같이 살라고 하면은 절대 못 살 거 같아. 누나랑 진짜 맞는 게 하나도 없단 말이야. 누나도 막 나도 새벽에 전화하면은 누나가 뭐라 하고. 어떨 때 누나가 새벽에 게임하면 또 나한테 이제 내가 이제 스트레스받고. 그래서 이제 만약에 내가 너처럼 그러니까 형제 같이 살라고 하면은 나는 못 살 거 같아. 그리고 그리고 그 이사를 좀 많이 다녔었는데 이사 다닐 때마다 이제 방이 있긴 한데 이게 크기가 이제 큰방 작은방이 있었단 말이야. 그래 가지고 누가 큰방 쓸 거냐 이런 거 때문에 또 엄청 싸운 적 싸웠었고 싸웠었던 거 같아. 그러면 본가도 그러면 지금 살던 데 쭉 계속 살고 있었던 거야 어릴 때부터? 나는 이제 어릴 때부터 정말 많이 다녔었는데 초등학교랑 중학교 때까지는 그래도 한동네 내에서 왔다 갔다 했던 거여서 좀 이제 이사하느라 좀 귀찮고 막 집 바뀌는 게 좀 불편 적응이 안 되 초반에 적응이 안 되는 게 있긴 했어도 이 친구들이랑 멀어진다 이런 거 없어서 괜찮았는데 중학교 3학년에서 이제 고등학교 때 한번 아예 학 그 학 우리 지금 다니는 학교 쪽으로 이사를 왔었단 말이야. 근데 그때 정말 좀 좋았던 친구들인데 완전 멀어지니까 그때 쪼끔 이제 스트레스를 받았었던 경험이 있고. 그래서 또 그래 가지고 이제 고등학교 1학년 때에서부터 2학년 때 또 이사를 가야 되는 상황이 된 거야. 근데 그래서 원래 다니던 고등학교 쪽으로 가려 했었는데 그러진 않고 이제 다시 원래 동네로 돌아갔었던 적이 있어. 나도 그런 전원주택에서 사는 꿈 같은 게 있었던 거 같아. 그 내가 직접 집을 만들고 아 설계해서 막 비밀 공간이나 아 이제 정말 큰 목욕탕이나 아니면 음 어떤 작업실 뭐 이런 걸 만들어 두고 싶다는 생각이 있었어. 만들고 싶다는. 그리 너 근데 지금 자취하고 있잖아. 그러면 그 가전제품 같은 거는 뭐 뭐 있어? 어 이러면 안 되는데. 나는 이제 본가에 살잖아. 어 집안일을 거의 다 안 하고 엄마가 하고 있어. 그러니까 설거지만 이제 내가 먹은 거 설거지하고 이제 그리고 옷 옷이나 분리수거 이런 거는 엄마 아빠가 거의 다 하는 거 같아. 그 자취하면서 이런 설거지나 분리수거 때문에 막 오빠랑 막 싸우거나 그러진 않아? 난 지금 너무 자취를 하고 싶어. 왜냐하면은 일단 난 이제 혼자가 편하단 말이야. 그래 가지고 이제 나만의 일상생활 패턴이 있는데 어쨌든 가족이랑 살면은 아무리 가족이라도 쪼금 지켜야 되는 게 있으니까 그런 게 이제 좀 나한테는 너무 좀 힘들고 내가 하고 싶은 것도 너무 제한이 되는 거 같아서 학교 근처에서 자취하고 싶다는 생각은 있는데 이게 자취도 어쨌든 돈이 많이 깨지니까 쉽사리 하진 못 하고 있고. 음 아마 군대 갔다 와서 자취를 할 수 있으면 하지 않을까 이런 생각이 있어. 음 너는 음 너희 집 인테리어는 혹시 어떻게 돼 있어? 음 우리 집은 이번에 새로 지은 아파트여 가지고 그냥 전체적으로 완전 깔끔한 느낌으로 지금 돼 있는데 이게 아파 이제 방 청소를 쪼끔만 안 해도 이제 옷가 방이 좀 좁아 가지고 옷도 막 의자 위에 올라가 있고 침대 위에 뭉쳐져 있고. 그래 가지고 인테리어는 깔끔한데 방 정리는 되게 안 돼 있는 거 같아. 그리고 또 새로 지은 아파트라 했잖아. 이게 요즘에 새로 지어서 그런가. 아파트가 되게 개성이 넘치더라고. 건물도 막 다 이 모습이 막 다르고. 막 저게 아파트 건물이야 이런 것도 있고. 그리고 처음에 이사 왔을 때 첫날인데 집을 못 찾겠는 거야. 왜냐하면은 보통 아파트 단지가 뭐 몇 호부터 몇 호 1에서 3 3에서 5 이렇게 순서대로 있는데 거기는 막 1에서 3이랑 17에서 19 이렇게 붙어 있고. 막 이상하게 다 붙어 있는 거야. 그래 가지고 처음 이사 갔을 때 그 아파트 단지 안에서 길 잃어 가지고 한 20분 30분 정도 헤맸던 기억이 있어. 너는 만약에 이제 앞으로 회사 다니고 할 거면은 하면은 혼자 살게 되면은 서울에서 계속 살고 싶어? 아니면은 대구? 이게 새로 지은 아파트여 가지고 이게 헬스장이나 도서관 뭐 어린이집 이런 게 입주된다는 얘기만 있고 아직은 인프라가 갖춰지진 못한 거 같아. 그래서 헬스장도 아마 생긴다곤 하는데 어 언제 생길진 잘 모르겠고. 그 아파트 단지 내에 도서관은 지금도 운영하고 있고. 그거 말고도 뭔가 주민들 휴식 공간이라고 하면서 건물이 몇 개 있더라고. 거기서 막 좀 차 같은 거 마시고 막 떠들면서 있는 아줌마들도 있고. 그 빈백 빈백도 있잖아. 그런 것도 아파트 단지 내에 몇 개 깔아둔 거야. 그래 가지고 거기서 좀 누워서 막 떠드는 사람들도 보고 이런 시설이 좀 있었어.,0.014965986394557823,0.02857142857142857,0.013605442176870748,0.0013605442176870747,0.005442176870748299,0.0027210884353741495,0.0027210884353741495,0.02312925170068027,0.0326530612244898,0.02040816326530612,0.004081632653061225,0.0163265306122449,0.0013605442176870747,0.005442176870748299,0.013605442176870748,0.0027210884353741495,0.004081632653061225,0.004081632653061225,0.024489795918367346,0.021768707482993196,0.0013605442176870747,0.0013605442176870747,0.005442176870748299,0.006802721088435374,0.0013605442176870747,0.004081632653061225,0.02040816326530612,0.0013605442176870747,0.0013605442176870747,0.009523809523809525,0.04353741496598639,0.0013605442176870747,0.005442176870748299,0.0013605442176870747,0.010884353741496598,0.005442176870748299,0.0013605442176870747,0.0027210884353741495,0.012244897959183673,0.0013605442176870747,0.0013605442176870747,0.006802721088435374,0.004081632653061225,0.0027210884353741495,0.027210884353741496,0.009523809523809525,0.010884353741496598,0.0013605442176870747,0.006802721088435374,0.024489795918367346,0.010884353741496598,0.0013605442176870747,0.006802721088435374,0.0027210884353741495,0.0013605442176870747,0.005442176870748299,0.0013605442176870747,0.0013605442176870747,0.0013605442176870747,0.006802721088435374,0.0013605442176870747,0.0027210884353741495,0.0013605442176870747,0.0027210884353741495,0.013605442176870748,0.0013605442176870747,0.006802721088435374,0.0013605442176870747,0.02857142857142857,0.0027210884353741495,0.0027210884353741495,0.0027210884353741495,0.005442176870748299,0.0013605442176870747,0.00816326530612245,0.004081632653061225,0.00816326530612245,0.0013605442176870747,0.005442176870748299,0.0027210884353741495,0.0013605442176870747,0.0013605442176870747,0.0027210884353741495,0.0013605442176870747,0.0013605442176870747,0.0013605442176870747,0.005442176870748299,0.0013605442176870747,0.005442176870748299,0.0027210884353741495,0.0013605442176870747,0.0027210884353741495,0.0027210884353741495,0.005442176870748299,0.004081632653061225,0.0013605442176870747,0.0027210884353741495,0.0013605442176870747,0.0013605442176870747,0.0013605442176870747,0.005442176870748299,0.004081632653061225,0.0013605442176870747,0.0013605442176870747,0.0013605442176870747,0.0027210884353741495,0.009523809523809525,0.014965986394557823,0.0013605442176870747,0.0013605442176870747,0.0013605442176870747,0.0027210884353741495,0.0013605442176870747,0.004081632653061225,0.0013605442176870747,0.004081632653061225,0.0013605442176870747,0.0013605442176870747,0.0027210884353741495,0.0027210884353741495,0.0027210884353741495,0.0013605442176870747,0.0013605442176870747,0.0027210884353741495,0.0027210884353741495,0.0013605442176870747,0.0027210884353741495,0.0013605442176870747,0.0027210884353741495,0.0013605442176870747,0.0013605442176870747,0.0013605442176870747,0.0013605442176870747,0.0013605442176870747,0.0013605442176870747,0.0013605442176870747,0.005442176870748299,0.004081632653061225,0.0013605442176870747,0.0013605442176870747,0.0027210884353741495,0.0027210884353741495,0.0013605442176870747,0.0013605442176870747,0.0013605442176870747,0.004081632653061225,0.0013605442176870747,0.0013605442176870747,0.004081632653061225,0.0013605442176870747,0.0027210884353741495,0.005442176870748299,0.0027210884353741495,0.004081632653061225,0.0013605442176870747,0.005442176870748299,0.0027210884353741495,0.0013605442176870747,0.0013605442176870747,0.0013605442176870747,0.0013605442176870747,0.0027210884353741495,0.0013605442176870747,0.0013605442176870747,0.0013605442176870747,0.0013605442176870747,0.0013605442176870747,0.0027210884353741495,0.0027210884353741495,0.0013605442176870747,0.0013605442176870747,0.0013605442176870747,0.0013605442176870747,0.0013605442176870747,0.0013605442176870747,0.0013605442176870747,0.0013605442176870747,0.0013605442176870747,0.0013605442176870747,0.0013605442176870747,0.0027210884353741495,0.0013605442176870747,0.0027210884353741495,0.0013605442176870747,0.0013605442176870747,0.005442176870748299,0.005442176870748299,0.005442176870748299,0.0013605442176870747,0.0013605442176870747,0.0013605442176870747,0.0013605442176870747,0.0013605442176870747,0.0013605442176870747,0.0013605442176870747,0.0027210884353741495,0.0013605442176870747,0.0013605442176870747,0.0013605442176870747,0.0013605442176870747,0.0027210884353741495,0.0013605442176870747,0.0013605442176870747,0.0013605442176870747,0.004081632653061225,0.0013605442176870747,0.0013605442176870747,0.0013605442176870747,0.0013605442176870747,0.0027210884353741495,0.0013605442176870747,0.0013605442176870747,0.0013605442176870747,0.005442176870748299,0.0027210884353741495,0.0013605442176870747,0.0013605442176870747,0.0027210884353741495,0.0013605442176870747,0.0013605442176870747,0.0013605442176870747,0.0013605442176870747,0.0013605442176870747,0.0013605442176870747,0.0013605442176870747,0.0013605442176870747,0.0013605442176870747,0.0013605442176870747,0.0027210884353741495,0.0027210884353741495,0.0013605442176870747,0.0013605442176870747,0.0013605442176870747,0.0013605442176870747,0.0013605442176870747,0.0013605442176870747,0.0013605442176870747,0.0013605442176870747,0.0027210884353741495,0.0013605442176870747,0.0013605442176870747,0.0013605442176870747,0.0013605442176870747,0.0013605442176870747,0.0013605442176870747,0.0013605442176870747,0.0013605442176870747,0.0013605442176870747,0.0013605442176870747,0.0013605442176870747,0.0027210884353741495,0.0013605442176870747,0.0013605442176870747,0.0013605442176870747,0.0013605442176870747,0.0013605442176870747,0.0013605442176870747,0.0013605442176870747,0.0,0.0,0.0,0.0,0.0,0.0,0.0,0.0,0.0,0.0,0.0,0.0,0.0,0.0,0.0,0.0,0.0,0.0,0.0,0.0,0.0,0.0,0.0,0.0,0.0,0.0,0.0,0.0,0.0,0.0,0.0,0.0,0.0,0.0,0.0,0.0,0.0,0.0,0.0,0.0,0.0,0.0,0.0,0.0,0.0,0.0,0.0,0.0,0.0,0.0,0.0,0.0,0.0,0.0,0.0,0.0,0.0,0.0,0.0,0.0,0.0,0.0,0.0,0.0,0.0,0.0,0.0,0.0,0.0,0.0,0.0,0.0,0.0,0.0,0.0,0.0,0.0,0.0,0.0,0.0,0.0,0.0,0.0,0.0,0.0,0.0,0.0,0.0,0.0,0.0,0.0,0.0,0.0,0.0,0.0,0.0,0.0,0.0,0.0,0.0,0.0,0.0,0.0,0.0,0.0,0.0,0.0,0.0,0.0,0.0,0.0,0.0,0.0,0.0,0.0,0.0,0.0,0.0,0.0,0.0,0.0,0.0,0.0,0.0,0.0,0.0,0.0,0.0,0.0,0.0,0.0,0.0,0.0,0.0,0.0,0.0,0.0,0.0,0.0,0.0,0.0,0.0,0.0,0.0,0.0,0.0,0.0,0.0,0.0,0.0,0.0,0.0,0.0,0.0,0.0,0.0,0.0,0.0,0.0,0.0,0.0,0.0,0.0,0.0,0.0,0.0,0.0,0.0,0.0,0.0,0.0,0.0,0.0,0.0,0.0,0.0,0.0,0.0,0.0,0.0,0.0,0.0,0.0,0.0,0.0,0.0,0.0,0.0,0.0,0.0,0.0,0.0,0.0,0.0,0.0,0.0,0.0,0.0,0.0,0.0,0.0,0.0,0.0,0.0,0.0,0.0,0.0,0.0,0.0,0.0,0.0,0.0,0.0,0.0,0.0,0.0,0.0,0.0,0.0,0.0,0.0,0.0,0.0,0.0,0.0,0.0,0.0,0.0,0.0,0.0,0.0,0.0,0.0,0.0,0.0,0.0,0.0,0.0,0.0,0.0,0.0,0.0,0.0,0.0,0.0,0.0,0.0,0.0,0.0,0.0,0.0,0.0,0.0,0.0,0.0,0.0,0.0,0.0,0.0,0.0,0.0,0.0,0.0,0.0,0.0,0.0,0.0,0.0,0.0,0.0,0.0,0.0,0.0,0.0,0.0,0.0,0.0,0.0,0.0,0.0,0.0,0.0,0.0,0.0,0.0,0.0,0.0,0.0,0.0,0.0,0.0,0.0,0.0,0.0,0.0,0.0,0.0,0.333103396772682,0.0,0.0,0.0,0.0,0.0,0.0,0.0,0.0,0.0,0.0,0.0,0.0,0.0,0.0,0.0,0.0,0.0,0.0,0.0,0.0,0.0,0.0,0.0,0.0,0.0,0.0,0.0,0.0,0.0,0.0,0.0,0.0,0.0,0.0,0.0,0.0,0.0,0.0,0.0,0.0,0.0,0.0,0.0,0.0,0.0,0.0,0.0,0.0,0.0,0.0,0.0,0.0,0.0,0.0,0.0,0.0,0.0,0.0,0.0,0.0,0.0,0.0,0.0,0.0,0.0,0.0,0.0,0.0,0.0,0.0,0.0,0.0,0.0,0.0,0.0,0.0,0.0,0.0,0.0,0.0,0.0,0.0,0.0,0.0,0.0,0.0,0.0,0.0,0.0,0.0,0.0,0.0,0.0,0.0,0.0,0.0,0.0,0.0,0.0,0.0,0.0,0.0,0.0,0.0,0.0,0.0,0.0,0.0,0.0,0.0,0.0,0.0,0.0,0.0,0.0,0.0,0.0,0.0,0.0,0.0,0.0,0.0,0.0,0.0,0.0,0.0,0.0,0.0,0.0,0.0,0.0,0.3145280823149087,0.0,0.0,0.0,0.0,0.0,0.0,0.0,0.0,0.0,0.0,0.0,0.0,0.0,0.0,0.0,0.0,0.0,0.0,0.0,0.0,0.0,0.0,0.0,0.0,0.0,0.0,0.0,0.0,0.0,0.0,0.0,0.0,0.0,0.0,0.0,0.0,0.0,0.0,0.0,0.0,0.0,0.0,0.0,0.0,0.0,0.0,0.0,0.0,0.0,0.0,0.0,0.0,0.0,0.0,0.0,0.0,0.0,0.0,0.0,0.0,0.0,0.0,0.0,0.0,0.0,0.0,0.0,0.0,0.0,0.0,0.0,0.0,0.0,0.0,0.0,0.0,0.0,0.3145280823149087,0.0,0.0,0.0,0.0,0.0,0.0,0.0,0.0,0.0,0.0,0.0,0.0,0.0,0.0,0.0,0.0,0.0,0.0,0.0,0.0,0.0,0.0,0.0,0.0,0.0,0.0,0.0,0.0,0.0,0.0,0.0,0.0,0.0,0.0,0.0,0.0,0.0,0.0,0.0,0.0,0.0,0.0,0.0,0.0,0.0,0.0,0.0,0.0,0.0,0.0,0.0,0.0,0.35928383207257925,0.0,0.0,0.0,0.0,0.0,0.0,0.0,0.0,0.0,0.0,0.0,0.0,0.0,0.0,0.0,0.0,0.0,0.0,0.0,0.0,0.0,0.0,0.0,0.0,0.0,0.0,0.0,0.0,0.0,0.0,0.0,0.0,0.0,0.35928383207257925,0.0,0.0,0.0,0.0,0.0,0.0,0.0,0.0,0.0,0.0,0.0,0.0,0.0,0.0,0.0,0.0,0.0,0.0,0.0,0.0,0.0,0.0,0.0,0.0,0.0,0.0,0.0,0.0,0.0,0.0,0.0,0.0,0.0,0.0,0.0,0.0,0.35928383207257925,0.0,0.0,0.0,0.0,0.0,0.0,0.0,0.0,0.0,0.0,0.0,0.0,0.0,0.0,0.0,0.0,0.0,0.0,0.0,0.0,0.0,0.0,0.0,0.0,0.0,0.0,0.0,0.0,0.0,0.0,0.0,0.0,0.0,0.0,0.0,0.0,0.0,0.0,0.0,0.0,0.0,0.0,0.35928383207257925,0.0,0.0,0.0,0.0,0.0,0.0,0.0,0.0,0.0,0.0,0.0,0.0,0.0,0.0,0.0,0.0,0.0,0.0,0.0,0.0,0.0,0.0,0.0,0.0,0.0,0.0,0.0,0.0,0.0,0.0,0.0,0.0,0.0,0.0,0.0,0.0,0.21392040104984503,0.0,0.0,0.0,0.0,0.0,0.0,0.0,0.0,0.0,0.0,0.0,0.0,0.0,0.0,0.0,0.0,0.0,0.0,0.0,0.0,0.0,0.0,0.0,0.0,0.0,0.0,0.0,0.0,0.0,0.0,0.0,0.0,0.0,0.0,0.0,0.0,0.0,0.0,0.0,0.0,0.0,0.0,0.0,0.0,0.0,0.0,0.35928383207257925,0.0,0.0,0.0,0.0,0.0,0.0,0.0,0.0,0.0,0.0,0.0,0.0,0.0,0.0,0.0,0.0,0.0,0.0,0.0,0.0,0.0,0.0,0.0,0.0,0.0,0.0,0.0,0.0,0.0,0.0,0.0,0.0,0.0,0.0,0.0,0.0,0.0,0.0,0.0,0.0,0.0,0.0,0.0,0.0,0.0,0.0,0.0,0.0,0.0,0.0,0.0,0.0,0.0,0.0,0.0,0.0,0.0,0.0,0.0,0.0,0.0,0.0,0.0,0.0,0.0,0.0,0.0,0.0,0.0,0.0,0.0,0.0,0.0,0.0,0.0,0.0,0.0,0.0,0.0,0.0,0.0,0.0,0.0,0.0,0.0,0.0,0.0,0.0,0.0,0.0,0.0,0.0,0.0,0.0,0.0,0.0,0.0,0.0,0.0,0.0,0.0,0.0,0.0,0.0,0.0,0.0,0.0,0.0,0.0,0.0,0.0,0.0,0.0,0.0,0.0,0.0,0.0,0.0,0.0,0.0,0.0,0.0,0.0,0.0,0.0,0.0,0.0,0.0,0.0,0.0,0.0,0.0,0.0,0.0,0.0,0.0,0.0,0.0,0.0,0.0,0.0,0.0,0.0,0.0,0.0,0.0,0.0,0.0,0.0,0.0,0.0,0.0,0.0,0.0,0.0,0.0,0.0,0.0,0.0,0.0,0.0,0.0,0.0
SD2401267,20대,너희 집은 지금 오피스텔이잖아. 그 층간 소음 좀 있는 거 같아? 나 지금 7층 사는데 딱히 층간 소음은 없는 거 같은데 좀 그 아파트에 이상한 사람은 좀 있는 거 같더라. 왜냐하면은 우리가 집에 아무도 없는 상태였는데 갑자기 밑의 집에서 올라온다 아 그 밑의 집인가 어디서 막 신고가 들어왔다는 거야. 이 이 시간이 너무 시끄러웠었다고. 그래 가지고 그게 그게 꼭 밑의 집은 아니고 밑의 층은 아니었던 거 같은데 그런 사람이 좀 있어서 좀 뭐지 좀 조심해야겠다 이런 적은 있었어. 이런 적이 있어. 그리고 너는 지금 자취를 그 1곳에서만 했던 거야 이사 없이? 나도 지금 누나랑 같이 살라고 하면은 절대 못 살 거 같아. 누나랑 진짜 맞는 게 하나도 없단 말이야. 누나도 막 나도 새벽에 전화하면은 누나가 뭐라 하고. 어떨 때 누나가 새벽에 게임하면 또 나한테 이제 내가 이제 스트레스받고. 그래서 이제 만약에 내가 너처럼 그러니까 형제 같이 살라고 하면은 나는 못 살 거 같아. 그리고 그리고 그 이사를 좀 많이 다녔었는데 이사 다닐 때마다 이제 방이 있긴 한데 이게 크기가 이제 큰방 작은방이 있었단 말이야. 그래 가지고 누가 큰방 쓸 거냐 이런 거 때문에 또 엄청 싸운 적 싸웠었고 싸웠었던 거 같아. 그러면 본가도 그러면 지금 살던 데 쭉 계속 살고 있었던 거야 어릴 때부터? 나는 이제 어릴 때부터 정말 많이 다녔었는데 초등학교랑 중학교 때까지는 그래도 한동네 내에서 왔다 갔다 했던 거여서 좀 이제 이사하느라 좀 귀찮고 막 집 바뀌는 게 좀 불편 적응이 안 되 초반에 적응이 안 되는 게 있긴 했어도 이 친구들이랑 멀어진다 이런 거 없어서 괜찮았는데 중학교 3학년에서 이제 고등학교 때 한번 아예 학 그 학 우리 지금 다니는 학교 쪽으로 이사를 왔었단 말이야. 근데 그때 정말 좀 좋았던 친구들인데 완전 멀어지니까 그때 쪼끔 이제 스트레스를 받았었던 경험이 있고. 그래서 또 그래 가지고 이제 고등학교 1학년 때에서부터 2학년 때 또 이사를 가야 되는 상황이 된 거야. 근데 그래서 원래 다니던 고등학교 쪽으로 가려 했었는데 그러진 않고 이제 다시 원래 동네로 돌아갔었던 적이 있어. 나도 그런 전원주택에서 사는 꿈 같은 게 있었던 거 같아. 그 내가 직접 집을 만들고 아 설계해서 막 비밀 공간이나 아 이제 정말 큰 목욕탕이나 아니면 음 어떤 작업실 뭐 이런 걸 만들어 두고 싶다는 생각이 있었어. 만들고 싶다는. 그리 너 근데 지금 자취하고 있잖아. 그러면 그 가전제품 같은 거는 뭐 뭐 있어? 어 이러면 안 되는데. 나는 이제 본가에 살잖아. 어 집안일을 거의 다 안 하고 엄마가 하고 있어. 그러니까 설거지만 이제 내가 먹은 거 설거지하고 이제 그리고 옷 옷이나 분리수거 이런 거는 엄마 아빠가 거의 다 하는 거 같아. 그 자취하면서 이런 설거지나 분리수거 때문에 막 오빠랑 막 싸우거나 그러진 않아? 난 지금 너무 자취를 하고 싶어. 왜냐하면은 일단 난 이제 혼자가 편하단 말이야. 그래 가지고 이제 나만의 일상생활 패턴이 있는데 어쨌든 가족이랑 살면은 아무리 가족이라도 쪼금 지켜야 되는 게 있으니까 그런 게 이제 좀 나한테는 너무 좀 힘들고 내가 하고 싶은 것도 너무 제한이 되는 거 같아서 학교 근처에서 자취하고 싶다는 생각은 있는데 이게 자취도 어쨌든 돈이 많이 깨지니까 쉽사리 하진 못 하고 있고. 음 아마 군대 갔다 와서 자취를 할 수 있으면 하지 않을까 이런 생각이 있어. 음 너는 음 너희 집 인테리어는 혹시 어떻게 돼 있어? 음 우리 집은 이번에 새로 지은 아파트여 가지고 그냥 전체적으로 완전 깔끔한 느낌으로 지금 돼 있는데 이게 아파 이제 방 청소를 쪼끔만 안 해도 이제 옷가 방이 좀 좁아 가지고 옷도 막 의자 위에 올라가 있고 침대 위에 뭉쳐져 있고. 그래 가지고 인테리어는 깔끔한데 방 정리는 되게 안 돼 있는 거 같아. 그리고 또 새로 지은 아파트라 했잖아. 이게 요즘에 새로 지어서 그런가. 아파트가 되게 개성이 넘치더라고. 건물도 막 다 이 모습이 막 다르고. 막 저게 아파트 건물이야 이런 것도 있고. 그리고 처음에 이사 왔을 때 첫날인데 집을 못 찾겠는 거야. 왜냐하면은 보통 아파트 단지가 뭐 몇 호부터 몇 호 1에서 3 3에서 5 이렇게 순서대로 있는데 거기는 막 1에서 3이랑 17에서 19 이렇게 붙어 있고. 막 이상하게 다 붙어 있는 거야. 그래 가지고 처음 이사 갔을 때 그 아파트 단지 안에서 길 잃어 가지고 한 20분 30분 정도 헤맸던 기억이 있어. 너는 만약에 이제 앞으로 회사 다니고 할 거면은 하면은 혼자 살게 되면은 서울에서 계속 살고 싶어? 아니면은 대구? 이게 새로 지은 아파트여 가지고 이게 헬스장이나 도서관 뭐 어린이집 이런 게 입주된다는 얘기만 있고 아직은 인프라가 갖춰지진 못한 거 같아. 그래서 헬스장도 아마 생긴다곤 하는데 어 언제 생길진 잘 모르겠고. 그 아파트 단지 내에 도서관은 지금도 운영하고 있고. 그거 말고도 뭔가 주민들 휴식 공간이라고 하면서 건물이 몇 개 있더라고. 거기서 막 좀 차 같은 거 마시고 막 떠들면서 있는 아줌마들도 있고. 그 빈백 빈백도 있잖아. 그런 것도 아파트 단지 내에 몇 개 깔아둔 거야. 그래 가지고 거기서 좀 누워서 막 떠드는 사람들도 보고 이런 시설이 좀 있었어.,0.014965986394557823,0.02857142857142857,0.013605442176870748,0.0013605442176870747,0.005442176870748299,0.0027210884353741495,0.0027210884353741495,0.02312925170068027,0.0326530612244898,0.02040816326530612,0.004081632653061225,0.0163265306122449,0.0013605442176870747,0.005442176870748299,0.013605442176870748,0.0027210884353741495,0.004081632653061225,0.004081632653061225,0.024489795918367346,0.021768707482993196,0.0013605442176870747,0.0013605442176870747,0.005442176870748299,0.006802721088435374,0.0013605442176870747,0.004081632653061225,0.02040816326530612,0.0013605442176870747,0.0013605442176870747,0.009523809523809525,0.04353741496598639,0.0013605442176870747,0.005442176870748299,0.0013605442176870747,0.010884353741496598,0.005442176870748299,0.0013605442176870747,0.0027210884353741495,0.012244897959183673,0.0013605442176870747,0.0013605442176870747,0.006802721088435374,0.004081632653061225,0.0027210884353741495,0.027210884353741496,0.009523809523809525,0.010884353741496598,0.0013605442176870747,0.006802721088435374,0.024489795918367346,0.010884353741496598,0.0013605442176870747,0.006802721088435374,0.0027210884353741495,0.0013605442176870747,0.005442176870748299,0.0013605442176870747,0.0013605442176870747,0.0013605442176870747,0.006802721088435374,0.0013605442176870747,0.0027210884353741495,0.0013605442176870747,0.0027210884353741495,0.013605442176870748,0.0013605442176870747,0.006802721088435374,0.0013605442176870747,0.02857142857142857,0.0027210884353741495,0.0027210884353741495,0.0027210884353741495,0.005442176870748299,0.0013605442176870747,0.00816326530612245,0.004081632653061225,0.00816326530612245,0.0013605442176870747,0.005442176870748299,0.0027210884353741495,0.0013605442176870747,0.0013605442176870747,0.0027210884353741495,0.0013605442176870747,0.0013605442176870747,0.0013605442176870747,0.005442176870748299,0.0013605442176870747,0.005442176870748299,0.0027210884353741495,0.0013605442176870747,0.0027210884353741495,0.0027210884353741495,0.005442176870748299,0.004081632653061225,0.0013605442176870747,0.0027210884353741495,0.0013605442176870747,0.0013605442176870747,0.0013605442176870747,0.005442176870748299,0.004081632653061225,0.0013605442176870747,0.0013605442176870747,0.0013605442176870747,0.0027210884353741495,0.009523809523809525,0.014965986394557823,0.0013605442176870747,0.0013605442176870747,0.0013605442176870747,0.0027210884353741495,0.0013605442176870747,0.004081632653061225,0.0013605442176870747,0.004081632653061225,0.0013605442176870747,0.0013605442176870747,0.0027210884353741495,0.0027210884353741495,0.0027210884353741495,0.0013605442176870747,0.0013605442176870747,0.0027210884353741495,0.0027210884353741495,0.0013605442176870747,0.0027210884353741495,0.0013605442176870747,0.0027210884353741495,0.0013605442176870747,0.0013605442176870747,0.0013605442176870747,0.0013605442176870747,0.0013605442176870747,0.0013605442176870747,0.0013605442176870747,0.005442176870748299,0.004081632653061225,0.0013605442176870747,0.0013605442176870747,0.0027210884353741495,0.0027210884353741495,0.0013605442176870747,0.0013605442176870747,0.0013605442176870747,0.004081632653061225,0.0013605442176870747,0.0013605442176870747,0.004081632653061225,0.0013605442176870747,0.0027210884353741495,0.005442176870748299,0.0027210884353741495,0.004081632653061225,0.0013605442176870747,0.005442176870748299,0.0027210884353741495,0.0013605442176870747,0.0013605442176870747,0.0013605442176870747,0.0013605442176870747,0.0027210884353741495,0.0013605442176870747,0.0013605442176870747,0.0013605442176870747,0.0013605442176870747,0.0013605442176870747,0.0027210884353741495,0.0027210884353741495,0.0013605442176870747,0.0013605442176870747,0.0013605442176870747,0.0013605442176870747,0.0013605442176870747,0.0013605442176870747,0.0013605442176870747,0.0013605442176870747,0.0013605442176870747,0.0013605442176870747,0.0013605442176870747,0.0027210884353741495,0.0013605442176870747,0.0027210884353741495,0.0013605442176870747,0.0013605442176870747,0.005442176870748299,0.005442176870748299,0.005442176870748299,0.0013605442176870747,0.0013605442176870747,0.0013605442176870747,0.0013605442176870747,0.0013605442176870747,0.0013605442176870747,0.0013605442176870747,0.0027210884353741495,0.0013605442176870747,0.0013605442176870747,0.0013605442176870747,0.0013605442176870747,0.0027210884353741495,0.0013605442176870747,0.0013605442176870747,0.0013605442176870747,0.004081632653061225,0.0013605442176870747,0.0013605442176870747,0.0013605442176870747,0.0013605442176870747,0.0027210884353741495,0.0013605442176870747,0.0013605442176870747,0.0013605442176870747,0.005442176870748299,0.0027210884353741495,0.0013605442176870747,0.0013605442176870747,0.0027210884353741495,0.0013605442176870747,0.0013605442176870747,0.0013605442176870747,0.0013605442176870747,0.0013605442176870747,0.0013605442176870747,0.0013605442176870747,0.0013605442176870747,0.0013605442176870747,0.0013605442176870747,0.0027210884353741495,0.0027210884353741495,0.0013605442176870747,0.0013605442176870747,0.0013605442176870747,0.0013605442176870747,0.0013605442176870747,0.0013605442176870747,0.0013605442176870747,0.0013605442176870747,0.0027210884353741495,0.0013605442176870747,0.0013605442176870747,0.0013605442176870747,0.0013605442176870747,0.0013605442176870747,0.0013605442176870747,0.0013605442176870747,0.0013605442176870747,0.0013605442176870747,0.0013605442176870747,0.0013605442176870747,0.0027210884353741495,0.0013605442176870747,0.0013605442176870747,0.0013605442176870747,0.0013605442176870747,0.0013605442176870747,0.0013605442176870747,0.0013605442176870747,0.0,0.0,0.0,0.0,0.0,0.0,0.0,0.0,0.0,0.0,0.0,0.0,0.0,0.0,0.0,0.0,0.0,0.0,0.0,0.0,0.0,0.0,0.0,0.0,0.0,0.0,0.0,0.0,0.0,0.0,0.0,0.0,0.0,0.0,0.0,0.0,0.0,0.0,0.0,0.0,0.0,0.0,0.0,0.0,0.0,0.0,0.0,0.0,0.0,0.0,0.0,0.0,0.0,0.0,0.0,0.0,0.0,0.0,0.0,0.0,0.0,0.0,0.0,0.0,0.0,0.0,0.0,0.0,0.0,0.0,0.0,0.0,0.0,0.0,0.0,0.0,0.0,0.0,0.0,0.0,0.0,0.0,0.0,0.0,0.0,0.0,0.0,0.0,0.0,0.0,0.0,0.0,0.0,0.0,0.0,0.0,0.0,0.0,0.0,0.0,0.0,0.0,0.0,0.0,0.0,0.0,0.0,0.0,0.0,0.0,0.0,0.0,0.0,0.0,0.0,0.0,0.0,0.0,0.0,0.0,0.0,0.0,0.0,0.0,0.0,0.0,0.0,0.0,0.0,0.0,0.0,0.0,0.0,0.0,0.0,0.0,0.0,0.0,0.0,0.0,0.0,0.0,0.0,0.0,0.0,0.0,0.0,0.0,0.0,0.0,0.0,0.0,0.0,0.0,0.0,0.0,0.0,0.0,0.0,0.0,0.0,0.0,0.0,0.0,0.0,0.0,0.0,0.0,0.0,0.0,0.0,0.0,0.0,0.0,0.0,0.0,0.0,0.0,0.0,0.0,0.0,0.0,0.0,0.0,0.0,0.0,0.0,0.0,0.0,0.0,0.0,0.0,0.0,0.0,0.0,0.0,0.0,0.0,0.0,0.0,0.0,0.0,0.0,0.0,0.0,0.0,0.0,0.0,0.0,0.0,0.0,0.0,0.0,0.0,0.0,0.0,0.0,0.0,0.0,0.0,0.0,0.0,0.0,0.0,0.0,0.0,0.0,0.0,0.0,0.0,0.0,0.0,0.0,0.0,0.0,0.0,0.0,0.0,0.0,0.0,0.0,0.0,0.0,0.0,0.0,0.0,0.0,0.0,0.0,0.0,0.0,0.0,0.0,0.0,0.0,0.0,0.0,0.0,0.0,0.0,0.0,0.0,0.0,0.0,0.0,0.0,0.0,0.0,0.0,0.0,0.0,0.0,0.0,0.0,0.0,0.0,0.0,0.0,0.0,0.0,0.0,0.0,0.0,0.0,0.0,0.0,0.0,0.0,0.0,0.0,0.0,0.0,0.0,0.0,0.0,0.0,0.0,0.0,0.0,0.0,0.0,0.0,0.0,0.0,0.0,0.0,0.0,0.0,0.0,0.0,0.0,0.0,0.0,0.0,0.0,0.0,0.0,0.0,0.0,0.0,0.0,0.0,0.0,0.0,0.0,0.0,0.0,0.0,0.0,0.0,0.0,0.0,0.0,0.0,0.0,0.0,0.0,0.0,0.0,0.0,0.0,0.0,0.0,0.0,0.0,0.0,0.0,0.0,0.0,0.4045242903158872,0.0,0.0,0.0,0.0,0.0,0.0,0.0,0.0,0.0,0.0,0.0,0.0,0.0,0.0,0.0,0.0,0.0,0.0,0.0,0.0,0.0,0.0,0.0,0.0,0.0,0.0,0.0,0.0,0.0,0.0,0.0,0.0,0.0,0.0,0.0,0.0,0.0,0.0,0.0,0.0,0.0,0.0,0.0,0.0,0.0,0.0,0.0,0.0,0.0,0.0,0.0,0.0,0.0,0.0,0.0,0.0,0.0,0.0,0.0,0.0,0.0,0.0,0.0,0.0,0.0,0.0,0.0,0.0,0.0,0.0,0.0,0.0,0.0,0.0,0.0,0.0,0.0,0.0,0.0,0.0,0.0,0.0,0.0,0.0,0.0,0.0,0.0,0.0,0.0,0.0,0.0,0.0,0.0,0.0,0.0,0.0,0.0,0.0,0.0,0.0,0.0,0.0,0.0,0.0,0.0,0.0,0.0,0.0,0.0,0.0,0.0,0.0,0.0,0.0,0.0,0.0,0.0,0.0,0.0,0.0,0.0,0.0,0.0,0.0,0.0,0.0,0.0,0.0,0.0,0.0,0.0,0.0,0.0,0.0,0.0,0.0,0.0,0.0,0.0,0.0,0.0,0.0,0.0,0.0,0.0,0.0,0.0,0.0,0.0,0.0,0.0,0.0,0.0,0.0,0.0,0.0,0.0,0.0,0.0,0.0,0.0,0.0,0.0,0.0,0.0,0.0,0.0,0.0,0.0,0.0,0.0,0.0,0.0,0.0,0.0,0.0,0.0,0.0,0.0,0.0,0.0,0.0,0.0,0.0,0.0,0.0,0.0,0.0,0.0,0.0,0.0,0.0,0.0,0.0,0.0,0.0,0.0,0.0,0.0,0.0,0.0,0.0,0.0,0.0,0.0,0.0,0.0,0.0,0.0,0.0,0.0,0.0,0.0,0.0,0.0,0.0,0.0,0.0,0.0,0.0,0.0,0.0,0.0,0.0,0.0,0.0,0.0,0.0,0.0,0.0,0.0,0.0,0.0,0.0,0.0,0.0,0.0,0.0,0.540702006546058,0.0,0.0,0.0,0.0,0.0,0.0,0.0,0.0,0.0,0.0,0.0,0.0,0.0,0.0,0.0,0.0,0.0,0.0,0.0,0.0,0.0,0.0,0.0,0.0,0.0,0.0,0.0,0.0,0.0,0.0,0.0,0.0,0.0,0.0,0.0,0.0,0.0,0.0,0.0,0.0,0.0,0.0,0.0,0.0,0.0,0.0,0.0,0.0,0.0,0.0,0.0,0.0,0.0,0.0,0.0,0.0,0.0,0.0,0.0,0.0,0.0,0.0,0.0,0.0,0.0,0.0,0.0,0.0,0.0,0.0,0.0,0.0,0.0,0.0,0.0,0.0,0.0,0.0,0.0,0.0,0.0,0.0,0.0,0.0,0.0,0.0,0.0,0.0,0.0,0.0,0.0,0.0,0.0,0.0,0.0,0.0,0.0,0.0,0.0,0.0,0.0,0.0,0.0,0.0,0.0,0.0,0.0,0.0,0.0,0.0,0.0,0.0,0.0,0.0,0.0,0.0,0.0,0.0,0.0,0.0,0.0,0.0,0.0,0.0,0.0,0.0,0.0,0.0,0.0,0.0,0.0,0.0,0.0,0.0,0.0,0.0,0.0,0.0,0.0,0.0,0.0,0.0,0.0,0.0,0.0,0.0,0.0,0.0,0.0,0.0,0.0,0.0,0.0,0.0,0.0,0.0,0.0,0.0,0.0,0.0,0.0,0.0,0.0,0.0,0.0,0.0,0.4680533216845223,0.0,0.0,0.0,0.0,0.0,0.0,0.0,0.0,0.0,0.0,0.0,0.0,0.0,0.0,0.0,0.0,0.0,0.0,0.0,0.0,0.0,0.0,0.0,0.0,0.0,0.0,0.0,0.0,0.0,0.0,0.0,0.0,0.0,0.0,0.0,0.0,0.0,0.0,0.0,0.0,0.0,0.0,0.0,0.0,0.0,0.0,0.0,0.0,0.0,0.0,0.37924811988972085,0.0,0.0,0.0,0.0,0.0,0.0,0.0,0.0,0.0,0.0,0.0,0.0,0.0,0.0,0.0,0.0,0.0,0.0,0.0,0.0,0.0,0.0,0.0,0.0,0.0,0.0,0.0,0.0,0.0,0.0,0.0,0.0,0.0,0.0,0.0,0.0,0.0,0.0,0.0,0.0,0.0,0.0,0.0,0.0,0.0,0.0,0.0,0.0,0.0,0.0,0.0,0.0,0.0,0.0,0.0,0.0,0.0,0.0,0.0,0.0,0.4255565653138149,0.0,0.0,0.0,0.0,0.0,0.0,0.0,0.0,0.0,0.0,0.0,0.0,0.0,0.0,0.0,0.0,0.0,0.0,0.0,0.0,0.0,0.0,0.0,0.0,0.0,0.0,0.0,0.0,0.0,0.0,0.0,0.0,0.0,0.0,0.0,0.0,0.0,0.0,0.0,0.0,0.0,0.0,0.0,0.0,0.0,0.0,0.0,0.0,0.0,0.0,0.0,0.0,0.0,0.0
SD2401267,20대,너희 집은 지금 오피스텔이잖아. 그 층간 소음 좀 있는 거 같아? 나 지금 7층 사는데 딱히 층간 소음은 없는 거 같은데 좀 그 아파트에 이상한 사람은 좀 있는 거 같더라. 왜냐하면은 우리가 집에 아무도 없는 상태였는데 갑자기 밑의 집에서 올라온다 아 그 밑의 집인가 어디서 막 신고가 들어왔다는 거야. 이 이 시간이 너무 시끄러웠었다고. 그래 가지고 그게 그게 꼭 밑의 집은 아니고 밑의 층은 아니었던 거 같은데 그런 사람이 좀 있어서 좀 뭐지 좀 조심해야겠다 이런 적은 있었어. 이런 적이 있어. 그리고 너는 지금 자취를 그 1곳에서만 했던 거야 이사 없이? 나도 지금 누나랑 같이 살라고 하면은 절대 못 살 거 같아. 누나랑 진짜 맞는 게 하나도 없단 말이야. 누나도 막 나도 새벽에 전화하면은 누나가 뭐라 하고. 어떨 때 누나가 새벽에 게임하면 또 나한테 이제 내가 이제 스트레스받고. 그래서 이제 만약에 내가 너처럼 그러니까 형제 같이 살라고 하면은 나는 못 살 거 같아. 그리고 그리고 그 이사를 좀 많이 다녔었는데 이사 다닐 때마다 이제 방이 있긴 한데 이게 크기가 이제 큰방 작은방이 있었단 말이야. 그래 가지고 누가 큰방 쓸 거냐 이런 거 때문에 또 엄청 싸운 적 싸웠었고 싸웠었던 거 같아. 그러면 본가도 그러면 지금 살던 데 쭉 계속 살고 있었던 거야 어릴 때부터? 나는 이제 어릴 때부터 정말 많이 다녔었는데 초등학교랑 중학교 때까지는 그래도 한동네 내에서 왔다 갔다 했던 거여서 좀 이제 이사하느라 좀 귀찮고 막 집 바뀌는 게 좀 불편 적응이 안 되 초반에 적응이 안 되는 게 있긴 했어도 이 친구들이랑 멀어진다 이런 거 없어서 괜찮았는데 중학교 3학년에서 이제 고등학교 때 한번 아예 학 그 학 우리 지금 다니는 학교 쪽으로 이사를 왔었단 말이야. 근데 그때 정말 좀 좋았던 친구들인데 완전 멀어지니까 그때 쪼끔 이제 스트레스를 받았었던 경험이 있고. 그래서 또 그래 가지고 이제 고등학교 1학년 때에서부터 2학년 때 또 이사를 가야 되는 상황이 된 거야. 근데 그래서 원래 다니던 고등학교 쪽으로 가려 했었는데 그러진 않고 이제 다시 원래 동네로 돌아갔었던 적이 있어. 나도 그런 전원주택에서 사는 꿈 같은 게 있었던 거 같아. 그 내가 직접 집을 만들고 아 설계해서 막 비밀 공간이나 아 이제 정말 큰 목욕탕이나 아니면 음 어떤 작업실 뭐 이런 걸 만들어 두고 싶다는 생각이 있었어. 만들고 싶다는. 그리 너 근데 지금 자취하고 있잖아. 그러면 그 가전제품 같은 거는 뭐 뭐 있어? 어 이러면 안 되는데. 나는 이제 본가에 살잖아. 어 집안일을 거의 다 안 하고 엄마가 하고 있어. 그러니까 설거지만 이제 내가 먹은 거 설거지하고 이제 그리고 옷 옷이나 분리수거 이런 거는 엄마 아빠가 거의 다 하는 거 같아. 그 자취하면서 이런 설거지나 분리수거 때문에 막 오빠랑 막 싸우거나 그러진 않아? 난 지금 너무 자취를 하고 싶어. 왜냐하면은 일단 난 이제 혼자가 편하단 말이야. 그래 가지고 이제 나만의 일상생활 패턴이 있는데 어쨌든 가족이랑 살면은 아무리 가족이라도 쪼금 지켜야 되는 게 있으니까 그런 게 이제 좀 나한테는 너무 좀 힘들고 내가 하고 싶은 것도 너무 제한이 되는 거 같아서 학교 근처에서 자취하고 싶다는 생각은 있는데 이게 자취도 어쨌든 돈이 많이 깨지니까 쉽사리 하진 못 하고 있고. 음 아마 군대 갔다 와서 자취를 할 수 있으면 하지 않을까 이런 생각이 있어. 음 너는 음 너희 집 인테리어는 혹시 어떻게 돼 있어? 음 우리 집은 이번에 새로 지은 아파트여 가지고 그냥 전체적으로 완전 깔끔한 느낌으로 지금 돼 있는데 이게 아파 이제 방 청소를 쪼끔만 안 해도 이제 옷가 방이 좀 좁아 가지고 옷도 막 의자 위에 올라가 있고 침대 위에 뭉쳐져 있고. 그래 가지고 인테리어는 깔끔한데 방 정리는 되게 안 돼 있는 거 같아. 그리고 또 새로 지은 아파트라 했잖아. 이게 요즘에 새로 지어서 그런가. 아파트가 되게 개성이 넘치더라고. 건물도 막 다 이 모습이 막 다르고. 막 저게 아파트 건물이야 이런 것도 있고. 그리고 처음에 이사 왔을 때 첫날인데 집을 못 찾겠는 거야. 왜냐하면은 보통 아파트 단지가 뭐 몇 호부터 몇 호 1에서 3 3에서 5 이렇게 순서대로 있는데 거기는 막 1에서 3이랑 17에서 19 이렇게 붙어 있고. 막 이상하게 다 붙어 있는 거야. 그래 가지고 처음 이사 갔을 때 그 아파트 단지 안에서 길 잃어 가지고 한 20분 30분 정도 헤맸던 기억이 있어. 너는 만약에 이제 앞으로 회사 다니고 할 거면은 하면은 혼자 살게 되면은 서울에서 계속 살고 싶어? 아니면은 대구? 이게 새로 지은 아파트여 가지고 이게 헬스장이나 도서관 뭐 어린이집 이런 게 입주된다는 얘기만 있고 아직은 인프라가 갖춰지진 못한 거 같아. 그래서 헬스장도 아마 생긴다곤 하는데 어 언제 생길진 잘 모르겠고. 그 아파트 단지 내에 도서관은 지금도 운영하고 있고. 그거 말고도 뭔가 주민들 휴식 공간이라고 하면서 건물이 몇 개 있더라고. 거기서 막 좀 차 같은 거 마시고 막 떠들면서 있는 아줌마들도 있고. 그 빈백 빈백도 있잖아. 그런 것도 아파트 단지 내에 몇 개 깔아둔 거야. 그래 가지고 거기서 좀 누워서 막 떠드는 사람들도 보고 이런 시설이 좀 있었어.,0.014965986394557823,0.02857142857142857,0.013605442176870748,0.0013605442176870747,0.005442176870748299,0.0027210884353741495,0.0027210884353741495,0.02312925170068027,0.0326530612244898,0.02040816326530612,0.004081632653061225,0.0163265306122449,0.0013605442176870747,0.005442176870748299,0.013605442176870748,0.0027210884353741495,0.004081632653061225,0.004081632653061225,0.024489795918367346,0.021768707482993196,0.0013605442176870747,0.0013605442176870747,0.005442176870748299,0.006802721088435374,0.0013605442176870747,0.004081632653061225,0.02040816326530612,0.0013605442176870747,0.0013605442176870747,0.009523809523809525,0.04353741496598639,0.0013605442176870747,0.005442176870748299,0.0013605442176870747,0.010884353741496598,0.005442176870748299,0.0013605442176870747,0.0027210884353741495,0.012244897959183673,0.0013605442176870747,0.0013605442176870747,0.006802721088435374,0.004081632653061225,0.0027210884353741495,0.027210884353741496,0.009523809523809525,0.010884353741496598,0.0013605442176870747,0.006802721088435374,0.024489795918367346,0.010884353741496598,0.0013605442176870747,0.006802721088435374,0.0027210884353741495,0.0013605442176870747,0.005442176870748299,0.0013605442176870747,0.0013605442176870747,0.0013605442176870747,0.006802721088435374,0.0013605442176870747,0.0027210884353741495,0.0013605442176870747,0.0027210884353741495,0.013605442176870748,0.0013605442176870747,0.006802721088435374,0.0013605442176870747,0.02857142857142857,0.0027210884353741495,0.0027210884353741495,0.0027210884353741495,0.005442176870748299,0.0013605442176870747,0.00816326530612245,0.004081632653061225,0.00816326530612245,0.0013605442176870747,0.005442176870748299,0.0027210884353741495,0.0013605442176870747,0.0013605442176870747,0.0027210884353741495,0.0013605442176870747,0.0013605442176870747,0.0013605442176870747,0.005442176870748299,0.0013605442176870747,0.005442176870748299,0.0027210884353741495,0.0013605442176870747,0.0027210884353741495,0.0027210884353741495,0.005442176870748299,0.004081632653061225,0.0013605442176870747,0.0027210884353741495,0.0013605442176870747,0.0013605442176870747,0.0013605442176870747,0.005442176870748299,0.004081632653061225,0.0013605442176870747,0.0013605442176870747,0.0013605442176870747,0.0027210884353741495,0.009523809523809525,0.014965986394557823,0.0013605442176870747,0.0013605442176870747,0.0013605442176870747,0.0027210884353741495,0.0013605442176870747,0.004081632653061225,0.0013605442176870747,0.004081632653061225,0.0013605442176870747,0.0013605442176870747,0.0027210884353741495,0.0027210884353741495,0.0027210884353741495,0.0013605442176870747,0.0013605442176870747,0.0027210884353741495,0.0027210884353741495,0.0013605442176870747,0.0027210884353741495,0.0013605442176870747,0.0027210884353741495,0.0013605442176870747,0.0013605442176870747,0.0013605442176870747,0.0013605442176870747,0.0013605442176870747,0.0013605442176870747,0.0013605442176870747,0.005442176870748299,0.004081632653061225,0.0013605442176870747,0.0013605442176870747,0.0027210884353741495,0.0027210884353741495,0.0013605442176870747,0.0013605442176870747,0.0013605442176870747,0.004081632653061225,0.0013605442176870747,0.0013605442176870747,0.004081632653061225,0.0013605442176870747,0.0027210884353741495,0.005442176870748299,0.0027210884353741495,0.004081632653061225,0.0013605442176870747,0.005442176870748299,0.0027210884353741495,0.0013605442176870747,0.0013605442176870747,0.0013605442176870747,0.0013605442176870747,0.0027210884353741495,0.0013605442176870747,0.0013605442176870747,0.0013605442176870747,0.0013605442176870747,0.0013605442176870747,0.0027210884353741495,0.0027210884353741495,0.0013605442176870747,0.0013605442176870747,0.0013605442176870747,0.0013605442176870747,0.0013605442176870747,0.0013605442176870747,0.0013605442176870747,0.0013605442176870747,0.0013605442176870747,0.0013605442176870747,0.0013605442176870747,0.0027210884353741495,0.0013605442176870747,0.0027210884353741495,0.0013605442176870747,0.0013605442176870747,0.005442176870748299,0.005442176870748299,0.005442176870748299,0.0013605442176870747,0.0013605442176870747,0.0013605442176870747,0.0013605442176870747,0.0013605442176870747,0.0013605442176870747,0.0013605442176870747,0.0027210884353741495,0.0013605442176870747,0.0013605442176870747,0.0013605442176870747,0.0013605442176870747,0.0027210884353741495,0.0013605442176870747,0.0013605442176870747,0.0013605442176870747,0.004081632653061225,0.0013605442176870747,0.0013605442176870747,0.0013605442176870747,0.0013605442176870747,0.0027210884353741495,0.0013605442176870747,0.0013605442176870747,0.0013605442176870747,0.005442176870748299,0.0027210884353741495,0.0013605442176870747,0.0013605442176870747,0.0027210884353741495,0.0013605442176870747,0.0013605442176870747,0.0013605442176870747,0.0013605442176870747,0.0013605442176870747,0.0013605442176870747,0.0013605442176870747,0.0013605442176870747,0.0013605442176870747,0.0013605442176870747,0.0027210884353741495,0.0027210884353741495,0.0013605442176870747,0.0013605442176870747,0.0013605442176870747,0.0013605442176870747,0.0013605442176870747,0.0013605442176870747,0.0013605442176870747,0.0013605442176870747,0.0027210884353741495,0.0013605442176870747,0.0013605442176870747,0.0013605442176870747,0.0013605442176870747,0.0013605442176870747,0.0013605442176870747,0.0013605442176870747,0.0013605442176870747,0.0013605442176870747,0.0013605442176870747,0.0013605442176870747,0.0027210884353741495,0.0013605442176870747,0.0013605442176870747,0.0013605442176870747,0.0013605442176870747,0.0013605442176870747,0.0013605442176870747,0.0013605442176870747,0.0,0.0,0.0,0.0,0.0,0.0,0.0,0.0,0.0,0.0,0.0,0.0,0.0,0.0,0.0,0.0,0.0,0.0,0.0,0.0,0.0,0.0,0.0,0.0,0.0,0.0,0.0,0.0,0.0,0.0,0.0,0.0,0.0,0.0,0.0,0.0,0.0,0.0,0.0,0.0,0.0,0.0,0.0,0.0,0.0,0.0,0.0,0.0,0.0,0.0,0.0,0.0,0.0,0.0,0.0,0.0,0.0,0.0,0.0,0.0,0.0,0.0,0.0,0.0,0.0,0.0,0.0,0.0,0.0,0.0,0.0,0.0,0.0,0.0,0.0,0.0,0.0,0.0,0.0,0.0,0.0,0.0,0.0,0.0,0.0,0.0,0.0,0.0,0.0,0.0,0.0,0.0,0.0,0.0,0.0,0.0,0.0,0.0,0.0,0.0,0.0,0.0,0.0,0.0,0.0,0.0,0.0,0.0,0.0,0.0,0.0,0.0,0.0,0.0,0.0,0.0,0.0,0.0,0.0,0.0,0.0,0.0,0.0,0.0,0.0,0.0,0.0,0.0,0.0,0.0,0.0,0.0,0.0,0.0,0.0,0.0,0.0,0.0,0.0,0.0,0.0,0.0,0.0,0.0,0.0,0.0,0.0,0.0,0.0,0.0,0.0,0.0,0.0,0.0,0.0,0.0,0.0,0.0,0.0,0.0,0.0,0.0,0.0,0.0,0.0,0.0,0.0,0.0,0.0,0.0,0.0,0.0,0.0,0.0,0.0,0.0,0.0,0.0,0.0,0.0,0.0,0.0,0.0,0.0,0.0,0.0,0.0,0.0,0.0,0.0,0.0,0.0,0.0,0.0,0.0,0.0,0.0,0.0,0.0,0.0,0.0,0.0,0.0,0.0,0.0,0.0,0.0,0.0,0.0,0.0,0.0,0.0,0.0,0.0,0.0,0.0,0.0,0.0,0.0,0.0,0.0,0.0,0.0,0.0,0.0,0.0,0.0,0.0,0.0,0.0,0.0,0.0,0.0,0.0,0.0,0.0,0.0,0.0,0.0,0.0,0.0,0.0,0.0,0.0,0.0,0.0,0.0,0.0,0.0,0.0,0.0,0.0,0.0,0.0,0.0,0.0,0.0,0.0,0.0,0.0,0.0,0.0,0.0,0.0,0.0,0.0,0.0,0.0,0.0,0.0,0.0,0.0,0.0,0.0,0.0,0.0,0.0,0.0,0.0,0.0,0.0,0.0,0.0,0.0,0.0,0.0,0.0,0.0,0.0,0.0,0.0,0.0,0.0,0.0,0.0,0.0,0.0,0.0,0.0,0.0,0.0,0.0,0.0,0.0,0.0,0.0,0.0,0.0,0.0,0.0,0.0,0.0,0.0,0.0,0.0,0.0,0.0,0.0,0.0,0.0,0.0,0.0,0.0,0.0,0.0,0.0,0.0,0.0,0.0,0.0,0.0,0.0,0.0,0.0,0.0,0.0,0.0,0.0,0.0,0.0,0.0,0.0,0.0,0.0,0.0,0.0,0.0,0.0,0.0,0.0,0.0,0.0,0.0,0.0,0.0,0.0,0.0,0.0,0.0,0.0,0.0,0.0,0.0,0.0,0.0,0.0,0.0,0.0,0.0,0.0,0.0,0.0,0.0,0.0,0.0,0.0,0.0,0.0,0.0,0.0,0.0,0.0,0.0,0.0,0.0,0.0,0.0,0.0,0.0,0.0,0.0,0.0,0.0,0.0,0.0,0.0,0.0,0.0,0.0,0.0,0.0,0.0,0.0,0.0,0.0,0.0,0.0,0.0,0.0,0.0,0.0,0.0,0.0,0.0,0.0,0.0,0.0,0.0,0.0,0.0,0.0,0.0,0.0,0.0,0.0,0.0,0.0,0.0,0.0,0.0,0.0,0.0,0.0,0.0,0.0,0.0,0.0,0.0,0.0,0.0,0.0,0.0,0.0,0.0,0.0,0.0,0.0,0.0,0.0,0.0,0.0,0.0,0.0,0.3386624701002139,0.0,0.0,0.0,0.0,0.0,0.0,0.0,0.0,0.0,0.0,0.0,0.0,0.0,0.0,0.0,0.0,0.0,0.0,0.0,0.0,0.0,0.0,0.0,0.0,0.0,0.0,0.0,0.0,0.0,0.0,0.0,0.0,0.0,0.0,0.0,0.0,0.0,0.0,0.0,0.0,0.0,0.0,0.0,0.0,0.0,0.0,0.0,0.0,0.0,0.0,0.0,0.0,0.0,0.0,0.0,0.0,0.0,0.0,0.0,0.0,0.0,0.0,0.0,0.0,0.0,0.0,0.0,0.0,0.0,0.0,0.0,0.0,0.0,0.0,0.0,0.0,0.0,0.0,0.0,0.0,0.0,0.0,0.0,0.0,0.0,0.0,0.0,0.0,0.0,0.0,0.0,0.0,0.0,0.0,0.0,0.0,0.0,0.0,0.0,0.0,0.0,0.0,0.0,0.0,0.0,0.0,0.0,0.0,0.0,0.0,0.0,0.0,0.0,0.0,0.0,0.0,0.0,0.0,0.0,0.0,0.0,0.0,0.0,0.0,0.0,0.0,0.0,0.0,0.0,0.0,0.0,0.0,0.0,0.0,0.0,0.0,0.0,0.0,0.0,0.0,0.0,0.0,0.0,0.0,0.0,0.0,0.0,0.0,0.0,0.0,0.0,0.0,0.0,0.0,0.0,0.0,0.0,0.0,0.0,0.0,0.0,0.0,0.0,0.0,0.0,0.0,0.0,0.0,0.0,0.0,0.0,0.0,0.0,0.0,0.0,0.0,0.0,0.0,0.0,0.0,0.0,0.0,0.0,0.0,0.0,0.0,0.0,0.0,0.0,0.0,0.0,0.0,0.0,0.0,0.0,0.0,0.0,0.0,0.0,0.0,0.0,0.0,0.0,0.0,0.0,0.0,0.0,0.0,0.0,0.0,0.0,0.0,0.0,0.0,0.0,0.0,0.0,0.0,0.0,0.0,0.0,0.0,0.0,0.0,0.0,0.0,0.0,0.0,0.0,0.0,0.0,0.0,0.0,0.0,0.0,0.0,0.0,0.40630121736351926,0.0,0.0,0.0,0.0,0.0,0.0,0.0,0.0,0.0,0.0,0.0,0.0,0.0,0.0,0.0,0.0,0.0,0.0,0.0,0.0,0.0,0.0,0.0,0.0,0.0,0.0,0.0,0.27205987079853744,0.0,0.0,0.0,0.0,0.0,0.0,0.46411581845326316,0.0,0.0,0.0,0.0,0.0,0.0,0.0,0.0,0.0,0.0,0.0,0.0,0.0,0.0,0.0,0.0,0.0,0.0,0.0,0.0,0.0,0.0,0.0,0.0,0.0,0.0,0.0,0.0,0.0,0.0,0.0,0.0,0.0,0.0,0.0,0.0,0.0,0.0,0.0,0.0,0.0,0.0,0.0,0.0,0.0,0.0,0.0,0.0,0.0,0.0,0.0,0.0,0.0,0.0,0.0,0.0,0.0,0.0,0.0,0.0,0.0,0.0,0.0,0.0,0.0,0.0,0.0,0.0,0.0,0.0,0.0,0.0,0.0,0.0,0.0,0.0,0.0,0.0,0.0,0.0,0.0,0.0,0.0,0.0,0.0,0.0,0.0,0.0,0.0,0.0,0.0,0.0,0.0,0.0,0.0,0.0,0.0,0.0,0.0,0.0,0.0,0.0,0.0,0.0,0.0,0.0,0.0,0.0,0.0,0.0,0.0,0.0,0.0,0.0,0.0,0.0,0.0,0.0,0.0,0.0,0.0,0.0,0.0,0.0,0.0,0.0,0.0,0.0,0.0,0.0,0.0,0.0,0.0,0.0,0.0,0.0,0.0,0.0,0.0,0.46411581845326316,0.0,0.0,0.0,0.0,0.0,0.0,0.0,0.0,0.0,0.0,0.0,0.0,0.0,0.0,0.0,0.0,0.0,0.0,0.0,0.0,0.0,0.0,0.0,0.0,0.0,0.0,0.0,0.0,0.0,0.0,0.0,0.0,0.0,0.0,0.0,0.0,0.0,0.0,0.0,0.0,0.0,0.46411581845326316,0.0,0.0,0.0,0.0,0.0,0.0,0.0,0.0,0.0,0.0,0.0,0.0,0.0
SD2401267,20대,너희 집은 지금 오피스텔이잖아. 그 층간 소음 좀 있는 거 같아? 나 지금 7층 사는데 딱히 층간 소음은 없는 거 같은데 좀 그 아파트에 이상한 사람은 좀 있는 거 같더라. 왜냐하면은 우리가 집에 아무도 없는 상태였는데 갑자기 밑의 집에서 올라온다 아 그 밑의 집인가 어디서 막 신고가 들어왔다는 거야. 이 이 시간이 너무 시끄러웠었다고. 그래 가지고 그게 그게 꼭 밑의 집은 아니고 밑의 층은 아니었던 거 같은데 그런 사람이 좀 있어서 좀 뭐지 좀 조심해야겠다 이런 적은 있었어. 이런 적이 있어. 그리고 너는 지금 자취를 그 1곳에서만 했던 거야 이사 없이? 나도 지금 누나랑 같이 살라고 하면은 절대 못 살 거 같아. 누나랑 진짜 맞는 게 하나도 없단 말이야. 누나도 막 나도 새벽에 전화하면은 누나가 뭐라 하고. 어떨 때 누나가 새벽에 게임하면 또 나한테 이제 내가 이제 스트레스받고. 그래서 이제 만약에 내가 너처럼 그러니까 형제 같이 살라고 하면은 나는 못 살 거 같아. 그리고 그리고 그 이사를 좀 많이 다녔었는데 이사 다닐 때마다 이제 방이 있긴 한데 이게 크기가 이제 큰방 작은방이 있었단 말이야. 그래 가지고 누가 큰방 쓸 거냐 이런 거 때문에 또 엄청 싸운 적 싸웠었고 싸웠었던 거 같아. 그러면 본가도 그러면 지금 살던 데 쭉 계속 살고 있었던 거야 어릴 때부터? 나는 이제 어릴 때부터 정말 많이 다녔었는데 초등학교랑 중학교 때까지는 그래도 한동네 내에서 왔다 갔다 했던 거여서 좀 이제 이사하느라 좀 귀찮고 막 집 바뀌는 게 좀 불편 적응이 안 되 초반에 적응이 안 되는 게 있긴 했어도 이 친구들이랑 멀어진다 이런 거 없어서 괜찮았는데 중학교 3학년에서 이제 고등학교 때 한번 아예 학 그 학 우리 지금 다니는 학교 쪽으로 이사를 왔었단 말이야. 근데 그때 정말 좀 좋았던 친구들인데 완전 멀어지니까 그때 쪼끔 이제 스트레스를 받았었던 경험이 있고. 그래서 또 그래 가지고 이제 고등학교 1학년 때에서부터 2학년 때 또 이사를 가야 되는 상황이 된 거야. 근데 그래서 원래 다니던 고등학교 쪽으로 가려 했었는데 그러진 않고 이제 다시 원래 동네로 돌아갔었던 적이 있어. 나도 그런 전원주택에서 사는 꿈 같은 게 있었던 거 같아. 그 내가 직접 집을 만들고 아 설계해서 막 비밀 공간이나 아 이제 정말 큰 목욕탕이나 아니면 음 어떤 작업실 뭐 이런 걸 만들어 두고 싶다는 생각이 있었어. 만들고 싶다는. 그리 너 근데 지금 자취하고 있잖아. 그러면 그 가전제품 같은 거는 뭐 뭐 있어? 어 이러면 안 되는데. 나는 이제 본가에 살잖아. 어 집안일을 거의 다 안 하고 엄마가 하고 있어. 그러니까 설거지만 이제 내가 먹은 거 설거지하고 이제 그리고 옷 옷이나 분리수거 이런 거는 엄마 아빠가 거의 다 하는 거 같아. 그 자취하면서 이런 설거지나 분리수거 때문에 막 오빠랑 막 싸우거나 그러진 않아? 난 지금 너무 자취를 하고 싶어. 왜냐하면은 일단 난 이제 혼자가 편하단 말이야. 그래 가지고 이제 나만의 일상생활 패턴이 있는데 어쨌든 가족이랑 살면은 아무리 가족이라도 쪼금 지켜야 되는 게 있으니까 그런 게 이제 좀 나한테는 너무 좀 힘들고 내가 하고 싶은 것도 너무 제한이 되는 거 같아서 학교 근처에서 자취하고 싶다는 생각은 있는데 이게 자취도 어쨌든 돈이 많이 깨지니까 쉽사리 하진 못 하고 있고. 음 아마 군대 갔다 와서 자취를 할 수 있으면 하지 않을까 이런 생각이 있어. 음 너는 음 너희 집 인테리어는 혹시 어떻게 돼 있어? 음 우리 집은 이번에 새로 지은 아파트여 가지고 그냥 전체적으로 완전 깔끔한 느낌으로 지금 돼 있는데 이게 아파 이제 방 청소를 쪼끔만 안 해도 이제 옷가 방이 좀 좁아 가지고 옷도 막 의자 위에 올라가 있고 침대 위에 뭉쳐져 있고. 그래 가지고 인테리어는 깔끔한데 방 정리는 되게 안 돼 있는 거 같아. 그리고 또 새로 지은 아파트라 했잖아. 이게 요즘에 새로 지어서 그런가. 아파트가 되게 개성이 넘치더라고. 건물도 막 다 이 모습이 막 다르고. 막 저게 아파트 건물이야 이런 것도 있고. 그리고 처음에 이사 왔을 때 첫날인데 집을 못 찾겠는 거야. 왜냐하면은 보통 아파트 단지가 뭐 몇 호부터 몇 호 1에서 3 3에서 5 이렇게 순서대로 있는데 거기는 막 1에서 3이랑 17에서 19 이렇게 붙어 있고. 막 이상하게 다 붙어 있는 거야. 그래 가지고 처음 이사 갔을 때 그 아파트 단지 안에서 길 잃어 가지고 한 20분 30분 정도 헤맸던 기억이 있어. 너는 만약에 이제 앞으로 회사 다니고 할 거면은 하면은 혼자 살게 되면은 서울에서 계속 살고 싶어? 아니면은 대구? 이게 새로 지은 아파트여 가지고 이게 헬스장이나 도서관 뭐 어린이집 이런 게 입주된다는 얘기만 있고 아직은 인프라가 갖춰지진 못한 거 같아. 그래서 헬스장도 아마 생긴다곤 하는데 어 언제 생길진 잘 모르겠고. 그 아파트 단지 내에 도서관은 지금도 운영하고 있고. 그거 말고도 뭔가 주민들 휴식 공간이라고 하면서 건물이 몇 개 있더라고. 거기서 막 좀 차 같은 거 마시고 막 떠들면서 있는 아줌마들도 있고. 그 빈백 빈백도 있잖아. 그런 것도 아파트 단지 내에 몇 개 깔아둔 거야. 그래 가지고 거기서 좀 누워서 막 떠드는 사람들도 보고 이런 시설이 좀 있었어.,0.014965986394557823,0.02857142857142857,0.013605442176870748,0.0013605442176870747,0.005442176870748299,0.0027210884353741495,0.0027210884353741495,0.02312925170068027,0.0326530612244898,0.02040816326530612,0.004081632653061225,0.0163265306122449,0.0013605442176870747,0.005442176870748299,0.013605442176870748,0.0027210884353741495,0.004081632653061225,0.004081632653061225,0.024489795918367346,0.021768707482993196,0.0013605442176870747,0.0013605442176870747,0.005442176870748299,0.006802721088435374,0.0013605442176870747,0.004081632653061225,0.02040816326530612,0.0013605442176870747,0.0013605442176870747,0.009523809523809525,0.04353741496598639,0.0013605442176870747,0.005442176870748299,0.0013605442176870747,0.010884353741496598,0.005442176870748299,0.0013605442176870747,0.0027210884353741495,0.012244897959183673,0.0013605442176870747,0.0013605442176870747,0.006802721088435374,0.004081632653061225,0.0027210884353741495,0.027210884353741496,0.009523809523809525,0.010884353741496598,0.0013605442176870747,0.006802721088435374,0.024489795918367346,0.010884353741496598,0.0013605442176870747,0.006802721088435374,0.0027210884353741495,0.0013605442176870747,0.005442176870748299,0.0013605442176870747,0.0013605442176870747,0.0013605442176870747,0.006802721088435374,0.0013605442176870747,0.0027210884353741495,0.0013605442176870747,0.0027210884353741495,0.013605442176870748,0.0013605442176870747,0.006802721088435374,0.0013605442176870747,0.02857142857142857,0.0027210884353741495,0.0027210884353741495,0.0027210884353741495,0.005442176870748299,0.0013605442176870747,0.00816326530612245,0.004081632653061225,0.00816326530612245,0.0013605442176870747,0.005442176870748299,0.0027210884353741495,0.0013605442176870747,0.0013605442176870747,0.0027210884353741495,0.0013605442176870747,0.0013605442176870747,0.0013605442176870747,0.005442176870748299,0.0013605442176870747,0.005442176870748299,0.0027210884353741495,0.0013605442176870747,0.0027210884353741495,0.0027210884353741495,0.005442176870748299,0.004081632653061225,0.0013605442176870747,0.0027210884353741495,0.0013605442176870747,0.0013605442176870747,0.0013605442176870747,0.005442176870748299,0.004081632653061225,0.0013605442176870747,0.0013605442176870747,0.0013605442176870747,0.0027210884353741495,0.009523809523809525,0.014965986394557823,0.0013605442176870747,0.0013605442176870747,0.0013605442176870747,0.0027210884353741495,0.0013605442176870747,0.004081632653061225,0.0013605442176870747,0.004081632653061225,0.0013605442176870747,0.0013605442176870747,0.0027210884353741495,0.0027210884353741495,0.0027210884353741495,0.0013605442176870747,0.0013605442176870747,0.0027210884353741495,0.0027210884353741495,0.0013605442176870747,0.0027210884353741495,0.0013605442176870747,0.0027210884353741495,0.0013605442176870747,0.0013605442176870747,0.0013605442176870747,0.0013605442176870747,0.0013605442176870747,0.0013605442176870747,0.0013605442176870747,0.005442176870748299,0.004081632653061225,0.0013605442176870747,0.0013605442176870747,0.0027210884353741495,0.0027210884353741495,0.0013605442176870747,0.0013605442176870747,0.0013605442176870747,0.004081632653061225,0.0013605442176870747,0.0013605442176870747,0.004081632653061225,0.0013605442176870747,0.0027210884353741495,0.005442176870748299,0.0027210884353741495,0.004081632653061225,0.0013605442176870747,0.005442176870748299,0.0027210884353741495,0.0013605442176870747,0.0013605442176870747,0.0013605442176870747,0.0013605442176870747,0.0027210884353741495,0.0013605442176870747,0.0013605442176870747,0.0013605442176870747,0.0013605442176870747,0.0013605442176870747,0.0027210884353741495,0.0027210884353741495,0.0013605442176870747,0.0013605442176870747,0.0013605442176870747,0.0013605442176870747,0.0013605442176870747,0.0013605442176870747,0.0013605442176870747,0.0013605442176870747,0.0013605442176870747,0.0013605442176870747,0.0013605442176870747,0.0027210884353741495,0.0013605442176870747,0.0027210884353741495,0.0013605442176870747,0.0013605442176870747,0.005442176870748299,0.005442176870748299,0.005442176870748299,0.0013605442176870747,0.0013605442176870747,0.0013605442176870747,0.0013605442176870747,0.0013605442176870747,0.0013605442176870747,0.0013605442176870747,0.0027210884353741495,0.0013605442176870747,0.0013605442176870747,0.0013605442176870747,0.0013605442176870747,0.0027210884353741495,0.0013605442176870747,0.0013605442176870747,0.0013605442176870747,0.004081632653061225,0.0013605442176870747,0.0013605442176870747,0.0013605442176870747,0.0013605442176870747,0.0027210884353741495,0.0013605442176870747,0.0013605442176870747,0.0013605442176870747,0.005442176870748299,0.0027210884353741495,0.0013605442176870747,0.0013605442176870747,0.0027210884353741495,0.0013605442176870747,0.0013605442176870747,0.0013605442176870747,0.0013605442176870747,0.0013605442176870747,0.0013605442176870747,0.0013605442176870747,0.0013605442176870747,0.0013605442176870747,0.0013605442176870747,0.0027210884353741495,0.0027210884353741495,0.0013605442176870747,0.0013605442176870747,0.0013605442176870747,0.0013605442176870747,0.0013605442176870747,0.0013605442176870747,0.0013605442176870747,0.0013605442176870747,0.0027210884353741495,0.0013605442176870747,0.0013605442176870747,0.0013605442176870747,0.0013605442176870747,0.0013605442176870747,0.0013605442176870747,0.0013605442176870747,0.0013605442176870747,0.0013605442176870747,0.0013605442176870747,0.0013605442176870747,0.0027210884353741495,0.0013605442176870747,0.0013605442176870747,0.0013605442176870747,0.0013605442176870747,0.0013605442176870747,0.0013605442176870747,0.0013605442176870747,0.0,0.0,0.0,0.0,0.0,0.0,0.0,0.0,0.0,0.0,0.0,0.0,0.0,0.0,0.0,0.0,0.0,0.0,0.0,0.0,0.0,0.0,0.0,0.0,0.0,0.0,0.0,0.0,0.0,0.0,0.0,0.0,0.0,0.0,0.0,0.0,0.0,0.0,0.0,0.0,0.0,0.0,0.0,0.0,0.0,0.0,0.0,0.0,0.0,0.0,0.0,0.0,0.0,0.0,0.0,0.0,0.0,0.0,0.0,0.0,0.0,0.0,0.0,0.0,0.0,0.0,0.0,0.0,0.0,0.0,0.0,0.0,0.0,0.0,0.0,0.0,0.0,0.0,0.0,0.0,0.0,0.0,0.0,0.0,0.0,0.0,0.0,0.0,0.0,0.0,0.0,0.0,0.0,0.0,0.0,0.0,0.0,0.0,0.0,0.0,0.0,0.0,0.0,0.0,0.0,0.0,0.0,0.0,0.0,0.0,0.0,0.0,0.0,0.0,0.0,0.0,0.0,0.0,0.0,0.0,0.0,0.0,0.0,0.0,0.0,0.0,0.0,0.0,0.0,0.0,0.0,0.0,0.0,0.0,0.0,0.0,0.0,0.0,0.0,0.0,0.0,0.0,0.0,0.0,0.0,0.0,0.0,0.0,0.0,0.0,0.0,0.0,0.0,0.0,0.0,0.0,0.0,0.0,0.0,0.0,0.0,0.0,0.0,0.0,0.0,0.0,0.0,0.0,0.0,0.0,0.0,0.0,0.0,0.0,0.0,0.0,0.0,0.0,0.0,0.0,0.0,0.0,0.0,0.0,0.0,0.0,0.0,0.0,0.0,0.0,0.0,0.0,0.0,0.0,0.0,0.0,0.0,0.0,0.0,0.0,0.0,0.0,0.0,0.0,0.0,0.0,0.0,0.0,0.0,0.0,0.0,0.0,0.0,0.0,0.0,0.0,0.0,0.0,0.0,0.0,0.0,0.0,0.0,0.0,0.2971166420632615,0.0,0.0,0.0,0.0,0.0,0.0,0.0,0.0,0.0,0.0,0.0,0.0,0.0,0.0,0.0,0.0,0.0,0.0,0.0,0.0,0.0,0.0,0.0,0.0,0.0,0.0,0.0,0.0,0.0,0.0,0.0,0.0,0.0,0.0,0.0,0.0,0.0,0.0,0.0,0.0,0.0,0.0,0.0,0.0,0.0,0.0,0.0,0.0,0.0,0.0,0.0,0.0,0.0,0.0,0.0,0.0,0.0,0.0,0.0,0.0,0.0,0.0,0.3430677297447576,0.0,0.0,0.0,0.0,0.0,0.0,0.0,0.0,0.0,0.0,0.0,0.0,0.0,0.0,0.0,0.0,0.0,0.0,0.0,0.0,0.0,0.0,0.0,0.0,0.0,0.0,0.0,0.0,0.0,0.0,0.0,0.0,0.0,0.0,0.0,0.0,0.0,0.0,0.0,0.42360543432238307,0.0,0.0,0.0,0.0,0.0,0.0,0.0,0.0,0.0,0.0,0.0,0.0,0.0,0.0,0.0,0.0,0.0,0.0,0.0,0.0,0.0,0.0,0.0,0.0,0.0,0.0,0.0,0.0,0.0,0.0,0.0,0.0,0.0,0.0,0.0,0.0,0.0,0.0,0.0,0.0,0.0,0.0,0.0,0.0,0.0,0.0,0.0,0.0,0.0,0.0,0.0,0.0,0.0,0.0,0.0,0.0,0.0,0.0,0.0,0.0,0.0,0.0,0.0,0.0,0.0,0.0,0.0,0.0,0.0,0.0,0.0,0.0,0.0,0.0,0.0,0.0,0.0,0.0,0.0,0.0,0.0,0.0,0.0,0.0,0.0,0.0,0.0,0.0,0.0,0.0,0.0,0.0,0.0,0.0,0.0,0.0,0.0,0.0,0.0,0.0,0.0,0.0,0.0,0.0,0.0,0.0,0.0,0.0,0.0,0.0,0.0,0.0,0.0,0.0,0.0,0.0,0.0,0.0,0.0,0.0,0.0,0.0,0.0,0.0,0.0,0.0,0.0,0.0,0.0,0.0,0.0,0.0,0.0,0.0,0.0,0.0,0.0,0.0,0.0,0.0,0.0,0.0,0.0,0.0,0.0,0.0,0.0,0.0,0.0,0.0,0.0,0.0,0.0,0.0,0.0,0.0,0.0,0.0,0.0,0.0,0.0,0.0,0.0,0.0,0.0,0.0,0.0,0.0,0.0,0.0,0.0,0.0,0.0,0.0,0.0,0.0,0.0,0.0,0.0,0.0,0.0,0.0,0.0,0.0,0.0,0.0,0.0,0.0,0.0,0.0,0.0,0.0,0.0,0.0,0.0,0.0,0.0,0.0,0.0,0.0,0.0,0.0,0.0,0.0,0.0,0.0,0.0,0.0,0.0,0.0,0.0,0.0,0.0,0.0,0.0,0.0,0.0,0.0,0.0,0.0,0.0,0.0,0.0,0.0,0.0,0.0,0.0,0.0,0.0,0.0,0.0,0.0,0.0,0.0,0.0,0.0,0.0,0.0,0.0,0.0,0.0,0.0,0.0,0.0,0.0,0.0,0.0,0.0,0.0,0.0,0.0,0.0,0.0,0.0,0.0,0.0,0.0,0.0,0.0,0.0,0.0,0.0,0.0,0.0,0.0,0.0,0.0,0.0,0.0,0.0,0.0,0.0,0.0,0.0,0.0,0.0,0.0,0.0,0.0,0.0,0.0,0.0,0.0,0.0,0.0,0.0,0.0,0.0,0.0,0.0,0.0,0.0,0.0,0.0,0.0,0.0,0.0,0.0,0.0,0.0,0.0,0.0,0.0,0.0,0.0,0.0,0.0,0.0,0.0,0.0,0.0,0.0,0.0,0.0,0.0,0.0,0.0,0.0,0.0,0.0,0.0,0.0,0.0,0.0,0.0,0.0,0.0,0.0,0.0,0.0,0.0,0.0,0.0,0.0,0.0,0.0,0.0,0.0,0.0,0.0,0.0,0.0,0.0,0.0,0.0,0.0,0.0,0.0,0.0,0.0,0.0,0.0,0.0,0.0,0.0,0.0,0.0,0.0,0.0,0.0,0.0,0.0,0.0,0.0,0.0,0.0,0.0,0.0,0.0,0.0,0.0,0.0,0.0,0.0,0.0,0.0,0.0,0.0,0.0,0.0,0.0,0.0,0.0,0.0,0.0,0.0,0.0,0.0,0.0,0.0,0.0,0.26782940253918164,0.0,0.0,0.0,0.0,0.0,0.0,0.0,0.45689892449213426,0.0,0.0,0.0,0.0,0.0,0.0,0.0,0.3540322394369498,0.0,0.0,0.0,0.0,0.0,0.0,0.0,0.0,0.0,0.0,0.0,0.0,0.0,0.0,0.0,0.0,0.0,0.0,0.0,0.0,0.0,0.0,0.0,0.0,0.0,0.0,0.0,0.0,0.0,0.0,0.0,0.0,0.0,0.0,0.0,0.0,0.0,0.0,0.0,0.0,0.0,0.0,0.0,0.0,0.0,0.0,0.0,0.0,0.0,0.0,0.0,0.0,0.0,0.0,0.0,0.0,0.0,0.0,0.0,0.0,0.0,0.0,0.0,0.0,0.0,0.0,0.0,0.0,0.0,0.0,0.0,0.0,0.0,0.0,0.0,0.0,0.0,0.0,0.0,0.0,0.0,0.0,0.0,0.0,0.0,0.0,0.0,0.0,0.0,0.0,0.0,0.0,0.0,0.0,0.0,0.0,0.0,0.0,0.0,0.0,0.0,0.0,0.0,0.0,0.0,0.0,0.0,0.0,0.0,0.0,0.0,0.0,0.0,0.0,0.0,0.0,0.0,0.0,0.0,0.0,0.0,0.0,0.0,0.0,0.0,0.0,0.45689892449213426,0.0,0.0,0.0,0.0,0.0,0.0,0.0,0.0,0.0,0.0,0.0,0.0,0.0,0.0,0.0,0.0,0.0,0.0,0.0,0.0,0.0,0.0,0.0,0.0,0.0,0.0,0.0,0.0,0.0,0.0,0.0,0.0,0.0,0.0,0.0,0.0,0.0,0.0,0.0,0.0,0.0,0.0,0.0,0.0,0.0,0.0,0.0,0.0,0.0,0.0,0.0,0.0,0.0,0.0,0.0,0.0,0.0,0.0,0.0
SD2401267,20대,너희 집은 지금 오피스텔이잖아. 그 층간 소음 좀 있는 거 같아? 나 지금 7층 사는데 딱히 층간 소음은 없는 거 같은데 좀 그 아파트에 이상한 사람은 좀 있는 거 같더라. 왜냐하면은 우리가 집에 아무도 없는 상태였는데 갑자기 밑의 집에서 올라온다 아 그 밑의 집인가 어디서 막 신고가 들어왔다는 거야. 이 이 시간이 너무 시끄러웠었다고. 그래 가지고 그게 그게 꼭 밑의 집은 아니고 밑의 층은 아니었던 거 같은데 그런 사람이 좀 있어서 좀 뭐지 좀 조심해야겠다 이런 적은 있었어. 이런 적이 있어. 그리고 너는 지금 자취를 그 1곳에서만 했던 거야 이사 없이? 나도 지금 누나랑 같이 살라고 하면은 절대 못 살 거 같아. 누나랑 진짜 맞는 게 하나도 없단 말이야. 누나도 막 나도 새벽에 전화하면은 누나가 뭐라 하고. 어떨 때 누나가 새벽에 게임하면 또 나한테 이제 내가 이제 스트레스받고. 그래서 이제 만약에 내가 너처럼 그러니까 형제 같이 살라고 하면은 나는 못 살 거 같아. 그리고 그리고 그 이사를 좀 많이 다녔었는데 이사 다닐 때마다 이제 방이 있긴 한데 이게 크기가 이제 큰방 작은방이 있었단 말이야. 그래 가지고 누가 큰방 쓸 거냐 이런 거 때문에 또 엄청 싸운 적 싸웠었고 싸웠었던 거 같아. 그러면 본가도 그러면 지금 살던 데 쭉 계속 살고 있었던 거야 어릴 때부터? 나는 이제 어릴 때부터 정말 많이 다녔었는데 초등학교랑 중학교 때까지는 그래도 한동네 내에서 왔다 갔다 했던 거여서 좀 이제 이사하느라 좀 귀찮고 막 집 바뀌는 게 좀 불편 적응이 안 되 초반에 적응이 안 되는 게 있긴 했어도 이 친구들이랑 멀어진다 이런 거 없어서 괜찮았는데 중학교 3학년에서 이제 고등학교 때 한번 아예 학 그 학 우리 지금 다니는 학교 쪽으로 이사를 왔었단 말이야. 근데 그때 정말 좀 좋았던 친구들인데 완전 멀어지니까 그때 쪼끔 이제 스트레스를 받았었던 경험이 있고. 그래서 또 그래 가지고 이제 고등학교 1학년 때에서부터 2학년 때 또 이사를 가야 되는 상황이 된 거야. 근데 그래서 원래 다니던 고등학교 쪽으로 가려 했었는데 그러진 않고 이제 다시 원래 동네로 돌아갔었던 적이 있어. 나도 그런 전원주택에서 사는 꿈 같은 게 있었던 거 같아. 그 내가 직접 집을 만들고 아 설계해서 막 비밀 공간이나 아 이제 정말 큰 목욕탕이나 아니면 음 어떤 작업실 뭐 이런 걸 만들어 두고 싶다는 생각이 있었어. 만들고 싶다는. 그리 너 근데 지금 자취하고 있잖아. 그러면 그 가전제품 같은 거는 뭐 뭐 있어? 어 이러면 안 되는데. 나는 이제 본가에 살잖아. 어 집안일을 거의 다 안 하고 엄마가 하고 있어. 그러니까 설거지만 이제 내가 먹은 거 설거지하고 이제 그리고 옷 옷이나 분리수거 이런 거는 엄마 아빠가 거의 다 하는 거 같아. 그 자취하면서 이런 설거지나 분리수거 때문에 막 오빠랑 막 싸우거나 그러진 않아? 난 지금 너무 자취를 하고 싶어. 왜냐하면은 일단 난 이제 혼자가 편하단 말이야. 그래 가지고 이제 나만의 일상생활 패턴이 있는데 어쨌든 가족이랑 살면은 아무리 가족이라도 쪼금 지켜야 되는 게 있으니까 그런 게 이제 좀 나한테는 너무 좀 힘들고 내가 하고 싶은 것도 너무 제한이 되는 거 같아서 학교 근처에서 자취하고 싶다는 생각은 있는데 이게 자취도 어쨌든 돈이 많이 깨지니까 쉽사리 하진 못 하고 있고. 음 아마 군대 갔다 와서 자취를 할 수 있으면 하지 않을까 이런 생각이 있어. 음 너는 음 너희 집 인테리어는 혹시 어떻게 돼 있어? 음 우리 집은 이번에 새로 지은 아파트여 가지고 그냥 전체적으로 완전 깔끔한 느낌으로 지금 돼 있는데 이게 아파 이제 방 청소를 쪼끔만 안 해도 이제 옷가 방이 좀 좁아 가지고 옷도 막 의자 위에 올라가 있고 침대 위에 뭉쳐져 있고. 그래 가지고 인테리어는 깔끔한데 방 정리는 되게 안 돼 있는 거 같아. 그리고 또 새로 지은 아파트라 했잖아. 이게 요즘에 새로 지어서 그런가. 아파트가 되게 개성이 넘치더라고. 건물도 막 다 이 모습이 막 다르고. 막 저게 아파트 건물이야 이런 것도 있고. 그리고 처음에 이사 왔을 때 첫날인데 집을 못 찾겠는 거야. 왜냐하면은 보통 아파트 단지가 뭐 몇 호부터 몇 호 1에서 3 3에서 5 이렇게 순서대로 있는데 거기는 막 1에서 3이랑 17에서 19 이렇게 붙어 있고. 막 이상하게 다 붙어 있는 거야. 그래 가지고 처음 이사 갔을 때 그 아파트 단지 안에서 길 잃어 가지고 한 20분 30분 정도 헤맸던 기억이 있어. 너는 만약에 이제 앞으로 회사 다니고 할 거면은 하면은 혼자 살게 되면은 서울에서 계속 살고 싶어? 아니면은 대구? 이게 새로 지은 아파트여 가지고 이게 헬스장이나 도서관 뭐 어린이집 이런 게 입주된다는 얘기만 있고 아직은 인프라가 갖춰지진 못한 거 같아. 그래서 헬스장도 아마 생긴다곤 하는데 어 언제 생길진 잘 모르겠고. 그 아파트 단지 내에 도서관은 지금도 운영하고 있고. 그거 말고도 뭔가 주민들 휴식 공간이라고 하면서 건물이 몇 개 있더라고. 거기서 막 좀 차 같은 거 마시고 막 떠들면서 있는 아줌마들도 있고. 그 빈백 빈백도 있잖아. 그런 것도 아파트 단지 내에 몇 개 깔아둔 거야. 그래 가지고 거기서 좀 누워서 막 떠드는 사람들도 보고 이런 시설이 좀 있었어.,0.014965986394557823,0.02857142857142857,0.013605442176870748,0.0013605442176870747,0.005442176870748299,0.0027210884353741495,0.0027210884353741495,0.02312925170068027,0.0326530612244898,0.02040816326530612,0.004081632653061225,0.0163265306122449,0.0013605442176870747,0.005442176870748299,0.013605442176870748,0.0027210884353741495,0.004081632653061225,0.004081632653061225,0.024489795918367346,0.021768707482993196,0.0013605442176870747,0.0013605442176870747,0.005442176870748299,0.006802721088435374,0.0013605442176870747,0.004081632653061225,0.02040816326530612,0.0013605442176870747,0.0013605442176870747,0.009523809523809525,0.04353741496598639,0.0013605442176870747,0.005442176870748299,0.0013605442176870747,0.010884353741496598,0.005442176870748299,0.0013605442176870747,0.0027210884353741495,0.012244897959183673,0.0013605442176870747,0.0013605442176870747,0.006802721088435374,0.004081632653061225,0.0027210884353741495,0.027210884353741496,0.009523809523809525,0.010884353741496598,0.0013605442176870747,0.006802721088435374,0.024489795918367346,0.010884353741496598,0.0013605442176870747,0.006802721088435374,0.0027210884353741495,0.0013605442176870747,0.005442176870748299,0.0013605442176870747,0.0013605442176870747,0.0013605442176870747,0.006802721088435374,0.0013605442176870747,0.0027210884353741495,0.0013605442176870747,0.0027210884353741495,0.013605442176870748,0.0013605442176870747,0.006802721088435374,0.0013605442176870747,0.02857142857142857,0.0027210884353741495,0.0027210884353741495,0.0027210884353741495,0.005442176870748299,0.0013605442176870747,0.00816326530612245,0.004081632653061225,0.00816326530612245,0.0013605442176870747,0.005442176870748299,0.0027210884353741495,0.0013605442176870747,0.0013605442176870747,0.0027210884353741495,0.0013605442176870747,0.0013605442176870747,0.0013605442176870747,0.005442176870748299,0.0013605442176870747,0.005442176870748299,0.0027210884353741495,0.0013605442176870747,0.0027210884353741495,0.0027210884353741495,0.005442176870748299,0.004081632653061225,0.0013605442176870747,0.0027210884353741495,0.0013605442176870747,0.0013605442176870747,0.0013605442176870747,0.005442176870748299,0.004081632653061225,0.0013605442176870747,0.0013605442176870747,0.0013605442176870747,0.0027210884353741495,0.009523809523809525,0.014965986394557823,0.0013605442176870747,0.0013605442176870747,0.0013605442176870747,0.0027210884353741495,0.0013605442176870747,0.004081632653061225,0.0013605442176870747,0.004081632653061225,0.0013605442176870747,0.0013605442176870747,0.0027210884353741495,0.0027210884353741495,0.0027210884353741495,0.0013605442176870747,0.0013605442176870747,0.0027210884353741495,0.0027210884353741495,0.0013605442176870747,0.0027210884353741495,0.0013605442176870747,0.0027210884353741495,0.0013605442176870747,0.0013605442176870747,0.0013605442176870747,0.0013605442176870747,0.0013605442176870747,0.0013605442176870747,0.0013605442176870747,0.005442176870748299,0.004081632653061225,0.0013605442176870747,0.0013605442176870747,0.0027210884353741495,0.0027210884353741495,0.0013605442176870747,0.0013605442176870747,0.0013605442176870747,0.004081632653061225,0.0013605442176870747,0.0013605442176870747,0.004081632653061225,0.0013605442176870747,0.0027210884353741495,0.005442176870748299,0.0027210884353741495,0.004081632653061225,0.0013605442176870747,0.005442176870748299,0.0027210884353741495,0.0013605442176870747,0.0013605442176870747,0.0013605442176870747,0.0013605442176870747,0.0027210884353741495,0.0013605442176870747,0.0013605442176870747,0.0013605442176870747,0.0013605442176870747,0.0013605442176870747,0.0027210884353741495,0.0027210884353741495,0.0013605442176870747,0.0013605442176870747,0.0013605442176870747,0.0013605442176870747,0.0013605442176870747,0.0013605442176870747,0.0013605442176870747,0.0013605442176870747,0.0013605442176870747,0.0013605442176870747,0.0013605442176870747,0.0027210884353741495,0.0013605442176870747,0.0027210884353741495,0.0013605442176870747,0.0013605442176870747,0.005442176870748299,0.005442176870748299,0.005442176870748299,0.0013605442176870747,0.0013605442176870747,0.0013605442176870747,0.0013605442176870747,0.0013605442176870747,0.0013605442176870747,0.0013605442176870747,0.0027210884353741495,0.0013605442176870747,0.0013605442176870747,0.0013605442176870747,0.0013605442176870747,0.0027210884353741495,0.0013605442176870747,0.0013605442176870747,0.0013605442176870747,0.004081632653061225,0.0013605442176870747,0.0013605442176870747,0.0013605442176870747,0.0013605442176870747,0.0027210884353741495,0.0013605442176870747,0.0013605442176870747,0.0013605442176870747,0.005442176870748299,0.0027210884353741495,0.0013605442176870747,0.0013605442176870747,0.0027210884353741495,0.0013605442176870747,0.0013605442176870747,0.0013605442176870747,0.0013605442176870747,0.0013605442176870747,0.0013605442176870747,0.0013605442176870747,0.0013605442176870747,0.0013605442176870747,0.0013605442176870747,0.0027210884353741495,0.0027210884353741495,0.0013605442176870747,0.0013605442176870747,0.0013605442176870747,0.0013605442176870747,0.0013605442176870747,0.0013605442176870747,0.0013605442176870747,0.0013605442176870747,0.0027210884353741495,0.0013605442176870747,0.0013605442176870747,0.0013605442176870747,0.0013605442176870747,0.0013605442176870747,0.0013605442176870747,0.0013605442176870747,0.0013605442176870747,0.0013605442176870747,0.0013605442176870747,0.0013605442176870747,0.0027210884353741495,0.0013605442176870747,0.0013605442176870747,0.0013605442176870747,0.0013605442176870747,0.0013605442176870747,0.0013605442176870747,0.0013605442176870747,0.0,0.0,0.0,0.0,0.0,0.0,0.0,0.0,0.0,0.0,0.0,0.0,0.0,0.0,0.0,0.0,0.0,0.0,0.0,0.0,0.0,0.0,0.0,0.0,0.0,0.0,0.0,0.0,0.0,0.0,0.0,0.0,0.0,0.0,0.0,0.0,0.0,0.0,0.0,0.0,0.0,0.0,0.0,0.0,0.0,0.0,0.0,0.0,0.0,0.0,0.0,0.0,0.0,0.0,0.0,0.0,0.0,0.0,0.0,0.0,0.0,0.0,0.0,0.0,0.0,0.0,0.0,0.0,0.0,0.0,0.0,0.0,0.0,0.0,0.0,0.0,0.0,0.0,0.0,0.0,0.0,0.0,0.0,0.0,0.0,0.0,0.0,0.0,0.0,0.0,0.0,0.0,0.0,0.0,0.0,0.0,0.0,0.0,0.0,0.0,0.0,0.0,0.0,0.0,0.0,0.0,0.0,0.0,0.0,0.0,0.0,0.0,0.0,0.0,0.0,0.0,0.0,0.0,0.0,0.0,0.0,0.0,0.0,0.0,0.0,0.0,0.0,0.0,0.0,0.0,0.0,0.0,0.0,0.0,0.0,0.0,0.0,0.0,0.0,0.0,0.0,0.0,0.0,0.0,0.0,0.0,0.0,0.0,0.0,0.0,0.0,0.0,0.0,0.0,0.0,0.0,0.0,0.0,0.0,0.0,0.0,0.0,0.0,0.0,0.0,0.0,0.0,0.0,0.0,0.0,0.0,0.0,0.0,0.0,0.0,0.0,0.0,0.0,0.0,0.0,0.0,0.0,0.0,0.0,0.0,0.0,0.0,0.0,0.0,0.0,0.0,0.0,0.0,0.0,0.0,0.0,0.0,0.0,0.0,0.0,0.0,0.0,0.0,0.0,0.0,0.0,0.0,0.0,0.0,0.0,0.0,0.0,0.0,0.0,0.0,0.0,0.0,0.0,0.0,0.0,0.0,0.0,0.3546706545468791,0.3546706545468791,0.0,0.0,0.0,0.0,0.0,0.0,0.0,0.0,0.0,0.0,0.0,0.0,0.0,0.0,0.0,0.0,0.0,0.0,0.0,0.0,0.0,0.0,0.0,0.0,0.0,0.0,0.0,0.0,0.0,0.0,0.0,0.0,0.0,0.0,0.0,0.0,0.0,0.0,0.0,0.0,0.0,0.0,0.0,0.0,0.0,0.0,0.0,0.0,0.0,0.0,0.0,0.0,0.0,0.0,0.0,0.0,0.0,0.0,0.0,0.0,0.0,0.0,0.0,0.0,0.0,0.0,0.0,0.0,0.0,0.0,0.0,0.0,0.0,0.0,0.0,0.0,0.0,0.0,0.0,0.0,0.0,0.0,0.0,0.0,0.0,0.0,0.0,0.0,0.0,0.0,0.0,0.0,0.0,0.0,0.0,0.0,0.0,0.0,0.0,0.0,0.0,0.0,0.0,0.0,0.0,0.0,0.0,0.0,0.0,0.0,0.0,0.0,0.0,0.0,0.0,0.0,0.0,0.0,0.0,0.0,0.0,0.0,0.0,0.0,0.0,0.0,0.0,0.0,0.0,0.0,0.0,0.0,0.0,0.0,0.0,0.0,0.0,0.0,0.0,0.0,0.0,0.0,0.0,0.0,0.0,0.0,0.0,0.0,0.0,0.0,0.0,0.0,0.0,0.0,0.0,0.0,0.0,0.0,0.0,0.0,0.0,0.0,0.0,0.0,0.0,0.0,0.0,0.0,0.0,0.0,0.0,0.0,0.0,0.0,0.0,0.0,0.0,0.0,0.0,0.29626643136628095,0.0,0.0,0.0,0.0,0.0,0.0,0.0,0.0,0.0,0.0,0.0,0.0,0.0,0.0,0.0,0.0,0.0,0.0,0.0,0.0,0.0,0.0,0.0,0.0,0.0,0.0,0.0,0.0,0.0,0.0,0.0,0.0,0.0,0.0,0.0,0.0,0.0,0.0,0.0,0.0,0.0,0.0,0.0,0.0,0.0,0.0,0.0,0.0,0.0,0.0,0.0,0.0,0.0,0.0,0.0,0.0,0.0,0.0,0.0,0.0,0.0,0.0,0.0,0.0,0.0,0.0,0.0,0.0,0.0,0.0,0.0,0.0,0.0,0.0,0.0,0.0,0.0,0.0,0.0,0.0,0.0,0.0,0.0,0.0,0.0,0.0,0.0,0.0,0.0,0.0,0.0,0.0,0.0,0.0,0.0,0.0,0.0,0.0,0.0,0.0,0.0,0.0,0.0,0.0,0.0,0.0,0.0,0.0,0.0,0.0,0.0,0.0,0.0,0.0,0.0,0.0,0.0,0.0,0.0,0.0,0.0,0.0,0.0,0.0,0.0,0.0,0.0,0.0,0.0,0.0,0.0,0.32882637407766774,0.0,0.0,0.0,0.0,0.0,0.0,0.0,0.0,0.0,0.0,0.0,0.0,0.0,0.0,0.0,0.0,0.0,0.0,0.0,0.0,0.0,0.0,0.0,0.0,0.0,0.0,0.0,0.0,0.0,0.0,0.0,0.0,0.0,0.0,0.0,0.0,0.0,0.0,0.0,0.0,0.0,0.0,0.0,0.0,0.0,0.0,0.0,0.0,0.0,0.0,0.0,0.0,0.0,0.0,0.0,0.0,0.0,0.0,0.0,0.0,0.0,0.0,0.0,0.0,0.0,0.0,0.0,0.0,0.0,0.0,0.0,0.0,0.0,0.0,0.0,0.0,0.0,0.0,0.0,0.3546706545468791,0.0,0.0,0.0,0.0,0.0,0.0,0.0,0.0,0.0,0.0,0.0,0.0,0.0,0.0,0.0,0.0,0.0,0.0,0.0,0.0,0.0,0.0,0.0,0.0,0.0,0.0,0.0,0.0,0.0,0.0,0.0,0.31048956526790844,0.0,0.0,0.0,0.0,0.0,0.0,0.0,0.0,0.0,0.0,0.0,0.0,0.0,0.0,0.0,0.0,0.0,0.0,0.0,0.0,0.0,0.0,0.0,0.0,0.0,0.0,0.0,0.0,0.0,0.0,0.0,0.0,0.0,0.0,0.0,0.0,0.0,0.0,0.0,0.0,0.0,0.0,0.0,0.0,0.0,0.0,0.0,0.0,0.0,0.0,0.0,0.0,0.0,0.0,0.0,0.0,0.0,0.0,0.0,0.0,0.0,0.0,0.0,0.0,0.0,0.0,0.0,0.0,0.0,0.0,0.0,0.0,0.0,0.0,0.0,0.0,0.0,0.0,0.0,0.0,0.0,0.0,0.0,0.0,0.0,0.0,0.0,0.0,0.0,0.0,0.0,0.0,0.0,0.0,0.0,0.0,0.0,0.0,0.0,0.31048956526790844,0.0,0.0,0.0,0.0,0.0,0.0,0.0,0.0,0.0,0.0,0.0,0.0,0.0,0.0,0.0,0.0,0.0,0.0,0.0,0.0,0.0,0.0,0.0,0.0,0.0,0.0,0.0,0.0,0.0,0.0,0.0,0.0,0.0,0.0,0.0,0.0,0.0,0.0,0.0,0.0,0.0,0.0,0.0,0.0,0.0,0.0,0.0,0.0,0.0,0.0,0.0,0.0,0.0,0.0,0.0,0.0,0.0,0.0,0.0,0.0,0.0,0.0,0.0,0.0,0.3546706545468791,0.0,0.0,0.0,0.0,0.0,0.0,0.0,0.0,0.0,0.0,0.0,0.0,0.0,0.0,0.0,0.0,0.0,0.32882637407766774,0.0,0.0,0.0,0.0,0.0,0.0,0.0,0.0,0.0,0.0,0.0,0.0,0.0,0.0,0.0,0.0,0.0,0.0,0.0,0.0,0.0,0.0,0.0,0.0,0.0,0.0,0.0,0.0,0.0,0.0,0.0,0.0,0.0,0.0,0.0,0.0,0.0,0.0,0.0,0.0,0.0,0.0,0.0,0.0,0.0,0.0,0.0,0.0,0.0,0.0,0.0,0.0,0.0,0.0,0.0,0.0,0.0,0.0,0.0,0.0,0.0,0.0,0.0,0.0,0.0,0.0,0.0,0.0,0.0,0.0,0.0,0.0,0.0,0.0,0.0,0.0,0.0,0.0,0.0,0.0,0.0,0.0,0.0,0.0,0.0,0.0,0.0,0.0,0.0,0.0,0.0
SD2401267,20대,너희 집은 지금 오피스텔이잖아. 그 층간 소음 좀 있는 거 같아? 나 지금 7층 사는데 딱히 층간 소음은 없는 거 같은데 좀 그 아파트에 이상한 사람은 좀 있는 거 같더라. 왜냐하면은 우리가 집에 아무도 없는 상태였는데 갑자기 밑의 집에서 올라온다 아 그 밑의 집인가 어디서 막 신고가 들어왔다는 거야. 이 이 시간이 너무 시끄러웠었다고. 그래 가지고 그게 그게 꼭 밑의 집은 아니고 밑의 층은 아니었던 거 같은데 그런 사람이 좀 있어서 좀 뭐지 좀 조심해야겠다 이런 적은 있었어. 이런 적이 있어. 그리고 너는 지금 자취를 그 1곳에서만 했던 거야 이사 없이? 나도 지금 누나랑 같이 살라고 하면은 절대 못 살 거 같아. 누나랑 진짜 맞는 게 하나도 없단 말이야. 누나도 막 나도 새벽에 전화하면은 누나가 뭐라 하고. 어떨 때 누나가 새벽에 게임하면 또 나한테 이제 내가 이제 스트레스받고. 그래서 이제 만약에 내가 너처럼 그러니까 형제 같이 살라고 하면은 나는 못 살 거 같아. 그리고 그리고 그 이사를 좀 많이 다녔었는데 이사 다닐 때마다 이제 방이 있긴 한데 이게 크기가 이제 큰방 작은방이 있었단 말이야. 그래 가지고 누가 큰방 쓸 거냐 이런 거 때문에 또 엄청 싸운 적 싸웠었고 싸웠었던 거 같아. 그러면 본가도 그러면 지금 살던 데 쭉 계속 살고 있었던 거야 어릴 때부터? 나는 이제 어릴 때부터 정말 많이 다녔었는데 초등학교랑 중학교 때까지는 그래도 한동네 내에서 왔다 갔다 했던 거여서 좀 이제 이사하느라 좀 귀찮고 막 집 바뀌는 게 좀 불편 적응이 안 되 초반에 적응이 안 되는 게 있긴 했어도 이 친구들이랑 멀어진다 이런 거 없어서 괜찮았는데 중학교 3학년에서 이제 고등학교 때 한번 아예 학 그 학 우리 지금 다니는 학교 쪽으로 이사를 왔었단 말이야. 근데 그때 정말 좀 좋았던 친구들인데 완전 멀어지니까 그때 쪼끔 이제 스트레스를 받았었던 경험이 있고. 그래서 또 그래 가지고 이제 고등학교 1학년 때에서부터 2학년 때 또 이사를 가야 되는 상황이 된 거야. 근데 그래서 원래 다니던 고등학교 쪽으로 가려 했었는데 그러진 않고 이제 다시 원래 동네로 돌아갔었던 적이 있어. 나도 그런 전원주택에서 사는 꿈 같은 게 있었던 거 같아. 그 내가 직접 집을 만들고 아 설계해서 막 비밀 공간이나 아 이제 정말 큰 목욕탕이나 아니면 음 어떤 작업실 뭐 이런 걸 만들어 두고 싶다는 생각이 있었어. 만들고 싶다는. 그리 너 근데 지금 자취하고 있잖아. 그러면 그 가전제품 같은 거는 뭐 뭐 있어? 어 이러면 안 되는데. 나는 이제 본가에 살잖아. 어 집안일을 거의 다 안 하고 엄마가 하고 있어. 그러니까 설거지만 이제 내가 먹은 거 설거지하고 이제 그리고 옷 옷이나 분리수거 이런 거는 엄마 아빠가 거의 다 하는 거 같아. 그 자취하면서 이런 설거지나 분리수거 때문에 막 오빠랑 막 싸우거나 그러진 않아? 난 지금 너무 자취를 하고 싶어. 왜냐하면은 일단 난 이제 혼자가 편하단 말이야. 그래 가지고 이제 나만의 일상생활 패턴이 있는데 어쨌든 가족이랑 살면은 아무리 가족이라도 쪼금 지켜야 되는 게 있으니까 그런 게 이제 좀 나한테는 너무 좀 힘들고 내가 하고 싶은 것도 너무 제한이 되는 거 같아서 학교 근처에서 자취하고 싶다는 생각은 있는데 이게 자취도 어쨌든 돈이 많이 깨지니까 쉽사리 하진 못 하고 있고. 음 아마 군대 갔다 와서 자취를 할 수 있으면 하지 않을까 이런 생각이 있어. 음 너는 음 너희 집 인테리어는 혹시 어떻게 돼 있어? 음 우리 집은 이번에 새로 지은 아파트여 가지고 그냥 전체적으로 완전 깔끔한 느낌으로 지금 돼 있는데 이게 아파 이제 방 청소를 쪼끔만 안 해도 이제 옷가 방이 좀 좁아 가지고 옷도 막 의자 위에 올라가 있고 침대 위에 뭉쳐져 있고. 그래 가지고 인테리어는 깔끔한데 방 정리는 되게 안 돼 있는 거 같아. 그리고 또 새로 지은 아파트라 했잖아. 이게 요즘에 새로 지어서 그런가. 아파트가 되게 개성이 넘치더라고. 건물도 막 다 이 모습이 막 다르고. 막 저게 아파트 건물이야 이런 것도 있고. 그리고 처음에 이사 왔을 때 첫날인데 집을 못 찾겠는 거야. 왜냐하면은 보통 아파트 단지가 뭐 몇 호부터 몇 호 1에서 3 3에서 5 이렇게 순서대로 있는데 거기는 막 1에서 3이랑 17에서 19 이렇게 붙어 있고. 막 이상하게 다 붙어 있는 거야. 그래 가지고 처음 이사 갔을 때 그 아파트 단지 안에서 길 잃어 가지고 한 20분 30분 정도 헤맸던 기억이 있어. 너는 만약에 이제 앞으로 회사 다니고 할 거면은 하면은 혼자 살게 되면은 서울에서 계속 살고 싶어? 아니면은 대구? 이게 새로 지은 아파트여 가지고 이게 헬스장이나 도서관 뭐 어린이집 이런 게 입주된다는 얘기만 있고 아직은 인프라가 갖춰지진 못한 거 같아. 그래서 헬스장도 아마 생긴다곤 하는데 어 언제 생길진 잘 모르겠고. 그 아파트 단지 내에 도서관은 지금도 운영하고 있고. 그거 말고도 뭔가 주민들 휴식 공간이라고 하면서 건물이 몇 개 있더라고. 거기서 막 좀 차 같은 거 마시고 막 떠들면서 있는 아줌마들도 있고. 그 빈백 빈백도 있잖아. 그런 것도 아파트 단지 내에 몇 개 깔아둔 거야. 그래 가지고 거기서 좀 누워서 막 떠드는 사람들도 보고 이런 시설이 좀 있었어.,0.014965986394557823,0.02857142857142857,0.013605442176870748,0.0013605442176870747,0.005442176870748299,0.0027210884353741495,0.0027210884353741495,0.02312925170068027,0.0326530612244898,0.02040816326530612,0.004081632653061225,0.0163265306122449,0.0013605442176870747,0.005442176870748299,0.013605442176870748,0.0027210884353741495,0.004081632653061225,0.004081632653061225,0.024489795918367346,0.021768707482993196,0.0013605442176870747,0.0013605442176870747,0.005442176870748299,0.006802721088435374,0.0013605442176870747,0.004081632653061225,0.02040816326530612,0.0013605442176870747,0.0013605442176870747,0.009523809523809525,0.04353741496598639,0.0013605442176870747,0.005442176870748299,0.0013605442176870747,0.010884353741496598,0.005442176870748299,0.0013605442176870747,0.0027210884353741495,0.012244897959183673,0.0013605442176870747,0.0013605442176870747,0.006802721088435374,0.004081632653061225,0.0027210884353741495,0.027210884353741496,0.009523809523809525,0.010884353741496598,0.0013605442176870747,0.006802721088435374,0.024489795918367346,0.010884353741496598,0.0013605442176870747,0.006802721088435374,0.0027210884353741495,0.0013605442176870747,0.005442176870748299,0.0013605442176870747,0.0013605442176870747,0.0013605442176870747,0.006802721088435374,0.0013605442176870747,0.0027210884353741495,0.0013605442176870747,0.0027210884353741495,0.013605442176870748,0.0013605442176870747,0.006802721088435374,0.0013605442176870747,0.02857142857142857,0.0027210884353741495,0.0027210884353741495,0.0027210884353741495,0.005442176870748299,0.0013605442176870747,0.00816326530612245,0.004081632653061225,0.00816326530612245,0.0013605442176870747,0.005442176870748299,0.0027210884353741495,0.0013605442176870747,0.0013605442176870747,0.0027210884353741495,0.0013605442176870747,0.0013605442176870747,0.0013605442176870747,0.005442176870748299,0.0013605442176870747,0.005442176870748299,0.0027210884353741495,0.0013605442176870747,0.0027210884353741495,0.0027210884353741495,0.005442176870748299,0.004081632653061225,0.0013605442176870747,0.0027210884353741495,0.0013605442176870747,0.0013605442176870747,0.0013605442176870747,0.005442176870748299,0.004081632653061225,0.0013605442176870747,0.0013605442176870747,0.0013605442176870747,0.0027210884353741495,0.009523809523809525,0.014965986394557823,0.0013605442176870747,0.0013605442176870747,0.0013605442176870747,0.0027210884353741495,0.0013605442176870747,0.004081632653061225,0.0013605442176870747,0.004081632653061225,0.0013605442176870747,0.0013605442176870747,0.0027210884353741495,0.0027210884353741495,0.0027210884353741495,0.0013605442176870747,0.0013605442176870747,0.0027210884353741495,0.0027210884353741495,0.0013605442176870747,0.0027210884353741495,0.0013605442176870747,0.0027210884353741495,0.0013605442176870747,0.0013605442176870747,0.0013605442176870747,0.0013605442176870747,0.0013605442176870747,0.0013605442176870747,0.0013605442176870747,0.005442176870748299,0.004081632653061225,0.0013605442176870747,0.0013605442176870747,0.0027210884353741495,0.0027210884353741495,0.0013605442176870747,0.0013605442176870747,0.0013605442176870747,0.004081632653061225,0.0013605442176870747,0.0013605442176870747,0.004081632653061225,0.0013605442176870747,0.0027210884353741495,0.005442176870748299,0.0027210884353741495,0.004081632653061225,0.0013605442176870747,0.005442176870748299,0.0027210884353741495,0.0013605442176870747,0.0013605442176870747,0.0013605442176870747,0.0013605442176870747,0.0027210884353741495,0.0013605442176870747,0.0013605442176870747,0.0013605442176870747,0.0013605442176870747,0.0013605442176870747,0.0027210884353741495,0.0027210884353741495,0.0013605442176870747,0.0013605442176870747,0.0013605442176870747,0.0013605442176870747,0.0013605442176870747,0.0013605442176870747,0.0013605442176870747,0.0013605442176870747,0.0013605442176870747,0.0013605442176870747,0.0013605442176870747,0.0027210884353741495,0.0013605442176870747,0.0027210884353741495,0.0013605442176870747,0.0013605442176870747,0.005442176870748299,0.005442176870748299,0.005442176870748299,0.0013605442176870747,0.0013605442176870747,0.0013605442176870747,0.0013605442176870747,0.0013605442176870747,0.0013605442176870747,0.0013605442176870747,0.0027210884353741495,0.0013605442176870747,0.0013605442176870747,0.0013605442176870747,0.0013605442176870747,0.0027210884353741495,0.0013605442176870747,0.0013605442176870747,0.0013605442176870747,0.004081632653061225,0.0013605442176870747,0.0013605442176870747,0.0013605442176870747,0.0013605442176870747,0.0027210884353741495,0.0013605442176870747,0.0013605442176870747,0.0013605442176870747,0.005442176870748299,0.0027210884353741495,0.0013605442176870747,0.0013605442176870747,0.0027210884353741495,0.0013605442176870747,0.0013605442176870747,0.0013605442176870747,0.0013605442176870747,0.0013605442176870747,0.0013605442176870747,0.0013605442176870747,0.0013605442176870747,0.0013605442176870747,0.0013605442176870747,0.0027210884353741495,0.0027210884353741495,0.0013605442176870747,0.0013605442176870747,0.0013605442176870747,0.0013605442176870747,0.0013605442176870747,0.0013605442176870747,0.0013605442176870747,0.0013605442176870747,0.0027210884353741495,0.0013605442176870747,0.0013605442176870747,0.0013605442176870747,0.0013605442176870747,0.0013605442176870747,0.0013605442176870747,0.0013605442176870747,0.0013605442176870747,0.0013605442176870747,0.0013605442176870747,0.0013605442176870747,0.0027210884353741495,0.0013605442176870747,0.0013605442176870747,0.0013605442176870747,0.0013605442176870747,0.0013605442176870747,0.0013605442176870747,0.0013605442176870747,0.0,0.0,0.0,0.0,0.0,0.0,0.0,0.0,0.0,0.0,0.0,0.0,0.0,0.0,0.0,0.0,0.0,0.0,0.0,0.0,0.0,0.0,0.0,0.0,0.0,0.0,0.0,0.0,0.0,0.0,0.0,0.0,0.0,0.0,0.0,0.0,0.0,0.0,0.0,0.0,0.0,0.0,0.0,0.0,0.0,0.0,0.0,0.0,0.0,0.0,0.0,0.0,0.0,0.0,0.0,0.0,0.0,0.0,0.0,0.0,0.0,0.0,0.0,0.0,0.0,0.0,0.0,0.0,0.0,0.0,0.0,0.0,0.0,0.0,0.0,0.0,0.0,0.0,0.0,0.0,0.0,0.0,0.0,0.0,0.0,0.0,0.0,0.0,0.0,0.0,0.0,0.0,0.0,0.0,0.0,0.0,0.0,0.0,0.0,0.0,0.0,0.0,0.0,0.0,0.0,0.0,0.0,0.0,0.0,0.0,0.0,0.0,0.0,0.0,0.0,0.0,0.0,0.0,0.0,0.0,0.0,0.0,0.0,0.0,0.0,0.0,0.0,0.0,0.0,0.0,0.0,0.0,0.0,0.0,0.0,0.0,0.0,0.0,0.0,0.0,0.0,0.0,0.0,0.0,0.0,0.0,0.0,0.0,0.0,0.0,0.0,0.0,0.0,0.0,0.0,0.0,0.0,0.0,0.0,0.0,0.0,0.0,0.0,0.0,0.0,0.0,0.0,0.0,0.0,0.0,0.0,0.0,0.0,0.0,0.0,0.0,0.0,0.0,0.0,0.0,0.0,0.0,0.0,0.0,0.0,0.0,0.0,0.0,0.0,0.0,0.0,0.0,0.0,0.0,0.0,0.0,0.0,0.0,0.0,0.0,0.0,0.0,0.0,0.0,0.0,0.0,0.0,0.0,0.0,0.0,0.0,0.0,0.0,0.0,0.0,0.0,0.0,0.0,0.0,0.0,0.0,0.0,0.0,0.0,0.0,0.0,0.0,0.0,0.0,0.0,0.0,0.0,0.0,0.0,0.0,0.0,0.0,0.0,0.0,0.0,0.0,0.0,0.0,0.0,0.0,0.0,0.0,0.0,0.0,0.0,0.0,0.0,0.0,0.0,0.0,0.0,0.0,0.0,0.0,0.0,0.0,0.0,0.0,0.0,0.0,0.0,0.0,0.0,0.0,0.0,0.0,0.0,0.0,0.0,0.0,0.0,0.0,0.0,0.0,0.0,0.0,0.0,0.0,0.0,0.0,0.0,0.0,0.0,0.0,0.0,0.0,0.0,0.0,0.0,0.0,0.0,0.0,0.0,0.3491825093269146,0.0,0.0,0.0,0.0,0.0,0.0,0.0,0.0,0.0,0.0,0.0,0.0,0.0,0.0,0.0,0.0,0.0,0.0,0.0,0.0,0.0,0.0,0.0,0.0,0.0,0.0,0.0,0.0,0.0,0.0,0.0,0.0,0.0,0.0,0.5575394865694943,0.0,0.0,0.0,0.0,0.0,0.0,0.0,0.0,0.0,0.0,0.0,0.0,0.0,0.0,0.0,0.38672624063813016,0.0,0.0,0.0,0.0,0.0,0.0,0.0,0.0,0.0,0.0,0.0,0.0,0.0,0.0,0.0,0.0,0.0,0.0,0.0,0.0,0.0,0.0,0.0,0.0,0.0,0.0,0.0,0.0,0.0,0.0,0.0,0.0,0.0,0.0,0.0,0.0,0.0,0.0,0.0,0.0,0.0,0.0,0.0,0.0,0.0,0.0,0.0,0.0,0.0,0.0,0.0,0.0,0.0,0.0,0.0,0.0,0.0,0.0,0.0,0.0,0.0,0.0,0.0,0.0,0.0,0.0,0.0,0.0,0.0,0.0,0.0,0.0,0.0,0.0,0.0,0.0,0.0,0.0,0.0,0.0,0.0,0.0,0.0,0.0,0.0,0.0,0.0,0.0,0.0,0.0,0.0,0.0,0.0,0.0,0.0,0.0,0.0,0.0,0.0,0.0,0.0,0.0,0.0,0.0,0.0,0.0,0.0,0.0,0.0,0.0,0.0,0.0,0.0,0.0,0.0,0.0,0.0,0.0,0.0,0.0,0.0,0.0,0.0,0.0,0.0,0.0,0.0,0.0,0.0,0.0,0.0,0.0,0.0,0.0,0.0,0.0,0.0,0.0,0.0,0.0,0.0,0.0,0.0,0.0,0.0,0.0,0.0,0.0,0.0,0.0,0.0,0.0,0.0,0.0,0.0,0.0,0.0,0.0,0.0,0.0,0.0,0.0,0.0,0.0,0.0,0.0,0.0,0.0,0.0,0.0,0.0,0.0,0.0,0.0,0.0,0.0,0.0,0.0,0.0,0.0,0.0,0.0,0.0,0.0,0.0,0.0,0.0,0.0,0.0,0.0,0.0,0.0,0.0,0.0,0.0,0.0,0.0,0.0,0.0,0.0,0.0,0.0,0.0,0.0,0.0,0.0,0.0,0.0,0.0,0.0,0.0,0.0,0.0,0.0,0.0,0.0,0.0,0.0,0.0,0.0,0.0,0.0,0.0,0.0,0.0,0.0,0.0,0.0,0.0,0.0,0.0,0.0,0.0,0.0,0.0,0.0,0.0,0.0,0.0,0.0,0.0,0.0,0.0,0.0,0.0,0.0,0.0,0.0,0.0,0.0,0.0,0.0,0.0,0.0,0.0,0.0,0.0,0.0,0.0,0.0,0.0,0.0,0.0,0.0,0.0,0.0,0.0,0.0,0.0,0.0,0.0,0.0,0.0,0.0,0.0,0.0,0.0,0.0,0.0,0.0,0.0,0.0,0.0,0.0,0.0,0.0,0.0,0.0,0.0,0.0,0.0,0.0,0.0,0.0,0.0,0.0,0.0,0.0,0.0,0.0,0.0,0.0,0.0,0.0,0.0,0.0,0.0,0.0,0.0,0.0,0.0,0.0,0.0,0.0,0.0,0.0,0.0,0.0,0.0,0.0,0.0,0.0,0.0,0.0,0.0,0.0,0.0,0.0,0.0,0.0,0.0,0.0,0.0,0.0,0.0,0.0,0.0,0.0,0.0,0.0,0.0,0.0,0.0,0.0,0.0,0.0,0.0,0.0,0.0,0.0,0.0,0.0,0.0,0.0,0.0,0.0,0.0,0.0,0.0,0.0,0.0,0.0,0.0,0.0,0.0,0.0,0.0,0.0,0.0,0.32682385441351686,0.0,0.0,0.0,0.0,0.0,0.0,0.0,0.0,0.0,0.0,0.0,0.0,0.0,0.0,0.0,0.0,0.0,0.0,0.0,0.0,0.0,0.0,0.0,0.0,0.0,0.0,0.0,0.0,0.0,0.0,0.0,0.0,0.0,0.0,0.0,0.0,0.0,0.0,0.0,0.0,0.0,0.0,0.0,0.0,0.0,0.0,0.0,0.0,0.0,0.0,0.0,0.0,0.0,0.0,0.0,0.0,0.0,0.0,0.0,0.0,0.0,0.0,0.0,0.0,0.0,0.0,0.0,0.0,0.0,0.0,0.0,0.0,0.0,0.0,0.0,0.0,0.0,0.0,0.0,0.0,0.0,0.0,0.0,0.0,0.0,0.0,0.0,0.0,0.0,0.0,0.0,0.0,0.0,0.0,0.0,0.0,0.0,0.0,0.0,0.0,0.0,0.0,0.0,0.0,0.0,0.0,0.0,0.0,0.0,0.0,0.0,0.0,0.0,0.0,0.0,0.0,0.0,0.0,0.0,0.0,0.0,0.0,0.0,0.0,0.0,0.0,0.0,0.0,0.0,0.0,0.0,0.0,0.0,0.0,0.0,0.0,0.0,0.0,0.0,0.0,0.0,0.0,0.0,0.0,0.0,0.0,0.0,0.0,0.0,0.0,0.0,0.0,0.0,0.0,0.0,0.0,0.0,0.0,0.0,0.0,0.0,0.0,0.0,0.0,0.0,0.0,0.0,0.0,0.0,0.0,0.0,0.0,0.0,0.0,0.0,0.0,0.0,0.0,0.0,0.0,0.0,0.0,0.0,0.0,0.0,0.0,0.0,0.0,0.0,0.0,0.0,0.0,0.0,0.0,0.0,0.0,0.0,0.5575394865694943,0.0,0.0,0.0,0.0
SD2401267,20대,너희 집은 지금 오피스텔이잖아. 그 층간 소음 좀 있는 거 같아? 나 지금 7층 사는데 딱히 층간 소음은 없는 거 같은데 좀 그 아파트에 이상한 사람은 좀 있는 거 같더라. 왜냐하면은 우리가 집에 아무도 없는 상태였는데 갑자기 밑의 집에서 올라온다 아 그 밑의 집인가 어디서 막 신고가 들어왔다는 거야. 이 이 시간이 너무 시끄러웠었다고. 그래 가지고 그게 그게 꼭 밑의 집은 아니고 밑의 층은 아니었던 거 같은데 그런 사람이 좀 있어서 좀 뭐지 좀 조심해야겠다 이런 적은 있었어. 이런 적이 있어. 그리고 너는 지금 자취를 그 1곳에서만 했던 거야 이사 없이? 나도 지금 누나랑 같이 살라고 하면은 절대 못 살 거 같아. 누나랑 진짜 맞는 게 하나도 없단 말이야. 누나도 막 나도 새벽에 전화하면은 누나가 뭐라 하고. 어떨 때 누나가 새벽에 게임하면 또 나한테 이제 내가 이제 스트레스받고. 그래서 이제 만약에 내가 너처럼 그러니까 형제 같이 살라고 하면은 나는 못 살 거 같아. 그리고 그리고 그 이사를 좀 많이 다녔었는데 이사 다닐 때마다 이제 방이 있긴 한데 이게 크기가 이제 큰방 작은방이 있었단 말이야. 그래 가지고 누가 큰방 쓸 거냐 이런 거 때문에 또 엄청 싸운 적 싸웠었고 싸웠었던 거 같아. 그러면 본가도 그러면 지금 살던 데 쭉 계속 살고 있었던 거야 어릴 때부터? 나는 이제 어릴 때부터 정말 많이 다녔었는데 초등학교랑 중학교 때까지는 그래도 한동네 내에서 왔다 갔다 했던 거여서 좀 이제 이사하느라 좀 귀찮고 막 집 바뀌는 게 좀 불편 적응이 안 되 초반에 적응이 안 되는 게 있긴 했어도 이 친구들이랑 멀어진다 이런 거 없어서 괜찮았는데 중학교 3학년에서 이제 고등학교 때 한번 아예 학 그 학 우리 지금 다니는 학교 쪽으로 이사를 왔었단 말이야. 근데 그때 정말 좀 좋았던 친구들인데 완전 멀어지니까 그때 쪼끔 이제 스트레스를 받았었던 경험이 있고. 그래서 또 그래 가지고 이제 고등학교 1학년 때에서부터 2학년 때 또 이사를 가야 되는 상황이 된 거야. 근데 그래서 원래 다니던 고등학교 쪽으로 가려 했었는데 그러진 않고 이제 다시 원래 동네로 돌아갔었던 적이 있어. 나도 그런 전원주택에서 사는 꿈 같은 게 있었던 거 같아. 그 내가 직접 집을 만들고 아 설계해서 막 비밀 공간이나 아 이제 정말 큰 목욕탕이나 아니면 음 어떤 작업실 뭐 이런 걸 만들어 두고 싶다는 생각이 있었어. 만들고 싶다는. 그리 너 근데 지금 자취하고 있잖아. 그러면 그 가전제품 같은 거는 뭐 뭐 있어? 어 이러면 안 되는데. 나는 이제 본가에 살잖아. 어 집안일을 거의 다 안 하고 엄마가 하고 있어. 그러니까 설거지만 이제 내가 먹은 거 설거지하고 이제 그리고 옷 옷이나 분리수거 이런 거는 엄마 아빠가 거의 다 하는 거 같아. 그 자취하면서 이런 설거지나 분리수거 때문에 막 오빠랑 막 싸우거나 그러진 않아? 난 지금 너무 자취를 하고 싶어. 왜냐하면은 일단 난 이제 혼자가 편하단 말이야. 그래 가지고 이제 나만의 일상생활 패턴이 있는데 어쨌든 가족이랑 살면은 아무리 가족이라도 쪼금 지켜야 되는 게 있으니까 그런 게 이제 좀 나한테는 너무 좀 힘들고 내가 하고 싶은 것도 너무 제한이 되는 거 같아서 학교 근처에서 자취하고 싶다는 생각은 있는데 이게 자취도 어쨌든 돈이 많이 깨지니까 쉽사리 하진 못 하고 있고. 음 아마 군대 갔다 와서 자취를 할 수 있으면 하지 않을까 이런 생각이 있어. 음 너는 음 너희 집 인테리어는 혹시 어떻게 돼 있어? 음 우리 집은 이번에 새로 지은 아파트여 가지고 그냥 전체적으로 완전 깔끔한 느낌으로 지금 돼 있는데 이게 아파 이제 방 청소를 쪼끔만 안 해도 이제 옷가 방이 좀 좁아 가지고 옷도 막 의자 위에 올라가 있고 침대 위에 뭉쳐져 있고. 그래 가지고 인테리어는 깔끔한데 방 정리는 되게 안 돼 있는 거 같아. 그리고 또 새로 지은 아파트라 했잖아. 이게 요즘에 새로 지어서 그런가. 아파트가 되게 개성이 넘치더라고. 건물도 막 다 이 모습이 막 다르고. 막 저게 아파트 건물이야 이런 것도 있고. 그리고 처음에 이사 왔을 때 첫날인데 집을 못 찾겠는 거야. 왜냐하면은 보통 아파트 단지가 뭐 몇 호부터 몇 호 1에서 3 3에서 5 이렇게 순서대로 있는데 거기는 막 1에서 3이랑 17에서 19 이렇게 붙어 있고. 막 이상하게 다 붙어 있는 거야. 그래 가지고 처음 이사 갔을 때 그 아파트 단지 안에서 길 잃어 가지고 한 20분 30분 정도 헤맸던 기억이 있어. 너는 만약에 이제 앞으로 회사 다니고 할 거면은 하면은 혼자 살게 되면은 서울에서 계속 살고 싶어? 아니면은 대구? 이게 새로 지은 아파트여 가지고 이게 헬스장이나 도서관 뭐 어린이집 이런 게 입주된다는 얘기만 있고 아직은 인프라가 갖춰지진 못한 거 같아. 그래서 헬스장도 아마 생긴다곤 하는데 어 언제 생길진 잘 모르겠고. 그 아파트 단지 내에 도서관은 지금도 운영하고 있고. 그거 말고도 뭔가 주민들 휴식 공간이라고 하면서 건물이 몇 개 있더라고. 거기서 막 좀 차 같은 거 마시고 막 떠들면서 있는 아줌마들도 있고. 그 빈백 빈백도 있잖아. 그런 것도 아파트 단지 내에 몇 개 깔아둔 거야. 그래 가지고 거기서 좀 누워서 막 떠드는 사람들도 보고 이런 시설이 좀 있었어.,0.014965986394557823,0.02857142857142857,0.013605442176870748,0.0013605442176870747,0.005442176870748299,0.0027210884353741495,0.0027210884353741495,0.02312925170068027,0.0326530612244898,0.02040816326530612,0.004081632653061225,0.0163265306122449,0.0013605442176870747,0.005442176870748299,0.013605442176870748,0.0027210884353741495,0.004081632653061225,0.004081632653061225,0.024489795918367346,0.021768707482993196,0.0013605442176870747,0.0013605442176870747,0.005442176870748299,0.006802721088435374,0.0013605442176870747,0.004081632653061225,0.02040816326530612,0.0013605442176870747,0.0013605442176870747,0.009523809523809525,0.04353741496598639,0.0013605442176870747,0.005442176870748299,0.0013605442176870747,0.010884353741496598,0.005442176870748299,0.0013605442176870747,0.0027210884353741495,0.012244897959183673,0.0013605442176870747,0.0013605442176870747,0.006802721088435374,0.004081632653061225,0.0027210884353741495,0.027210884353741496,0.009523809523809525,0.010884353741496598,0.0013605442176870747,0.006802721088435374,0.024489795918367346,0.010884353741496598,0.0013605442176870747,0.006802721088435374,0.0027210884353741495,0.0013605442176870747,0.005442176870748299,0.0013605442176870747,0.0013605442176870747,0.0013605442176870747,0.006802721088435374,0.0013605442176870747,0.0027210884353741495,0.0013605442176870747,0.0027210884353741495,0.013605442176870748,0.0013605442176870747,0.006802721088435374,0.0013605442176870747,0.02857142857142857,0.0027210884353741495,0.0027210884353741495,0.0027210884353741495,0.005442176870748299,0.0013605442176870747,0.00816326530612245,0.004081632653061225,0.00816326530612245,0.0013605442176870747,0.005442176870748299,0.0027210884353741495,0.0013605442176870747,0.0013605442176870747,0.0027210884353741495,0.0013605442176870747,0.0013605442176870747,0.0013605442176870747,0.005442176870748299,0.0013605442176870747,0.005442176870748299,0.0027210884353741495,0.0013605442176870747,0.0027210884353741495,0.0027210884353741495,0.005442176870748299,0.004081632653061225,0.0013605442176870747,0.0027210884353741495,0.0013605442176870747,0.0013605442176870747,0.0013605442176870747,0.005442176870748299,0.004081632653061225,0.0013605442176870747,0.0013605442176870747,0.0013605442176870747,0.0027210884353741495,0.009523809523809525,0.014965986394557823,0.0013605442176870747,0.0013605442176870747,0.0013605442176870747,0.0027210884353741495,0.0013605442176870747,0.004081632653061225,0.0013605442176870747,0.004081632653061225,0.0013605442176870747,0.0013605442176870747,0.0027210884353741495,0.0027210884353741495,0.0027210884353741495,0.0013605442176870747,0.0013605442176870747,0.0027210884353741495,0.0027210884353741495,0.0013605442176870747,0.0027210884353741495,0.0013605442176870747,0.0027210884353741495,0.0013605442176870747,0.0013605442176870747,0.0013605442176870747,0.0013605442176870747,0.0013605442176870747,0.0013605442176870747,0.0013605442176870747,0.005442176870748299,0.004081632653061225,0.0013605442176870747,0.0013605442176870747,0.0027210884353741495,0.0027210884353741495,0.0013605442176870747,0.0013605442176870747,0.0013605442176870747,0.004081632653061225,0.0013605442176870747,0.0013605442176870747,0.004081632653061225,0.0013605442176870747,0.0027210884353741495,0.005442176870748299,0.0027210884353741495,0.004081632653061225,0.0013605442176870747,0.005442176870748299,0.0027210884353741495,0.0013605442176870747,0.0013605442176870747,0.0013605442176870747,0.0013605442176870747,0.0027210884353741495,0.0013605442176870747,0.0013605442176870747,0.0013605442176870747,0.0013605442176870747,0.0013605442176870747,0.0027210884353741495,0.0027210884353741495,0.0013605442176870747,0.0013605442176870747,0.0013605442176870747,0.0013605442176870747,0.0013605442176870747,0.0013605442176870747,0.0013605442176870747,0.0013605442176870747,0.0013605442176870747,0.0013605442176870747,0.0013605442176870747,0.0027210884353741495,0.0013605442176870747,0.0027210884353741495,0.0013605442176870747,0.0013605442176870747,0.005442176870748299,0.005442176870748299,0.005442176870748299,0.0013605442176870747,0.0013605442176870747,0.0013605442176870747,0.0013605442176870747,0.0013605442176870747,0.0013605442176870747,0.0013605442176870747,0.0027210884353741495,0.0013605442176870747,0.0013605442176870747,0.0013605442176870747,0.0013605442176870747,0.0027210884353741495,0.0013605442176870747,0.0013605442176870747,0.0013605442176870747,0.004081632653061225,0.0013605442176870747,0.0013605442176870747,0.0013605442176870747,0.0013605442176870747,0.0027210884353741495,0.0013605442176870747,0.0013605442176870747,0.0013605442176870747,0.005442176870748299,0.0027210884353741495,0.0013605442176870747,0.0013605442176870747,0.0027210884353741495,0.0013605442176870747,0.0013605442176870747,0.0013605442176870747,0.0013605442176870747,0.0013605442176870747,0.0013605442176870747,0.0013605442176870747,0.0013605442176870747,0.0013605442176870747,0.0013605442176870747,0.0027210884353741495,0.0027210884353741495,0.0013605442176870747,0.0013605442176870747,0.0013605442176870747,0.0013605442176870747,0.0013605442176870747,0.0013605442176870747,0.0013605442176870747,0.0013605442176870747,0.0027210884353741495,0.0013605442176870747,0.0013605442176870747,0.0013605442176870747,0.0013605442176870747,0.0013605442176870747,0.0013605442176870747,0.0013605442176870747,0.0013605442176870747,0.0013605442176870747,0.0013605442176870747,0.0013605442176870747,0.0027210884353741495,0.0013605442176870747,0.0013605442176870747,0.0013605442176870747,0.0013605442176870747,0.0013605442176870747,0.0013605442176870747,0.0013605442176870747,0.0,0.0,0.0,0.0,0.0,0.0,0.0,0.0,0.0,0.0,0.0,0.0,0.0,0.0,0.0,0.0,0.0,0.0,0.0,0.0,0.0,0.0,0.0,0.0,0.0,0.0,0.0,0.0,0.0,0.0,0.0,0.0,0.0,0.0,0.0,0.0,0.0,0.0,0.0,0.0,0.0,0.0,0.0,0.0,0.0,0.0,0.0,0.0,0.0,0.0,0.0,0.0,0.0,0.0,0.0,0.0,0.0,0.0,0.0,0.0,0.0,0.0,0.0,0.0,0.0,0.0,0.0,0.0,0.0,0.0,0.0,0.0,0.0,0.0,0.0,0.0,0.0,0.0,0.0,0.0,0.0,0.0,0.0,0.0,0.0,0.0,0.0,0.0,0.0,0.0,0.0,0.0,0.0,0.0,0.0,0.0,0.0,0.0,0.0,0.0,0.0,0.0,0.0,0.0,0.0,0.0,0.0,0.0,0.0,0.0,0.0,0.0,0.0,0.0,0.0,0.0,0.0,0.0,0.0,0.0,0.0,0.0,0.0,0.0,0.0,0.0,0.0,0.0,0.0,0.0,0.0,0.0,0.0,0.0,0.0,0.0,0.0,0.0,0.0,0.0,0.0,0.0,0.0,0.0,0.0,0.0,0.0,0.0,0.0,0.0,0.0,0.0,0.0,0.0,0.0,0.0,0.0,0.0,0.0,0.0,0.0,0.0,0.0,0.0,0.0,0.0,0.0,0.0,0.0,0.0,0.0,0.0,0.0,0.0,0.0,0.0,0.0,0.0,0.0,0.0,0.0,0.0,0.0,0.0,0.0,0.0,0.0,0.0,0.0,0.0,0.0,0.0,0.0,0.0,0.0,0.0,0.0,0.0,0.0,0.0,0.0,0.0,0.0,0.0,0.0,0.0,0.0,0.0,0.0,0.0,0.0,0.0,0.0,0.0,0.0,0.0,0.0,0.0,0.0,0.0,0.0,0.0,0.0,0.0,0.0,0.0,0.0,0.0,0.0,0.0,0.0,0.0,0.0,0.0,0.4130738519637059,0.0,0.0,0.0,0.0,0.0,0.0,0.0,0.0,0.0,0.0,0.0,0.0,0.0,0.0,0.0,0.0,0.0,0.0,0.0,0.0,0.33151748735829695,0.0,0.0,0.0,0.0,0.0,0.0,0.0,0.0,0.0,0.0,0.0,0.0,0.0,0.0,0.0,0.0,0.0,0.0,0.0,0.0,0.0,0.0,0.0,0.0,0.0,0.0,0.0,0.0,0.0,0.0,0.0,0.0,0.0,0.0,0.0,0.0,0.0,0.0,0.0,0.0,0.0,0.0,0.0,0.0,0.0,0.0,0.0,0.0,0.0,0.0,0.0,0.0,0.0,0.0,0.0,0.0,0.0,0.0,0.0,0.0,0.0,0.0,0.0,0.0,0.0,0.0,0.0,0.0,0.0,0.0,0.0,0.0,0.0,0.0,0.0,0.0,0.0,0.0,0.0,0.293595937370765,0.0,0.0,0.0,0.0,0.0,0.0,0.0,0.0,0.0,0.0,0.0,0.0,0.0,0.28652050971088294,0.0,0.0,0.0,0.0,0.0,0.0,0.0,0.0,0.0,0.0,0.0,0.0,0.0,0.0,0.0,0.0,0.0,0.0,0.0,0.0,0.0,0.0,0.0,0.0,0.0,0.0,0.0,0.0,0.0,0.0,0.0,0.0,0.0,0.0,0.0,0.0,0.0,0.0,0.0,0.0,0.0,0.0,0.0,0.0,0.0,0.0,0.0,0.0,0.0,0.0,0.0,0.0,0.0,0.34505227439343955,0.0,0.0,0.0,0.0,0.0,0.0,0.0,0.0,0.0,0.0,0.0,0.0,0.0,0.0,0.0,0.0,0.0,0.0,0.0,0.0,0.0,0.0,0.0,0.0,0.0,0.0,0.0,0.0,0.0,0.0,0.0,0.0,0.0,0.0,0.0,0.0,0.0,0.0,0.0,0.0,0.0,0.0,0.0,0.0,0.0,0.0,0.0,0.0,0.0,0.0,0.0,0.0,0.0,0.0,0.0,0.0,0.0,0.0,0.0,0.0,0.0,0.0,0.0,0.0,0.0,0.0,0.0,0.0,0.0,0.0,0.0,0.0,0.0,0.0,0.0,0.0,0.0,0.0,0.0,0.0,0.0,0.0,0.0,0.0,0.0,0.0,0.0,0.0,0.0,0.0,0.0,0.0,0.0,0.0,0.0,0.0,0.0,0.0,0.0,0.0,0.0,0.0,0.0,0.0,0.0,0.0,0.0,0.0,0.0,0.0,0.0,0.0,0.0,0.0,0.0,0.0,0.0,0.0,0.0,0.0,0.0,0.0,0.0,0.0,0.0,0.0,0.0,0.0,0.0,0.0,0.0,0.0,0.0,0.0,0.0,0.0,0.0,0.0,0.0,0.0,0.0,0.0,0.0,0.0,0.0,0.0,0.0,0.0,0.0,0.0,0.0,0.0,0.0,0.0,0.0,0.0,0.0,0.0,0.0,0.0,0.0,0.0,0.0,0.0,0.0,0.0,0.0,0.0,0.0,0.0,0.0,0.0,0.0,0.0,0.0,0.0,0.0,0.0,0.0,0.0,0.0,0.0,0.0,0.0,0.0,0.0,0.0,0.0,0.0,0.4130738519637059,0.0,0.0,0.0,0.0,0.0,0.0,0.0,0.0,0.0,0.0,0.0,0.0,0.0,0.0,0.0,0.0,0.0,0.0,0.0,0.0,0.0,0.0,0.0,0.0,0.0,0.0,0.0,0.0,0.0,0.0,0.0,0.0,0.0,0.0,0.0,0.0,0.0,0.0,0.0,0.0,0.0,0.0,0.0,0.0,0.0,0.0,0.0,0.0,0.0,0.0,0.0,0.0,0.0,0.0,0.0,0.0,0.0,0.0,0.0,0.0,0.0,0.0,0.0,0.0,0.0,0.0,0.0,0.0,0.0,0.0,0.0,0.0,0.0,0.0,0.0,0.0,0.0,0.0,0.0,0.0,0.0,0.0,0.0,0.0,0.0,0.0,0.0,0.0,0.0,0.0,0.0,0.0,0.0,0.0,0.0,0.0,0.0,0.0,0.0,0.0,0.0,0.0,0.0,0.0,0.0,0.0,0.0,0.0,0.0,0.0,0.0,0.0,0.0,0.0,0.0,0.0,0.0,0.0,0.0,0.0,0.0,0.0,0.0,0.0,0.0,0.0,0.0,0.0,0.0,0.0,0.0,0.0,0.0,0.0,0.0,0.0,0.0,0.0,0.0,0.0,0.0,0.0,0.0,0.0,0.0,0.0,0.0,0.0,0.0,0.0,0.0,0.0,0.0,0.0,0.0,0.0,0.0,0.0,0.0,0.0,0.0,0.0,0.0,0.0,0.0,0.0,0.0,0.0,0.0,0.0,0.0,0.0,0.0,0.0,0.0,0.0,0.0,0.0,0.0,0.0,0.0,0.0,0.0,0.0,0.0,0.0,0.0,0.0,0.0,0.0,0.0,0.4130738519637059,0.0,0.0,0.0,0.0,0.0,0.0,0.0,0.0,0.0,0.0,0.0,0.0,0.0,0.0,0.0,0.0,0.0,0.0,0.0,0.0,0.0,0.0,0.0,0.0,0.0,0.0,0.0,0.0,0.0,0.0,0.0,0.0,0.0,0.0,0.0,0.0,0.0,0.0,0.0,0.0,0.0,0.0,0.0,0.0,0.0,0.0,0.0,0.0,0.0,0.0,0.0,0.0,0.0,0.0,0.0,0.0,0.0,0.0,0.0,0.0,0.0,0.0,0.0,0.0,0.0,0.0,0.0,0.0,0.0,0.0,0.0,0.0,0.0,0.0,0.0,0.0,0.0,0.0,0.0,0.0,0.0,0.3014174597755625,0.0,0.0,0.0,0.0,0.0,0.0,0.0,0.0,0.0,0.0,0.0,0.0,0.0,0.0,0.0,0.0,0.0,0.0,0.0,0.0,0.0,0.0,0.0,0.0,0.0,0.0,0.0,0.0,0.0,0.0,0.0,0.0,0.0,0.0,0.0,0.0,0.0,0.0,0.0,0.0,0.0,0.0,0.0,0.0,0.0,0.0,0.0,0.0,0.0,0.0,0.0,0.0,0.0,0.0
SD2401267,20대,너희 집은 지금 오피스텔이잖아. 그 층간 소음 좀 있는 거 같아? 나 지금 7층 사는데 딱히 층간 소음은 없는 거 같은데 좀 그 아파트에 이상한 사람은 좀 있는 거 같더라. 왜냐하면은 우리가 집에 아무도 없는 상태였는데 갑자기 밑의 집에서 올라온다 아 그 밑의 집인가 어디서 막 신고가 들어왔다는 거야. 이 이 시간이 너무 시끄러웠었다고. 그래 가지고 그게 그게 꼭 밑의 집은 아니고 밑의 층은 아니었던 거 같은데 그런 사람이 좀 있어서 좀 뭐지 좀 조심해야겠다 이런 적은 있었어. 이런 적이 있어. 그리고 너는 지금 자취를 그 1곳에서만 했던 거야 이사 없이? 나도 지금 누나랑 같이 살라고 하면은 절대 못 살 거 같아. 누나랑 진짜 맞는 게 하나도 없단 말이야. 누나도 막 나도 새벽에 전화하면은 누나가 뭐라 하고. 어떨 때 누나가 새벽에 게임하면 또 나한테 이제 내가 이제 스트레스받고. 그래서 이제 만약에 내가 너처럼 그러니까 형제 같이 살라고 하면은 나는 못 살 거 같아. 그리고 그리고 그 이사를 좀 많이 다녔었는데 이사 다닐 때마다 이제 방이 있긴 한데 이게 크기가 이제 큰방 작은방이 있었단 말이야. 그래 가지고 누가 큰방 쓸 거냐 이런 거 때문에 또 엄청 싸운 적 싸웠었고 싸웠었던 거 같아. 그러면 본가도 그러면 지금 살던 데 쭉 계속 살고 있었던 거야 어릴 때부터? 나는 이제 어릴 때부터 정말 많이 다녔었는데 초등학교랑 중학교 때까지는 그래도 한동네 내에서 왔다 갔다 했던 거여서 좀 이제 이사하느라 좀 귀찮고 막 집 바뀌는 게 좀 불편 적응이 안 되 초반에 적응이 안 되는 게 있긴 했어도 이 친구들이랑 멀어진다 이런 거 없어서 괜찮았는데 중학교 3학년에서 이제 고등학교 때 한번 아예 학 그 학 우리 지금 다니는 학교 쪽으로 이사를 왔었단 말이야. 근데 그때 정말 좀 좋았던 친구들인데 완전 멀어지니까 그때 쪼끔 이제 스트레스를 받았었던 경험이 있고. 그래서 또 그래 가지고 이제 고등학교 1학년 때에서부터 2학년 때 또 이사를 가야 되는 상황이 된 거야. 근데 그래서 원래 다니던 고등학교 쪽으로 가려 했었는데 그러진 않고 이제 다시 원래 동네로 돌아갔었던 적이 있어. 나도 그런 전원주택에서 사는 꿈 같은 게 있었던 거 같아. 그 내가 직접 집을 만들고 아 설계해서 막 비밀 공간이나 아 이제 정말 큰 목욕탕이나 아니면 음 어떤 작업실 뭐 이런 걸 만들어 두고 싶다는 생각이 있었어. 만들고 싶다는. 그리 너 근데 지금 자취하고 있잖아. 그러면 그 가전제품 같은 거는 뭐 뭐 있어? 어 이러면 안 되는데. 나는 이제 본가에 살잖아. 어 집안일을 거의 다 안 하고 엄마가 하고 있어. 그러니까 설거지만 이제 내가 먹은 거 설거지하고 이제 그리고 옷 옷이나 분리수거 이런 거는 엄마 아빠가 거의 다 하는 거 같아. 그 자취하면서 이런 설거지나 분리수거 때문에 막 오빠랑 막 싸우거나 그러진 않아? 난 지금 너무 자취를 하고 싶어. 왜냐하면은 일단 난 이제 혼자가 편하단 말이야. 그래 가지고 이제 나만의 일상생활 패턴이 있는데 어쨌든 가족이랑 살면은 아무리 가족이라도 쪼금 지켜야 되는 게 있으니까 그런 게 이제 좀 나한테는 너무 좀 힘들고 내가 하고 싶은 것도 너무 제한이 되는 거 같아서 학교 근처에서 자취하고 싶다는 생각은 있는데 이게 자취도 어쨌든 돈이 많이 깨지니까 쉽사리 하진 못 하고 있고. 음 아마 군대 갔다 와서 자취를 할 수 있으면 하지 않을까 이런 생각이 있어. 음 너는 음 너희 집 인테리어는 혹시 어떻게 돼 있어? 음 우리 집은 이번에 새로 지은 아파트여 가지고 그냥 전체적으로 완전 깔끔한 느낌으로 지금 돼 있는데 이게 아파 이제 방 청소를 쪼끔만 안 해도 이제 옷가 방이 좀 좁아 가지고 옷도 막 의자 위에 올라가 있고 침대 위에 뭉쳐져 있고. 그래 가지고 인테리어는 깔끔한데 방 정리는 되게 안 돼 있는 거 같아. 그리고 또 새로 지은 아파트라 했잖아. 이게 요즘에 새로 지어서 그런가. 아파트가 되게 개성이 넘치더라고. 건물도 막 다 이 모습이 막 다르고. 막 저게 아파트 건물이야 이런 것도 있고. 그리고 처음에 이사 왔을 때 첫날인데 집을 못 찾겠는 거야. 왜냐하면은 보통 아파트 단지가 뭐 몇 호부터 몇 호 1에서 3 3에서 5 이렇게 순서대로 있는데 거기는 막 1에서 3이랑 17에서 19 이렇게 붙어 있고. 막 이상하게 다 붙어 있는 거야. 그래 가지고 처음 이사 갔을 때 그 아파트 단지 안에서 길 잃어 가지고 한 20분 30분 정도 헤맸던 기억이 있어. 너는 만약에 이제 앞으로 회사 다니고 할 거면은 하면은 혼자 살게 되면은 서울에서 계속 살고 싶어? 아니면은 대구? 이게 새로 지은 아파트여 가지고 이게 헬스장이나 도서관 뭐 어린이집 이런 게 입주된다는 얘기만 있고 아직은 인프라가 갖춰지진 못한 거 같아. 그래서 헬스장도 아마 생긴다곤 하는데 어 언제 생길진 잘 모르겠고. 그 아파트 단지 내에 도서관은 지금도 운영하고 있고. 그거 말고도 뭔가 주민들 휴식 공간이라고 하면서 건물이 몇 개 있더라고. 거기서 막 좀 차 같은 거 마시고 막 떠들면서 있는 아줌마들도 있고. 그 빈백 빈백도 있잖아. 그런 것도 아파트 단지 내에 몇 개 깔아둔 거야. 그래 가지고 거기서 좀 누워서 막 떠드는 사람들도 보고 이런 시설이 좀 있었어.,0.014965986394557823,0.02857142857142857,0.013605442176870748,0.0013605442176870747,0.005442176870748299,0.0027210884353741495,0.0027210884353741495,0.02312925170068027,0.0326530612244898,0.02040816326530612,0.004081632653061225,0.0163265306122449,0.0013605442176870747,0.005442176870748299,0.013605442176870748,0.0027210884353741495,0.004081632653061225,0.004081632653061225,0.024489795918367346,0.021768707482993196,0.0013605442176870747,0.0013605442176870747,0.005442176870748299,0.006802721088435374,0.0013605442176870747,0.004081632653061225,0.02040816326530612,0.0013605442176870747,0.0013605442176870747,0.009523809523809525,0.04353741496598639,0.0013605442176870747,0.005442176870748299,0.0013605442176870747,0.010884353741496598,0.005442176870748299,0.0013605442176870747,0.0027210884353741495,0.012244897959183673,0.0013605442176870747,0.0013605442176870747,0.006802721088435374,0.004081632653061225,0.0027210884353741495,0.027210884353741496,0.009523809523809525,0.010884353741496598,0.0013605442176870747,0.006802721088435374,0.024489795918367346,0.010884353741496598,0.0013605442176870747,0.006802721088435374,0.0027210884353741495,0.0013605442176870747,0.005442176870748299,0.0013605442176870747,0.0013605442176870747,0.0013605442176870747,0.006802721088435374,0.0013605442176870747,0.0027210884353741495,0.0013605442176870747,0.0027210884353741495,0.013605442176870748,0.0013605442176870747,0.006802721088435374,0.0013605442176870747,0.02857142857142857,0.0027210884353741495,0.0027210884353741495,0.0027210884353741495,0.005442176870748299,0.0013605442176870747,0.00816326530612245,0.004081632653061225,0.00816326530612245,0.0013605442176870747,0.005442176870748299,0.0027210884353741495,0.0013605442176870747,0.0013605442176870747,0.0027210884353741495,0.0013605442176870747,0.0013605442176870747,0.0013605442176870747,0.005442176870748299,0.0013605442176870747,0.005442176870748299,0.0027210884353741495,0.0013605442176870747,0.0027210884353741495,0.0027210884353741495,0.005442176870748299,0.004081632653061225,0.0013605442176870747,0.0027210884353741495,0.0013605442176870747,0.0013605442176870747,0.0013605442176870747,0.005442176870748299,0.004081632653061225,0.0013605442176870747,0.0013605442176870747,0.0013605442176870747,0.0027210884353741495,0.009523809523809525,0.014965986394557823,0.0013605442176870747,0.0013605442176870747,0.0013605442176870747,0.0027210884353741495,0.0013605442176870747,0.004081632653061225,0.0013605442176870747,0.004081632653061225,0.0013605442176870747,0.0013605442176870747,0.0027210884353741495,0.0027210884353741495,0.0027210884353741495,0.0013605442176870747,0.0013605442176870747,0.0027210884353741495,0.0027210884353741495,0.0013605442176870747,0.0027210884353741495,0.0013605442176870747,0.0027210884353741495,0.0013605442176870747,0.0013605442176870747,0.0013605442176870747,0.0013605442176870747,0.0013605442176870747,0.0013605442176870747,0.0013605442176870747,0.005442176870748299,0.004081632653061225,0.0013605442176870747,0.0013605442176870747,0.0027210884353741495,0.0027210884353741495,0.0013605442176870747,0.0013605442176870747,0.0013605442176870747,0.004081632653061225,0.0013605442176870747,0.0013605442176870747,0.004081632653061225,0.0013605442176870747,0.0027210884353741495,0.005442176870748299,0.0027210884353741495,0.004081632653061225,0.0013605442176870747,0.005442176870748299,0.0027210884353741495,0.0013605442176870747,0.0013605442176870747,0.0013605442176870747,0.0013605442176870747,0.0027210884353741495,0.0013605442176870747,0.0013605442176870747,0.0013605442176870747,0.0013605442176870747,0.0013605442176870747,0.0027210884353741495,0.0027210884353741495,0.0013605442176870747,0.0013605442176870747,0.0013605442176870747,0.0013605442176870747,0.0013605442176870747,0.0013605442176870747,0.0013605442176870747,0.0013605442176870747,0.0013605442176870747,0.0013605442176870747,0.0013605442176870747,0.0027210884353741495,0.0013605442176870747,0.0027210884353741495,0.0013605442176870747,0.0013605442176870747,0.005442176870748299,0.005442176870748299,0.005442176870748299,0.0013605442176870747,0.0013605442176870747,0.0013605442176870747,0.0013605442176870747,0.0013605442176870747,0.0013605442176870747,0.0013605442176870747,0.0027210884353741495,0.0013605442176870747,0.0013605442176870747,0.0013605442176870747,0.0013605442176870747,0.0027210884353741495,0.0013605442176870747,0.0013605442176870747,0.0013605442176870747,0.004081632653061225,0.0013605442176870747,0.0013605442176870747,0.0013605442176870747,0.0013605442176870747,0.0027210884353741495,0.0013605442176870747,0.0013605442176870747,0.0013605442176870747,0.005442176870748299,0.0027210884353741495,0.0013605442176870747,0.0013605442176870747,0.0027210884353741495,0.0013605442176870747,0.0013605442176870747,0.0013605442176870747,0.0013605442176870747,0.0013605442176870747,0.0013605442176870747,0.0013605442176870747,0.0013605442176870747,0.0013605442176870747,0.0013605442176870747,0.0027210884353741495,0.0027210884353741495,0.0013605442176870747,0.0013605442176870747,0.0013605442176870747,0.0013605442176870747,0.0013605442176870747,0.0013605442176870747,0.0013605442176870747,0.0013605442176870747,0.0027210884353741495,0.0013605442176870747,0.0013605442176870747,0.0013605442176870747,0.0013605442176870747,0.0013605442176870747,0.0013605442176870747,0.0013605442176870747,0.0013605442176870747,0.0013605442176870747,0.0013605442176870747,0.0013605442176870747,0.0027210884353741495,0.0013605442176870747,0.0013605442176870747,0.0013605442176870747,0.0013605442176870747,0.0013605442176870747,0.0013605442176870747,0.0013605442176870747,0.0,0.0,0.0,0.0,0.0,0.0,0.0,0.0,0.0,0.0,0.0,0.0,0.0,0.0,0.0,0.0,0.0,0.0,0.0,0.0,0.0,0.0,0.0,0.0,0.0,0.0,0.0,0.0,0.0,0.0,0.0,0.0,0.0,0.0,0.0,0.0,0.0,0.0,0.0,0.0,0.0,0.0,0.0,0.0,0.0,0.0,0.0,0.0,0.0,0.0,0.0,0.0,0.0,0.0,0.0,0.0,0.0,0.0,0.0,0.0,0.0,0.0,0.0,0.0,0.0,0.0,0.0,0.0,0.0,0.0,0.0,0.0,0.0,0.0,0.0,0.0,0.0,0.0,0.0,0.0,0.0,0.0,0.0,0.0,0.0,0.0,0.0,0.0,0.0,0.0,0.0,0.0,0.0,0.0,0.0,0.0,0.0,0.0,0.0,0.0,0.0,0.0,0.0,0.0,0.0,0.0,0.0,0.0,0.0,0.0,0.0,0.0,0.0,0.0,0.0,0.0,0.0,0.0,0.0,0.0,0.0,0.0,0.0,0.0,0.0,0.0,0.0,0.0,0.0,0.0,0.0,0.0,0.0,0.0,0.0,0.0,0.0,0.0,0.0,0.0,0.0,0.0,0.0,0.0,0.0,0.0,0.0,0.0,0.0,0.0,0.0,0.0,0.0,0.0,0.0,0.0,0.0,0.0,0.0,0.0,0.0,0.0,0.0,0.0,0.0,0.0,0.0,0.0,0.0,0.0,0.0,0.0,0.0,0.0,0.0,0.0,0.0,0.0,0.0,0.0,0.0,0.0,0.0,0.0,0.0,0.0,0.0,0.0,0.0,0.0,0.0,0.0,0.0,0.0,0.0,0.0,0.0,0.0,0.0,0.0,0.0,0.0,0.0,0.0,0.0,0.0,0.0,0.0,0.0,0.0,0.0,0.0,0.0,0.0,0.0,0.0,0.0,0.0,0.0,0.0,0.0,0.0,0.0,0.0,0.0,0.0,0.0,0.0,0.0,0.0,0.0,0.0,0.0,0.0,0.0,0.0,0.0,0.0,0.0,0.0,0.0,0.0,0.0,0.0,0.0,0.0,0.0,0.0,0.0,0.0,0.0,0.0,0.0,0.0,0.0,0.0,0.0,0.0,0.0,0.0,0.0,0.0,0.0,0.0,0.0,0.0,0.0,0.0,0.0,0.0,0.0,0.0,0.0,0.0,0.0,0.0,0.0,0.0,0.0,0.0,0.0,0.0,0.0,0.0,0.0,0.0,0.0,0.0,0.0,0.0,0.0,0.0,0.0,0.0,0.0,0.0,0.0,0.0,0.0,0.0,0.0,0.0,0.0,0.0,0.0,0.0,0.0,0.0,0.0,0.0,0.0,0.4663884710136525,0.0,0.0,0.0,0.0,0.0,0.0,0.0,0.0,0.0,0.0,0.0,0.0,0.0,0.0,0.0,0.0,0.0,0.0,0.0,0.0,0.0,0.0,0.0,0.0,0.0,0.0,0.0,0.0,0.0,0.0,0.0,0.0,0.0,0.0,0.0,0.0,0.0,0.0,0.0,0.0,0.0,0.0,0.0,0.0,0.0,0.0,0.0,0.0,0.0,0.0,0.0,0.0,0.0,0.0,0.0,0.0,0.0,0.0,0.0,0.0,0.0,0.0,0.0,0.0,0.0,0.0,0.0,0.0,0.0,0.0,0.0,0.0,0.0,0.0,0.0,0.0,0.0,0.0,0.0,0.0,0.0,0.0,0.0,0.0,0.0,0.0,0.0,0.0,0.0,0.0,0.0,0.0,0.0,0.0,0.0,0.0,0.0,0.0,0.0,0.0,0.0,0.0,0.0,0.0,0.0,0.0,0.0,0.0,0.0,0.0,0.0,0.0,0.0,0.0,0.0,0.0,0.0,0.0,0.0,0.0,0.0,0.0,0.0,0.0,0.0,0.0,0.0,0.0,0.0,0.0,0.0,0.0,0.0,0.0,0.0,0.0,0.0,0.0,0.0,0.0,0.0,0.0,0.0,0.0,0.0,0.0,0.0,0.0,0.0,0.0,0.0,0.0,0.0,0.0,0.0,0.0,0.0,0.0,0.0,0.0,0.0,0.0,0.0,0.0,0.0,0.0,0.0,0.0,0.0,0.0,0.0,0.0,0.0,0.0,0.0,0.0,0.0,0.0,0.0,0.0,0.0,0.0,0.0,0.0,0.0,0.0,0.0,0.0,0.0,0.0,0.0,0.0,0.0,0.0,0.0,0.0,0.0,0.0,0.0,0.0,0.0,0.0,0.0,0.0,0.0,0.0,0.0,0.0,0.0,0.0,0.0,0.0,0.0,0.0,0.0,0.0,0.0,0.0,0.0,0.0,0.0,0.0,0.0,0.0,0.0,0.0,0.0,0.0,0.0,0.0,0.0,0.0,0.0,0.0,0.40829076709489415,0.0,0.0,0.0,0.0,0.0,0.0,0.0,0.0,0.0,0.0,0.0,0.0,0.0,0.0,0.0,0.0,0.0,0.0,0.0,0.0,0.0,0.0,0.0,0.0,0.0,0.0,0.0,0.0,0.0,0.0,0.0,0.0,0.0,0.0,0.0,0.0,0.0,0.0,0.0,0.3895874839549982,0.0,0.0,0.0,0.0,0.0,0.0,0.0,0.0,0.0,0.0,0.0,0.0,0.0,0.0,0.0,0.0,0.0,0.0,0.0,0.0,0.0,0.0,0.0,0.0,0.0,0.0,0.0,0.0,0.0,0.0,0.0,0.0,0.0,0.0,0.0,0.0,0.0,0.0,0.0,0.0,0.0,0.0,0.0,0.0,0.0,0.0,0.0,0.0,0.0,0.0,0.0,0.0,0.0,0.0,0.0,0.0,0.0,0.0,0.0,0.0,0.0,0.0,0.0,0.0,0.0,0.0,0.0,0.0,0.0,0.0,0.0,0.0,0.0,0.0,0.0,0.0,0.0,0.0,0.0,0.0,0.0,0.0,0.0,0.0,0.0,0.0,0.0,0.0,0.0,0.0,0.0,0.0,0.0,0.0,0.0,0.0,0.0,0.0,0.0,0.0,0.0,0.0,0.0,0.0,0.0,0.0,0.0,0.0,0.0,0.0,0.0,0.0,0.0,0.0,0.0,0.0,0.0,0.0,0.0,0.0,0.0,0.0,0.0,0.0,0.0,0.0,0.0,0.0,0.0,0.0,0.0,0.0,0.0,0.0,0.0,0.0,0.0,0.0,0.0,0.0,0.0,0.0,0.0,0.0,0.0,0.0,0.0,0.0,0.36138529987583917,0.0,0.0,0.0,0.0,0.0,0.0,0.0,0.0,0.0,0.0,0.0,0.0,0.0,0.0,0.0,0.0,0.0,0.0,0.0,0.0,0.40829076709489415,0.0,0.0,0.0,0.0,0.0,0.0,0.0,0.0,0.0,0.0,0.0,0.0,0.0,0.0,0.0,0.0,0.0,0.0,0.0,0.0,0.0,0.0,0.0,0.0,0.0,0.0,0.0,0.0,0.0,0.0,0.0,0.0,0.0,0.0,0.0,0.0,0.0,0.0,0.0,0.0,0.0,0.0,0.0,0.0,0.0,0.0,0.0,0.0,0.0,0.0,0.0,0.0,0.0,0.0,0.0,0.0,0.0,0.0,0.0,0.0,0.0,0.0,0.0,0.0,0.0,0.0,0.0,0.0,0.0,0.0,0.0,0.0,0.0,0.0,0.0,0.0,0.0,0.0,0.0,0.0,0.0,0.0,0.0,0.0,0.0,0.0,0.0,0.0,0.0,0.0,0.0,0.0,0.0,0.0,0.0,0.0,0.0,0.0,0.0,0.0,0.0,0.0,0.0,0.0,0.0,0.0,0.0,0.0,0.0,0.0,0.0,0.0,0.0,0.0,0.0,0.0,0.0,0.0,0.0,0.0,0.0,0.0,0.0,0.0,0.0,0.40829076709489415,0.0,0.0,0.0,0.0,0.0,0.0,0.0,0.0,0.0,0.0,0.0,0.0,0.0,0.0,0.0,0.0,0.0,0.0,0.0,0.0,0.0,0.0,0.0,0.0,0.0,0.0,0.0,0.0,0.0,0.0,0.0,0.0,0.0,0.0,0.0,0.0,0.0,0.0,0.0
SD2401267,20대,너희 집은 지금 오피스텔이잖아. 그 층간 소음 좀 있는 거 같아? 나 지금 7층 사는데 딱히 층간 소음은 없는 거 같은데 좀 그 아파트에 이상한 사람은 좀 있는 거 같더라. 왜냐하면은 우리가 집에 아무도 없는 상태였는데 갑자기 밑의 집에서 올라온다 아 그 밑의 집인가 어디서 막 신고가 들어왔다는 거야. 이 이 시간이 너무 시끄러웠었다고. 그래 가지고 그게 그게 꼭 밑의 집은 아니고 밑의 층은 아니었던 거 같은데 그런 사람이 좀 있어서 좀 뭐지 좀 조심해야겠다 이런 적은 있었어. 이런 적이 있어. 그리고 너는 지금 자취를 그 1곳에서만 했던 거야 이사 없이? 나도 지금 누나랑 같이 살라고 하면은 절대 못 살 거 같아. 누나랑 진짜 맞는 게 하나도 없단 말이야. 누나도 막 나도 새벽에 전화하면은 누나가 뭐라 하고. 어떨 때 누나가 새벽에 게임하면 또 나한테 이제 내가 이제 스트레스받고. 그래서 이제 만약에 내가 너처럼 그러니까 형제 같이 살라고 하면은 나는 못 살 거 같아. 그리고 그리고 그 이사를 좀 많이 다녔었는데 이사 다닐 때마다 이제 방이 있긴 한데 이게 크기가 이제 큰방 작은방이 있었단 말이야. 그래 가지고 누가 큰방 쓸 거냐 이런 거 때문에 또 엄청 싸운 적 싸웠었고 싸웠었던 거 같아. 그러면 본가도 그러면 지금 살던 데 쭉 계속 살고 있었던 거야 어릴 때부터? 나는 이제 어릴 때부터 정말 많이 다녔었는데 초등학교랑 중학교 때까지는 그래도 한동네 내에서 왔다 갔다 했던 거여서 좀 이제 이사하느라 좀 귀찮고 막 집 바뀌는 게 좀 불편 적응이 안 되 초반에 적응이 안 되는 게 있긴 했어도 이 친구들이랑 멀어진다 이런 거 없어서 괜찮았는데 중학교 3학년에서 이제 고등학교 때 한번 아예 학 그 학 우리 지금 다니는 학교 쪽으로 이사를 왔었단 말이야. 근데 그때 정말 좀 좋았던 친구들인데 완전 멀어지니까 그때 쪼끔 이제 스트레스를 받았었던 경험이 있고. 그래서 또 그래 가지고 이제 고등학교 1학년 때에서부터 2학년 때 또 이사를 가야 되는 상황이 된 거야. 근데 그래서 원래 다니던 고등학교 쪽으로 가려 했었는데 그러진 않고 이제 다시 원래 동네로 돌아갔었던 적이 있어. 나도 그런 전원주택에서 사는 꿈 같은 게 있었던 거 같아. 그 내가 직접 집을 만들고 아 설계해서 막 비밀 공간이나 아 이제 정말 큰 목욕탕이나 아니면 음 어떤 작업실 뭐 이런 걸 만들어 두고 싶다는 생각이 있었어. 만들고 싶다는. 그리 너 근데 지금 자취하고 있잖아. 그러면 그 가전제품 같은 거는 뭐 뭐 있어? 어 이러면 안 되는데. 나는 이제 본가에 살잖아. 어 집안일을 거의 다 안 하고 엄마가 하고 있어. 그러니까 설거지만 이제 내가 먹은 거 설거지하고 이제 그리고 옷 옷이나 분리수거 이런 거는 엄마 아빠가 거의 다 하는 거 같아. 그 자취하면서 이런 설거지나 분리수거 때문에 막 오빠랑 막 싸우거나 그러진 않아? 난 지금 너무 자취를 하고 싶어. 왜냐하면은 일단 난 이제 혼자가 편하단 말이야. 그래 가지고 이제 나만의 일상생활 패턴이 있는데 어쨌든 가족이랑 살면은 아무리 가족이라도 쪼금 지켜야 되는 게 있으니까 그런 게 이제 좀 나한테는 너무 좀 힘들고 내가 하고 싶은 것도 너무 제한이 되는 거 같아서 학교 근처에서 자취하고 싶다는 생각은 있는데 이게 자취도 어쨌든 돈이 많이 깨지니까 쉽사리 하진 못 하고 있고. 음 아마 군대 갔다 와서 자취를 할 수 있으면 하지 않을까 이런 생각이 있어. 음 너는 음 너희 집 인테리어는 혹시 어떻게 돼 있어? 음 우리 집은 이번에 새로 지은 아파트여 가지고 그냥 전체적으로 완전 깔끔한 느낌으로 지금 돼 있는데 이게 아파 이제 방 청소를 쪼끔만 안 해도 이제 옷가 방이 좀 좁아 가지고 옷도 막 의자 위에 올라가 있고 침대 위에 뭉쳐져 있고. 그래 가지고 인테리어는 깔끔한데 방 정리는 되게 안 돼 있는 거 같아. 그리고 또 새로 지은 아파트라 했잖아. 이게 요즘에 새로 지어서 그런가. 아파트가 되게 개성이 넘치더라고. 건물도 막 다 이 모습이 막 다르고. 막 저게 아파트 건물이야 이런 것도 있고. 그리고 처음에 이사 왔을 때 첫날인데 집을 못 찾겠는 거야. 왜냐하면은 보통 아파트 단지가 뭐 몇 호부터 몇 호 1에서 3 3에서 5 이렇게 순서대로 있는데 거기는 막 1에서 3이랑 17에서 19 이렇게 붙어 있고. 막 이상하게 다 붙어 있는 거야. 그래 가지고 처음 이사 갔을 때 그 아파트 단지 안에서 길 잃어 가지고 한 20분 30분 정도 헤맸던 기억이 있어. 너는 만약에 이제 앞으로 회사 다니고 할 거면은 하면은 혼자 살게 되면은 서울에서 계속 살고 싶어? 아니면은 대구? 이게 새로 지은 아파트여 가지고 이게 헬스장이나 도서관 뭐 어린이집 이런 게 입주된다는 얘기만 있고 아직은 인프라가 갖춰지진 못한 거 같아. 그래서 헬스장도 아마 생긴다곤 하는데 어 언제 생길진 잘 모르겠고. 그 아파트 단지 내에 도서관은 지금도 운영하고 있고. 그거 말고도 뭔가 주민들 휴식 공간이라고 하면서 건물이 몇 개 있더라고. 거기서 막 좀 차 같은 거 마시고 막 떠들면서 있는 아줌마들도 있고. 그 빈백 빈백도 있잖아. 그런 것도 아파트 단지 내에 몇 개 깔아둔 거야. 그래 가지고 거기서 좀 누워서 막 떠드는 사람들도 보고 이런 시설이 좀 있었어.,0.014965986394557823,0.02857142857142857,0.013605442176870748,0.0013605442176870747,0.005442176870748299,0.0027210884353741495,0.0027210884353741495,0.02312925170068027,0.0326530612244898,0.02040816326530612,0.004081632653061225,0.0163265306122449,0.0013605442176870747,0.005442176870748299,0.013605442176870748,0.0027210884353741495,0.004081632653061225,0.004081632653061225,0.024489795918367346,0.021768707482993196,0.0013605442176870747,0.0013605442176870747,0.005442176870748299,0.006802721088435374,0.0013605442176870747,0.004081632653061225,0.02040816326530612,0.0013605442176870747,0.0013605442176870747,0.009523809523809525,0.04353741496598639,0.0013605442176870747,0.005442176870748299,0.0013605442176870747,0.010884353741496598,0.005442176870748299,0.0013605442176870747,0.0027210884353741495,0.012244897959183673,0.0013605442176870747,0.0013605442176870747,0.006802721088435374,0.004081632653061225,0.0027210884353741495,0.027210884353741496,0.009523809523809525,0.010884353741496598,0.0013605442176870747,0.006802721088435374,0.024489795918367346,0.010884353741496598,0.0013605442176870747,0.006802721088435374,0.0027210884353741495,0.0013605442176870747,0.005442176870748299,0.0013605442176870747,0.0013605442176870747,0.0013605442176870747,0.006802721088435374,0.0013605442176870747,0.0027210884353741495,0.0013605442176870747,0.0027210884353741495,0.013605442176870748,0.0013605442176870747,0.006802721088435374,0.0013605442176870747,0.02857142857142857,0.0027210884353741495,0.0027210884353741495,0.0027210884353741495,0.005442176870748299,0.0013605442176870747,0.00816326530612245,0.004081632653061225,0.00816326530612245,0.0013605442176870747,0.005442176870748299,0.0027210884353741495,0.0013605442176870747,0.0013605442176870747,0.0027210884353741495,0.0013605442176870747,0.0013605442176870747,0.0013605442176870747,0.005442176870748299,0.0013605442176870747,0.005442176870748299,0.0027210884353741495,0.0013605442176870747,0.0027210884353741495,0.0027210884353741495,0.005442176870748299,0.004081632653061225,0.0013605442176870747,0.0027210884353741495,0.0013605442176870747,0.0013605442176870747,0.0013605442176870747,0.005442176870748299,0.004081632653061225,0.0013605442176870747,0.0013605442176870747,0.0013605442176870747,0.0027210884353741495,0.009523809523809525,0.014965986394557823,0.0013605442176870747,0.0013605442176870747,0.0013605442176870747,0.0027210884353741495,0.0013605442176870747,0.004081632653061225,0.0013605442176870747,0.004081632653061225,0.0013605442176870747,0.0013605442176870747,0.0027210884353741495,0.0027210884353741495,0.0027210884353741495,0.0013605442176870747,0.0013605442176870747,0.0027210884353741495,0.0027210884353741495,0.0013605442176870747,0.0027210884353741495,0.0013605442176870747,0.0027210884353741495,0.0013605442176870747,0.0013605442176870747,0.0013605442176870747,0.0013605442176870747,0.0013605442176870747,0.0013605442176870747,0.0013605442176870747,0.005442176870748299,0.004081632653061225,0.0013605442176870747,0.0013605442176870747,0.0027210884353741495,0.0027210884353741495,0.0013605442176870747,0.0013605442176870747,0.0013605442176870747,0.004081632653061225,0.0013605442176870747,0.0013605442176870747,0.004081632653061225,0.0013605442176870747,0.0027210884353741495,0.005442176870748299,0.0027210884353741495,0.004081632653061225,0.0013605442176870747,0.005442176870748299,0.0027210884353741495,0.0013605442176870747,0.0013605442176870747,0.0013605442176870747,0.0013605442176870747,0.0027210884353741495,0.0013605442176870747,0.0013605442176870747,0.0013605442176870747,0.0013605442176870747,0.0013605442176870747,0.0027210884353741495,0.0027210884353741495,0.0013605442176870747,0.0013605442176870747,0.0013605442176870747,0.0013605442176870747,0.0013605442176870747,0.0013605442176870747,0.0013605442176870747,0.0013605442176870747,0.0013605442176870747,0.0013605442176870747,0.0013605442176870747,0.0027210884353741495,0.0013605442176870747,0.0027210884353741495,0.0013605442176870747,0.0013605442176870747,0.005442176870748299,0.005442176870748299,0.005442176870748299,0.0013605442176870747,0.0013605442176870747,0.0013605442176870747,0.0013605442176870747,0.0013605442176870747,0.0013605442176870747,0.0013605442176870747,0.0027210884353741495,0.0013605442176870747,0.0013605442176870747,0.0013605442176870747,0.0013605442176870747,0.0027210884353741495,0.0013605442176870747,0.0013605442176870747,0.0013605442176870747,0.004081632653061225,0.0013605442176870747,0.0013605442176870747,0.0013605442176870747,0.0013605442176870747,0.0027210884353741495,0.0013605442176870747,0.0013605442176870747,0.0013605442176870747,0.005442176870748299,0.0027210884353741495,0.0013605442176870747,0.0013605442176870747,0.0027210884353741495,0.0013605442176870747,0.0013605442176870747,0.0013605442176870747,0.0013605442176870747,0.0013605442176870747,0.0013605442176870747,0.0013605442176870747,0.0013605442176870747,0.0013605442176870747,0.0013605442176870747,0.0027210884353741495,0.0027210884353741495,0.0013605442176870747,0.0013605442176870747,0.0013605442176870747,0.0013605442176870747,0.0013605442176870747,0.0013605442176870747,0.0013605442176870747,0.0013605442176870747,0.0027210884353741495,0.0013605442176870747,0.0013605442176870747,0.0013605442176870747,0.0013605442176870747,0.0013605442176870747,0.0013605442176870747,0.0013605442176870747,0.0013605442176870747,0.0013605442176870747,0.0013605442176870747,0.0013605442176870747,0.0027210884353741495,0.0013605442176870747,0.0013605442176870747,0.0013605442176870747,0.0013605442176870747,0.0013605442176870747,0.0013605442176870747,0.0013605442176870747,0.0,0.0,0.0,0.0,0.0,0.0,0.0,0.0,0.0,0.0,0.0,0.0,0.0,0.0,0.0,0.0,0.0,0.0,0.0,0.0,0.0,0.0,0.0,0.0,0.0,0.0,0.0,0.0,0.0,0.0,0.0,0.0,0.0,0.0,0.0,0.0,0.0,0.0,0.0,0.0,0.0,0.0,0.0,0.0,0.0,0.0,0.0,0.0,0.0,0.0,0.0,0.0,0.0,0.0,0.0,0.0,0.0,0.0,0.0,0.0,0.0,0.0,0.0,0.0,0.0,0.0,0.0,0.0,0.0,0.0,0.0,0.0,0.0,0.0,0.0,0.0,0.0,0.0,0.0,0.0,0.0,0.0,0.0,0.0,0.0,0.0,0.0,0.0,0.0,0.0,0.0,0.0,0.0,0.0,0.0,0.0,0.0,0.0,0.0,0.0,0.0,0.0,0.0,0.0,0.0,0.0,0.0,0.0,0.0,0.0,0.0,0.0,0.0,0.0,0.0,0.0,0.0,0.0,0.0,0.0,0.0,0.0,0.0,0.0,0.0,0.0,0.0,0.0,0.0,0.0,0.0,0.0,0.0,0.0,0.0,0.0,0.0,0.0,0.0,0.0,0.0,0.0,0.0,0.0,0.0,0.0,0.0,0.0,0.0,0.0,0.0,0.0,0.0,0.0,0.0,0.0,0.0,0.0,0.0,0.0,0.0,0.0,0.0,0.0,0.0,0.0,0.0,0.0,0.0,0.0,0.0,0.0,0.0,0.0,0.0,0.0,0.0,0.0,0.0,0.0,0.0,0.0,0.0,0.0,0.0,0.0,0.0,0.0,0.0,0.0,0.0,0.0,0.0,0.0,0.0,0.0,0.0,0.0,0.0,0.0,0.0,0.0,0.0,0.0,0.0,0.0,0.0,0.0,0.0,0.0,0.0,0.0,0.0,0.0,0.0,0.0,0.0,0.0,0.0,0.0,0.0,0.0,0.0,0.0,0.0,0.0,0.0,0.0,0.0,0.0,0.0,0.0,0.0,0.0,0.0,0.0,0.0,0.0,0.0,0.0,0.0,0.0,0.0,0.0,0.0,0.0,0.0,0.0,0.0,0.0,0.0,0.0,0.0,0.0,0.0,0.0,0.0,0.0,0.0,0.0,0.0,0.0,0.0,0.0,0.0,0.0,0.0,0.0,0.0,0.0,0.0,0.0,0.0,0.0,0.0,0.0,0.0,0.0,0.0,0.0,0.0,0.0,0.0,0.0,0.0,0.0,0.0,0.0,0.0,0.0,0.0,0.0,0.0,0.0,0.0,0.0,0.0,0.0,0.0,0.0,0.0,0.0,0.0,0.0,0.0,0.0,0.0,0.0,0.0,0.0,0.0,0.0,0.0,0.0,0.0,0.0,0.0,0.0,0.0,0.35451823470557564,0.0,0.0,0.0,0.0,0.0,0.0,0.0,0.0,0.0,0.0,0.0,0.0,0.0,0.0,0.0,0.0,0.0,0.0,0.0,0.0,0.0,0.0,0.0,0.0,0.0,0.0,0.0,0.0,0.0,0.0,0.0,0.0,0.0,0.0,0.0,0.0,0.0,0.0,0.0,0.0,0.0,0.0,0.0,0.0,0.0,0.0,0.0,0.0,0.0,0.0,0.0,0.0,0.0,0.0,0.0,0.0,0.0,0.0,0.0,0.0,0.0,0.0,0.0,0.0,0.0,0.0,0.0,0.0,0.0,0.0,0.0,0.0,0.0,0.0,0.0,0.0,0.35451823470557564,0.0,0.0,0.0,0.0,0.0,0.0,0.0,0.0,0.0,0.0,0.0,0.0,0.0,0.0,0.0,0.0,0.0,0.0,0.0,0.0,0.0,0.0,0.0,0.0,0.0,0.0,0.0,0.0,0.0,0.0,0.0,0.0,0.0,0.0,0.0,0.0,0.0,0.0,0.0,0.0,0.0,0.0,0.0,0.0,0.0,0.0,0.0,0.0,0.0,0.0,0.0,0.0,0.0,0.2586897845048304,0.0,0.0,0.0,0.0,0.0,0.0,0.0,0.0,0.0,0.0,0.0,0.0,0.0,0.0,0.0,0.0,0.0,0.0,0.0,0.0,0.0,0.0,0.0,0.0,0.0,0.0,0.0,0.0,0.0,0.0,0.0,0.0,0.0,0.0,0.0,0.0,0.0,0.0,0.0,0.0,0.0,0.0,0.0,0.0,0.0,0.0,0.0,0.0,0.0,0.0,0.0,0.0,0.0,0.0,0.0,0.0,0.0,0.0,0.0,0.0,0.0,0.0,0.0,0.0,0.0,0.0,0.0,0.0,0.0,0.0,0.0,0.0,0.0,0.0,0.0,0.0,0.0,0.0,0.0,0.0,0.0,0.0,0.0,0.0,0.0,0.0,0.0,0.0,0.0,0.0,0.0,0.0,0.0,0.0,0.0,0.0,0.0,0.0,0.0,0.0,0.0,0.0,0.0,0.0,0.0,0.0,0.0,0.0,0.0,0.0,0.0,0.0,0.0,0.0,0.0,0.0,0.0,0.0,0.0,0.0,0.0,0.35451823470557564,0.0,0.0,0.0,0.0,0.0,0.0,0.0,0.0,0.0,0.0,0.0,0.0,0.0,0.0,0.0,0.0,0.0,0.0,0.0,0.0,0.0,0.0,0.0,0.0,0.0,0.0,0.0,0.0,0.0,0.0,0.0,0.0,0.0,0.0,0.0,0.0,0.0,0.0,0.0,0.0,0.0,0.0,0.0,0.0,0.0,0.0,0.0,0.0,0.0,0.0,0.0,0.0,0.0,0.0,0.0,0.0,0.0,0.0,0.0,0.0,0.0,0.0,0.0,0.0,0.0,0.0,0.0,0.0,0.0,0.0,0.0,0.0,0.0,0.0,0.31035613226560665,0.0,0.0,0.0,0.0,0.0,0.0,0.0,0.0,0.0,0.0,0.0,0.0,0.0,0.0,0.0,0.0,0.0,0.0,0.0,0.0,0.0,0.0,0.0,0.0,0.0,0.0,0.0,0.0,0.0,0.0,0.0,0.0,0.0,0.0,0.0,0.0,0.0,0.0,0.0,0.0,0.0,0.0,0.0,0.0,0.0,0.0,0.0,0.0,0.0,0.0,0.0,0.0,0.0,0.0,0.0,0.0,0.0,0.0,0.0,0.0,0.28452295838521857,0.0,0.0,0.0,0.0,0.0,0.0,0.0,0.0,0.0,0.0,0.0,0.0,0.0,0.0,0.0,0.0,0.0,0.0,0.0,0.0,0.0,0.0,0.0,0.2459045636192166,0.0,0.0,0.0,0.0,0.0,0.0,0.0,0.0,0.0,0.0,0.0,0.0,0.0,0.0,0.0,0.0,0.0,0.0,0.0,0.0,0.0,0.35451823470557564,0.0,0.0,0.0,0.0,0.0,0.0,0.0,0.0,0.0,0.0,0.0,0.0,0.0,0.0,0.0,0.0,0.0,0.0,0.0,0.0,0.0,0.0,0.0,0.0,0.0,0.0,0.0,0.0,0.0,0.0,0.0,0.0,0.0,0.0,0.0,0.0,0.0,0.0,0.0,0.0,0.0,0.0,0.0,0.0,0.0,0.0,0.0,0.0,0.0,0.0,0.0,0.0,0.0,0.0,0.0,0.0,0.0,0.0,0.0,0.0,0.0,0.0,0.0,0.0,0.0,0.0,0.0,0.0,0.0,0.0,0.0,0.0,0.0,0.0,0.0,0.0,0.0,0.0,0.0,0.0,0.0,0.0,0.0,0.0,0.0,0.0,0.0,0.0,0.0,0.0,0.0,0.0,0.0,0.0,0.0,0.0,0.0,0.0,0.0,0.0,0.0,0.0,0.0,0.0,0.0,0.0,0.0,0.0,0.0,0.0,0.0,0.0,0.2586897845048304,0.0,0.0,0.0,0.0,0.0,0.0,0.0,0.0,0.0,0.0,0.0,0.0,0.0,0.35451823470557564,0.0,0.0,0.0,0.0,0.0,0.0,0.0,0.0,0.0,0.0,0.0,0.0,0.0,0.0,0.0,0.0,0.0,0.0,0.0,0.0,0.0,0.0,0.0,0.0,0.0,0.0,0.0,0.0,0.0,0.0,0.0,0.0,0.0,0.0,0.0,0.0,0.0,0.0,0.0,0.0
SD2401267,20대,너희 집은 지금 오피스텔이잖아. 그 층간 소음 좀 있는 거 같아? 나 지금 7층 사는데 딱히 층간 소음은 없는 거 같은데 좀 그 아파트에 이상한 사람은 좀 있는 거 같더라. 왜냐하면은 우리가 집에 아무도 없는 상태였는데 갑자기 밑의 집에서 올라온다 아 그 밑의 집인가 어디서 막 신고가 들어왔다는 거야. 이 이 시간이 너무 시끄러웠었다고. 그래 가지고 그게 그게 꼭 밑의 집은 아니고 밑의 층은 아니었던 거 같은데 그런 사람이 좀 있어서 좀 뭐지 좀 조심해야겠다 이런 적은 있었어. 이런 적이 있어. 그리고 너는 지금 자취를 그 1곳에서만 했던 거야 이사 없이? 나도 지금 누나랑 같이 살라고 하면은 절대 못 살 거 같아. 누나랑 진짜 맞는 게 하나도 없단 말이야. 누나도 막 나도 새벽에 전화하면은 누나가 뭐라 하고. 어떨 때 누나가 새벽에 게임하면 또 나한테 이제 내가 이제 스트레스받고. 그래서 이제 만약에 내가 너처럼 그러니까 형제 같이 살라고 하면은 나는 못 살 거 같아. 그리고 그리고 그 이사를 좀 많이 다녔었는데 이사 다닐 때마다 이제 방이 있긴 한데 이게 크기가 이제 큰방 작은방이 있었단 말이야. 그래 가지고 누가 큰방 쓸 거냐 이런 거 때문에 또 엄청 싸운 적 싸웠었고 싸웠었던 거 같아. 그러면 본가도 그러면 지금 살던 데 쭉 계속 살고 있었던 거야 어릴 때부터? 나는 이제 어릴 때부터 정말 많이 다녔었는데 초등학교랑 중학교 때까지는 그래도 한동네 내에서 왔다 갔다 했던 거여서 좀 이제 이사하느라 좀 귀찮고 막 집 바뀌는 게 좀 불편 적응이 안 되 초반에 적응이 안 되는 게 있긴 했어도 이 친구들이랑 멀어진다 이런 거 없어서 괜찮았는데 중학교 3학년에서 이제 고등학교 때 한번 아예 학 그 학 우리 지금 다니는 학교 쪽으로 이사를 왔었단 말이야. 근데 그때 정말 좀 좋았던 친구들인데 완전 멀어지니까 그때 쪼끔 이제 스트레스를 받았었던 경험이 있고. 그래서 또 그래 가지고 이제 고등학교 1학년 때에서부터 2학년 때 또 이사를 가야 되는 상황이 된 거야. 근데 그래서 원래 다니던 고등학교 쪽으로 가려 했었는데 그러진 않고 이제 다시 원래 동네로 돌아갔었던 적이 있어. 나도 그런 전원주택에서 사는 꿈 같은 게 있었던 거 같아. 그 내가 직접 집을 만들고 아 설계해서 막 비밀 공간이나 아 이제 정말 큰 목욕탕이나 아니면 음 어떤 작업실 뭐 이런 걸 만들어 두고 싶다는 생각이 있었어. 만들고 싶다는. 그리 너 근데 지금 자취하고 있잖아. 그러면 그 가전제품 같은 거는 뭐 뭐 있어? 어 이러면 안 되는데. 나는 이제 본가에 살잖아. 어 집안일을 거의 다 안 하고 엄마가 하고 있어. 그러니까 설거지만 이제 내가 먹은 거 설거지하고 이제 그리고 옷 옷이나 분리수거 이런 거는 엄마 아빠가 거의 다 하는 거 같아. 그 자취하면서 이런 설거지나 분리수거 때문에 막 오빠랑 막 싸우거나 그러진 않아? 난 지금 너무 자취를 하고 싶어. 왜냐하면은 일단 난 이제 혼자가 편하단 말이야. 그래 가지고 이제 나만의 일상생활 패턴이 있는데 어쨌든 가족이랑 살면은 아무리 가족이라도 쪼금 지켜야 되는 게 있으니까 그런 게 이제 좀 나한테는 너무 좀 힘들고 내가 하고 싶은 것도 너무 제한이 되는 거 같아서 학교 근처에서 자취하고 싶다는 생각은 있는데 이게 자취도 어쨌든 돈이 많이 깨지니까 쉽사리 하진 못 하고 있고. 음 아마 군대 갔다 와서 자취를 할 수 있으면 하지 않을까 이런 생각이 있어. 음 너는 음 너희 집 인테리어는 혹시 어떻게 돼 있어? 음 우리 집은 이번에 새로 지은 아파트여 가지고 그냥 전체적으로 완전 깔끔한 느낌으로 지금 돼 있는데 이게 아파 이제 방 청소를 쪼끔만 안 해도 이제 옷가 방이 좀 좁아 가지고 옷도 막 의자 위에 올라가 있고 침대 위에 뭉쳐져 있고. 그래 가지고 인테리어는 깔끔한데 방 정리는 되게 안 돼 있는 거 같아. 그리고 또 새로 지은 아파트라 했잖아. 이게 요즘에 새로 지어서 그런가. 아파트가 되게 개성이 넘치더라고. 건물도 막 다 이 모습이 막 다르고. 막 저게 아파트 건물이야 이런 것도 있고. 그리고 처음에 이사 왔을 때 첫날인데 집을 못 찾겠는 거야. 왜냐하면은 보통 아파트 단지가 뭐 몇 호부터 몇 호 1에서 3 3에서 5 이렇게 순서대로 있는데 거기는 막 1에서 3이랑 17에서 19 이렇게 붙어 있고. 막 이상하게 다 붙어 있는 거야. 그래 가지고 처음 이사 갔을 때 그 아파트 단지 안에서 길 잃어 가지고 한 20분 30분 정도 헤맸던 기억이 있어. 너는 만약에 이제 앞으로 회사 다니고 할 거면은 하면은 혼자 살게 되면은 서울에서 계속 살고 싶어? 아니면은 대구? 이게 새로 지은 아파트여 가지고 이게 헬스장이나 도서관 뭐 어린이집 이런 게 입주된다는 얘기만 있고 아직은 인프라가 갖춰지진 못한 거 같아. 그래서 헬스장도 아마 생긴다곤 하는데 어 언제 생길진 잘 모르겠고. 그 아파트 단지 내에 도서관은 지금도 운영하고 있고. 그거 말고도 뭔가 주민들 휴식 공간이라고 하면서 건물이 몇 개 있더라고. 거기서 막 좀 차 같은 거 마시고 막 떠들면서 있는 아줌마들도 있고. 그 빈백 빈백도 있잖아. 그런 것도 아파트 단지 내에 몇 개 깔아둔 거야. 그래 가지고 거기서 좀 누워서 막 떠드는 사람들도 보고 이런 시설이 좀 있었어.,0.014965986394557823,0.02857142857142857,0.013605442176870748,0.0013605442176870747,0.005442176870748299,0.0027210884353741495,0.0027210884353741495,0.02312925170068027,0.0326530612244898,0.02040816326530612,0.004081632653061225,0.0163265306122449,0.0013605442176870747,0.005442176870748299,0.013605442176870748,0.0027210884353741495,0.004081632653061225,0.004081632653061225,0.024489795918367346,0.021768707482993196,0.0013605442176870747,0.0013605442176870747,0.005442176870748299,0.006802721088435374,0.0013605442176870747,0.004081632653061225,0.02040816326530612,0.0013605442176870747,0.0013605442176870747,0.009523809523809525,0.04353741496598639,0.0013605442176870747,0.005442176870748299,0.0013605442176870747,0.010884353741496598,0.005442176870748299,0.0013605442176870747,0.0027210884353741495,0.012244897959183673,0.0013605442176870747,0.0013605442176870747,0.006802721088435374,0.004081632653061225,0.0027210884353741495,0.027210884353741496,0.009523809523809525,0.010884353741496598,0.0013605442176870747,0.006802721088435374,0.024489795918367346,0.010884353741496598,0.0013605442176870747,0.006802721088435374,0.0027210884353741495,0.0013605442176870747,0.005442176870748299,0.0013605442176870747,0.0013605442176870747,0.0013605442176870747,0.006802721088435374,0.0013605442176870747,0.0027210884353741495,0.0013605442176870747,0.0027210884353741495,0.013605442176870748,0.0013605442176870747,0.006802721088435374,0.0013605442176870747,0.02857142857142857,0.0027210884353741495,0.0027210884353741495,0.0027210884353741495,0.005442176870748299,0.0013605442176870747,0.00816326530612245,0.004081632653061225,0.00816326530612245,0.0013605442176870747,0.005442176870748299,0.0027210884353741495,0.0013605442176870747,0.0013605442176870747,0.0027210884353741495,0.0013605442176870747,0.0013605442176870747,0.0013605442176870747,0.005442176870748299,0.0013605442176870747,0.005442176870748299,0.0027210884353741495,0.0013605442176870747,0.0027210884353741495,0.0027210884353741495,0.005442176870748299,0.004081632653061225,0.0013605442176870747,0.0027210884353741495,0.0013605442176870747,0.0013605442176870747,0.0013605442176870747,0.005442176870748299,0.004081632653061225,0.0013605442176870747,0.0013605442176870747,0.0013605442176870747,0.0027210884353741495,0.009523809523809525,0.014965986394557823,0.0013605442176870747,0.0013605442176870747,0.0013605442176870747,0.0027210884353741495,0.0013605442176870747,0.004081632653061225,0.0013605442176870747,0.004081632653061225,0.0013605442176870747,0.0013605442176870747,0.0027210884353741495,0.0027210884353741495,0.0027210884353741495,0.0013605442176870747,0.0013605442176870747,0.0027210884353741495,0.0027210884353741495,0.0013605442176870747,0.0027210884353741495,0.0013605442176870747,0.0027210884353741495,0.0013605442176870747,0.0013605442176870747,0.0013605442176870747,0.0013605442176870747,0.0013605442176870747,0.0013605442176870747,0.0013605442176870747,0.005442176870748299,0.004081632653061225,0.0013605442176870747,0.0013605442176870747,0.0027210884353741495,0.0027210884353741495,0.0013605442176870747,0.0013605442176870747,0.0013605442176870747,0.004081632653061225,0.0013605442176870747,0.0013605442176870747,0.004081632653061225,0.0013605442176870747,0.0027210884353741495,0.005442176870748299,0.0027210884353741495,0.004081632653061225,0.0013605442176870747,0.005442176870748299,0.0027210884353741495,0.0013605442176870747,0.0013605442176870747,0.0013605442176870747,0.0013605442176870747,0.0027210884353741495,0.0013605442176870747,0.0013605442176870747,0.0013605442176870747,0.0013605442176870747,0.0013605442176870747,0.0027210884353741495,0.0027210884353741495,0.0013605442176870747,0.0013605442176870747,0.0013605442176870747,0.0013605442176870747,0.0013605442176870747,0.0013605442176870747,0.0013605442176870747,0.0013605442176870747,0.0013605442176870747,0.0013605442176870747,0.0013605442176870747,0.0027210884353741495,0.0013605442176870747,0.0027210884353741495,0.0013605442176870747,0.0013605442176870747,0.005442176870748299,0.005442176870748299,0.005442176870748299,0.0013605442176870747,0.0013605442176870747,0.0013605442176870747,0.0013605442176870747,0.0013605442176870747,0.0013605442176870747,0.0013605442176870747,0.0027210884353741495,0.0013605442176870747,0.0013605442176870747,0.0013605442176870747,0.0013605442176870747,0.0027210884353741495,0.0013605442176870747,0.0013605442176870747,0.0013605442176870747,0.004081632653061225,0.0013605442176870747,0.0013605442176870747,0.0013605442176870747,0.0013605442176870747,0.0027210884353741495,0.0013605442176870747,0.0013605442176870747,0.0013605442176870747,0.005442176870748299,0.0027210884353741495,0.0013605442176870747,0.0013605442176870747,0.0027210884353741495,0.0013605442176870747,0.0013605442176870747,0.0013605442176870747,0.0013605442176870747,0.0013605442176870747,0.0013605442176870747,0.0013605442176870747,0.0013605442176870747,0.0013605442176870747,0.0013605442176870747,0.0027210884353741495,0.0027210884353741495,0.0013605442176870747,0.0013605442176870747,0.0013605442176870747,0.0013605442176870747,0.0013605442176870747,0.0013605442176870747,0.0013605442176870747,0.0013605442176870747,0.0027210884353741495,0.0013605442176870747,0.0013605442176870747,0.0013605442176870747,0.0013605442176870747,0.0013605442176870747,0.0013605442176870747,0.0013605442176870747,0.0013605442176870747,0.0013605442176870747,0.0013605442176870747,0.0013605442176870747,0.0027210884353741495,0.0013605442176870747,0.0013605442176870747,0.0013605442176870747,0.0013605442176870747,0.0013605442176870747,0.0013605442176870747,0.0013605442176870747,0.0,0.0,0.0,0.0,0.0,0.0,0.0,0.0,0.0,0.0,0.0,0.0,0.0,0.0,0.0,0.0,0.0,0.0,0.0,0.0,0.0,0.0,0.0,0.0,0.0,0.0,0.0,0.0,0.0,0.0,0.0,0.0,0.0,0.0,0.0,0.0,0.0,0.0,0.0,0.0,0.0,0.0,0.0,0.0,0.0,0.0,0.0,0.0,0.0,0.0,0.0,0.0,0.0,0.0,0.0,0.0,0.0,0.0,0.0,0.0,0.0,0.0,0.0,0.0,0.0,0.0,0.0,0.0,0.0,0.0,0.0,0.0,0.0,0.0,0.0,0.0,0.0,0.0,0.0,0.0,0.0,0.0,0.0,0.0,0.0,0.0,0.0,0.0,0.0,0.0,0.0,0.0,0.0,0.0,0.0,0.0,0.0,0.0,0.0,0.0,0.0,0.0,0.0,0.0,0.0,0.0,0.0,0.0,0.0,0.0,0.0,0.0,0.0,0.0,0.0,0.0,0.0,0.0,0.0,0.0,0.0,0.0,0.0,0.0,0.0,0.0,0.0,0.0,0.0,0.0,0.0,0.0,0.0,0.0,0.0,0.0,0.0,0.0,0.0,0.0,0.0,0.0,0.0,0.0,0.0,0.0,0.0,0.0,0.0,0.0,0.0,0.0,0.0,0.0,0.0,0.0,0.0,0.0,0.0,0.0,0.0,0.0,0.0,0.0,0.0,0.0,0.0,0.0,0.0,0.0,0.0,0.0,0.0,0.0,0.0,0.0,0.0,0.0,0.0,0.0,0.0,0.0,0.0,0.0,0.0,0.0,0.0,0.0,0.0,0.0,0.0,0.0,0.0,0.0,0.0,0.0,0.0,0.0,0.0,0.0,0.0,0.0,0.0,0.0,0.0,0.0,0.0,0.0,0.0,0.0,0.0,0.0,0.0,0.0,0.0,0.0,0.0,0.0,0.0,0.0,0.0,0.0,0.0,0.0,0.0,0.0,0.31867222140083584,0.0,0.0,0.0,0.0,0.0,0.0,0.0,0.0,0.0,0.0,0.0,0.0,0.0,0.0,0.0,0.0,0.0,0.0,0.0,0.0,0.0,0.0,0.0,0.0,0.0,0.0,0.0,0.0,0.0,0.0,0.0,0.0,0.0,0.0,0.0,0.0,0.0,0.0,0.0,0.0,0.0,0.0,0.0,0.0,0.0,0.0,0.0,0.0,0.0,0.0,0.0,0.34371843094145055,0.0,0.0,0.0,0.0,0.0,0.0,0.0,0.0,0.0,0.0,0.0,0.0,0.0,0.0,0.0,0.0,0.0,0.0,0.0,0.0,0.0,0.0,0.0,0.0,0.0,0.0,0.0,0.0,0.0,0.0,0.0,0.0,0.0,0.0,0.0,0.0,0.0,0.0,0.0,0.0,0.0,0.0,0.0,0.0,0.0,0.0,0.0,0.0,0.0,0.0,0.0,0.0,0.0,0.0,0.0,0.0,0.0,0.0,0.0,0.0,0.0,0.0,0.0,0.0,0.0,0.0,0.0,0.0,0.0,0.0,0.0,0.0,0.0,0.0,0.0,0.0,0.0,0.0,0.0,0.0,0.0,0.0,0.0,0.0,0.0,0.0,0.0,0.0,0.0,0.0,0.0,0.0,0.0,0.0,0.0,0.0,0.0,0.0,0.0,0.0,0.0,0.0,0.0,0.0,0.0,0.0,0.0,0.0,0.0,0.0,0.0,0.0,0.0,0.0,0.0,0.0,0.0,0.0,0.0,0.0,0.0,0.0,0.0,0.0,0.0,0.0,0.0,0.0,0.0,0.0,0.0,0.0,0.0,0.0,0.0,0.0,0.0,0.0,0.0,0.0,0.0,0.0,0.0,0.0,0.0,0.0,0.0,0.0,0.0,0.0,0.0,0.0,0.0,0.0,0.0,0.0,0.0,0.0,0.0,0.0,0.0,0.0,0.0,0.0,0.0,0.0,0.0,0.0,0.0,0.0,0.0,0.0,0.0,0.0,0.0,0.0,0.0,0.0,0.0,0.0,0.0,0.0,0.0,0.0,0.0,0.0,0.0,0.0,0.0,0.0,0.0,0.0,0.0,0.0,0.0,0.0,0.0,0.0,0.0,0.0,0.0,0.0,0.0,0.0,0.0,0.0,0.0,0.0,0.0,0.0,0.0,0.0,0.0,0.0,0.0,0.0,0.0,0.0,0.0,0.0,0.0,0.0,0.0,0.0,0.0,0.0,0.0,0.0,0.0,0.0,0.0,0.0,0.0,0.0,0.0,0.0,0.0,0.0,0.0,0.0,0.0,0.0,0.0,0.0,0.0,0.0,0.0,0.0,0.0,0.0,0.0,0.0,0.0,0.0,0.0,0.0,0.0,0.0,0.0,0.0,0.0,0.0,0.0,0.0,0.0,0.0,0.0,0.0,0.0,0.28711772915055533,0.0,0.0,0.0,0.0,0.0,0.0,0.0,0.0,0.0,0.0,0.0,0.0,0.0,0.0,0.0,0.0,0.0,0.0,0.0,0.0,0.0,0.0,0.0,0.0,0.0,0.0,0.0,0.0,0.0,0.0,0.0,0.0,0.0,0.0,0.0,0.0,0.0,0.0,0.0,0.0,0.0,0.0,0.0,0.0,0.0,0.0,0.0,0.0,0.0,0.0,0.0,0.0,0.0,0.0,0.0,0.0,0.0,0.0,0.0,0.0,0.0,0.0,0.0,0.3009016529262152,0.0,0.0,0.0,0.0,0.0,0.0,0.0,0.0,0.0,0.0,0.0,0.0,0.0,0.0,0.0,0.0,0.0,0.0,0.0,0.0,0.34371843094145055,0.0,0.0,0.0,0.0,0.0,0.0,0.0,0.0,0.0,0.0,0.0,0.0,0.0,0.0,0.0,0.0,0.0,0.0,0.0,0.0,0.0,0.0,0.0,0.0,0.0,0.0,0.0,0.0,0.0,0.0,0.0,0.0,0.0,0.0,0.0,0.0,0.0,0.0,0.0,0.0,0.0,0.0,0.0,0.0,0.0,0.0,0.0,0.0,0.0,0.0,0.34371843094145055,0.0,0.0,0.0,0.0,0.0,0.0,0.0,0.0,0.0,0.0,0.0,0.0,0.0,0.0,0.0,0.0,0.0,0.0,0.0,0.0,0.0,0.0,0.0,0.0,0.0,0.0,0.20465263958876118,0.0,0.0,0.0,0.0,0.0,0.0,0.0,0.0,0.0,0.0,0.0,0.0,0.0,0.0,0.0,0.0,0.0,0.0,0.0,0.0,0.0,0.0,0.0,0.0,0.0,0.0,0.0,0.0,0.0,0.22351653843373176,0.0,0.0,0.0,0.0,0.0,0.0,0.31867222140083584,0.0,0.0,0.0,0.0,0.0,0.0,0.27585544338560053,0.0,0.0,0.0,0.0,0.0,0.0,0.0,0.0,0.0,0.0,0.0,0.0,0.0,0.0,0.0,0.0,0.0,0.0,0.0,0.0,0.0,0.0,0.0,0.0,0.0,0.0,0.0,0.0,0.0,0.0,0.0,0.0,0.0,0.0,0.0,0.0,0.0,0.0,0.0,0.0,0.0,0.0,0.0,0.0,0.0,0.0,0.0,0.0,0.0,0.0,0.0,0.0,0.0,0.0,0.0,0.0,0.0,0.0,0.0,0.0,0.0,0.0,0.0,0.0,0.0,0.0,0.0,0.0,0.0,0.0,0.0,0.0,0.0,0.0,0.0,0.0,0.0,0.0,0.0,0.0,0.0,0.0,0.0,0.0,0.0,0.0,0.0,0.0,0.0,0.0,0.0,0.0,0.0,0.0,0.0,0.0,0.0,0.0,0.0,0.0,0.0,0.0,0.0,0.0,0.0,0.0,0.0,0.0,0.0,0.0,0.0,0.0,0.0,0.0,0.0,0.0,0.0,0.0,0.0,0.0,0.0,0.0,0.0,0.0,0.31867222140083584,0.0,0.0,0.0,0.0,0.0,0.0,0.0,0.0,0.0,0.0,0.0,0.0,0.0,0.0,0.0,0.0,0.0,0.0,0.0,0.0,0.0,0.0,0.0,0.0,0.0,0.0,0.0,0.0,0.0,0.0,0.0,0.0,0.0,0.0,0.0,0.0,0.0,0.0,0.0,0.0,0.0
SD2401267,20대,너희 집은 지금 오피스텔이잖아. 그 층간 소음 좀 있는 거 같아? 나 지금 7층 사는데 딱히 층간 소음은 없는 거 같은데 좀 그 아파트에 이상한 사람은 좀 있는 거 같더라. 왜냐하면은 우리가 집에 아무도 없는 상태였는데 갑자기 밑의 집에서 올라온다 아 그 밑의 집인가 어디서 막 신고가 들어왔다는 거야. 이 이 시간이 너무 시끄러웠었다고. 그래 가지고 그게 그게 꼭 밑의 집은 아니고 밑의 층은 아니었던 거 같은데 그런 사람이 좀 있어서 좀 뭐지 좀 조심해야겠다 이런 적은 있었어. 이런 적이 있어. 그리고 너는 지금 자취를 그 1곳에서만 했던 거야 이사 없이? 나도 지금 누나랑 같이 살라고 하면은 절대 못 살 거 같아. 누나랑 진짜 맞는 게 하나도 없단 말이야. 누나도 막 나도 새벽에 전화하면은 누나가 뭐라 하고. 어떨 때 누나가 새벽에 게임하면 또 나한테 이제 내가 이제 스트레스받고. 그래서 이제 만약에 내가 너처럼 그러니까 형제 같이 살라고 하면은 나는 못 살 거 같아. 그리고 그리고 그 이사를 좀 많이 다녔었는데 이사 다닐 때마다 이제 방이 있긴 한데 이게 크기가 이제 큰방 작은방이 있었단 말이야. 그래 가지고 누가 큰방 쓸 거냐 이런 거 때문에 또 엄청 싸운 적 싸웠었고 싸웠었던 거 같아. 그러면 본가도 그러면 지금 살던 데 쭉 계속 살고 있었던 거야 어릴 때부터? 나는 이제 어릴 때부터 정말 많이 다녔었는데 초등학교랑 중학교 때까지는 그래도 한동네 내에서 왔다 갔다 했던 거여서 좀 이제 이사하느라 좀 귀찮고 막 집 바뀌는 게 좀 불편 적응이 안 되 초반에 적응이 안 되는 게 있긴 했어도 이 친구들이랑 멀어진다 이런 거 없어서 괜찮았는데 중학교 3학년에서 이제 고등학교 때 한번 아예 학 그 학 우리 지금 다니는 학교 쪽으로 이사를 왔었단 말이야. 근데 그때 정말 좀 좋았던 친구들인데 완전 멀어지니까 그때 쪼끔 이제 스트레스를 받았었던 경험이 있고. 그래서 또 그래 가지고 이제 고등학교 1학년 때에서부터 2학년 때 또 이사를 가야 되는 상황이 된 거야. 근데 그래서 원래 다니던 고등학교 쪽으로 가려 했었는데 그러진 않고 이제 다시 원래 동네로 돌아갔었던 적이 있어. 나도 그런 전원주택에서 사는 꿈 같은 게 있었던 거 같아. 그 내가 직접 집을 만들고 아 설계해서 막 비밀 공간이나 아 이제 정말 큰 목욕탕이나 아니면 음 어떤 작업실 뭐 이런 걸 만들어 두고 싶다는 생각이 있었어. 만들고 싶다는. 그리 너 근데 지금 자취하고 있잖아. 그러면 그 가전제품 같은 거는 뭐 뭐 있어? 어 이러면 안 되는데. 나는 이제 본가에 살잖아. 어 집안일을 거의 다 안 하고 엄마가 하고 있어. 그러니까 설거지만 이제 내가 먹은 거 설거지하고 이제 그리고 옷 옷이나 분리수거 이런 거는 엄마 아빠가 거의 다 하는 거 같아. 그 자취하면서 이런 설거지나 분리수거 때문에 막 오빠랑 막 싸우거나 그러진 않아? 난 지금 너무 자취를 하고 싶어. 왜냐하면은 일단 난 이제 혼자가 편하단 말이야. 그래 가지고 이제 나만의 일상생활 패턴이 있는데 어쨌든 가족이랑 살면은 아무리 가족이라도 쪼금 지켜야 되는 게 있으니까 그런 게 이제 좀 나한테는 너무 좀 힘들고 내가 하고 싶은 것도 너무 제한이 되는 거 같아서 학교 근처에서 자취하고 싶다는 생각은 있는데 이게 자취도 어쨌든 돈이 많이 깨지니까 쉽사리 하진 못 하고 있고. 음 아마 군대 갔다 와서 자취를 할 수 있으면 하지 않을까 이런 생각이 있어. 음 너는 음 너희 집 인테리어는 혹시 어떻게 돼 있어? 음 우리 집은 이번에 새로 지은 아파트여 가지고 그냥 전체적으로 완전 깔끔한 느낌으로 지금 돼 있는데 이게 아파 이제 방 청소를 쪼끔만 안 해도 이제 옷가 방이 좀 좁아 가지고 옷도 막 의자 위에 올라가 있고 침대 위에 뭉쳐져 있고. 그래 가지고 인테리어는 깔끔한데 방 정리는 되게 안 돼 있는 거 같아. 그리고 또 새로 지은 아파트라 했잖아. 이게 요즘에 새로 지어서 그런가. 아파트가 되게 개성이 넘치더라고. 건물도 막 다 이 모습이 막 다르고. 막 저게 아파트 건물이야 이런 것도 있고. 그리고 처음에 이사 왔을 때 첫날인데 집을 못 찾겠는 거야. 왜냐하면은 보통 아파트 단지가 뭐 몇 호부터 몇 호 1에서 3 3에서 5 이렇게 순서대로 있는데 거기는 막 1에서 3이랑 17에서 19 이렇게 붙어 있고. 막 이상하게 다 붙어 있는 거야. 그래 가지고 처음 이사 갔을 때 그 아파트 단지 안에서 길 잃어 가지고 한 20분 30분 정도 헤맸던 기억이 있어. 너는 만약에 이제 앞으로 회사 다니고 할 거면은 하면은 혼자 살게 되면은 서울에서 계속 살고 싶어? 아니면은 대구? 이게 새로 지은 아파트여 가지고 이게 헬스장이나 도서관 뭐 어린이집 이런 게 입주된다는 얘기만 있고 아직은 인프라가 갖춰지진 못한 거 같아. 그래서 헬스장도 아마 생긴다곤 하는데 어 언제 생길진 잘 모르겠고. 그 아파트 단지 내에 도서관은 지금도 운영하고 있고. 그거 말고도 뭔가 주민들 휴식 공간이라고 하면서 건물이 몇 개 있더라고. 거기서 막 좀 차 같은 거 마시고 막 떠들면서 있는 아줌마들도 있고. 그 빈백 빈백도 있잖아. 그런 것도 아파트 단지 내에 몇 개 깔아둔 거야. 그래 가지고 거기서 좀 누워서 막 떠드는 사람들도 보고 이런 시설이 좀 있었어.,0.014965986394557823,0.02857142857142857,0.013605442176870748,0.0013605442176870747,0.005442176870748299,0.0027210884353741495,0.0027210884353741495,0.02312925170068027,0.0326530612244898,0.02040816326530612,0.004081632653061225,0.0163265306122449,0.0013605442176870747,0.005442176870748299,0.013605442176870748,0.0027210884353741495,0.004081632653061225,0.004081632653061225,0.024489795918367346,0.021768707482993196,0.0013605442176870747,0.0013605442176870747,0.005442176870748299,0.006802721088435374,0.0013605442176870747,0.004081632653061225,0.02040816326530612,0.0013605442176870747,0.0013605442176870747,0.009523809523809525,0.04353741496598639,0.0013605442176870747,0.005442176870748299,0.0013605442176870747,0.010884353741496598,0.005442176870748299,0.0013605442176870747,0.0027210884353741495,0.012244897959183673,0.0013605442176870747,0.0013605442176870747,0.006802721088435374,0.004081632653061225,0.0027210884353741495,0.027210884353741496,0.009523809523809525,0.010884353741496598,0.0013605442176870747,0.006802721088435374,0.024489795918367346,0.010884353741496598,0.0013605442176870747,0.006802721088435374,0.0027210884353741495,0.0013605442176870747,0.005442176870748299,0.0013605442176870747,0.0013605442176870747,0.0013605442176870747,0.006802721088435374,0.0013605442176870747,0.0027210884353741495,0.0013605442176870747,0.0027210884353741495,0.013605442176870748,0.0013605442176870747,0.006802721088435374,0.0013605442176870747,0.02857142857142857,0.0027210884353741495,0.0027210884353741495,0.0027210884353741495,0.005442176870748299,0.0013605442176870747,0.00816326530612245,0.004081632653061225,0.00816326530612245,0.0013605442176870747,0.005442176870748299,0.0027210884353741495,0.0013605442176870747,0.0013605442176870747,0.0027210884353741495,0.0013605442176870747,0.0013605442176870747,0.0013605442176870747,0.005442176870748299,0.0013605442176870747,0.005442176870748299,0.0027210884353741495,0.0013605442176870747,0.0027210884353741495,0.0027210884353741495,0.005442176870748299,0.004081632653061225,0.0013605442176870747,0.0027210884353741495,0.0013605442176870747,0.0013605442176870747,0.0013605442176870747,0.005442176870748299,0.004081632653061225,0.0013605442176870747,0.0013605442176870747,0.0013605442176870747,0.0027210884353741495,0.009523809523809525,0.014965986394557823,0.0013605442176870747,0.0013605442176870747,0.0013605442176870747,0.0027210884353741495,0.0013605442176870747,0.004081632653061225,0.0013605442176870747,0.004081632653061225,0.0013605442176870747,0.0013605442176870747,0.0027210884353741495,0.0027210884353741495,0.0027210884353741495,0.0013605442176870747,0.0013605442176870747,0.0027210884353741495,0.0027210884353741495,0.0013605442176870747,0.0027210884353741495,0.0013605442176870747,0.0027210884353741495,0.0013605442176870747,0.0013605442176870747,0.0013605442176870747,0.0013605442176870747,0.0013605442176870747,0.0013605442176870747,0.0013605442176870747,0.005442176870748299,0.004081632653061225,0.0013605442176870747,0.0013605442176870747,0.0027210884353741495,0.0027210884353741495,0.0013605442176870747,0.0013605442176870747,0.0013605442176870747,0.004081632653061225,0.0013605442176870747,0.0013605442176870747,0.004081632653061225,0.0013605442176870747,0.0027210884353741495,0.005442176870748299,0.0027210884353741495,0.004081632653061225,0.0013605442176870747,0.005442176870748299,0.0027210884353741495,0.0013605442176870747,0.0013605442176870747,0.0013605442176870747,0.0013605442176870747,0.0027210884353741495,0.0013605442176870747,0.0013605442176870747,0.0013605442176870747,0.0013605442176870747,0.0013605442176870747,0.0027210884353741495,0.0027210884353741495,0.0013605442176870747,0.0013605442176870747,0.0013605442176870747,0.0013605442176870747,0.0013605442176870747,0.0013605442176870747,0.0013605442176870747,0.0013605442176870747,0.0013605442176870747,0.0013605442176870747,0.0013605442176870747,0.0027210884353741495,0.0013605442176870747,0.0027210884353741495,0.0013605442176870747,0.0013605442176870747,0.005442176870748299,0.005442176870748299,0.005442176870748299,0.0013605442176870747,0.0013605442176870747,0.0013605442176870747,0.0013605442176870747,0.0013605442176870747,0.0013605442176870747,0.0013605442176870747,0.0027210884353741495,0.0013605442176870747,0.0013605442176870747,0.0013605442176870747,0.0013605442176870747,0.0027210884353741495,0.0013605442176870747,0.0013605442176870747,0.0013605442176870747,0.004081632653061225,0.0013605442176870747,0.0013605442176870747,0.0013605442176870747,0.0013605442176870747,0.0027210884353741495,0.0013605442176870747,0.0013605442176870747,0.0013605442176870747,0.005442176870748299,0.0027210884353741495,0.0013605442176870747,0.0013605442176870747,0.0027210884353741495,0.0013605442176870747,0.0013605442176870747,0.0013605442176870747,0.0013605442176870747,0.0013605442176870747,0.0013605442176870747,0.0013605442176870747,0.0013605442176870747,0.0013605442176870747,0.0013605442176870747,0.0027210884353741495,0.0027210884353741495,0.0013605442176870747,0.0013605442176870747,0.0013605442176870747,0.0013605442176870747,0.0013605442176870747,0.0013605442176870747,0.0013605442176870747,0.0013605442176870747,0.0027210884353741495,0.0013605442176870747,0.0013605442176870747,0.0013605442176870747,0.0013605442176870747,0.0013605442176870747,0.0013605442176870747,0.0013605442176870747,0.0013605442176870747,0.0013605442176870747,0.0013605442176870747,0.0013605442176870747,0.0027210884353741495,0.0013605442176870747,0.0013605442176870747,0.0013605442176870747,0.0013605442176870747,0.0013605442176870747,0.0013605442176870747,0.0013605442176870747,0.0,0.0,0.0,0.0,0.0,0.0,0.0,0.0,0.0,0.0,0.0,0.0,0.0,0.0,0.0,0.0,0.0,0.0,0.0,0.0,0.0,0.0,0.0,0.0,0.0,0.0,0.0,0.0,0.0,0.0,0.0,0.0,0.0,0.0,0.0,0.0,0.0,0.0,0.0,0.0,0.0,0.0,0.0,0.0,0.0,0.0,0.0,0.0,0.0,0.0,0.0,0.0,0.0,0.0,0.0,0.0,0.0,0.0,0.0,0.0,0.0,0.0,0.0,0.0,0.0,0.0,0.0,0.0,0.0,0.0,0.0,0.0,0.0,0.0,0.0,0.0,0.0,0.0,0.0,0.0,0.0,0.0,0.0,0.0,0.0,0.0,0.0,0.0,0.0,0.0,0.0,0.0,0.0,0.0,0.0,0.0,0.0,0.0,0.0,0.0,0.0,0.0,0.0,0.0,0.0,0.0,0.0,0.0,0.0,0.0,0.0,0.0,0.0,0.0,0.0,0.0,0.0,0.0,0.0,0.0,0.0,0.0,0.0,0.0,0.0,0.0,0.0,0.0,0.0,0.0,0.0,0.0,0.0,0.0,0.0,0.0,0.0,0.0,0.0,0.0,0.0,0.0,0.0,0.0,0.0,0.0,0.0,0.0,0.0,0.0,0.0,0.0,0.0,0.0,0.0,0.0,0.0,0.0,0.0,0.0,0.0,0.0,0.0,0.0,0.0,0.0,0.0,0.0,0.0,0.0,0.0,0.0,0.0,0.0,0.0,0.0,0.0,0.0,0.0,0.0,0.0,0.0,0.0,0.0,0.0,0.0,0.0,0.0,0.0,0.0,0.0,0.0,0.0,0.0,0.0,0.0,0.0,0.0,0.0,0.0,0.0,0.0,0.0,0.0,0.0,0.0,0.0,0.0,0.0,0.0,0.0,0.0,0.0,0.0,0.0,0.0,0.0,0.0,0.0,0.0,0.0,0.0,0.0,0.0,0.0,0.0,0.0,0.0,0.0,0.0,0.0,0.0,0.0,0.0,0.0,0.0,0.0,0.0,0.0,0.0,0.0,0.0,0.0,0.0,0.0,0.0,0.0,0.0,0.0,0.0,0.0,0.0,0.0,0.0,0.0,0.0,0.0,0.0,0.0,0.0,0.0,0.0,0.0,0.0,0.0,0.0,0.0,0.0,0.0,0.0,0.0,0.0,0.0,0.0,0.0,0.0,0.0,0.0,0.0,0.0,0.0,0.0,0.0,0.0,0.0,0.0,0.0,0.0,0.0,0.0,0.0,0.0,0.0,0.0,0.0,0.0,0.0,0.0,0.0,0.0,0.0,0.0,0.0,0.0,0.0,0.0,0.0,0.0,0.0,0.0,0.0,0.0,0.0,0.0,0.0,0.0,0.0,0.0,0.0,0.0,0.0,0.0,0.0,0.0,0.0,0.0,0.0,0.0,0.0,0.0,0.0,0.0,0.0,0.0,0.0,0.0,0.0,0.0,0.0,0.0,0.0,0.0,0.0,0.0,0.0,0.0,0.0,1.0,0.0,0.0,0.0,0.0,0.0,0.0,0.0,0.0,0.0,0.0,0.0,0.0,0.0,0.0,0.0,0.0,0.0,0.0,0.0,0.0,0.0,0.0,0.0,0.0,0.0,0.0,0.0,0.0,0.0,0.0,0.0,0.0,0.0,0.0,0.0,0.0,0.0,0.0,0.0,0.0,0.0,0.0,0.0,0.0,0.0,0.0,0.0,0.0,0.0,0.0,0.0,0.0,0.0,0.0,0.0,0.0,0.0,0.0,0.0,0.0,0.0,0.0,0.0,0.0,0.0,0.0,0.0,0.0,0.0,0.0,0.0,0.0,0.0,0.0,0.0,0.0,0.0,0.0,0.0,0.0,0.0,0.0,0.0,0.0,0.0,0.0,0.0,0.0,0.0,0.0,0.0,0.0,0.0,0.0,0.0,0.0,0.0,0.0,0.0,0.0,0.0,0.0,0.0,0.0,0.0,0.0,0.0,0.0,0.0,0.0,0.0,0.0,0.0,0.0,0.0,0.0,0.0,0.0,0.0,0.0,0.0,0.0,0.0,0.0,0.0,0.0,0.0,0.0,0.0,0.0,0.0,0.0,0.0,0.0,0.0,0.0,0.0,0.0,0.0,0.0,0.0,0.0,0.0,0.0,0.0,0.0,0.0,0.0,0.0,0.0,0.0,0.0,0.0,0.0,0.0,0.0,0.0,0.0,0.0,0.0,0.0,0.0,0.0,0.0,0.0,0.0,0.0,0.0,0.0,0.0,0.0,0.0,0.0,0.0,0.0,0.0,0.0,0.0,0.0,0.0,0.0,0.0,0.0,0.0,0.0,0.0,0.0,0.0,0.0,0.0,0.0,0.0,0.0,0.0,0.0,0.0,0.0,0.0,0.0,0.0,0.0,0.0,0.0,0.0,0.0,0.0,0.0,0.0,0.0,0.0,0.0,0.0,0.0,0.0,0.0,0.0,0.0,0.0,0.0,0.0,0.0,0.0,0.0,0.0,0.0,0.0,0.0,0.0,0.0,0.0,0.0,0.0,0.0,0.0,0.0,0.0,0.0,0.0,0.0,0.0,0.0,0.0,0.0,0.0,0.0,0.0,0.0,0.0,0.0,0.0,0.0,0.0,0.0,0.0,0.0,0.0,0.0,0.0,0.0,0.0,0.0,0.0,0.0,0.0,0.0,0.0,0.0,0.0,0.0,0.0,0.0,0.0,0.0,0.0,0.0,0.0,0.0,0.0,0.0,0.0,0.0,0.0,0.0,0.0,0.0,0.0,0.0,0.0,0.0,0.0,0.0,0.0,0.0,0.0,0.0,0.0,0.0,0.0,0.0,0.0,0.0,0.0,0.0,0.0,0.0,0.0,0.0,0.0,0.0,0.0,0.0,0.0,0.0,0.0,0.0,0.0,0.0,0.0,0.0,0.0,0.0,0.0,0.0,0.0,0.0,0.0,0.0,0.0,0.0,0.0,0.0,0.0,0.0,0.0,0.0,0.0,0.0,0.0,0.0,0.0,0.0,0.0,0.0,0.0,0.0,0.0,0.0,0.0,0.0,0.0,0.0,0.0,0.0,0.0,0.0,0.0,0.0,0.0,0.0,0.0,0.0,0.0,0.0,0.0,0.0,0.0,0.0,0.0,0.0,0.0,0.0,0.0,0.0,0.0,0.0,0.0,0.0,0.0,0.0,0.0,0.0,0.0,0.0,0.0,0.0,0.0,0.0,0.0,0.0,0.0,0.0,0.0,0.0,0.0,0.0,0.0,0.0,0.0,0.0,0.0,0.0,0.0,0.0,0.0,0.0,0.0,0.0,0.0,0.0,0.0,0.0,0.0,0.0,0.0,0.0,0.0,0.0,0.0,0.0,0.0,0.0,0.0,0.0,0.0,0.0,0.0,0.0,0.0,0.0,0.0,0.0,0.0,0.0,0.0,0.0,0.0,0.0,0.0,0.0,0.0,0.0,0.0,0.0,0.0,0.0,0.0,0.0,0.0,0.0,0.0,0.0,0.0,0.0,0.0,0.0,0.0,0.0,0.0,0.0,0.0,0.0,0.0,0.0,0.0,0.0,0.0,0.0,0.0,0.0,0.0,0.0,0.0,0.0,0.0,0.0,0.0,0.0,0.0,0.0,0.0,0.0,0.0,0.0,0.0,0.0,0.0,0.0,0.0,0.0,0.0,0.0,0.0,0.0,0.0,0.0,0.0,0.0,0.0,0.0,0.0,0.0,0.0,0.0,0.0,0.0,0.0,0.0,0.0,0.0,0.0,0.0,0.0,0.0,0.0,0.0,0.0,0.0,0.0,0.0,0.0,0.0,0.0,0.0,0.0,0.0,0.0,0.0,0.0,0.0,0.0,0.0,0.0,0.0,0.0,0.0,0.0,0.0,0.0,0.0,0.0,0.0,0.0,0.0,0.0,0.0,0.0,0.0,0.0,0.0,0.0,0.0,0.0,0.0,0.0,0.0,0.0,0.0,0.0,0.0,0.0,0.0,0.0,0.0,0.0,0.0,0.0,0.0,0.0,0.0,0.0,0.0,0.0,0.0,0.0
SD2401267,20대,너희 집은 지금 오피스텔이잖아. 그 층간 소음 좀 있는 거 같아? 나 지금 7층 사는데 딱히 층간 소음은 없는 거 같은데 좀 그 아파트에 이상한 사람은 좀 있는 거 같더라. 왜냐하면은 우리가 집에 아무도 없는 상태였는데 갑자기 밑의 집에서 올라온다 아 그 밑의 집인가 어디서 막 신고가 들어왔다는 거야. 이 이 시간이 너무 시끄러웠었다고. 그래 가지고 그게 그게 꼭 밑의 집은 아니고 밑의 층은 아니었던 거 같은데 그런 사람이 좀 있어서 좀 뭐지 좀 조심해야겠다 이런 적은 있었어. 이런 적이 있어. 그리고 너는 지금 자취를 그 1곳에서만 했던 거야 이사 없이? 나도 지금 누나랑 같이 살라고 하면은 절대 못 살 거 같아. 누나랑 진짜 맞는 게 하나도 없단 말이야. 누나도 막 나도 새벽에 전화하면은 누나가 뭐라 하고. 어떨 때 누나가 새벽에 게임하면 또 나한테 이제 내가 이제 스트레스받고. 그래서 이제 만약에 내가 너처럼 그러니까 형제 같이 살라고 하면은 나는 못 살 거 같아. 그리고 그리고 그 이사를 좀 많이 다녔었는데 이사 다닐 때마다 이제 방이 있긴 한데 이게 크기가 이제 큰방 작은방이 있었단 말이야. 그래 가지고 누가 큰방 쓸 거냐 이런 거 때문에 또 엄청 싸운 적 싸웠었고 싸웠었던 거 같아. 그러면 본가도 그러면 지금 살던 데 쭉 계속 살고 있었던 거야 어릴 때부터? 나는 이제 어릴 때부터 정말 많이 다녔었는데 초등학교랑 중학교 때까지는 그래도 한동네 내에서 왔다 갔다 했던 거여서 좀 이제 이사하느라 좀 귀찮고 막 집 바뀌는 게 좀 불편 적응이 안 되 초반에 적응이 안 되는 게 있긴 했어도 이 친구들이랑 멀어진다 이런 거 없어서 괜찮았는데 중학교 3학년에서 이제 고등학교 때 한번 아예 학 그 학 우리 지금 다니는 학교 쪽으로 이사를 왔었단 말이야. 근데 그때 정말 좀 좋았던 친구들인데 완전 멀어지니까 그때 쪼끔 이제 스트레스를 받았었던 경험이 있고. 그래서 또 그래 가지고 이제 고등학교 1학년 때에서부터 2학년 때 또 이사를 가야 되는 상황이 된 거야. 근데 그래서 원래 다니던 고등학교 쪽으로 가려 했었는데 그러진 않고 이제 다시 원래 동네로 돌아갔었던 적이 있어. 나도 그런 전원주택에서 사는 꿈 같은 게 있었던 거 같아. 그 내가 직접 집을 만들고 아 설계해서 막 비밀 공간이나 아 이제 정말 큰 목욕탕이나 아니면 음 어떤 작업실 뭐 이런 걸 만들어 두고 싶다는 생각이 있었어. 만들고 싶다는. 그리 너 근데 지금 자취하고 있잖아. 그러면 그 가전제품 같은 거는 뭐 뭐 있어? 어 이러면 안 되는데. 나는 이제 본가에 살잖아. 어 집안일을 거의 다 안 하고 엄마가 하고 있어. 그러니까 설거지만 이제 내가 먹은 거 설거지하고 이제 그리고 옷 옷이나 분리수거 이런 거는 엄마 아빠가 거의 다 하는 거 같아. 그 자취하면서 이런 설거지나 분리수거 때문에 막 오빠랑 막 싸우거나 그러진 않아? 난 지금 너무 자취를 하고 싶어. 왜냐하면은 일단 난 이제 혼자가 편하단 말이야. 그래 가지고 이제 나만의 일상생활 패턴이 있는데 어쨌든 가족이랑 살면은 아무리 가족이라도 쪼금 지켜야 되는 게 있으니까 그런 게 이제 좀 나한테는 너무 좀 힘들고 내가 하고 싶은 것도 너무 제한이 되는 거 같아서 학교 근처에서 자취하고 싶다는 생각은 있는데 이게 자취도 어쨌든 돈이 많이 깨지니까 쉽사리 하진 못 하고 있고. 음 아마 군대 갔다 와서 자취를 할 수 있으면 하지 않을까 이런 생각이 있어. 음 너는 음 너희 집 인테리어는 혹시 어떻게 돼 있어? 음 우리 집은 이번에 새로 지은 아파트여 가지고 그냥 전체적으로 완전 깔끔한 느낌으로 지금 돼 있는데 이게 아파 이제 방 청소를 쪼끔만 안 해도 이제 옷가 방이 좀 좁아 가지고 옷도 막 의자 위에 올라가 있고 침대 위에 뭉쳐져 있고. 그래 가지고 인테리어는 깔끔한데 방 정리는 되게 안 돼 있는 거 같아. 그리고 또 새로 지은 아파트라 했잖아. 이게 요즘에 새로 지어서 그런가. 아파트가 되게 개성이 넘치더라고. 건물도 막 다 이 모습이 막 다르고. 막 저게 아파트 건물이야 이런 것도 있고. 그리고 처음에 이사 왔을 때 첫날인데 집을 못 찾겠는 거야. 왜냐하면은 보통 아파트 단지가 뭐 몇 호부터 몇 호 1에서 3 3에서 5 이렇게 순서대로 있는데 거기는 막 1에서 3이랑 17에서 19 이렇게 붙어 있고. 막 이상하게 다 붙어 있는 거야. 그래 가지고 처음 이사 갔을 때 그 아파트 단지 안에서 길 잃어 가지고 한 20분 30분 정도 헤맸던 기억이 있어. 너는 만약에 이제 앞으로 회사 다니고 할 거면은 하면은 혼자 살게 되면은 서울에서 계속 살고 싶어? 아니면은 대구? 이게 새로 지은 아파트여 가지고 이게 헬스장이나 도서관 뭐 어린이집 이런 게 입주된다는 얘기만 있고 아직은 인프라가 갖춰지진 못한 거 같아. 그래서 헬스장도 아마 생긴다곤 하는데 어 언제 생길진 잘 모르겠고. 그 아파트 단지 내에 도서관은 지금도 운영하고 있고. 그거 말고도 뭔가 주민들 휴식 공간이라고 하면서 건물이 몇 개 있더라고. 거기서 막 좀 차 같은 거 마시고 막 떠들면서 있는 아줌마들도 있고. 그 빈백 빈백도 있잖아. 그런 것도 아파트 단지 내에 몇 개 깔아둔 거야. 그래 가지고 거기서 좀 누워서 막 떠드는 사람들도 보고 이런 시설이 좀 있었어.,0.014965986394557823,0.02857142857142857,0.013605442176870748,0.0013605442176870747,0.005442176870748299,0.0027210884353741495,0.0027210884353741495,0.02312925170068027,0.0326530612244898,0.02040816326530612,0.004081632653061225,0.0163265306122449,0.0013605442176870747,0.005442176870748299,0.013605442176870748,0.0027210884353741495,0.004081632653061225,0.004081632653061225,0.024489795918367346,0.021768707482993196,0.0013605442176870747,0.0013605442176870747,0.005442176870748299,0.006802721088435374,0.0013605442176870747,0.004081632653061225,0.02040816326530612,0.0013605442176870747,0.0013605442176870747,0.009523809523809525,0.04353741496598639,0.0013605442176870747,0.005442176870748299,0.0013605442176870747,0.010884353741496598,0.005442176870748299,0.0013605442176870747,0.0027210884353741495,0.012244897959183673,0.0013605442176870747,0.0013605442176870747,0.006802721088435374,0.004081632653061225,0.0027210884353741495,0.027210884353741496,0.009523809523809525,0.010884353741496598,0.0013605442176870747,0.006802721088435374,0.024489795918367346,0.010884353741496598,0.0013605442176870747,0.006802721088435374,0.0027210884353741495,0.0013605442176870747,0.005442176870748299,0.0013605442176870747,0.0013605442176870747,0.0013605442176870747,0.006802721088435374,0.0013605442176870747,0.0027210884353741495,0.0013605442176870747,0.0027210884353741495,0.013605442176870748,0.0013605442176870747,0.006802721088435374,0.0013605442176870747,0.02857142857142857,0.0027210884353741495,0.0027210884353741495,0.0027210884353741495,0.005442176870748299,0.0013605442176870747,0.00816326530612245,0.004081632653061225,0.00816326530612245,0.0013605442176870747,0.005442176870748299,0.0027210884353741495,0.0013605442176870747,0.0013605442176870747,0.0027210884353741495,0.0013605442176870747,0.0013605442176870747,0.0013605442176870747,0.005442176870748299,0.0013605442176870747,0.005442176870748299,0.0027210884353741495,0.0013605442176870747,0.0027210884353741495,0.0027210884353741495,0.005442176870748299,0.004081632653061225,0.0013605442176870747,0.0027210884353741495,0.0013605442176870747,0.0013605442176870747,0.0013605442176870747,0.005442176870748299,0.004081632653061225,0.0013605442176870747,0.0013605442176870747,0.0013605442176870747,0.0027210884353741495,0.009523809523809525,0.014965986394557823,0.0013605442176870747,0.0013605442176870747,0.0013605442176870747,0.0027210884353741495,0.0013605442176870747,0.004081632653061225,0.0013605442176870747,0.004081632653061225,0.0013605442176870747,0.0013605442176870747,0.0027210884353741495,0.0027210884353741495,0.0027210884353741495,0.0013605442176870747,0.0013605442176870747,0.0027210884353741495,0.0027210884353741495,0.0013605442176870747,0.0027210884353741495,0.0013605442176870747,0.0027210884353741495,0.0013605442176870747,0.0013605442176870747,0.0013605442176870747,0.0013605442176870747,0.0013605442176870747,0.0013605442176870747,0.0013605442176870747,0.005442176870748299,0.004081632653061225,0.0013605442176870747,0.0013605442176870747,0.0027210884353741495,0.0027210884353741495,0.0013605442176870747,0.0013605442176870747,0.0013605442176870747,0.004081632653061225,0.0013605442176870747,0.0013605442176870747,0.004081632653061225,0.0013605442176870747,0.0027210884353741495,0.005442176870748299,0.0027210884353741495,0.004081632653061225,0.0013605442176870747,0.005442176870748299,0.0027210884353741495,0.0013605442176870747,0.0013605442176870747,0.0013605442176870747,0.0013605442176870747,0.0027210884353741495,0.0013605442176870747,0.0013605442176870747,0.0013605442176870747,0.0013605442176870747,0.0013605442176870747,0.0027210884353741495,0.0027210884353741495,0.0013605442176870747,0.0013605442176870747,0.0013605442176870747,0.0013605442176870747,0.0013605442176870747,0.0013605442176870747,0.0013605442176870747,0.0013605442176870747,0.0013605442176870747,0.0013605442176870747,0.0013605442176870747,0.0027210884353741495,0.0013605442176870747,0.0027210884353741495,0.0013605442176870747,0.0013605442176870747,0.005442176870748299,0.005442176870748299,0.005442176870748299,0.0013605442176870747,0.0013605442176870747,0.0013605442176870747,0.0013605442176870747,0.0013605442176870747,0.0013605442176870747,0.0013605442176870747,0.0027210884353741495,0.0013605442176870747,0.0013605442176870747,0.0013605442176870747,0.0013605442176870747,0.0027210884353741495,0.0013605442176870747,0.0013605442176870747,0.0013605442176870747,0.004081632653061225,0.0013605442176870747,0.0013605442176870747,0.0013605442176870747,0.0013605442176870747,0.0027210884353741495,0.0013605442176870747,0.0013605442176870747,0.0013605442176870747,0.005442176870748299,0.0027210884353741495,0.0013605442176870747,0.0013605442176870747,0.0027210884353741495,0.0013605442176870747,0.0013605442176870747,0.0013605442176870747,0.0013605442176870747,0.0013605442176870747,0.0013605442176870747,0.0013605442176870747,0.0013605442176870747,0.0013605442176870747,0.0013605442176870747,0.0027210884353741495,0.0027210884353741495,0.0013605442176870747,0.0013605442176870747,0.0013605442176870747,0.0013605442176870747,0.0013605442176870747,0.0013605442176870747,0.0013605442176870747,0.0013605442176870747,0.0027210884353741495,0.0013605442176870747,0.0013605442176870747,0.0013605442176870747,0.0013605442176870747,0.0013605442176870747,0.0013605442176870747,0.0013605442176870747,0.0013605442176870747,0.0013605442176870747,0.0013605442176870747,0.0013605442176870747,0.0027210884353741495,0.0013605442176870747,0.0013605442176870747,0.0013605442176870747,0.0013605442176870747,0.0013605442176870747,0.0013605442176870747,0.0013605442176870747,0.0,0.0,0.0,0.0,0.0,0.0,0.0,0.0,0.0,0.0,0.0,0.0,0.0,0.0,0.0,0.0,0.0,0.0,0.0,0.0,0.0,0.0,0.0,0.0,0.0,0.0,0.0,0.0,0.0,0.0,0.0,0.0,0.0,0.0,0.0,0.0,0.0,0.0,0.0,0.0,0.0,0.0,0.0,0.0,0.0,0.0,0.0,0.0,0.0,0.0,0.0,0.0,0.0,0.0,0.0,0.0,0.0,0.0,0.0,0.0,0.0,0.0,0.0,0.0,0.0,0.0,0.0,0.0,0.0,0.0,0.0,0.0,0.0,0.0,0.0,0.0,0.0,0.0,0.0,0.0,0.0,0.0,0.0,0.0,0.0,0.0,0.0,0.0,0.0,0.0,0.0,0.0,0.0,0.0,0.0,0.0,0.0,0.0,0.0,0.0,0.0,0.0,0.0,0.0,0.0,0.0,0.0,0.0,0.0,0.0,0.0,0.0,0.0,0.0,0.0,0.0,0.0,0.0,0.0,0.0,0.0,0.0,0.0,0.0,0.0,0.0,0.0,0.0,0.0,0.0,0.0,0.0,0.0,0.0,0.0,0.0,0.0,0.0,0.0,0.0,0.0,0.0,0.0,0.0,0.0,0.0,0.0,0.0,0.0,0.0,0.0,0.0,0.0,0.0,0.0,0.0,0.0,0.0,0.0,0.0,0.0,0.0,0.0,0.0,0.0,0.0,0.0,0.0,0.0,0.0,0.0,0.0,0.0,0.0,0.0,0.0,0.0,0.0,0.0,0.0,0.0,0.0,0.0,0.0,0.0,0.0,0.0,0.0,0.0,0.0,0.0,0.0,0.0,0.0,0.0,0.0,0.0,0.0,0.0,0.0,0.0,0.0,0.0,0.0,0.0,0.0,0.0,0.0,0.0,0.0,0.0,0.0,0.0,0.0,0.0,0.0,0.0,0.0,0.0,0.0,0.0,0.0,0.0,0.0,0.0,0.0,0.0,0.0,0.0,0.0,0.0,0.0,0.0,0.0,0.0,0.0,0.0,0.0,0.0,0.0,0.0,0.0,0.0,0.0,0.0,0.0,0.0,0.0,0.0,0.0,0.0,0.0,0.0,0.0,0.0,0.0,0.0,0.0,0.0,0.0,0.0,0.0,0.0,0.0,0.0,0.0,0.0,0.0,0.0,0.0,0.0,0.0,0.0,0.0,0.0,0.0,0.0,0.0,0.0,0.0,0.0,0.0,0.0,0.0,0.0,0.0,0.0,0.0,0.0,0.0,0.0,0.0,0.0,0.0,0.0,0.0,0.0,0.0,0.0,0.0,0.0,0.0,0.0,0.0,0.0,0.0,0.0,0.0,0.0,0.0,0.0,0.0,0.0,0.0,0.0,0.0,0.0,0.0,0.0,0.0,0.0,0.0,0.0,0.0,0.0,0.0,0.0,0.0,0.0,0.0,0.0,0.0,0.0,0.0,0.0,0.0,0.0,0.0,0.0,0.0,0.0,0.0,0.0,0.0,0.0,0.0,0.0,0.0,0.0,0.0,0.0,0.47762539327735615,0.0,0.0,0.0,0.0,0.0,0.0,0.0,0.0,0.0,0.0,0.0,0.0,0.0,0.0,0.0,0.0,0.0,0.0,0.0,0.0,0.0,0.0,0.0,0.0,0.0,0.0,0.0,0.0,0.0,0.0,0.0,0.0,0.0,0.0,0.0,0.0,0.0,0.0,0.0,0.0,0.0,0.0,0.0,0.0,0.0,0.0,0.0,0.0,0.0,0.0,0.0,0.0,0.0,0.0,0.0,0.0,0.0,0.0,0.0,0.0,0.0,0.0,0.0,0.0,0.0,0.0,0.0,0.0,0.0,0.0,0.0,0.0,0.0,0.0,0.0,0.0,0.0,0.0,0.0,0.0,0.0,0.0,0.0,0.0,0.0,0.0,0.0,0.0,0.0,0.0,0.0,0.0,0.0,0.0,0.0,0.0,0.0,0.0,0.0,0.0,0.0,0.0,0.0,0.0,0.0,0.0,0.0,0.0,0.0,0.0,0.0,0.0,0.0,0.0,0.0,0.0,0.0,0.0,0.0,0.0,0.0,0.0,0.0,0.0,0.0,0.0,0.0,0.0,0.0,0.0,0.0,0.0,0.0,0.0,0.0,0.0,0.0,0.0,0.0,0.0,0.0,0.0,0.0,0.0,0.0,0.0,0.0,0.0,0.0,0.0,0.0,0.0,0.0,0.0,0.0,0.0,0.0,0.0,0.0,0.0,0.0,0.0,0.0,0.0,0.0,0.0,0.0,0.0,0.0,0.0,0.0,0.0,0.0,0.0,0.0,0.0,0.0,0.0,0.0,0.0,0.0,0.0,0.0,0.0,0.0,0.0,0.0,0.0,0.0,0.0,0.0,0.0,0.0,0.0,0.0,0.0,0.0,0.0,0.0,0.0,0.0,0.0,0.0,0.0,0.0,0.0,0.0,0.0,0.0,0.0,0.0,0.0,0.0,0.0,0.0,0.0,0.0,0.0,0.0,0.0,0.0,0.0,0.0,0.0,0.0,0.0,0.0,0.0,0.0,0.0,0.0,0.0,0.0,0.0,0.0,0.0,0.0,0.0,0.0,0.0,0.0,0.0,0.0,0.0,0.0,0.0,0.0,0.0,0.0,0.0,0.0,0.0,0.0,0.0,0.0,0.0,0.0,0.0,0.0,0.0,0.0,0.0,0.0,0.0,0.0,0.0,0.0,0.0,0.0,0.0,0.0,0.0,0.0,0.0,0.0,0.0,0.0,0.0,0.0,0.0,0.0,0.0,0.0,0.0,0.0,0.0,0.0,0.0,0.0,0.0,0.0,0.0,0.47762539327735615,0.0,0.0,0.0,0.0,0.0,0.0,0.0,0.0,0.0,0.0,0.0,0.0,0.0,0.0,0.0,0.0,0.0,0.0,0.0,0.0,0.0,0.0,0.0,0.0,0.0,0.0,0.0,0.0,0.0,0.0,0.0,0.0,0.0,0.0,0.0,0.0,0.0,0.0,0.0,0.0,0.0,0.0,0.0,0.0,0.0,0.0,0.0,0.0,0.0,0.0,0.0,0.0,0.0,0.0,0.0,0.0,0.0,0.0,0.0,0.0,0.0,0.0,0.0,0.0,0.0,0.0,0.0,0.0,0.0,0.0,0.0,0.0,0.0,0.0,0.0,0.0,0.0,0.0,0.47762539327735615,0.0,0.0,0.0,0.0,0.0,0.0,0.0,0.0,0.0,0.0,0.0,0.0,0.0,0.0,0.0,0.0,0.0,0.3350062145489673,0.0,0.0,0.0,0.0,0.0,0.0,0.0,0.0,0.0,0.0,0.0,0.0,0.0,0.0,0.0,0.0,0.0,0.0,0.0,0.0,0.0,0.0,0.0,0.0,0.0,0.0,0.0,0.0,0.0,0.0,0.0,0.0,0.0,0.0,0.0,0.0,0.0,0.0,0.0,0.0,0.0,0.0,0.0,0.0,0.0,0.0,0.0,0.0,0.0,0.0,0.0,0.0,0.0,0.0,0.0,0.0,0.0,0.0,0.0,0.0,0.0,0.0,0.0,0.0,0.0,0.0,0.0,0.0,0.0,0.0,0.0,0.0,0.0,0.0,0.0,0.0,0.0,0.0,0.0,0.0,0.0,0.0,0.0,0.0,0.0,0.0,0.0,0.0,0.0,0.0,0.0,0.0,0.0,0.0,0.0,0.0,0.0,0.0,0.0,0.0,0.0,0.0,0.0,0.0,0.0,0.0,0.0,0.0,0.0,0.0,0.0,0.0,0.0,0.0,0.0,0.0,0.0,0.0,0.0,0.0,0.0,0.0,0.0,0.0,0.0,0.0,0.0,0.0,0.0,0.0,0.0,0.0,0.0,0.0,0.0,0.0,0.0,0.0,0.0,0.0,0.0,0.0,0.0,0.0,0.0,0.0,0.0,0.0,0.0,0.0,0.0,0.0,0.0,0.0,0.0,0.0,0.0,0.0,0.0,0.0,0.0,0.0,0.0,0.0,0.45099089492308375,0.0,0.0,0.0,0.0,0.0,0.0,0.0,0.0,0.0,0.0,0.0,0.0,0.0,0.0,0.0
SD2401267,20대,너희 집은 지금 오피스텔이잖아. 그 층간 소음 좀 있는 거 같아? 나 지금 7층 사는데 딱히 층간 소음은 없는 거 같은데 좀 그 아파트에 이상한 사람은 좀 있는 거 같더라. 왜냐하면은 우리가 집에 아무도 없는 상태였는데 갑자기 밑의 집에서 올라온다 아 그 밑의 집인가 어디서 막 신고가 들어왔다는 거야. 이 이 시간이 너무 시끄러웠었다고. 그래 가지고 그게 그게 꼭 밑의 집은 아니고 밑의 층은 아니었던 거 같은데 그런 사람이 좀 있어서 좀 뭐지 좀 조심해야겠다 이런 적은 있었어. 이런 적이 있어. 그리고 너는 지금 자취를 그 1곳에서만 했던 거야 이사 없이? 나도 지금 누나랑 같이 살라고 하면은 절대 못 살 거 같아. 누나랑 진짜 맞는 게 하나도 없단 말이야. 누나도 막 나도 새벽에 전화하면은 누나가 뭐라 하고. 어떨 때 누나가 새벽에 게임하면 또 나한테 이제 내가 이제 스트레스받고. 그래서 이제 만약에 내가 너처럼 그러니까 형제 같이 살라고 하면은 나는 못 살 거 같아. 그리고 그리고 그 이사를 좀 많이 다녔었는데 이사 다닐 때마다 이제 방이 있긴 한데 이게 크기가 이제 큰방 작은방이 있었단 말이야. 그래 가지고 누가 큰방 쓸 거냐 이런 거 때문에 또 엄청 싸운 적 싸웠었고 싸웠었던 거 같아. 그러면 본가도 그러면 지금 살던 데 쭉 계속 살고 있었던 거야 어릴 때부터? 나는 이제 어릴 때부터 정말 많이 다녔었는데 초등학교랑 중학교 때까지는 그래도 한동네 내에서 왔다 갔다 했던 거여서 좀 이제 이사하느라 좀 귀찮고 막 집 바뀌는 게 좀 불편 적응이 안 되 초반에 적응이 안 되는 게 있긴 했어도 이 친구들이랑 멀어진다 이런 거 없어서 괜찮았는데 중학교 3학년에서 이제 고등학교 때 한번 아예 학 그 학 우리 지금 다니는 학교 쪽으로 이사를 왔었단 말이야. 근데 그때 정말 좀 좋았던 친구들인데 완전 멀어지니까 그때 쪼끔 이제 스트레스를 받았었던 경험이 있고. 그래서 또 그래 가지고 이제 고등학교 1학년 때에서부터 2학년 때 또 이사를 가야 되는 상황이 된 거야. 근데 그래서 원래 다니던 고등학교 쪽으로 가려 했었는데 그러진 않고 이제 다시 원래 동네로 돌아갔었던 적이 있어. 나도 그런 전원주택에서 사는 꿈 같은 게 있었던 거 같아. 그 내가 직접 집을 만들고 아 설계해서 막 비밀 공간이나 아 이제 정말 큰 목욕탕이나 아니면 음 어떤 작업실 뭐 이런 걸 만들어 두고 싶다는 생각이 있었어. 만들고 싶다는. 그리 너 근데 지금 자취하고 있잖아. 그러면 그 가전제품 같은 거는 뭐 뭐 있어? 어 이러면 안 되는데. 나는 이제 본가에 살잖아. 어 집안일을 거의 다 안 하고 엄마가 하고 있어. 그러니까 설거지만 이제 내가 먹은 거 설거지하고 이제 그리고 옷 옷이나 분리수거 이런 거는 엄마 아빠가 거의 다 하는 거 같아. 그 자취하면서 이런 설거지나 분리수거 때문에 막 오빠랑 막 싸우거나 그러진 않아? 난 지금 너무 자취를 하고 싶어. 왜냐하면은 일단 난 이제 혼자가 편하단 말이야. 그래 가지고 이제 나만의 일상생활 패턴이 있는데 어쨌든 가족이랑 살면은 아무리 가족이라도 쪼금 지켜야 되는 게 있으니까 그런 게 이제 좀 나한테는 너무 좀 힘들고 내가 하고 싶은 것도 너무 제한이 되는 거 같아서 학교 근처에서 자취하고 싶다는 생각은 있는데 이게 자취도 어쨌든 돈이 많이 깨지니까 쉽사리 하진 못 하고 있고. 음 아마 군대 갔다 와서 자취를 할 수 있으면 하지 않을까 이런 생각이 있어. 음 너는 음 너희 집 인테리어는 혹시 어떻게 돼 있어? 음 우리 집은 이번에 새로 지은 아파트여 가지고 그냥 전체적으로 완전 깔끔한 느낌으로 지금 돼 있는데 이게 아파 이제 방 청소를 쪼끔만 안 해도 이제 옷가 방이 좀 좁아 가지고 옷도 막 의자 위에 올라가 있고 침대 위에 뭉쳐져 있고. 그래 가지고 인테리어는 깔끔한데 방 정리는 되게 안 돼 있는 거 같아. 그리고 또 새로 지은 아파트라 했잖아. 이게 요즘에 새로 지어서 그런가. 아파트가 되게 개성이 넘치더라고. 건물도 막 다 이 모습이 막 다르고. 막 저게 아파트 건물이야 이런 것도 있고. 그리고 처음에 이사 왔을 때 첫날인데 집을 못 찾겠는 거야. 왜냐하면은 보통 아파트 단지가 뭐 몇 호부터 몇 호 1에서 3 3에서 5 이렇게 순서대로 있는데 거기는 막 1에서 3이랑 17에서 19 이렇게 붙어 있고. 막 이상하게 다 붙어 있는 거야. 그래 가지고 처음 이사 갔을 때 그 아파트 단지 안에서 길 잃어 가지고 한 20분 30분 정도 헤맸던 기억이 있어. 너는 만약에 이제 앞으로 회사 다니고 할 거면은 하면은 혼자 살게 되면은 서울에서 계속 살고 싶어? 아니면은 대구? 이게 새로 지은 아파트여 가지고 이게 헬스장이나 도서관 뭐 어린이집 이런 게 입주된다는 얘기만 있고 아직은 인프라가 갖춰지진 못한 거 같아. 그래서 헬스장도 아마 생긴다곤 하는데 어 언제 생길진 잘 모르겠고. 그 아파트 단지 내에 도서관은 지금도 운영하고 있고. 그거 말고도 뭔가 주민들 휴식 공간이라고 하면서 건물이 몇 개 있더라고. 거기서 막 좀 차 같은 거 마시고 막 떠들면서 있는 아줌마들도 있고. 그 빈백 빈백도 있잖아. 그런 것도 아파트 단지 내에 몇 개 깔아둔 거야. 그래 가지고 거기서 좀 누워서 막 떠드는 사람들도 보고 이런 시설이 좀 있었어.,0.014965986394557823,0.02857142857142857,0.013605442176870748,0.0013605442176870747,0.005442176870748299,0.0027210884353741495,0.0027210884353741495,0.02312925170068027,0.0326530612244898,0.02040816326530612,0.004081632653061225,0.0163265306122449,0.0013605442176870747,0.005442176870748299,0.013605442176870748,0.0027210884353741495,0.004081632653061225,0.004081632653061225,0.024489795918367346,0.021768707482993196,0.0013605442176870747,0.0013605442176870747,0.005442176870748299,0.006802721088435374,0.0013605442176870747,0.004081632653061225,0.02040816326530612,0.0013605442176870747,0.0013605442176870747,0.009523809523809525,0.04353741496598639,0.0013605442176870747,0.005442176870748299,0.0013605442176870747,0.010884353741496598,0.005442176870748299,0.0013605442176870747,0.0027210884353741495,0.012244897959183673,0.0013605442176870747,0.0013605442176870747,0.006802721088435374,0.004081632653061225,0.0027210884353741495,0.027210884353741496,0.009523809523809525,0.010884353741496598,0.0013605442176870747,0.006802721088435374,0.024489795918367346,0.010884353741496598,0.0013605442176870747,0.006802721088435374,0.0027210884353741495,0.0013605442176870747,0.005442176870748299,0.0013605442176870747,0.0013605442176870747,0.0013605442176870747,0.006802721088435374,0.0013605442176870747,0.0027210884353741495,0.0013605442176870747,0.0027210884353741495,0.013605442176870748,0.0013605442176870747,0.006802721088435374,0.0013605442176870747,0.02857142857142857,0.0027210884353741495,0.0027210884353741495,0.0027210884353741495,0.005442176870748299,0.0013605442176870747,0.00816326530612245,0.004081632653061225,0.00816326530612245,0.0013605442176870747,0.005442176870748299,0.0027210884353741495,0.0013605442176870747,0.0013605442176870747,0.0027210884353741495,0.0013605442176870747,0.0013605442176870747,0.0013605442176870747,0.005442176870748299,0.0013605442176870747,0.005442176870748299,0.0027210884353741495,0.0013605442176870747,0.0027210884353741495,0.0027210884353741495,0.005442176870748299,0.004081632653061225,0.0013605442176870747,0.0027210884353741495,0.0013605442176870747,0.0013605442176870747,0.0013605442176870747,0.005442176870748299,0.004081632653061225,0.0013605442176870747,0.0013605442176870747,0.0013605442176870747,0.0027210884353741495,0.009523809523809525,0.014965986394557823,0.0013605442176870747,0.0013605442176870747,0.0013605442176870747,0.0027210884353741495,0.0013605442176870747,0.004081632653061225,0.0013605442176870747,0.004081632653061225,0.0013605442176870747,0.0013605442176870747,0.0027210884353741495,0.0027210884353741495,0.0027210884353741495,0.0013605442176870747,0.0013605442176870747,0.0027210884353741495,0.0027210884353741495,0.0013605442176870747,0.0027210884353741495,0.0013605442176870747,0.0027210884353741495,0.0013605442176870747,0.0013605442176870747,0.0013605442176870747,0.0013605442176870747,0.0013605442176870747,0.0013605442176870747,0.0013605442176870747,0.005442176870748299,0.004081632653061225,0.0013605442176870747,0.0013605442176870747,0.0027210884353741495,0.0027210884353741495,0.0013605442176870747,0.0013605442176870747,0.0013605442176870747,0.004081632653061225,0.0013605442176870747,0.0013605442176870747,0.004081632653061225,0.0013605442176870747,0.0027210884353741495,0.005442176870748299,0.0027210884353741495,0.004081632653061225,0.0013605442176870747,0.005442176870748299,0.0027210884353741495,0.0013605442176870747,0.0013605442176870747,0.0013605442176870747,0.0013605442176870747,0.0027210884353741495,0.0013605442176870747,0.0013605442176870747,0.0013605442176870747,0.0013605442176870747,0.0013605442176870747,0.0027210884353741495,0.0027210884353741495,0.0013605442176870747,0.0013605442176870747,0.0013605442176870747,0.0013605442176870747,0.0013605442176870747,0.0013605442176870747,0.0013605442176870747,0.0013605442176870747,0.0013605442176870747,0.0013605442176870747,0.0013605442176870747,0.0027210884353741495,0.0013605442176870747,0.0027210884353741495,0.0013605442176870747,0.0013605442176870747,0.005442176870748299,0.005442176870748299,0.005442176870748299,0.0013605442176870747,0.0013605442176870747,0.0013605442176870747,0.0013605442176870747,0.0013605442176870747,0.0013605442176870747,0.0013605442176870747,0.0027210884353741495,0.0013605442176870747,0.0013605442176870747,0.0013605442176870747,0.0013605442176870747,0.0027210884353741495,0.0013605442176870747,0.0013605442176870747,0.0013605442176870747,0.004081632653061225,0.0013605442176870747,0.0013605442176870747,0.0013605442176870747,0.0013605442176870747,0.0027210884353741495,0.0013605442176870747,0.0013605442176870747,0.0013605442176870747,0.005442176870748299,0.0027210884353741495,0.0013605442176870747,0.0013605442176870747,0.0027210884353741495,0.0013605442176870747,0.0013605442176870747,0.0013605442176870747,0.0013605442176870747,0.0013605442176870747,0.0013605442176870747,0.0013605442176870747,0.0013605442176870747,0.0013605442176870747,0.0013605442176870747,0.0027210884353741495,0.0027210884353741495,0.0013605442176870747,0.0013605442176870747,0.0013605442176870747,0.0013605442176870747,0.0013605442176870747,0.0013605442176870747,0.0013605442176870747,0.0013605442176870747,0.0027210884353741495,0.0013605442176870747,0.0013605442176870747,0.0013605442176870747,0.0013605442176870747,0.0013605442176870747,0.0013605442176870747,0.0013605442176870747,0.0013605442176870747,0.0013605442176870747,0.0013605442176870747,0.0013605442176870747,0.0027210884353741495,0.0013605442176870747,0.0013605442176870747,0.0013605442176870747,0.0013605442176870747,0.0013605442176870747,0.0013605442176870747,0.0013605442176870747,0.0,0.0,0.0,0.0,0.0,0.0,0.0,0.0,0.0,0.0,0.0,0.0,0.0,0.0,0.0,0.0,0.0,0.0,0.0,0.0,0.0,0.0,0.0,0.0,0.0,0.0,0.0,0.0,0.0,0.0,0.0,0.0,0.0,0.0,0.0,0.0,0.0,0.0,0.0,0.0,0.0,0.0,0.0,0.0,0.0,0.0,0.0,0.0,0.0,0.0,0.0,0.0,0.0,0.0,0.0,0.0,0.0,0.0,0.0,0.0,0.0,0.0,0.0,0.0,0.0,0.0,0.0,0.0,0.0,0.0,0.0,0.0,0.0,0.0,0.0,0.0,0.0,0.0,0.0,0.0,0.0,0.0,0.0,0.0,0.0,0.0,0.0,0.0,0.0,0.0,0.0,0.0,0.0,0.0,0.0,0.0,0.0,0.0,0.0,0.0,0.0,0.0,0.0,0.0,0.0,0.0,0.0,0.0,0.0,0.0,0.0,0.0,0.0,0.0,0.0,0.0,0.0,0.0,0.0,0.0,0.0,0.0,0.0,0.0,0.0,0.0,0.0,0.0,0.0,0.0,0.0,0.0,0.0,0.0,0.0,0.0,0.0,0.0,0.0,0.0,0.0,0.0,0.0,0.0,0.0,0.0,0.0,0.0,0.0,0.0,0.0,0.0,0.0,0.0,0.0,0.0,0.0,0.0,0.0,0.0,0.0,0.0,0.0,0.0,0.0,0.0,0.0,0.0,0.0,0.0,0.0,0.0,0.0,0.0,0.0,0.0,0.0,0.0,0.0,0.0,0.0,0.0,0.0,0.0,0.0,0.0,0.0,0.0,0.0,0.0,0.0,0.0,0.0,0.0,0.0,0.0,0.0,0.0,0.0,0.0,0.0,0.0,0.0,0.0,0.0,0.0,0.0,0.0,0.0,0.0,0.0,0.0,0.0,0.0,0.0,0.0,0.0,0.0,0.0,0.0,0.0,0.0,0.0,0.0,0.2831313246001359,0.0,0.0,0.0,0.0,0.0,0.0,0.0,0.0,0.0,0.0,0.0,0.0,0.0,0.0,0.0,0.0,0.0,0.0,0.0,0.0,0.0,0.0,0.0,0.0,0.0,0.0,0.0,0.0,0.0,0.0,0.0,0.0,0.0,0.0,0.0,0.0,0.0,0.0,0.0,0.0,0.0,0.0,0.0,0.0,0.0,0.0,0.0,0.0,0.0,0.0,0.0,0.0,0.0,0.0,0.0,0.0,0.0,0.0,0.0,0.0,0.0,0.0,0.0,0.0,0.0,0.0,0.0,0.0,0.0,0.0,0.0,0.0,0.0,0.0,0.0,0.0,0.0,0.0,0.0,0.0,0.0,0.0,0.0,0.0,0.0,0.0,0.0,0.0,0.0,0.0,0.0,0.0,0.0,0.0,0.0,0.0,0.0,0.0,0.0,0.0,0.0,0.0,0.0,0.0,0.0,0.0,0.0,0.0,0.0,0.0,0.0,0.0,0.0,0.0,0.0,0.0,0.0,0.0,0.0,0.0,0.0,0.0,0.0,0.0,0.0,0.0,0.0,0.0,0.0,0.0,0.0,0.0,0.0,0.0,0.0,0.0,0.0,0.0,0.0,0.0,0.0,0.0,0.0,0.0,0.0,0.0,0.0,0.0,0.0,0.0,0.0,0.0,0.0,0.0,0.0,0.0,0.0,0.0,0.0,0.0,0.0,0.0,0.0,0.0,0.0,0.0,0.0,0.0,0.0,0.0,0.0,0.0,0.0,0.0,0.0,0.0,0.0,0.0,0.0,0.0,0.0,0.0,0.0,0.0,0.0,0.0,0.0,0.0,0.0,0.0,0.0,0.0,0.0,0.0,0.0,0.0,0.0,0.0,0.0,0.0,0.0,0.0,0.0,0.0,0.0,0.0,0.0,0.0,0.0,0.0,0.0,0.0,0.0,0.0,0.0,0.0,0.0,0.0,0.0,0.0,0.0,0.0,0.0,0.0,0.0,0.0,0.0,0.0,0.0,0.0,0.0,0.0,0.0,0.0,0.0,0.0,0.0,0.0,0.0,0.0,0.0,0.0,0.0,0.0,0.0,0.0,0.0,0.0,0.0,0.0,0.0,0.0,0.0,0.0,0.0,0.0,0.0,0.0,0.0,0.0,0.0,0.0,0.0,0.0,0.0,0.0,0.0,0.0,0.0,0.0,0.0,0.0,0.0,0.0,0.0,0.0,0.0,0.0,0.0,0.0,0.0,0.0,0.0,0.0,0.0,0.0,0.0,0.0,0.0,0.0,0.0,0.0,0.0,0.0,0.0,0.0,0.0,0.0,0.0,0.0,0.0,0.0,0.0,0.0,0.0,0.0,0.0,0.0,0.0,0.0,0.0,0.0,0.0,0.0,0.0,0.0,0.0,0.0,0.3373678976945145,0.0,0.0,0.0,0.0,0.0,0.0,0.0,0.0,0.0,0.0,0.0,0.0,0.0,0.0,0.0,0.0,0.0,0.0,0.0,0.0,0.0,0.0,0.0,0.0,0.0,0.0,0.0,0.0,0.0,0.0,0.0,0.0,0.0,0.0,0.0,0.0,0.0,0.0,0.0,0.0,0.0,0.0,0.0,0.0,0.0,0.0,0.0,0.0,0.0,0.0,0.0,0.0,0.0,0.0,0.0,0.0,0.0,0.0,0.0,0.0,0.0,0.0,0.0,0.0,0.0,0.0,0.0,0.0,0.0,0.0,0.0,0.0,0.0,0.0,0.0,0.0,0.0,0.0,0.0,0.0,0.0,0.0,0.0,0.0,0.4036662736043431,0.0,0.0,0.0,0.0,0.0,0.0,0.0,0.0,0.0,0.0,0.0,0.0,0.0,0.0,0.0,0.0,0.0,0.0,0.0,0.0,0.0,0.0,0.0,0.0,0.0,0.0,0.0,0.0,0.0,0.0,0.0,0.0,0.0,0.0,0.0,0.0,0.0,0.0,0.0,0.0,0.0,0.0,0.0,0.0,0.0,0.0,0.0,0.0,0.0,0.0,0.0,0.0,0.0,0.0,0.0,0.0,0.0,0.0,0.0,0.0,0.0,0.0,0.0,0.0,0.4036662736043431,0.0,0.0,0.0,0.0,0.0,0.0,0.0,0.0,0.0,0.0,0.0,0.0,0.0,0.0,0.0,0.0,0.0,0.0,0.0,0.43539263503217657,0.0,0.0,0.0,0.0,0.0,0.0,0.0,0.0,0.0,0.0,0.0,0.0,0.0,0.0,0.0,0.0,0.0,0.0,0.0,0.0,0.0,0.0,0.0,0.0,0.0,0.0,0.0,0.0,0.0,0.0,0.0,0.0,0.0,0.0,0.0,0.0,0.0,0.0,0.0,0.0,0.0,0.0,0.0,0.0,0.0,0.0,0.0,0.0,0.0,0.0,0.0,0.0,0.0,0.0,0.0,0.0,0.0,0.0,0.0,0.0,0.0,0.0,0.0,0.0,0.0,0.0,0.0,0.0,0.0,0.0,0.0,0.0,0.0,0.0,0.0,0.0,0.0,0.0,0.0,0.0,0.0,0.0,0.0,0.0,0.0,0.0,0.0,0.0,0.0,0.0,0.0,0.0,0.0,0.0,0.0,0.0,0.381156061937798,0.0,0.0,0.0,0.0,0.0,0.0,0.0,0.0,0.0,0.0,0.0,0.0,0.0,0.0,0.381156061937798,0.0,0.0,0.0,0.0,0.0,0.0,0.0,0.0,0.0,0.0,0.0,0.0,0.0,0.0,0.0,0.0,0.0,0.0,0.0,0.0,0.0,0.0,0.0,0.0,0.0,0.0,0.0,0.0,0.0,0.0,0.0,0.0,0.0,0.0,0.0,0.0,0.0,0.0,0.0,0.0,0.0,0.0,0.0,0.0,0.0,0.0,0.0,0.0,0.0,0.0,0.0,0.0,0.0,0.0,0.0,0.0,0.0,0.0,0.0,0.0,0.0,0.0,0.0,0.0,0.0,0.0,0.0,0.0,0.0,0.0,0.0,0.0,0.0,0.0,0.0,0.0,0.0,0.0,0.0,0.0,0.0,0.0,0.0,0.0,0.0,0.0,0.0,0.0,0.0,0.0,0.0,0.0,0.0,0.0,0.0,0.0
SD2401267,20대,너희 집은 지금 오피스텔이잖아. 그 층간 소음 좀 있는 거 같아? 나 지금 7층 사는데 딱히 층간 소음은 없는 거 같은데 좀 그 아파트에 이상한 사람은 좀 있는 거 같더라. 왜냐하면은 우리가 집에 아무도 없는 상태였는데 갑자기 밑의 집에서 올라온다 아 그 밑의 집인가 어디서 막 신고가 들어왔다는 거야. 이 이 시간이 너무 시끄러웠었다고. 그래 가지고 그게 그게 꼭 밑의 집은 아니고 밑의 층은 아니었던 거 같은데 그런 사람이 좀 있어서 좀 뭐지 좀 조심해야겠다 이런 적은 있었어. 이런 적이 있어. 그리고 너는 지금 자취를 그 1곳에서만 했던 거야 이사 없이? 나도 지금 누나랑 같이 살라고 하면은 절대 못 살 거 같아. 누나랑 진짜 맞는 게 하나도 없단 말이야. 누나도 막 나도 새벽에 전화하면은 누나가 뭐라 하고. 어떨 때 누나가 새벽에 게임하면 또 나한테 이제 내가 이제 스트레스받고. 그래서 이제 만약에 내가 너처럼 그러니까 형제 같이 살라고 하면은 나는 못 살 거 같아. 그리고 그리고 그 이사를 좀 많이 다녔었는데 이사 다닐 때마다 이제 방이 있긴 한데 이게 크기가 이제 큰방 작은방이 있었단 말이야. 그래 가지고 누가 큰방 쓸 거냐 이런 거 때문에 또 엄청 싸운 적 싸웠었고 싸웠었던 거 같아. 그러면 본가도 그러면 지금 살던 데 쭉 계속 살고 있었던 거야 어릴 때부터? 나는 이제 어릴 때부터 정말 많이 다녔었는데 초등학교랑 중학교 때까지는 그래도 한동네 내에서 왔다 갔다 했던 거여서 좀 이제 이사하느라 좀 귀찮고 막 집 바뀌는 게 좀 불편 적응이 안 되 초반에 적응이 안 되는 게 있긴 했어도 이 친구들이랑 멀어진다 이런 거 없어서 괜찮았는데 중학교 3학년에서 이제 고등학교 때 한번 아예 학 그 학 우리 지금 다니는 학교 쪽으로 이사를 왔었단 말이야. 근데 그때 정말 좀 좋았던 친구들인데 완전 멀어지니까 그때 쪼끔 이제 스트레스를 받았었던 경험이 있고. 그래서 또 그래 가지고 이제 고등학교 1학년 때에서부터 2학년 때 또 이사를 가야 되는 상황이 된 거야. 근데 그래서 원래 다니던 고등학교 쪽으로 가려 했었는데 그러진 않고 이제 다시 원래 동네로 돌아갔었던 적이 있어. 나도 그런 전원주택에서 사는 꿈 같은 게 있었던 거 같아. 그 내가 직접 집을 만들고 아 설계해서 막 비밀 공간이나 아 이제 정말 큰 목욕탕이나 아니면 음 어떤 작업실 뭐 이런 걸 만들어 두고 싶다는 생각이 있었어. 만들고 싶다는. 그리 너 근데 지금 자취하고 있잖아. 그러면 그 가전제품 같은 거는 뭐 뭐 있어? 어 이러면 안 되는데. 나는 이제 본가에 살잖아. 어 집안일을 거의 다 안 하고 엄마가 하고 있어. 그러니까 설거지만 이제 내가 먹은 거 설거지하고 이제 그리고 옷 옷이나 분리수거 이런 거는 엄마 아빠가 거의 다 하는 거 같아. 그 자취하면서 이런 설거지나 분리수거 때문에 막 오빠랑 막 싸우거나 그러진 않아? 난 지금 너무 자취를 하고 싶어. 왜냐하면은 일단 난 이제 혼자가 편하단 말이야. 그래 가지고 이제 나만의 일상생활 패턴이 있는데 어쨌든 가족이랑 살면은 아무리 가족이라도 쪼금 지켜야 되는 게 있으니까 그런 게 이제 좀 나한테는 너무 좀 힘들고 내가 하고 싶은 것도 너무 제한이 되는 거 같아서 학교 근처에서 자취하고 싶다는 생각은 있는데 이게 자취도 어쨌든 돈이 많이 깨지니까 쉽사리 하진 못 하고 있고. 음 아마 군대 갔다 와서 자취를 할 수 있으면 하지 않을까 이런 생각이 있어. 음 너는 음 너희 집 인테리어는 혹시 어떻게 돼 있어? 음 우리 집은 이번에 새로 지은 아파트여 가지고 그냥 전체적으로 완전 깔끔한 느낌으로 지금 돼 있는데 이게 아파 이제 방 청소를 쪼끔만 안 해도 이제 옷가 방이 좀 좁아 가지고 옷도 막 의자 위에 올라가 있고 침대 위에 뭉쳐져 있고. 그래 가지고 인테리어는 깔끔한데 방 정리는 되게 안 돼 있는 거 같아. 그리고 또 새로 지은 아파트라 했잖아. 이게 요즘에 새로 지어서 그런가. 아파트가 되게 개성이 넘치더라고. 건물도 막 다 이 모습이 막 다르고. 막 저게 아파트 건물이야 이런 것도 있고. 그리고 처음에 이사 왔을 때 첫날인데 집을 못 찾겠는 거야. 왜냐하면은 보통 아파트 단지가 뭐 몇 호부터 몇 호 1에서 3 3에서 5 이렇게 순서대로 있는데 거기는 막 1에서 3이랑 17에서 19 이렇게 붙어 있고. 막 이상하게 다 붙어 있는 거야. 그래 가지고 처음 이사 갔을 때 그 아파트 단지 안에서 길 잃어 가지고 한 20분 30분 정도 헤맸던 기억이 있어. 너는 만약에 이제 앞으로 회사 다니고 할 거면은 하면은 혼자 살게 되면은 서울에서 계속 살고 싶어? 아니면은 대구? 이게 새로 지은 아파트여 가지고 이게 헬스장이나 도서관 뭐 어린이집 이런 게 입주된다는 얘기만 있고 아직은 인프라가 갖춰지진 못한 거 같아. 그래서 헬스장도 아마 생긴다곤 하는데 어 언제 생길진 잘 모르겠고. 그 아파트 단지 내에 도서관은 지금도 운영하고 있고. 그거 말고도 뭔가 주민들 휴식 공간이라고 하면서 건물이 몇 개 있더라고. 거기서 막 좀 차 같은 거 마시고 막 떠들면서 있는 아줌마들도 있고. 그 빈백 빈백도 있잖아. 그런 것도 아파트 단지 내에 몇 개 깔아둔 거야. 그래 가지고 거기서 좀 누워서 막 떠드는 사람들도 보고 이런 시설이 좀 있었어.,0.014965986394557823,0.02857142857142857,0.013605442176870748,0.0013605442176870747,0.005442176870748299,0.0027210884353741495,0.0027210884353741495,0.02312925170068027,0.0326530612244898,0.02040816326530612,0.004081632653061225,0.0163265306122449,0.0013605442176870747,0.005442176870748299,0.013605442176870748,0.0027210884353741495,0.004081632653061225,0.004081632653061225,0.024489795918367346,0.021768707482993196,0.0013605442176870747,0.0013605442176870747,0.005442176870748299,0.006802721088435374,0.0013605442176870747,0.004081632653061225,0.02040816326530612,0.0013605442176870747,0.0013605442176870747,0.009523809523809525,0.04353741496598639,0.0013605442176870747,0.005442176870748299,0.0013605442176870747,0.010884353741496598,0.005442176870748299,0.0013605442176870747,0.0027210884353741495,0.012244897959183673,0.0013605442176870747,0.0013605442176870747,0.006802721088435374,0.004081632653061225,0.0027210884353741495,0.027210884353741496,0.009523809523809525,0.010884353741496598,0.0013605442176870747,0.006802721088435374,0.024489795918367346,0.010884353741496598,0.0013605442176870747,0.006802721088435374,0.0027210884353741495,0.0013605442176870747,0.005442176870748299,0.0013605442176870747,0.0013605442176870747,0.0013605442176870747,0.006802721088435374,0.0013605442176870747,0.0027210884353741495,0.0013605442176870747,0.0027210884353741495,0.013605442176870748,0.0013605442176870747,0.006802721088435374,0.0013605442176870747,0.02857142857142857,0.0027210884353741495,0.0027210884353741495,0.0027210884353741495,0.005442176870748299,0.0013605442176870747,0.00816326530612245,0.004081632653061225,0.00816326530612245,0.0013605442176870747,0.005442176870748299,0.0027210884353741495,0.0013605442176870747,0.0013605442176870747,0.0027210884353741495,0.0013605442176870747,0.0013605442176870747,0.0013605442176870747,0.005442176870748299,0.0013605442176870747,0.005442176870748299,0.0027210884353741495,0.0013605442176870747,0.0027210884353741495,0.0027210884353741495,0.005442176870748299,0.004081632653061225,0.0013605442176870747,0.0027210884353741495,0.0013605442176870747,0.0013605442176870747,0.0013605442176870747,0.005442176870748299,0.004081632653061225,0.0013605442176870747,0.0013605442176870747,0.0013605442176870747,0.0027210884353741495,0.009523809523809525,0.014965986394557823,0.0013605442176870747,0.0013605442176870747,0.0013605442176870747,0.0027210884353741495,0.0013605442176870747,0.004081632653061225,0.0013605442176870747,0.004081632653061225,0.0013605442176870747,0.0013605442176870747,0.0027210884353741495,0.0027210884353741495,0.0027210884353741495,0.0013605442176870747,0.0013605442176870747,0.0027210884353741495,0.0027210884353741495,0.0013605442176870747,0.0027210884353741495,0.0013605442176870747,0.0027210884353741495,0.0013605442176870747,0.0013605442176870747,0.0013605442176870747,0.0013605442176870747,0.0013605442176870747,0.0013605442176870747,0.0013605442176870747,0.005442176870748299,0.004081632653061225,0.0013605442176870747,0.0013605442176870747,0.0027210884353741495,0.0027210884353741495,0.0013605442176870747,0.0013605442176870747,0.0013605442176870747,0.004081632653061225,0.0013605442176870747,0.0013605442176870747,0.004081632653061225,0.0013605442176870747,0.0027210884353741495,0.005442176870748299,0.0027210884353741495,0.004081632653061225,0.0013605442176870747,0.005442176870748299,0.0027210884353741495,0.0013605442176870747,0.0013605442176870747,0.0013605442176870747,0.0013605442176870747,0.0027210884353741495,0.0013605442176870747,0.0013605442176870747,0.0013605442176870747,0.0013605442176870747,0.0013605442176870747,0.0027210884353741495,0.0027210884353741495,0.0013605442176870747,0.0013605442176870747,0.0013605442176870747,0.0013605442176870747,0.0013605442176870747,0.0013605442176870747,0.0013605442176870747,0.0013605442176870747,0.0013605442176870747,0.0013605442176870747,0.0013605442176870747,0.0027210884353741495,0.0013605442176870747,0.0027210884353741495,0.0013605442176870747,0.0013605442176870747,0.005442176870748299,0.005442176870748299,0.005442176870748299,0.0013605442176870747,0.0013605442176870747,0.0013605442176870747,0.0013605442176870747,0.0013605442176870747,0.0013605442176870747,0.0013605442176870747,0.0027210884353741495,0.0013605442176870747,0.0013605442176870747,0.0013605442176870747,0.0013605442176870747,0.0027210884353741495,0.0013605442176870747,0.0013605442176870747,0.0013605442176870747,0.004081632653061225,0.0013605442176870747,0.0013605442176870747,0.0013605442176870747,0.0013605442176870747,0.0027210884353741495,0.0013605442176870747,0.0013605442176870747,0.0013605442176870747,0.005442176870748299,0.0027210884353741495,0.0013605442176870747,0.0013605442176870747,0.0027210884353741495,0.0013605442176870747,0.0013605442176870747,0.0013605442176870747,0.0013605442176870747,0.0013605442176870747,0.0013605442176870747,0.0013605442176870747,0.0013605442176870747,0.0013605442176870747,0.0013605442176870747,0.0027210884353741495,0.0027210884353741495,0.0013605442176870747,0.0013605442176870747,0.0013605442176870747,0.0013605442176870747,0.0013605442176870747,0.0013605442176870747,0.0013605442176870747,0.0013605442176870747,0.0027210884353741495,0.0013605442176870747,0.0013605442176870747,0.0013605442176870747,0.0013605442176870747,0.0013605442176870747,0.0013605442176870747,0.0013605442176870747,0.0013605442176870747,0.0013605442176870747,0.0013605442176870747,0.0013605442176870747,0.0027210884353741495,0.0013605442176870747,0.0013605442176870747,0.0013605442176870747,0.0013605442176870747,0.0013605442176870747,0.0013605442176870747,0.0013605442176870747,0.0,0.0,0.0,0.0,0.0,0.0,0.0,0.0,0.0,0.0,0.0,0.0,0.0,0.0,0.0,0.0,0.0,0.0,0.0,0.0,0.0,0.0,0.0,0.0,0.0,0.0,0.0,0.0,0.0,0.0,0.0,0.0,0.0,0.0,0.0,0.0,0.0,0.0,0.0,0.0,0.0,0.0,0.0,0.0,0.0,0.0,0.0,0.0,0.0,0.0,0.0,0.0,0.0,0.0,0.0,0.0,0.0,0.0,0.0,0.0,0.0,0.0,0.0,0.0,0.0,0.0,0.0,0.0,0.0,0.0,0.0,0.0,0.0,0.0,0.0,0.0,0.0,0.0,0.0,0.0,0.0,0.0,0.0,0.0,0.0,0.0,0.0,0.0,0.0,0.0,0.0,0.0,0.0,0.0,0.0,0.0,0.0,0.0,0.0,0.0,0.0,0.0,0.0,0.0,0.0,0.0,0.0,0.0,0.0,0.0,0.0,0.0,0.0,0.0,0.0,0.0,0.0,0.0,0.0,0.0,0.0,0.0,0.0,0.0,0.0,0.0,0.0,0.0,0.0,0.0,0.0,0.0,0.0,0.0,0.0,0.0,0.0,0.0,0.0,0.0,0.0,0.0,0.0,0.0,0.0,0.0,0.0,0.0,0.0,0.0,0.0,0.0,0.0,0.0,0.0,0.0,0.0,0.0,0.0,0.0,0.0,0.0,0.0,0.0,0.0,0.0,0.0,0.0,0.0,0.0,0.0,0.0,0.0,0.0,0.0,0.0,0.0,0.0,0.0,0.0,0.0,0.0,0.0,0.0,0.0,0.0,0.0,0.0,0.0,0.0,0.0,0.0,0.0,0.0,0.0,0.0,0.0,0.0,0.0,0.0,0.0,0.0,0.0,0.0,0.0,0.0,0.0,0.0,0.0,0.0,0.0,0.0,0.0,0.0,0.0,0.0,0.0,0.0,0.0,0.0,0.0,0.0,0.0,0.0,0.0,0.0,0.0,0.0,0.0,0.0,0.0,0.0,0.0,0.0,0.0,0.0,0.0,0.0,0.0,0.0,0.0,0.0,0.0,0.0,0.0,0.0,0.0,0.0,0.0,0.0,0.0,0.0,0.0,0.0,0.0,0.0,0.0,0.0,0.0,0.0,0.0,0.0,0.0,0.0,0.0,0.0,0.0,0.0,0.0,0.0,0.0,0.0,0.0,0.0,0.0,0.0,0.0,0.0,0.0,0.0,0.0,0.0,0.0,0.0,0.0,0.36832138449695756,0.0,0.0,0.0,0.0,0.0,0.0,0.0,0.0,0.0,0.0,0.0,0.0,0.0,0.0,0.0,0.0,0.0,0.0,0.0,0.0,0.0,0.0,0.0,0.0,0.0,0.0,0.0,0.0,0.0,0.42073164813262287,0.0,0.0,0.0,0.0,0.0,0.0,0.0,0.0,0.0,0.0,0.0,0.0,0.0,0.0,0.0,0.0,0.0,0.0,0.0,0.0,0.0,0.0,0.0,0.0,0.0,0.0,0.0,0.0,0.0,0.0,0.0,0.0,0.0,0.0,0.0,0.0,0.0,0.0,0.0,0.0,0.0,0.0,0.0,0.0,0.0,0.0,0.0,0.0,0.0,0.0,0.0,0.0,0.0,0.0,0.42073164813262287,0.0,0.0,0.0,0.0,0.0,0.0,0.0,0.0,0.0,0.0,0.0,0.0,0.0,0.0,0.0,0.0,0.0,0.0,0.0,0.0,0.0,0.0,0.0,0.0,0.0,0.0,0.0,0.0,0.0,0.0,0.0,0.0,0.0,0.0,0.0,0.0,0.0,0.0,0.0,0.0,0.0,0.0,0.0,0.0,0.0,0.0,0.0,0.0,0.0,0.0,0.0,0.0,0.0,0.0,0.0,0.0,0.0,0.0,0.0,0.0,0.0,0.0,0.0,0.0,0.0,0.0,0.0,0.0,0.0,0.0,0.0,0.0,0.0,0.0,0.0,0.0,0.0,0.0,0.0,0.0,0.0,0.0,0.0,0.0,0.0,0.0,0.0,0.0,0.0,0.0,0.0,0.0,0.0,0.0,0.0,0.0,0.0,0.0,0.0,0.0,0.0,0.0,0.0,0.0,0.0,0.0,0.0,0.0,0.0,0.0,0.0,0.0,0.0,0.0,0.0,0.0,0.0,0.0,0.0,0.0,0.0,0.0,0.0,0.0,0.0,0.0,0.0,0.0,0.0,0.0,0.0,0.0,0.0,0.0,0.0,0.0,0.0,0.0,0.0,0.0,0.0,0.0,0.0,0.0,0.0,0.0,0.0,0.0,0.0,0.0,0.0,0.0,0.0,0.0,0.0,0.0,0.0,0.0,0.0,0.0,0.0,0.0,0.0,0.0,0.0,0.0,0.0,0.0,0.0,0.0,0.0,0.0,0.0,0.0,0.0,0.0,0.0,0.0,0.0,0.0,0.0,0.0,0.0,0.0,0.0,0.0,0.0,0.0,0.0,0.0,0.0,0.0,0.0,0.0,0.0,0.0,0.0,0.0,0.0,0.0,0.0,0.0,0.0,0.0,0.0,0.0,0.0,0.0,0.0,0.0,0.0,0.0,0.0,0.0,0.0,0.0,0.0,0.0,0.0,0.0,0.0,0.0,0.0,0.0,0.0,0.0,0.0,0.0,0.0,0.0,0.0,0.0,0.0,0.0,0.0,0.0,0.0,0.0,0.0,0.0,0.0,0.0,0.0,0.0,0.0,0.0,0.0,0.0,0.0,0.0,0.0,0.0,0.0,0.0,0.0,0.0,0.0,0.0,0.0,0.0,0.0,0.0,0.0,0.0,0.0,0.0,0.0,0.0,0.0,0.0,0.0,0.0,0.0,0.0,0.0,0.0,0.0,0.0,0.0,0.0,0.0,0.0,0.0,0.0,0.0,0.0,0.0,0.0,0.0,0.0,0.0,0.0,0.0,0.0,0.0,0.0,0.0,0.0,0.0,0.0,0.0,0.0,0.0,0.0,0.0,0.0,0.0,0.0,0.0,0.0,0.0,0.0,0.0,0.0,0.390073609252849,0.0,0.0,0.0,0.0,0.0,0.0,0.0,0.0,0.0,0.0,0.0,0.0,0.0,0.0,0.0,0.0,0.0,0.0,0.0,0.0,0.0,0.0,0.0,0.0,0.0,0.0,0.0,0.0,0.0,0.0,0.0,0.0,0.0,0.0,0.0,0.0,0.0,0.0,0.0,0.0,0.0,0.0,0.0,0.0,0.0,0.0,0.0,0.0,0.0,0.3260077001843666,0.0,0.0,0.0,0.0,0.0,0.0,0.0,0.0,0.0,0.0,0.0,0.0,0.0,0.0,0.0,0.0,0.0,0.0,0.0,0.0,0.0,0.0,0.0,0.0,0.0,0.0,0.0,0.0,0.0,0.0,0.0,0.0,0.0,0.0,0.0,0.0,0.0,0.0,0.0,0.42073164813262287,0.0,0.0,0.0,0.0,0.0,0.0,0.0,0.0,0.0,0.0,0.0,0.0,0.0,0.0,0.0,0.0,0.0,0.0,0.0,0.0,0.0,0.0,0.0,0.0,0.0,0.0,0.0,0.0,0.0,0.0,0.27359743654870133,0.0,0.0,0.0,0.0,0.0,0.0,0.0,0.0,0.0,0.0,0.0,0.0,0.0,0.0,0.0,0.0,0.0,0.0,0.0,0.0,0.0,0.0,0.0,0.0,0.0,0.0,0.0,0.0,0.0,0.0,0.0,0.0,0.0,0.0,0.0,0.0,0.0,0.0,0.0,0.0,0.0,0.0,0.0,0.0,0.0,0.0,0.0,0.0,0.0,0.0,0.0,0.0,0.0,0.0,0.0,0.0,0.0,0.0,0.0,0.0,0.0,0.0,0.0,0.0,0.0,0.0,0.0,0.0,0.0,0.0,0.0,0.0,0.0,0.0,0.0,0.0,0.0,0.0,0.0,0.0,0.0,0.0,0.0,0.0,0.0,0.0,0.0,0.0,0.0,0.0,0.0,0.0,0.0,0.0,0.0,0.0,0.0,0.0,0.0,0.0,0.0,0.0,0.0,0.0,0.0,0.0,0.0,0.0,0.0,0.0,0.0,0.0,0.0,0.0,0.0
SD2401267,20대,너희 집은 지금 오피스텔이잖아. 그 층간 소음 좀 있는 거 같아? 나 지금 7층 사는데 딱히 층간 소음은 없는 거 같은데 좀 그 아파트에 이상한 사람은 좀 있는 거 같더라. 왜냐하면은 우리가 집에 아무도 없는 상태였는데 갑자기 밑의 집에서 올라온다 아 그 밑의 집인가 어디서 막 신고가 들어왔다는 거야. 이 이 시간이 너무 시끄러웠었다고. 그래 가지고 그게 그게 꼭 밑의 집은 아니고 밑의 층은 아니었던 거 같은데 그런 사람이 좀 있어서 좀 뭐지 좀 조심해야겠다 이런 적은 있었어. 이런 적이 있어. 그리고 너는 지금 자취를 그 1곳에서만 했던 거야 이사 없이? 나도 지금 누나랑 같이 살라고 하면은 절대 못 살 거 같아. 누나랑 진짜 맞는 게 하나도 없단 말이야. 누나도 막 나도 새벽에 전화하면은 누나가 뭐라 하고. 어떨 때 누나가 새벽에 게임하면 또 나한테 이제 내가 이제 스트레스받고. 그래서 이제 만약에 내가 너처럼 그러니까 형제 같이 살라고 하면은 나는 못 살 거 같아. 그리고 그리고 그 이사를 좀 많이 다녔었는데 이사 다닐 때마다 이제 방이 있긴 한데 이게 크기가 이제 큰방 작은방이 있었단 말이야. 그래 가지고 누가 큰방 쓸 거냐 이런 거 때문에 또 엄청 싸운 적 싸웠었고 싸웠었던 거 같아. 그러면 본가도 그러면 지금 살던 데 쭉 계속 살고 있었던 거야 어릴 때부터? 나는 이제 어릴 때부터 정말 많이 다녔었는데 초등학교랑 중학교 때까지는 그래도 한동네 내에서 왔다 갔다 했던 거여서 좀 이제 이사하느라 좀 귀찮고 막 집 바뀌는 게 좀 불편 적응이 안 되 초반에 적응이 안 되는 게 있긴 했어도 이 친구들이랑 멀어진다 이런 거 없어서 괜찮았는데 중학교 3학년에서 이제 고등학교 때 한번 아예 학 그 학 우리 지금 다니는 학교 쪽으로 이사를 왔었단 말이야. 근데 그때 정말 좀 좋았던 친구들인데 완전 멀어지니까 그때 쪼끔 이제 스트레스를 받았었던 경험이 있고. 그래서 또 그래 가지고 이제 고등학교 1학년 때에서부터 2학년 때 또 이사를 가야 되는 상황이 된 거야. 근데 그래서 원래 다니던 고등학교 쪽으로 가려 했었는데 그러진 않고 이제 다시 원래 동네로 돌아갔었던 적이 있어. 나도 그런 전원주택에서 사는 꿈 같은 게 있었던 거 같아. 그 내가 직접 집을 만들고 아 설계해서 막 비밀 공간이나 아 이제 정말 큰 목욕탕이나 아니면 음 어떤 작업실 뭐 이런 걸 만들어 두고 싶다는 생각이 있었어. 만들고 싶다는. 그리 너 근데 지금 자취하고 있잖아. 그러면 그 가전제품 같은 거는 뭐 뭐 있어? 어 이러면 안 되는데. 나는 이제 본가에 살잖아. 어 집안일을 거의 다 안 하고 엄마가 하고 있어. 그러니까 설거지만 이제 내가 먹은 거 설거지하고 이제 그리고 옷 옷이나 분리수거 이런 거는 엄마 아빠가 거의 다 하는 거 같아. 그 자취하면서 이런 설거지나 분리수거 때문에 막 오빠랑 막 싸우거나 그러진 않아? 난 지금 너무 자취를 하고 싶어. 왜냐하면은 일단 난 이제 혼자가 편하단 말이야. 그래 가지고 이제 나만의 일상생활 패턴이 있는데 어쨌든 가족이랑 살면은 아무리 가족이라도 쪼금 지켜야 되는 게 있으니까 그런 게 이제 좀 나한테는 너무 좀 힘들고 내가 하고 싶은 것도 너무 제한이 되는 거 같아서 학교 근처에서 자취하고 싶다는 생각은 있는데 이게 자취도 어쨌든 돈이 많이 깨지니까 쉽사리 하진 못 하고 있고. 음 아마 군대 갔다 와서 자취를 할 수 있으면 하지 않을까 이런 생각이 있어. 음 너는 음 너희 집 인테리어는 혹시 어떻게 돼 있어? 음 우리 집은 이번에 새로 지은 아파트여 가지고 그냥 전체적으로 완전 깔끔한 느낌으로 지금 돼 있는데 이게 아파 이제 방 청소를 쪼끔만 안 해도 이제 옷가 방이 좀 좁아 가지고 옷도 막 의자 위에 올라가 있고 침대 위에 뭉쳐져 있고. 그래 가지고 인테리어는 깔끔한데 방 정리는 되게 안 돼 있는 거 같아. 그리고 또 새로 지은 아파트라 했잖아. 이게 요즘에 새로 지어서 그런가. 아파트가 되게 개성이 넘치더라고. 건물도 막 다 이 모습이 막 다르고. 막 저게 아파트 건물이야 이런 것도 있고. 그리고 처음에 이사 왔을 때 첫날인데 집을 못 찾겠는 거야. 왜냐하면은 보통 아파트 단지가 뭐 몇 호부터 몇 호 1에서 3 3에서 5 이렇게 순서대로 있는데 거기는 막 1에서 3이랑 17에서 19 이렇게 붙어 있고. 막 이상하게 다 붙어 있는 거야. 그래 가지고 처음 이사 갔을 때 그 아파트 단지 안에서 길 잃어 가지고 한 20분 30분 정도 헤맸던 기억이 있어. 너는 만약에 이제 앞으로 회사 다니고 할 거면은 하면은 혼자 살게 되면은 서울에서 계속 살고 싶어? 아니면은 대구? 이게 새로 지은 아파트여 가지고 이게 헬스장이나 도서관 뭐 어린이집 이런 게 입주된다는 얘기만 있고 아직은 인프라가 갖춰지진 못한 거 같아. 그래서 헬스장도 아마 생긴다곤 하는데 어 언제 생길진 잘 모르겠고. 그 아파트 단지 내에 도서관은 지금도 운영하고 있고. 그거 말고도 뭔가 주민들 휴식 공간이라고 하면서 건물이 몇 개 있더라고. 거기서 막 좀 차 같은 거 마시고 막 떠들면서 있는 아줌마들도 있고. 그 빈백 빈백도 있잖아. 그런 것도 아파트 단지 내에 몇 개 깔아둔 거야. 그래 가지고 거기서 좀 누워서 막 떠드는 사람들도 보고 이런 시설이 좀 있었어.,0.014965986394557823,0.02857142857142857,0.013605442176870748,0.0013605442176870747,0.005442176870748299,0.0027210884353741495,0.0027210884353741495,0.02312925170068027,0.0326530612244898,0.02040816326530612,0.004081632653061225,0.0163265306122449,0.0013605442176870747,0.005442176870748299,0.013605442176870748,0.0027210884353741495,0.004081632653061225,0.004081632653061225,0.024489795918367346,0.021768707482993196,0.0013605442176870747,0.0013605442176870747,0.005442176870748299,0.006802721088435374,0.0013605442176870747,0.004081632653061225,0.02040816326530612,0.0013605442176870747,0.0013605442176870747,0.009523809523809525,0.04353741496598639,0.0013605442176870747,0.005442176870748299,0.0013605442176870747,0.010884353741496598,0.005442176870748299,0.0013605442176870747,0.0027210884353741495,0.012244897959183673,0.0013605442176870747,0.0013605442176870747,0.006802721088435374,0.004081632653061225,0.0027210884353741495,0.027210884353741496,0.009523809523809525,0.010884353741496598,0.0013605442176870747,0.006802721088435374,0.024489795918367346,0.010884353741496598,0.0013605442176870747,0.006802721088435374,0.0027210884353741495,0.0013605442176870747,0.005442176870748299,0.0013605442176870747,0.0013605442176870747,0.0013605442176870747,0.006802721088435374,0.0013605442176870747,0.0027210884353741495,0.0013605442176870747,0.0027210884353741495,0.013605442176870748,0.0013605442176870747,0.006802721088435374,0.0013605442176870747,0.02857142857142857,0.0027210884353741495,0.0027210884353741495,0.0027210884353741495,0.005442176870748299,0.0013605442176870747,0.00816326530612245,0.004081632653061225,0.00816326530612245,0.0013605442176870747,0.005442176870748299,0.0027210884353741495,0.0013605442176870747,0.0013605442176870747,0.0027210884353741495,0.0013605442176870747,0.0013605442176870747,0.0013605442176870747,0.005442176870748299,0.0013605442176870747,0.005442176870748299,0.0027210884353741495,0.0013605442176870747,0.0027210884353741495,0.0027210884353741495,0.005442176870748299,0.004081632653061225,0.0013605442176870747,0.0027210884353741495,0.0013605442176870747,0.0013605442176870747,0.0013605442176870747,0.005442176870748299,0.004081632653061225,0.0013605442176870747,0.0013605442176870747,0.0013605442176870747,0.0027210884353741495,0.009523809523809525,0.014965986394557823,0.0013605442176870747,0.0013605442176870747,0.0013605442176870747,0.0027210884353741495,0.0013605442176870747,0.004081632653061225,0.0013605442176870747,0.004081632653061225,0.0013605442176870747,0.0013605442176870747,0.0027210884353741495,0.0027210884353741495,0.0027210884353741495,0.0013605442176870747,0.0013605442176870747,0.0027210884353741495,0.0027210884353741495,0.0013605442176870747,0.0027210884353741495,0.0013605442176870747,0.0027210884353741495,0.0013605442176870747,0.0013605442176870747,0.0013605442176870747,0.0013605442176870747,0.0013605442176870747,0.0013605442176870747,0.0013605442176870747,0.005442176870748299,0.004081632653061225,0.0013605442176870747,0.0013605442176870747,0.0027210884353741495,0.0027210884353741495,0.0013605442176870747,0.0013605442176870747,0.0013605442176870747,0.004081632653061225,0.0013605442176870747,0.0013605442176870747,0.004081632653061225,0.0013605442176870747,0.0027210884353741495,0.005442176870748299,0.0027210884353741495,0.004081632653061225,0.0013605442176870747,0.005442176870748299,0.0027210884353741495,0.0013605442176870747,0.0013605442176870747,0.0013605442176870747,0.0013605442176870747,0.0027210884353741495,0.0013605442176870747,0.0013605442176870747,0.0013605442176870747,0.0013605442176870747,0.0013605442176870747,0.0027210884353741495,0.0027210884353741495,0.0013605442176870747,0.0013605442176870747,0.0013605442176870747,0.0013605442176870747,0.0013605442176870747,0.0013605442176870747,0.0013605442176870747,0.0013605442176870747,0.0013605442176870747,0.0013605442176870747,0.0013605442176870747,0.0027210884353741495,0.0013605442176870747,0.0027210884353741495,0.0013605442176870747,0.0013605442176870747,0.005442176870748299,0.005442176870748299,0.005442176870748299,0.0013605442176870747,0.0013605442176870747,0.0013605442176870747,0.0013605442176870747,0.0013605442176870747,0.0013605442176870747,0.0013605442176870747,0.0027210884353741495,0.0013605442176870747,0.0013605442176870747,0.0013605442176870747,0.0013605442176870747,0.0027210884353741495,0.0013605442176870747,0.0013605442176870747,0.0013605442176870747,0.004081632653061225,0.0013605442176870747,0.0013605442176870747,0.0013605442176870747,0.0013605442176870747,0.0027210884353741495,0.0013605442176870747,0.0013605442176870747,0.0013605442176870747,0.005442176870748299,0.0027210884353741495,0.0013605442176870747,0.0013605442176870747,0.0027210884353741495,0.0013605442176870747,0.0013605442176870747,0.0013605442176870747,0.0013605442176870747,0.0013605442176870747,0.0013605442176870747,0.0013605442176870747,0.0013605442176870747,0.0013605442176870747,0.0013605442176870747,0.0027210884353741495,0.0027210884353741495,0.0013605442176870747,0.0013605442176870747,0.0013605442176870747,0.0013605442176870747,0.0013605442176870747,0.0013605442176870747,0.0013605442176870747,0.0013605442176870747,0.0027210884353741495,0.0013605442176870747,0.0013605442176870747,0.0013605442176870747,0.0013605442176870747,0.0013605442176870747,0.0013605442176870747,0.0013605442176870747,0.0013605442176870747,0.0013605442176870747,0.0013605442176870747,0.0013605442176870747,0.0027210884353741495,0.0013605442176870747,0.0013605442176870747,0.0013605442176870747,0.0013605442176870747,0.0013605442176870747,0.0013605442176870747,0.0013605442176870747,0.0,0.0,0.0,0.0,0.0,0.0,0.0,0.0,0.0,0.0,0.0,0.0,0.0,0.0,0.0,0.0,0.0,0.0,0.0,0.0,0.0,0.0,0.0,0.0,0.0,0.0,0.0,0.0,0.0,0.0,0.0,0.0,0.0,0.0,0.0,0.0,0.0,0.0,0.0,0.0,0.0,0.0,0.0,0.0,0.0,0.0,0.0,0.0,0.0,0.0,0.0,0.0,0.0,0.0,0.0,0.0,0.0,0.0,0.0,0.0,0.0,0.0,0.0,0.0,0.0,0.0,0.0,0.0,0.0,0.0,0.0,0.0,0.0,0.0,0.0,0.0,0.0,0.0,0.0,0.0,0.0,0.0,0.0,0.0,0.0,0.0,0.0,0.0,0.0,0.0,0.0,0.0,0.0,0.0,0.0,0.0,0.0,0.0,0.0,0.0,0.0,0.0,0.0,0.0,0.0,0.0,0.0,0.0,0.0,0.0,0.0,0.0,0.0,0.0,0.0,0.0,0.0,0.0,0.0,0.0,0.0,0.0,0.0,0.0,0.0,0.0,0.0,0.0,0.0,0.0,0.0,0.0,0.0,0.0,0.0,0.0,0.0,0.0,0.0,0.0,0.0,0.0,0.0,0.0,0.0,0.0,0.0,0.0,0.0,0.0,0.0,0.0,0.0,0.0,0.0,0.0,0.0,0.0,0.0,0.0,0.0,0.0,0.0,0.0,0.0,0.0,0.0,0.0,0.0,0.0,0.0,0.0,0.0,0.0,0.0,0.0,0.0,0.0,0.0,0.0,0.0,0.0,0.0,0.0,0.0,0.0,0.0,0.0,0.0,0.0,0.0,0.0,0.0,0.0,0.0,0.0,0.0,0.0,0.0,0.0,0.0,0.0,0.0,0.0,0.0,0.0,0.0,0.0,0.0,0.0,0.0,0.0,0.0,0.0,0.0,0.0,0.0,0.0,0.0,0.0,0.0,0.0,0.0,0.0,0.2162608459977373,0.0,0.0,0.0,0.0,0.0,0.0,0.0,0.0,0.0,0.0,0.0,0.0,0.0,0.0,0.0,0.0,0.0,0.0,0.0,0.0,0.0,0.0,0.0,0.0,0.0,0.0,0.0,0.0,0.0,0.0,0.0,0.0,0.0,0.0,0.0,0.0,0.0,0.0,0.0,0.0,0.0,0.0,0.0,0.0,0.0,0.0,0.0,0.0,0.0,0.0,0.0,0.0,0.0,0.0,0.0,0.0,0.0,0.0,0.0,0.0,0.0,0.0,0.0,0.0,0.0,0.0,0.0,0.0,0.0,0.0,0.0,0.0,0.0,0.0,0.0,0.0,0.0,0.0,0.0,0.0,0.0,0.0,0.0,0.0,0.0,0.0,0.0,0.0,0.0,0.0,0.0,0.0,0.0,0.0,0.0,0.0,0.0,0.0,0.0,0.0,0.0,0.0,0.0,0.0,0.0,0.0,0.0,0.0,0.0,0.0,0.0,0.0,0.0,0.0,0.0,0.0,0.0,0.0,0.0,0.0,0.0,0.0,0.0,0.0,0.0,0.0,0.0,0.0,0.0,0.0,0.0,0.0,0.0,0.0,0.0,0.0,0.0,0.0,0.0,0.0,0.0,0.0,0.0,0.0,0.0,0.0,0.0,0.0,0.0,0.0,0.0,0.0,0.0,0.0,0.0,0.0,0.0,0.0,0.0,0.0,0.0,0.0,0.0,0.0,0.0,0.0,0.0,0.0,0.0,0.0,0.0,0.0,0.0,0.0,0.0,0.0,0.0,0.0,0.0,0.0,0.0,0.0,0.0,0.0,0.0,0.0,0.0,0.0,0.0,0.0,0.0,0.0,0.0,0.0,0.0,0.0,0.0,0.0,0.0,0.0,0.0,0.0,0.0,0.0,0.0,0.0,0.0,0.0,0.0,0.0,0.0,0.0,0.0,0.0,0.0,0.0,0.0,0.0,0.0,0.0,0.0,0.0,0.0,0.0,0.0,0.0,0.0,0.0,0.0,0.0,0.0,0.0,0.0,0.0,0.0,0.0,0.0,0.0,0.0,0.0,0.0,0.0,0.0,0.0,0.0,0.0,0.0,0.0,0.0,0.0,0.0,0.0,0.0,0.0,0.0,0.0,0.0,0.0,0.0,0.0,0.0,0.0,0.0,0.2576877251958392,0.0,0.0,0.0,0.0,0.0,0.0,0.0,0.0,0.0,0.0,0.0,0.0,0.0,0.0,0.0,0.0,0.0,0.0,0.0,0.0,0.0,0.0,0.0,0.0,0.0,0.0,0.0,0.0,0.0,0.0,0.0,0.0,0.0,0.0,0.0,0.0,0.0,0.0,0.0,0.0,0.0,0.0,0.0,0.0,0.0,0.0,0.0,0.0,0.0,0.0,0.0,0.0,0.0,0.0,0.0,0.0,0.0,0.0,0.0,0.0,0.0,0.0,0.0,0.0,0.0,0.0,0.0,0.0,0.0,0.0,0.0,0.0,0.0,0.0,0.0,0.0,0.0,0.0,0.0,0.0,0.0,0.0,0.0,0.0,0.0,0.0,0.0,0.0,0.0,0.0,0.0,0.0,0.0,0.0,0.0,0.0,0.0,0.0,0.0,0.0,0.0,0.0,0.0,0.0,0.0,0.0,0.0,0.0,0.0,0.0,0.0,0.0,0.0,0.0,0.0,0.0,0.0,0.0,0.0,0.0,0.0,0.0,0.0,0.0,0.0,0.0,0.0,0.0,0.0,0.0,0.0,0.0,0.0,0.0,0.3325607992200146,0.0,0.0,0.0,0.0,0.0,0.0,0.0,0.0,0.0,0.0,0.0,0.0,0.0,0.0,0.0,0.0,0.0,0.0,0.0,0.0,0.0,0.0,0.0,0.0,0.0,0.0,0.0,0.0,0.0,0.0,0.0,0.0,0.0,0.0,0.0,0.0,0.0,0.0,0.0,0.0,0.0,0.0,0.0,0.0,0.0,0.0,0.0,0.0,0.0,0.0,0.0,0.0,0.0,0.0,0.0,0.0,0.3325607992200146,0.0,0.0,0.0,0.0,0.0,0.0,0.0,0.0,0.0,0.0,0.0,0.0,0.0,0.0,0.0,0.0,0.0,0.0,0.0,0.0,0.0,0.0,0.0,0.0,0.0,0.0,0.0,0.26690074916911766,0.0,0.0,0.0,0.0,0.0,0.0,0.0,0.0,0.0,0.0,0.3898873706566697,0.0,0.0,0.0,0.0,0.0,0.0,0.0,0.0,0.0,0.0,0.0,0.0,0.0,0.0,0.0,0.0,0.0,0.0,0.0,0.0,0.0,0.0,0.0,0.0,0.0,0.0,0.0,0.0,0.0,0.0,0.0,0.0,0.0,0.0,0.0,0.0,0.0,0.0,0.0,0.0,0.0,0.0,0.0,0.0,0.0,0.0,0.0,0.0,0.0,0.0,0.0,0.0,0.0,0.0,0.0,0.0,0.0,0.0,0.0,0.0,0.0,0.0,0.0,0.0,0.0,0.0,0.0,0.0,0.3325607992200146,0.0,0.0,0.0,0.0,0.0,0.0,0.0,0.0,0.0,0.0,0.0,0.0,0.0,0.0,0.0,0.0,0.0,0.0,0.0,0.0,0.0,0.0,0.0,0.0,0.0,0.0,0.0,0.0,0.0,0.0,0.0,0.0,0.0,0.0,0.0,0.0,0.0,0.0,0.0,0.0,0.0,0.0,0.0,0.3325607992200146,0.0,0.0,0.0,0.0,0.0,0.0,0.0,0.0,0.3325607992200146,0.0,0.0,0.0,0.0,0.0,0.0,0.0,0.0,0.0,0.0,0.0,0.0,0.0,0.0,0.0,0.0,0.0,0.0,0.0,0.0,0.0,0.0,0.0,0.0,0.0,0.0,0.0,0.0,0.0,0.0,0.0,0.0,0.0,0.0,0.0,0.0,0.0,0.0,0.0,0.0,0.0,0.0,0.0,0.0,0.0,0.0,0.0,0.0,0.3325607992200146,0.0,0.0,0.0,0.0,0.0,0.0,0.0,0.0,0.0,0.0,0.0,0.0,0.0,0.0,0.0,0.0,0.0,0.0,0.0,0.0,0.0,0.0,0.0,0.0,0.0,0.0,0.0,0.0,0.0,0.0,0.0
SD2401267,20대,너희 집은 지금 오피스텔이잖아. 그 층간 소음 좀 있는 거 같아? 나 지금 7층 사는데 딱히 층간 소음은 없는 거 같은데 좀 그 아파트에 이상한 사람은 좀 있는 거 같더라. 왜냐하면은 우리가 집에 아무도 없는 상태였는데 갑자기 밑의 집에서 올라온다 아 그 밑의 집인가 어디서 막 신고가 들어왔다는 거야. 이 이 시간이 너무 시끄러웠었다고. 그래 가지고 그게 그게 꼭 밑의 집은 아니고 밑의 층은 아니었던 거 같은데 그런 사람이 좀 있어서 좀 뭐지 좀 조심해야겠다 이런 적은 있었어. 이런 적이 있어. 그리고 너는 지금 자취를 그 1곳에서만 했던 거야 이사 없이? 나도 지금 누나랑 같이 살라고 하면은 절대 못 살 거 같아. 누나랑 진짜 맞는 게 하나도 없단 말이야. 누나도 막 나도 새벽에 전화하면은 누나가 뭐라 하고. 어떨 때 누나가 새벽에 게임하면 또 나한테 이제 내가 이제 스트레스받고. 그래서 이제 만약에 내가 너처럼 그러니까 형제 같이 살라고 하면은 나는 못 살 거 같아. 그리고 그리고 그 이사를 좀 많이 다녔었는데 이사 다닐 때마다 이제 방이 있긴 한데 이게 크기가 이제 큰방 작은방이 있었단 말이야. 그래 가지고 누가 큰방 쓸 거냐 이런 거 때문에 또 엄청 싸운 적 싸웠었고 싸웠었던 거 같아. 그러면 본가도 그러면 지금 살던 데 쭉 계속 살고 있었던 거야 어릴 때부터? 나는 이제 어릴 때부터 정말 많이 다녔었는데 초등학교랑 중학교 때까지는 그래도 한동네 내에서 왔다 갔다 했던 거여서 좀 이제 이사하느라 좀 귀찮고 막 집 바뀌는 게 좀 불편 적응이 안 되 초반에 적응이 안 되는 게 있긴 했어도 이 친구들이랑 멀어진다 이런 거 없어서 괜찮았는데 중학교 3학년에서 이제 고등학교 때 한번 아예 학 그 학 우리 지금 다니는 학교 쪽으로 이사를 왔었단 말이야. 근데 그때 정말 좀 좋았던 친구들인데 완전 멀어지니까 그때 쪼끔 이제 스트레스를 받았었던 경험이 있고. 그래서 또 그래 가지고 이제 고등학교 1학년 때에서부터 2학년 때 또 이사를 가야 되는 상황이 된 거야. 근데 그래서 원래 다니던 고등학교 쪽으로 가려 했었는데 그러진 않고 이제 다시 원래 동네로 돌아갔었던 적이 있어. 나도 그런 전원주택에서 사는 꿈 같은 게 있었던 거 같아. 그 내가 직접 집을 만들고 아 설계해서 막 비밀 공간이나 아 이제 정말 큰 목욕탕이나 아니면 음 어떤 작업실 뭐 이런 걸 만들어 두고 싶다는 생각이 있었어. 만들고 싶다는. 그리 너 근데 지금 자취하고 있잖아. 그러면 그 가전제품 같은 거는 뭐 뭐 있어? 어 이러면 안 되는데. 나는 이제 본가에 살잖아. 어 집안일을 거의 다 안 하고 엄마가 하고 있어. 그러니까 설거지만 이제 내가 먹은 거 설거지하고 이제 그리고 옷 옷이나 분리수거 이런 거는 엄마 아빠가 거의 다 하는 거 같아. 그 자취하면서 이런 설거지나 분리수거 때문에 막 오빠랑 막 싸우거나 그러진 않아? 난 지금 너무 자취를 하고 싶어. 왜냐하면은 일단 난 이제 혼자가 편하단 말이야. 그래 가지고 이제 나만의 일상생활 패턴이 있는데 어쨌든 가족이랑 살면은 아무리 가족이라도 쪼금 지켜야 되는 게 있으니까 그런 게 이제 좀 나한테는 너무 좀 힘들고 내가 하고 싶은 것도 너무 제한이 되는 거 같아서 학교 근처에서 자취하고 싶다는 생각은 있는데 이게 자취도 어쨌든 돈이 많이 깨지니까 쉽사리 하진 못 하고 있고. 음 아마 군대 갔다 와서 자취를 할 수 있으면 하지 않을까 이런 생각이 있어. 음 너는 음 너희 집 인테리어는 혹시 어떻게 돼 있어? 음 우리 집은 이번에 새로 지은 아파트여 가지고 그냥 전체적으로 완전 깔끔한 느낌으로 지금 돼 있는데 이게 아파 이제 방 청소를 쪼끔만 안 해도 이제 옷가 방이 좀 좁아 가지고 옷도 막 의자 위에 올라가 있고 침대 위에 뭉쳐져 있고. 그래 가지고 인테리어는 깔끔한데 방 정리는 되게 안 돼 있는 거 같아. 그리고 또 새로 지은 아파트라 했잖아. 이게 요즘에 새로 지어서 그런가. 아파트가 되게 개성이 넘치더라고. 건물도 막 다 이 모습이 막 다르고. 막 저게 아파트 건물이야 이런 것도 있고. 그리고 처음에 이사 왔을 때 첫날인데 집을 못 찾겠는 거야. 왜냐하면은 보통 아파트 단지가 뭐 몇 호부터 몇 호 1에서 3 3에서 5 이렇게 순서대로 있는데 거기는 막 1에서 3이랑 17에서 19 이렇게 붙어 있고. 막 이상하게 다 붙어 있는 거야. 그래 가지고 처음 이사 갔을 때 그 아파트 단지 안에서 길 잃어 가지고 한 20분 30분 정도 헤맸던 기억이 있어. 너는 만약에 이제 앞으로 회사 다니고 할 거면은 하면은 혼자 살게 되면은 서울에서 계속 살고 싶어? 아니면은 대구? 이게 새로 지은 아파트여 가지고 이게 헬스장이나 도서관 뭐 어린이집 이런 게 입주된다는 얘기만 있고 아직은 인프라가 갖춰지진 못한 거 같아. 그래서 헬스장도 아마 생긴다곤 하는데 어 언제 생길진 잘 모르겠고. 그 아파트 단지 내에 도서관은 지금도 운영하고 있고. 그거 말고도 뭔가 주민들 휴식 공간이라고 하면서 건물이 몇 개 있더라고. 거기서 막 좀 차 같은 거 마시고 막 떠들면서 있는 아줌마들도 있고. 그 빈백 빈백도 있잖아. 그런 것도 아파트 단지 내에 몇 개 깔아둔 거야. 그래 가지고 거기서 좀 누워서 막 떠드는 사람들도 보고 이런 시설이 좀 있었어.,0.014965986394557823,0.02857142857142857,0.013605442176870748,0.0013605442176870747,0.005442176870748299,0.0027210884353741495,0.0027210884353741495,0.02312925170068027,0.0326530612244898,0.02040816326530612,0.004081632653061225,0.0163265306122449,0.0013605442176870747,0.005442176870748299,0.013605442176870748,0.0027210884353741495,0.004081632653061225,0.004081632653061225,0.024489795918367346,0.021768707482993196,0.0013605442176870747,0.0013605442176870747,0.005442176870748299,0.006802721088435374,0.0013605442176870747,0.004081632653061225,0.02040816326530612,0.0013605442176870747,0.0013605442176870747,0.009523809523809525,0.04353741496598639,0.0013605442176870747,0.005442176870748299,0.0013605442176870747,0.010884353741496598,0.005442176870748299,0.0013605442176870747,0.0027210884353741495,0.012244897959183673,0.0013605442176870747,0.0013605442176870747,0.006802721088435374,0.004081632653061225,0.0027210884353741495,0.027210884353741496,0.009523809523809525,0.010884353741496598,0.0013605442176870747,0.006802721088435374,0.024489795918367346,0.010884353741496598,0.0013605442176870747,0.006802721088435374,0.0027210884353741495,0.0013605442176870747,0.005442176870748299,0.0013605442176870747,0.0013605442176870747,0.0013605442176870747,0.006802721088435374,0.0013605442176870747,0.0027210884353741495,0.0013605442176870747,0.0027210884353741495,0.013605442176870748,0.0013605442176870747,0.006802721088435374,0.0013605442176870747,0.02857142857142857,0.0027210884353741495,0.0027210884353741495,0.0027210884353741495,0.005442176870748299,0.0013605442176870747,0.00816326530612245,0.004081632653061225,0.00816326530612245,0.0013605442176870747,0.005442176870748299,0.0027210884353741495,0.0013605442176870747,0.0013605442176870747,0.0027210884353741495,0.0013605442176870747,0.0013605442176870747,0.0013605442176870747,0.005442176870748299,0.0013605442176870747,0.005442176870748299,0.0027210884353741495,0.0013605442176870747,0.0027210884353741495,0.0027210884353741495,0.005442176870748299,0.004081632653061225,0.0013605442176870747,0.0027210884353741495,0.0013605442176870747,0.0013605442176870747,0.0013605442176870747,0.005442176870748299,0.004081632653061225,0.0013605442176870747,0.0013605442176870747,0.0013605442176870747,0.0027210884353741495,0.009523809523809525,0.014965986394557823,0.0013605442176870747,0.0013605442176870747,0.0013605442176870747,0.0027210884353741495,0.0013605442176870747,0.004081632653061225,0.0013605442176870747,0.004081632653061225,0.0013605442176870747,0.0013605442176870747,0.0027210884353741495,0.0027210884353741495,0.0027210884353741495,0.0013605442176870747,0.0013605442176870747,0.0027210884353741495,0.0027210884353741495,0.0013605442176870747,0.0027210884353741495,0.0013605442176870747,0.0027210884353741495,0.0013605442176870747,0.0013605442176870747,0.0013605442176870747,0.0013605442176870747,0.0013605442176870747,0.0013605442176870747,0.0013605442176870747,0.005442176870748299,0.004081632653061225,0.0013605442176870747,0.0013605442176870747,0.0027210884353741495,0.0027210884353741495,0.0013605442176870747,0.0013605442176870747,0.0013605442176870747,0.004081632653061225,0.0013605442176870747,0.0013605442176870747,0.004081632653061225,0.0013605442176870747,0.0027210884353741495,0.005442176870748299,0.0027210884353741495,0.004081632653061225,0.0013605442176870747,0.005442176870748299,0.0027210884353741495,0.0013605442176870747,0.0013605442176870747,0.0013605442176870747,0.0013605442176870747,0.0027210884353741495,0.0013605442176870747,0.0013605442176870747,0.0013605442176870747,0.0013605442176870747,0.0013605442176870747,0.0027210884353741495,0.0027210884353741495,0.0013605442176870747,0.0013605442176870747,0.0013605442176870747,0.0013605442176870747,0.0013605442176870747,0.0013605442176870747,0.0013605442176870747,0.0013605442176870747,0.0013605442176870747,0.0013605442176870747,0.0013605442176870747,0.0027210884353741495,0.0013605442176870747,0.0027210884353741495,0.0013605442176870747,0.0013605442176870747,0.005442176870748299,0.005442176870748299,0.005442176870748299,0.0013605442176870747,0.0013605442176870747,0.0013605442176870747,0.0013605442176870747,0.0013605442176870747,0.0013605442176870747,0.0013605442176870747,0.0027210884353741495,0.0013605442176870747,0.0013605442176870747,0.0013605442176870747,0.0013605442176870747,0.0027210884353741495,0.0013605442176870747,0.0013605442176870747,0.0013605442176870747,0.004081632653061225,0.0013605442176870747,0.0013605442176870747,0.0013605442176870747,0.0013605442176870747,0.0027210884353741495,0.0013605442176870747,0.0013605442176870747,0.0013605442176870747,0.005442176870748299,0.0027210884353741495,0.0013605442176870747,0.0013605442176870747,0.0027210884353741495,0.0013605442176870747,0.0013605442176870747,0.0013605442176870747,0.0013605442176870747,0.0013605442176870747,0.0013605442176870747,0.0013605442176870747,0.0013605442176870747,0.0013605442176870747,0.0013605442176870747,0.0027210884353741495,0.0027210884353741495,0.0013605442176870747,0.0013605442176870747,0.0013605442176870747,0.0013605442176870747,0.0013605442176870747,0.0013605442176870747,0.0013605442176870747,0.0013605442176870747,0.0027210884353741495,0.0013605442176870747,0.0013605442176870747,0.0013605442176870747,0.0013605442176870747,0.0013605442176870747,0.0013605442176870747,0.0013605442176870747,0.0013605442176870747,0.0013605442176870747,0.0013605442176870747,0.0013605442176870747,0.0027210884353741495,0.0013605442176870747,0.0013605442176870747,0.0013605442176870747,0.0013605442176870747,0.0013605442176870747,0.0013605442176870747,0.0013605442176870747,0.0,0.0,0.0,0.0,0.0,0.0,0.0,0.0,0.0,0.0,0.0,0.0,0.0,0.0,0.0,0.0,0.0,0.0,0.0,0.0,0.0,0.0,0.0,0.0,0.0,0.0,0.0,0.0,0.0,0.0,0.0,0.0,0.0,0.0,0.0,0.0,0.0,0.0,0.0,0.0,0.0,0.0,0.0,0.0,0.0,0.0,0.0,0.0,0.0,0.0,0.0,0.0,0.0,0.0,0.0,0.0,0.0,0.0,0.0,0.0,0.0,0.0,0.0,0.0,0.0,0.0,0.0,0.0,0.0,0.0,0.0,0.0,0.0,0.0,0.0,0.0,0.0,0.0,0.0,0.0,0.0,0.0,0.0,0.0,0.0,0.0,0.0,0.0,0.0,0.0,0.0,0.0,0.0,0.0,0.0,0.0,0.0,0.0,0.0,0.0,0.0,0.0,0.0,0.0,0.0,0.0,0.0,0.0,0.0,0.0,0.0,0.0,0.0,0.0,0.0,0.0,0.0,0.0,0.0,0.0,0.0,0.0,0.0,0.0,0.0,0.0,0.0,0.0,0.0,0.0,0.0,0.0,0.0,0.0,0.0,0.0,0.0,0.0,0.0,0.0,0.0,0.0,0.0,0.0,0.0,0.0,0.0,0.0,0.0,0.0,0.0,0.0,0.0,0.0,0.0,0.0,0.0,0.0,0.0,0.0,0.0,0.0,0.0,0.0,0.0,0.0,0.0,0.0,0.0,0.0,0.0,0.0,0.0,0.0,0.0,0.0,0.0,0.0,0.0,0.0,0.0,0.0,0.0,0.0,0.0,0.0,0.0,0.0,0.0,0.0,0.0,0.0,0.0,0.0,0.0,0.0,0.0,0.0,0.0,0.0,0.0,0.0,0.0,0.0,0.0,0.0,0.0,0.0,0.0,0.0,0.0,0.0,0.0,0.0,0.0,0.0,0.0,0.0,0.0,0.0,0.0,0.0,0.0,0.0,0.0,0.0,0.0,0.0,0.0,0.0,0.0,0.0,0.0,0.0,0.0,0.0,0.0,0.0,0.0,0.0,0.0,0.0,0.0,0.0,0.0,0.0,0.0,0.0,0.0,0.0,0.0,0.0,0.0,0.0,0.0,0.0,0.0,0.0,0.0,0.0,0.0,0.0,0.0,0.0,0.0,0.0,0.0,0.0,0.0,0.0,0.0,0.0,0.0,0.0,0.0,0.0,0.0,0.0,0.0,0.0,0.0,0.0,0.0,0.0,0.0,0.0,0.0,0.0,0.0,0.0,0.0,0.0,0.0,0.0,0.0,0.0,0.0,0.0,0.0,0.0,0.0,0.0,0.0,0.0,0.0,0.0,0.0,0.0,0.0,0.0,0.0,0.0,0.0,0.0,0.0,0.0,0.0,0.0,0.0,0.0,0.0,0.0,0.0,0.0,0.0,0.0,0.0,0.0,0.0,0.0,0.0,0.0,0.0,0.0,0.0,0.0,0.0,0.0,0.0,0.0,0.0,0.0,0.0,0.0,0.0,0.0,0.0,0.0,0.0,0.0,0.0,0.0,0.0,0.0,0.0,0.0,0.0,0.0,0.0,0.0,0.0,0.0,0.0,0.0,0.0,0.0,0.0,0.0,0.0,0.0,0.0,0.0,0.0,0.0,0.0,0.0,0.0,0.0,0.0,0.0,0.0,0.0,0.0,0.0,0.0,0.0,0.0,0.0,0.0,0.0,0.0,0.0,0.0,0.0,0.0,0.0,0.0,0.0,0.0,0.0,0.0,0.0,0.0,0.0,0.0,0.0,0.0,0.0,0.0,0.0,0.0,0.0,0.0,0.0,0.0,0.0,0.0,0.0,0.0,0.0,0.0,0.0,0.0,0.0,0.0,0.0,0.0,0.0,0.0,0.0,0.0,0.0,0.0,0.0,0.0,0.0,0.0,0.0,0.0,0.0,0.0,0.0,0.0,0.0,0.0,0.0,0.0,0.0,0.0,0.0,0.0,0.0,0.0,0.0,0.0,0.0,0.0,0.0,0.0,0.0,0.0,0.0,0.0,0.0,0.0,0.0,0.0,0.0,0.0,0.0,0.3025515506318032,0.0,0.0,0.0,0.0,0.0,0.0,0.0,0.0,0.0,0.0,0.0,0.0,0.0,0.0,0.0,0.0,0.0,0.0,0.0,0.0,0.0,0.0,0.0,0.0,0.0,0.0,0.0,0.0,0.0,0.0,0.0,0.0,0.0,0.0,0.0,0.0,0.0,0.0,0.0,0.0,0.0,0.0,0.0,0.0,0.0,0.0,0.0,0.0,0.0,0.0,0.0,0.0,0.0,0.0,0.0,0.0,0.0,0.0,0.0,0.0,0.0,0.0,0.0,0.0,0.0,0.0,0.0,0.0,0.0,0.0,0.0,0.0,0.0,0.0,0.0,0.0,0.0,0.0,0.0,0.0,0.0,0.0,0.0,0.0,0.0,0.0,0.0,0.0,0.0,0.0,0.0,0.0,0.0,0.0,0.0,0.0,0.0,0.0,0.0,0.0,0.0,0.0,0.0,0.0,0.0,0.0,0.0,0.0,0.0,0.0,0.0,0.0,0.0,0.0,0.0,0.0,0.0,0.0,0.0,0.0,0.0,0.0,0.0,0.0,0.0,0.0,0.0,0.0,0.0,0.0,0.0,0.0,0.0,0.0,0.0,0.0,0.0,0.0,0.0,0.0,0.0,0.0,0.0,0.0,0.0,0.0,0.0,0.0,0.0,0.0,0.0,0.0,0.0,0.0,0.0,0.0,0.0,0.0,0.0,0.0,0.0,0.0,0.0,0.0,0.0,0.0,0.0,0.0,0.0,0.0,0.0,0.0,0.0,0.0,0.0,0.0,0.0,0.0,0.0,0.0,0.0,0.0,0.0,0.0,0.0,0.0,0.0,0.0,0.0,0.0,0.0,0.0,0.0,0.0,0.0,0.0,0.0,0.0,0.0,0.0,0.0,0.0,0.0,0.0,0.0,0.0,0.3025515506318032,0.0,0.0,0.0,0.3025515506318032,0.0,0.0,0.0,0.0,0.0,0.0,0.0,0.0,0.0,0.0,0.0,0.0,0.0,0.0,0.0,0.0,0.0,0.6051031012636064,0.0,0.0,0.0,0.0,0.0,0.0,0.3025515506318032,0.0,0.0,0.0,0.0,0.0,0.0,0.0,0.0,0.0,0.0,0.0,0.0,0.0,0.0,0.0,0.0,0.0,0.0,0.0,0.0,0.0,0.0,0.0,0.0,0.0,0.41971780149598487,0.0,0.0,0.0,0.0,0.0,0.0,0.0,0.0,0.0,0.0,0.0,0.0,0.0,0.0,0.0,0.0,0.0,0.0,0.0,0.0,0.0,0.0,0.0,0.0,0.0,0.0,0.0,0.0,0.0,0.0,0.0,0.0,0.0,0.0,0.0,0.0,0.0,0.0,0.0,0.0,0.0,0.0,0.0,0.0,0.0,0.0,0.0,0.0,0.0,0.0,0.0,0.0,0.0,0.0,0.0,0.0,0.0,0.0,0.0,0.0,0.0,0.0,0.0,0.0,0.0,0.0,0.0,0.0,0.0,0.0,0.0,0.0,0.0,0.0,0.0,0.0,0.0,0.0,0.0,0.0,0.0,0.0,0.0,0.0,0.0,0.0,0.0,0.0,0.0,0.0,0.0,0.0,0.0,0.0,0.0,0.0,0.0,0.0,0.0,0.0,0.0,0.0,0.0,0.0,0.0,0.0,0.0,0.0,0.0,0.0,0.0,0.0,0.0,0.0,0.0,0.0,0.0,0.0,0.0,0.0,0.0,0.0,0.3025515506318032,0.0,0.0,0.0,0.0,0.0,0.0,0.0,0.0,0.0,0.0,0.0,0.0,0.0,0.0,0.0,0.0,0.0,0.0,0.0,0.0,0.0,0.0,0.0,0.0,0.0,0.0,0.0,0.0,0.0,0.0,0.0,0.0,0.0,0.0,0.0,0.0,0.0,0.0,0.0,0.0,0.0,0.0,0.0,0.0,0.0,0.0,0.0,0.0,0.0,0.0,0.0,0.0,0.0,0.0,0.0,0.0,0.0,0.0,0.0,0.0,0.0,0.0,0.0,0.0,0.0,0.0
SD2401267,20대,너희 집은 지금 오피스텔이잖아. 그 층간 소음 좀 있는 거 같아? 나 지금 7층 사는데 딱히 층간 소음은 없는 거 같은데 좀 그 아파트에 이상한 사람은 좀 있는 거 같더라. 왜냐하면은 우리가 집에 아무도 없는 상태였는데 갑자기 밑의 집에서 올라온다 아 그 밑의 집인가 어디서 막 신고가 들어왔다는 거야. 이 이 시간이 너무 시끄러웠었다고. 그래 가지고 그게 그게 꼭 밑의 집은 아니고 밑의 층은 아니었던 거 같은데 그런 사람이 좀 있어서 좀 뭐지 좀 조심해야겠다 이런 적은 있었어. 이런 적이 있어. 그리고 너는 지금 자취를 그 1곳에서만 했던 거야 이사 없이? 나도 지금 누나랑 같이 살라고 하면은 절대 못 살 거 같아. 누나랑 진짜 맞는 게 하나도 없단 말이야. 누나도 막 나도 새벽에 전화하면은 누나가 뭐라 하고. 어떨 때 누나가 새벽에 게임하면 또 나한테 이제 내가 이제 스트레스받고. 그래서 이제 만약에 내가 너처럼 그러니까 형제 같이 살라고 하면은 나는 못 살 거 같아. 그리고 그리고 그 이사를 좀 많이 다녔었는데 이사 다닐 때마다 이제 방이 있긴 한데 이게 크기가 이제 큰방 작은방이 있었단 말이야. 그래 가지고 누가 큰방 쓸 거냐 이런 거 때문에 또 엄청 싸운 적 싸웠었고 싸웠었던 거 같아. 그러면 본가도 그러면 지금 살던 데 쭉 계속 살고 있었던 거야 어릴 때부터? 나는 이제 어릴 때부터 정말 많이 다녔었는데 초등학교랑 중학교 때까지는 그래도 한동네 내에서 왔다 갔다 했던 거여서 좀 이제 이사하느라 좀 귀찮고 막 집 바뀌는 게 좀 불편 적응이 안 되 초반에 적응이 안 되는 게 있긴 했어도 이 친구들이랑 멀어진다 이런 거 없어서 괜찮았는데 중학교 3학년에서 이제 고등학교 때 한번 아예 학 그 학 우리 지금 다니는 학교 쪽으로 이사를 왔었단 말이야. 근데 그때 정말 좀 좋았던 친구들인데 완전 멀어지니까 그때 쪼끔 이제 스트레스를 받았었던 경험이 있고. 그래서 또 그래 가지고 이제 고등학교 1학년 때에서부터 2학년 때 또 이사를 가야 되는 상황이 된 거야. 근데 그래서 원래 다니던 고등학교 쪽으로 가려 했었는데 그러진 않고 이제 다시 원래 동네로 돌아갔었던 적이 있어. 나도 그런 전원주택에서 사는 꿈 같은 게 있었던 거 같아. 그 내가 직접 집을 만들고 아 설계해서 막 비밀 공간이나 아 이제 정말 큰 목욕탕이나 아니면 음 어떤 작업실 뭐 이런 걸 만들어 두고 싶다는 생각이 있었어. 만들고 싶다는. 그리 너 근데 지금 자취하고 있잖아. 그러면 그 가전제품 같은 거는 뭐 뭐 있어? 어 이러면 안 되는데. 나는 이제 본가에 살잖아. 어 집안일을 거의 다 안 하고 엄마가 하고 있어. 그러니까 설거지만 이제 내가 먹은 거 설거지하고 이제 그리고 옷 옷이나 분리수거 이런 거는 엄마 아빠가 거의 다 하는 거 같아. 그 자취하면서 이런 설거지나 분리수거 때문에 막 오빠랑 막 싸우거나 그러진 않아? 난 지금 너무 자취를 하고 싶어. 왜냐하면은 일단 난 이제 혼자가 편하단 말이야. 그래 가지고 이제 나만의 일상생활 패턴이 있는데 어쨌든 가족이랑 살면은 아무리 가족이라도 쪼금 지켜야 되는 게 있으니까 그런 게 이제 좀 나한테는 너무 좀 힘들고 내가 하고 싶은 것도 너무 제한이 되는 거 같아서 학교 근처에서 자취하고 싶다는 생각은 있는데 이게 자취도 어쨌든 돈이 많이 깨지니까 쉽사리 하진 못 하고 있고. 음 아마 군대 갔다 와서 자취를 할 수 있으면 하지 않을까 이런 생각이 있어. 음 너는 음 너희 집 인테리어는 혹시 어떻게 돼 있어? 음 우리 집은 이번에 새로 지은 아파트여 가지고 그냥 전체적으로 완전 깔끔한 느낌으로 지금 돼 있는데 이게 아파 이제 방 청소를 쪼끔만 안 해도 이제 옷가 방이 좀 좁아 가지고 옷도 막 의자 위에 올라가 있고 침대 위에 뭉쳐져 있고. 그래 가지고 인테리어는 깔끔한데 방 정리는 되게 안 돼 있는 거 같아. 그리고 또 새로 지은 아파트라 했잖아. 이게 요즘에 새로 지어서 그런가. 아파트가 되게 개성이 넘치더라고. 건물도 막 다 이 모습이 막 다르고. 막 저게 아파트 건물이야 이런 것도 있고. 그리고 처음에 이사 왔을 때 첫날인데 집을 못 찾겠는 거야. 왜냐하면은 보통 아파트 단지가 뭐 몇 호부터 몇 호 1에서 3 3에서 5 이렇게 순서대로 있는데 거기는 막 1에서 3이랑 17에서 19 이렇게 붙어 있고. 막 이상하게 다 붙어 있는 거야. 그래 가지고 처음 이사 갔을 때 그 아파트 단지 안에서 길 잃어 가지고 한 20분 30분 정도 헤맸던 기억이 있어. 너는 만약에 이제 앞으로 회사 다니고 할 거면은 하면은 혼자 살게 되면은 서울에서 계속 살고 싶어? 아니면은 대구? 이게 새로 지은 아파트여 가지고 이게 헬스장이나 도서관 뭐 어린이집 이런 게 입주된다는 얘기만 있고 아직은 인프라가 갖춰지진 못한 거 같아. 그래서 헬스장도 아마 생긴다곤 하는데 어 언제 생길진 잘 모르겠고. 그 아파트 단지 내에 도서관은 지금도 운영하고 있고. 그거 말고도 뭔가 주민들 휴식 공간이라고 하면서 건물이 몇 개 있더라고. 거기서 막 좀 차 같은 거 마시고 막 떠들면서 있는 아줌마들도 있고. 그 빈백 빈백도 있잖아. 그런 것도 아파트 단지 내에 몇 개 깔아둔 거야. 그래 가지고 거기서 좀 누워서 막 떠드는 사람들도 보고 이런 시설이 좀 있었어.,0.014965986394557823,0.02857142857142857,0.013605442176870748,0.0013605442176870747,0.005442176870748299,0.0027210884353741495,0.0027210884353741495,0.02312925170068027,0.0326530612244898,0.02040816326530612,0.004081632653061225,0.0163265306122449,0.0013605442176870747,0.005442176870748299,0.013605442176870748,0.0027210884353741495,0.004081632653061225,0.004081632653061225,0.024489795918367346,0.021768707482993196,0.0013605442176870747,0.0013605442176870747,0.005442176870748299,0.006802721088435374,0.0013605442176870747,0.004081632653061225,0.02040816326530612,0.0013605442176870747,0.0013605442176870747,0.009523809523809525,0.04353741496598639,0.0013605442176870747,0.005442176870748299,0.0013605442176870747,0.010884353741496598,0.005442176870748299,0.0013605442176870747,0.0027210884353741495,0.012244897959183673,0.0013605442176870747,0.0013605442176870747,0.006802721088435374,0.004081632653061225,0.0027210884353741495,0.027210884353741496,0.009523809523809525,0.010884353741496598,0.0013605442176870747,0.006802721088435374,0.024489795918367346,0.010884353741496598,0.0013605442176870747,0.006802721088435374,0.0027210884353741495,0.0013605442176870747,0.005442176870748299,0.0013605442176870747,0.0013605442176870747,0.0013605442176870747,0.006802721088435374,0.0013605442176870747,0.0027210884353741495,0.0013605442176870747,0.0027210884353741495,0.013605442176870748,0.0013605442176870747,0.006802721088435374,0.0013605442176870747,0.02857142857142857,0.0027210884353741495,0.0027210884353741495,0.0027210884353741495,0.005442176870748299,0.0013605442176870747,0.00816326530612245,0.004081632653061225,0.00816326530612245,0.0013605442176870747,0.005442176870748299,0.0027210884353741495,0.0013605442176870747,0.0013605442176870747,0.0027210884353741495,0.0013605442176870747,0.0013605442176870747,0.0013605442176870747,0.005442176870748299,0.0013605442176870747,0.005442176870748299,0.0027210884353741495,0.0013605442176870747,0.0027210884353741495,0.0027210884353741495,0.005442176870748299,0.004081632653061225,0.0013605442176870747,0.0027210884353741495,0.0013605442176870747,0.0013605442176870747,0.0013605442176870747,0.005442176870748299,0.004081632653061225,0.0013605442176870747,0.0013605442176870747,0.0013605442176870747,0.0027210884353741495,0.009523809523809525,0.014965986394557823,0.0013605442176870747,0.0013605442176870747,0.0013605442176870747,0.0027210884353741495,0.0013605442176870747,0.004081632653061225,0.0013605442176870747,0.004081632653061225,0.0013605442176870747,0.0013605442176870747,0.0027210884353741495,0.0027210884353741495,0.0027210884353741495,0.0013605442176870747,0.0013605442176870747,0.0027210884353741495,0.0027210884353741495,0.0013605442176870747,0.0027210884353741495,0.0013605442176870747,0.0027210884353741495,0.0013605442176870747,0.0013605442176870747,0.0013605442176870747,0.0013605442176870747,0.0013605442176870747,0.0013605442176870747,0.0013605442176870747,0.005442176870748299,0.004081632653061225,0.0013605442176870747,0.0013605442176870747,0.0027210884353741495,0.0027210884353741495,0.0013605442176870747,0.0013605442176870747,0.0013605442176870747,0.004081632653061225,0.0013605442176870747,0.0013605442176870747,0.004081632653061225,0.0013605442176870747,0.0027210884353741495,0.005442176870748299,0.0027210884353741495,0.004081632653061225,0.0013605442176870747,0.005442176870748299,0.0027210884353741495,0.0013605442176870747,0.0013605442176870747,0.0013605442176870747,0.0013605442176870747,0.0027210884353741495,0.0013605442176870747,0.0013605442176870747,0.0013605442176870747,0.0013605442176870747,0.0013605442176870747,0.0027210884353741495,0.0027210884353741495,0.0013605442176870747,0.0013605442176870747,0.0013605442176870747,0.0013605442176870747,0.0013605442176870747,0.0013605442176870747,0.0013605442176870747,0.0013605442176870747,0.0013605442176870747,0.0013605442176870747,0.0013605442176870747,0.0027210884353741495,0.0013605442176870747,0.0027210884353741495,0.0013605442176870747,0.0013605442176870747,0.005442176870748299,0.005442176870748299,0.005442176870748299,0.0013605442176870747,0.0013605442176870747,0.0013605442176870747,0.0013605442176870747,0.0013605442176870747,0.0013605442176870747,0.0013605442176870747,0.0027210884353741495,0.0013605442176870747,0.0013605442176870747,0.0013605442176870747,0.0013605442176870747,0.0027210884353741495,0.0013605442176870747,0.0013605442176870747,0.0013605442176870747,0.004081632653061225,0.0013605442176870747,0.0013605442176870747,0.0013605442176870747,0.0013605442176870747,0.0027210884353741495,0.0013605442176870747,0.0013605442176870747,0.0013605442176870747,0.005442176870748299,0.0027210884353741495,0.0013605442176870747,0.0013605442176870747,0.0027210884353741495,0.0013605442176870747,0.0013605442176870747,0.0013605442176870747,0.0013605442176870747,0.0013605442176870747,0.0013605442176870747,0.0013605442176870747,0.0013605442176870747,0.0013605442176870747,0.0013605442176870747,0.0027210884353741495,0.0027210884353741495,0.0013605442176870747,0.0013605442176870747,0.0013605442176870747,0.0013605442176870747,0.0013605442176870747,0.0013605442176870747,0.0013605442176870747,0.0013605442176870747,0.0027210884353741495,0.0013605442176870747,0.0013605442176870747,0.0013605442176870747,0.0013605442176870747,0.0013605442176870747,0.0013605442176870747,0.0013605442176870747,0.0013605442176870747,0.0013605442176870747,0.0013605442176870747,0.0013605442176870747,0.0027210884353741495,0.0013605442176870747,0.0013605442176870747,0.0013605442176870747,0.0013605442176870747,0.0013605442176870747,0.0013605442176870747,0.0013605442176870747,0.0,0.0,0.0,0.0,0.0,0.0,0.0,0.0,0.0,0.0,0.0,0.0,0.0,0.0,0.0,0.0,0.0,0.0,0.0,0.0,0.0,0.0,0.0,0.0,0.0,0.0,0.0,0.0,0.0,0.0,0.0,0.0,0.0,0.0,0.0,0.0,0.0,0.0,0.0,0.0,0.0,0.0,0.0,0.0,0.0,0.0,0.0,0.0,0.0,0.0,0.0,0.0,0.0,0.0,0.0,0.0,0.0,0.0,0.0,0.0,0.0,0.0,0.0,0.0,0.0,0.0,0.0,0.0,0.0,0.0,0.0,0.0,0.0,0.0,0.0,0.0,0.0,0.0,0.0,0.0,0.0,0.0,0.0,0.0,0.0,0.0,0.0,0.0,0.0,0.0,0.0,0.0,0.0,0.0,0.0,0.0,0.0,0.0,0.0,0.0,0.0,0.0,0.0,0.0,0.0,0.0,0.0,0.0,0.0,0.0,0.0,0.0,0.0,0.0,0.0,0.0,0.0,0.0,0.0,0.0,0.0,0.0,0.0,0.0,0.0,0.0,0.0,0.0,0.0,0.0,0.0,0.0,0.0,0.0,0.0,0.0,0.0,0.0,0.0,0.0,0.0,0.0,0.0,0.0,0.0,0.0,0.0,0.0,0.0,0.0,0.0,0.0,0.0,0.0,0.0,0.0,0.0,0.0,0.0,0.0,0.0,0.0,0.0,0.0,0.0,0.0,0.0,0.0,0.0,0.0,0.0,0.0,0.0,0.0,0.0,0.0,0.0,0.0,0.0,0.0,0.0,0.0,0.0,0.0,0.0,0.0,0.0,0.0,0.0,0.0,0.0,0.0,0.0,0.0,0.0,0.0,0.0,0.0,0.0,0.0,0.0,0.0,0.0,0.0,0.0,0.0,0.0,0.0,0.0,0.0,0.0,0.0,0.0,0.0,0.0,0.0,0.0,0.0,0.0,0.0,0.0,0.0,0.0,0.0,0.2811437523011491,0.0,0.0,0.0,0.0,0.0,0.0,0.0,0.0,0.2574163478707306,0.0,0.0,0.0,0.0,0.0,0.0,0.0,0.0,0.0,0.0,0.0,0.0,0.0,0.0,0.0,0.0,0.0,0.0,0.0,0.0,0.0,0.0,0.0,0.0,0.0,0.0,0.0,0.0,0.0,0.0,0.0,0.0,0.0,0.0,0.0,0.0,0.0,0.0,0.0,0.0,0.0,0.0,0.0,0.0,0.0,0.0,0.0,0.0,0.0,0.0,0.0,0.0,0.0,0.3246245251161039,0.0,0.0,0.0,0.0,0.0,0.0,0.0,0.0,0.0,0.0,0.0,0.0,0.0,0.0,0.0,0.0,0.0,0.0,0.0,0.0,0.0,0.0,0.0,0.0,0.0,0.0,0.0,0.0,0.4323361934964511,0.0,0.0,0.0,0.0,0.0,0.0,0.0,0.0,0.0,0.0,0.0,0.0,0.0,0.0,0.0,0.0,0.0,0.0,0.0,0.0,0.0,0.0,0.0,0.0,0.0,0.0,0.0,0.0,0.0,0.0,0.0,0.0,0.0,0.0,0.0,0.0,0.0,0.0,0.0,0.0,0.0,0.0,0.0,0.0,0.0,0.0,0.0,0.0,0.0,0.0,0.0,0.0,0.0,0.0,0.0,0.0,0.0,0.0,0.0,0.0,0.0,0.0,0.0,0.0,0.0,0.0,0.0,0.0,0.0,0.0,0.0,0.0,0.0,0.0,0.0,0.0,0.0,0.0,0.0,0.0,0.0,0.0,0.0,0.0,0.0,0.34697671585996964,0.0,0.0,0.0,0.0,0.0,0.0,0.0,0.0,0.0,0.0,0.0,0.0,0.0,0.0,0.0,0.0,0.0,0.0,0.0,0.0,0.0,0.0,0.0,0.0,0.0,0.0,0.0,0.0,0.0,0.0,0.0,0.0,0.0,0.0,0.0,0.0,0.0,0.0,0.0,0.0,0.0,0.0,0.0,0.0,0.0,0.0,0.0,0.0,0.0,0.0,0.0,0.0,0.0,0.0,0.0,0.0,0.0,0.0,0.0,0.0,0.0,0.0,0.0,0.0,0.0,0.0,0.0,0.0,0.0,0.0,0.0,0.0,0.0,0.0,0.0,0.0,0.0,0.0,0.0,0.0,0.0,0.0,0.0,0.0,0.0,0.0,0.0,0.0,0.0,0.0,0.0,0.0,0.0,0.0,0.0,0.0,0.0,0.0,0.0,0.0,0.0,0.0,0.0,0.0,0.0,0.0,0.0,0.0,0.0,0.0,0.0,0.0,0.0,0.0,0.0,0.0,0.0,0.0,0.0,0.0,0.0,0.0,0.0,0.0,0.0,0.0,0.0,0.0,0.0,0.0,0.0,0.0,0.0,0.0,0.0,0.0,0.0,0.0,0.0,0.0,0.0,0.0,0.0,0.0,0.0,0.0,0.0,0.0,0.0,0.0,0.0,0.0,0.0,0.0,0.0,0.0,0.0,0.0,0.0,0.0,0.0,0.0,0.0,0.0,0.0,0.0,0.0,0.0,0.0,0.0,0.0,0.0,0.0,0.0,0.0,0.0,0.0,0.0,0.0,0.0,0.0,0.0,0.0,0.0,0.0,0.0,0.0,0.0,0.0,0.0,0.0,0.0,0.0,0.0,0.0,0.0,0.0,0.0,0.0,0.0,0.0,0.0,0.0,0.0,0.0,0.0,0.0,0.0,0.0,0.0,0.0,0.0,0.0,0.0,0.0,0.0,0.0,0.0,0.0,0.0,0.0,0.0,0.0,0.0,0.0,0.0,0.0,0.0,0.0,0.0,0.0,0.0,0.0,0.0,0.0,0.0,0.0,0.0,0.0,0.0,0.0,0.0,0.0,0.0,0.0,0.0,0.0,0.0,0.0,0.0,0.0,0.0,0.0,0.0,0.0,0.0,0.0,0.0,0.0,0.0,0.0,0.0,0.0,0.0,0.0,0.0,0.0,0.0,0.0,0.0,0.0,0.0,0.0,0.0,0.0,0.0,0.0,0.0,0.0,0.0,0.0,0.0,0.0,0.0,0.0,0.0,0.0,0.0,0.0,0.0,0.0,0.0,0.0,0.0,0.0,0.0,0.0,0.0,0.0,0.0,0.0,0.0,0.0,0.0,0.0,0.0,0.0,0.0,0.0,0.0,0.0,0.0,0.0,0.0,0.0,0.0,0.0,0.0,0.0,0.0,0.4008325500501432,0.0,0.0,0.0,0.0,0.0,0.0,0.0,0.0,0.0,0.0,0.3072868190166917,0.0,0.0,0.0,0.0,0.0,0.0,0.0,0.0,0.0,0.0,0.0,0.0,0.0,0.0,0.0,0.0,0.0,0.0,0.0,0.0,0.0,0.0,0.0,0.0,0.0,0.0,0.0,0.0,0.0,0.0,0.0,0.0,0.0,0.0,0.0,0.0,0.0,0.0,0.0,0.0,0.0,0.0,0.0,0.0,0.0,0.0,0.4323361934964511,0.0,0.0,0.0,0.0,0.0,0.0,0.0,0.0,0.0,0.0,0.0,0.0,0.0,0.0,0.0,0.0,0.0,0.0,0.0,0.0,0.0,0.0,0.0,0.0,0.0,0.0,0.0,0.0,0.0,0.0,0.0,0.0,0.0,0.0,0.0,0.0,0.0,0.0,0.0,0.0,0.0,0.0,0.0,0.0,0.0,0.0,0.0,0.0,0.0,0.0,0.0,0.0,0.0,0.0,0.0,0.0,0.0,0.0,0.0,0.0,0.0,0.0,0.0,0.0,0.0,0.0,0.0,0.0,0.0,0.0,0.0,0.0,0.0,0.0,0.0,0.0,0.0,0.0,0.0,0.0,0.0,0.0,0.0,0.0,0.0,0.0,0.0,0.0,0.0,0.0,0.0,0.0,0.0,0.0,0.0,0.0,0.0,0.0,0.0,0.0,0.0,0.0,0.0,0.0,0.0,0.0,0.0,0.0,0.0,0.0,0.0,0.0,0.0,0.0,0.0,0.0,0.0,0.0,0.0,0.0,0.0,0.0,0.0,0.0,0.0,0.0,0.0,0.0,0.0,0.0,0.0,0.0,0.0,0.0,0.0,0.0,0.0,0.0,0.0,0.0
SD2401267,20대,너희 집은 지금 오피스텔이잖아. 그 층간 소음 좀 있는 거 같아? 나 지금 7층 사는데 딱히 층간 소음은 없는 거 같은데 좀 그 아파트에 이상한 사람은 좀 있는 거 같더라. 왜냐하면은 우리가 집에 아무도 없는 상태였는데 갑자기 밑의 집에서 올라온다 아 그 밑의 집인가 어디서 막 신고가 들어왔다는 거야. 이 이 시간이 너무 시끄러웠었다고. 그래 가지고 그게 그게 꼭 밑의 집은 아니고 밑의 층은 아니었던 거 같은데 그런 사람이 좀 있어서 좀 뭐지 좀 조심해야겠다 이런 적은 있었어. 이런 적이 있어. 그리고 너는 지금 자취를 그 1곳에서만 했던 거야 이사 없이? 나도 지금 누나랑 같이 살라고 하면은 절대 못 살 거 같아. 누나랑 진짜 맞는 게 하나도 없단 말이야. 누나도 막 나도 새벽에 전화하면은 누나가 뭐라 하고. 어떨 때 누나가 새벽에 게임하면 또 나한테 이제 내가 이제 스트레스받고. 그래서 이제 만약에 내가 너처럼 그러니까 형제 같이 살라고 하면은 나는 못 살 거 같아. 그리고 그리고 그 이사를 좀 많이 다녔었는데 이사 다닐 때마다 이제 방이 있긴 한데 이게 크기가 이제 큰방 작은방이 있었단 말이야. 그래 가지고 누가 큰방 쓸 거냐 이런 거 때문에 또 엄청 싸운 적 싸웠었고 싸웠었던 거 같아. 그러면 본가도 그러면 지금 살던 데 쭉 계속 살고 있었던 거야 어릴 때부터? 나는 이제 어릴 때부터 정말 많이 다녔었는데 초등학교랑 중학교 때까지는 그래도 한동네 내에서 왔다 갔다 했던 거여서 좀 이제 이사하느라 좀 귀찮고 막 집 바뀌는 게 좀 불편 적응이 안 되 초반에 적응이 안 되는 게 있긴 했어도 이 친구들이랑 멀어진다 이런 거 없어서 괜찮았는데 중학교 3학년에서 이제 고등학교 때 한번 아예 학 그 학 우리 지금 다니는 학교 쪽으로 이사를 왔었단 말이야. 근데 그때 정말 좀 좋았던 친구들인데 완전 멀어지니까 그때 쪼끔 이제 스트레스를 받았었던 경험이 있고. 그래서 또 그래 가지고 이제 고등학교 1학년 때에서부터 2학년 때 또 이사를 가야 되는 상황이 된 거야. 근데 그래서 원래 다니던 고등학교 쪽으로 가려 했었는데 그러진 않고 이제 다시 원래 동네로 돌아갔었던 적이 있어. 나도 그런 전원주택에서 사는 꿈 같은 게 있었던 거 같아. 그 내가 직접 집을 만들고 아 설계해서 막 비밀 공간이나 아 이제 정말 큰 목욕탕이나 아니면 음 어떤 작업실 뭐 이런 걸 만들어 두고 싶다는 생각이 있었어. 만들고 싶다는. 그리 너 근데 지금 자취하고 있잖아. 그러면 그 가전제품 같은 거는 뭐 뭐 있어? 어 이러면 안 되는데. 나는 이제 본가에 살잖아. 어 집안일을 거의 다 안 하고 엄마가 하고 있어. 그러니까 설거지만 이제 내가 먹은 거 설거지하고 이제 그리고 옷 옷이나 분리수거 이런 거는 엄마 아빠가 거의 다 하는 거 같아. 그 자취하면서 이런 설거지나 분리수거 때문에 막 오빠랑 막 싸우거나 그러진 않아? 난 지금 너무 자취를 하고 싶어. 왜냐하면은 일단 난 이제 혼자가 편하단 말이야. 그래 가지고 이제 나만의 일상생활 패턴이 있는데 어쨌든 가족이랑 살면은 아무리 가족이라도 쪼금 지켜야 되는 게 있으니까 그런 게 이제 좀 나한테는 너무 좀 힘들고 내가 하고 싶은 것도 너무 제한이 되는 거 같아서 학교 근처에서 자취하고 싶다는 생각은 있는데 이게 자취도 어쨌든 돈이 많이 깨지니까 쉽사리 하진 못 하고 있고. 음 아마 군대 갔다 와서 자취를 할 수 있으면 하지 않을까 이런 생각이 있어. 음 너는 음 너희 집 인테리어는 혹시 어떻게 돼 있어? 음 우리 집은 이번에 새로 지은 아파트여 가지고 그냥 전체적으로 완전 깔끔한 느낌으로 지금 돼 있는데 이게 아파 이제 방 청소를 쪼끔만 안 해도 이제 옷가 방이 좀 좁아 가지고 옷도 막 의자 위에 올라가 있고 침대 위에 뭉쳐져 있고. 그래 가지고 인테리어는 깔끔한데 방 정리는 되게 안 돼 있는 거 같아. 그리고 또 새로 지은 아파트라 했잖아. 이게 요즘에 새로 지어서 그런가. 아파트가 되게 개성이 넘치더라고. 건물도 막 다 이 모습이 막 다르고. 막 저게 아파트 건물이야 이런 것도 있고. 그리고 처음에 이사 왔을 때 첫날인데 집을 못 찾겠는 거야. 왜냐하면은 보통 아파트 단지가 뭐 몇 호부터 몇 호 1에서 3 3에서 5 이렇게 순서대로 있는데 거기는 막 1에서 3이랑 17에서 19 이렇게 붙어 있고. 막 이상하게 다 붙어 있는 거야. 그래 가지고 처음 이사 갔을 때 그 아파트 단지 안에서 길 잃어 가지고 한 20분 30분 정도 헤맸던 기억이 있어. 너는 만약에 이제 앞으로 회사 다니고 할 거면은 하면은 혼자 살게 되면은 서울에서 계속 살고 싶어? 아니면은 대구? 이게 새로 지은 아파트여 가지고 이게 헬스장이나 도서관 뭐 어린이집 이런 게 입주된다는 얘기만 있고 아직은 인프라가 갖춰지진 못한 거 같아. 그래서 헬스장도 아마 생긴다곤 하는데 어 언제 생길진 잘 모르겠고. 그 아파트 단지 내에 도서관은 지금도 운영하고 있고. 그거 말고도 뭔가 주민들 휴식 공간이라고 하면서 건물이 몇 개 있더라고. 거기서 막 좀 차 같은 거 마시고 막 떠들면서 있는 아줌마들도 있고. 그 빈백 빈백도 있잖아. 그런 것도 아파트 단지 내에 몇 개 깔아둔 거야. 그래 가지고 거기서 좀 누워서 막 떠드는 사람들도 보고 이런 시설이 좀 있었어.,0.014965986394557823,0.02857142857142857,0.013605442176870748,0.0013605442176870747,0.005442176870748299,0.0027210884353741495,0.0027210884353741495,0.02312925170068027,0.0326530612244898,0.02040816326530612,0.004081632653061225,0.0163265306122449,0.0013605442176870747,0.005442176870748299,0.013605442176870748,0.0027210884353741495,0.004081632653061225,0.004081632653061225,0.024489795918367346,0.021768707482993196,0.0013605442176870747,0.0013605442176870747,0.005442176870748299,0.006802721088435374,0.0013605442176870747,0.004081632653061225,0.02040816326530612,0.0013605442176870747,0.0013605442176870747,0.009523809523809525,0.04353741496598639,0.0013605442176870747,0.005442176870748299,0.0013605442176870747,0.010884353741496598,0.005442176870748299,0.0013605442176870747,0.0027210884353741495,0.012244897959183673,0.0013605442176870747,0.0013605442176870747,0.006802721088435374,0.004081632653061225,0.0027210884353741495,0.027210884353741496,0.009523809523809525,0.010884353741496598,0.0013605442176870747,0.006802721088435374,0.024489795918367346,0.010884353741496598,0.0013605442176870747,0.006802721088435374,0.0027210884353741495,0.0013605442176870747,0.005442176870748299,0.0013605442176870747,0.0013605442176870747,0.0013605442176870747,0.006802721088435374,0.0013605442176870747,0.0027210884353741495,0.0013605442176870747,0.0027210884353741495,0.013605442176870748,0.0013605442176870747,0.006802721088435374,0.0013605442176870747,0.02857142857142857,0.0027210884353741495,0.0027210884353741495,0.0027210884353741495,0.005442176870748299,0.0013605442176870747,0.00816326530612245,0.004081632653061225,0.00816326530612245,0.0013605442176870747,0.005442176870748299,0.0027210884353741495,0.0013605442176870747,0.0013605442176870747,0.0027210884353741495,0.0013605442176870747,0.0013605442176870747,0.0013605442176870747,0.005442176870748299,0.0013605442176870747,0.005442176870748299,0.0027210884353741495,0.0013605442176870747,0.0027210884353741495,0.0027210884353741495,0.005442176870748299,0.004081632653061225,0.0013605442176870747,0.0027210884353741495,0.0013605442176870747,0.0013605442176870747,0.0013605442176870747,0.005442176870748299,0.004081632653061225,0.0013605442176870747,0.0013605442176870747,0.0013605442176870747,0.0027210884353741495,0.009523809523809525,0.014965986394557823,0.0013605442176870747,0.0013605442176870747,0.0013605442176870747,0.0027210884353741495,0.0013605442176870747,0.004081632653061225,0.0013605442176870747,0.004081632653061225,0.0013605442176870747,0.0013605442176870747,0.0027210884353741495,0.0027210884353741495,0.0027210884353741495,0.0013605442176870747,0.0013605442176870747,0.0027210884353741495,0.0027210884353741495,0.0013605442176870747,0.0027210884353741495,0.0013605442176870747,0.0027210884353741495,0.0013605442176870747,0.0013605442176870747,0.0013605442176870747,0.0013605442176870747,0.0013605442176870747,0.0013605442176870747,0.0013605442176870747,0.005442176870748299,0.004081632653061225,0.0013605442176870747,0.0013605442176870747,0.0027210884353741495,0.0027210884353741495,0.0013605442176870747,0.0013605442176870747,0.0013605442176870747,0.004081632653061225,0.0013605442176870747,0.0013605442176870747,0.004081632653061225,0.0013605442176870747,0.0027210884353741495,0.005442176870748299,0.0027210884353741495,0.004081632653061225,0.0013605442176870747,0.005442176870748299,0.0027210884353741495,0.0013605442176870747,0.0013605442176870747,0.0013605442176870747,0.0013605442176870747,0.0027210884353741495,0.0013605442176870747,0.0013605442176870747,0.0013605442176870747,0.0013605442176870747,0.0013605442176870747,0.0027210884353741495,0.0027210884353741495,0.0013605442176870747,0.0013605442176870747,0.0013605442176870747,0.0013605442176870747,0.0013605442176870747,0.0013605442176870747,0.0013605442176870747,0.0013605442176870747,0.0013605442176870747,0.0013605442176870747,0.0013605442176870747,0.0027210884353741495,0.0013605442176870747,0.0027210884353741495,0.0013605442176870747,0.0013605442176870747,0.005442176870748299,0.005442176870748299,0.005442176870748299,0.0013605442176870747,0.0013605442176870747,0.0013605442176870747,0.0013605442176870747,0.0013605442176870747,0.0013605442176870747,0.0013605442176870747,0.0027210884353741495,0.0013605442176870747,0.0013605442176870747,0.0013605442176870747,0.0013605442176870747,0.0027210884353741495,0.0013605442176870747,0.0013605442176870747,0.0013605442176870747,0.004081632653061225,0.0013605442176870747,0.0013605442176870747,0.0013605442176870747,0.0013605442176870747,0.0027210884353741495,0.0013605442176870747,0.0013605442176870747,0.0013605442176870747,0.005442176870748299,0.0027210884353741495,0.0013605442176870747,0.0013605442176870747,0.0027210884353741495,0.0013605442176870747,0.0013605442176870747,0.0013605442176870747,0.0013605442176870747,0.0013605442176870747,0.0013605442176870747,0.0013605442176870747,0.0013605442176870747,0.0013605442176870747,0.0013605442176870747,0.0027210884353741495,0.0027210884353741495,0.0013605442176870747,0.0013605442176870747,0.0013605442176870747,0.0013605442176870747,0.0013605442176870747,0.0013605442176870747,0.0013605442176870747,0.0013605442176870747,0.0027210884353741495,0.0013605442176870747,0.0013605442176870747,0.0013605442176870747,0.0013605442176870747,0.0013605442176870747,0.0013605442176870747,0.0013605442176870747,0.0013605442176870747,0.0013605442176870747,0.0013605442176870747,0.0013605442176870747,0.0027210884353741495,0.0013605442176870747,0.0013605442176870747,0.0013605442176870747,0.0013605442176870747,0.0013605442176870747,0.0013605442176870747,0.0013605442176870747,0.0,0.0,0.0,0.0,0.0,0.0,0.0,0.0,0.0,0.0,0.0,0.0,0.0,0.0,0.0,0.0,0.0,0.0,0.0,0.0,0.0,0.0,0.0,0.0,0.0,0.0,0.0,0.0,0.0,0.0,0.0,0.0,0.0,0.0,0.0,0.0,0.0,0.0,0.0,0.0,0.0,0.0,0.0,0.0,0.0,0.0,0.0,0.0,0.0,0.0,0.0,0.0,0.0,0.0,0.0,0.0,0.0,0.0,0.0,0.0,0.0,0.0,0.0,0.0,0.0,0.0,0.0,0.0,0.0,0.0,0.0,0.0,0.0,0.0,0.0,0.0,0.0,0.0,0.0,0.0,0.0,0.0,0.0,0.0,0.0,0.0,0.0,0.0,0.0,0.0,0.0,0.0,0.0,0.0,0.0,0.0,0.0,0.0,0.0,0.0,0.0,0.0,0.0,0.0,0.0,0.0,0.0,0.0,0.0,0.0,0.0,0.0,0.0,0.0,0.0,0.0,0.0,0.0,0.0,0.0,0.0,0.0,0.0,0.0,0.0,0.0,0.0,0.0,0.0,0.0,0.0,0.0,0.0,0.0,0.0,0.0,0.0,0.0,0.0,0.0,0.0,0.0,0.0,0.0,0.0,0.0,0.0,0.0,0.0,0.0,0.0,0.0,0.0,0.0,0.0,0.0,0.0,0.0,0.0,0.0,0.0,0.0,0.0,0.0,0.0,0.0,0.0,0.0,0.0,0.0,0.0,0.0,0.0,0.0,0.0,0.0,0.0,0.0,0.0,0.0,0.0,0.0,0.0,0.0,0.0,0.0,0.0,0.0,0.0,0.0,0.0,0.0,0.0,0.0,0.0,0.0,0.0,0.0,0.0,0.0,0.0,0.0,0.0,0.0,0.0,0.0,0.0,0.0,0.0,0.0,0.0,0.0,0.0,0.0,0.0,0.0,0.0,0.0,0.0,0.0,0.0,0.0,0.0,0.0,0.0,0.0,0.0,0.0,0.0,0.0,0.0,0.0,0.0,0.0,0.0,0.0,0.0,0.0,0.0,0.0,0.0,0.0,0.0,0.0,0.0,0.0,0.0,0.0,0.0,0.0,0.0,0.0,0.0,0.0,0.0,0.0,0.0,0.0,0.0,0.0,0.0,0.0,0.0,0.0,0.0,0.0,0.0,0.0,0.0,0.0,0.0,0.0,0.0,0.0,0.0,0.0,0.0,0.0,0.0,0.0,0.0,0.0,0.0,0.0,0.0,0.0,0.0,0.0,0.0,0.0,0.0,0.0,0.0,0.0,0.0,0.0,0.0,0.0,0.0,0.0,0.0,0.0,0.0,0.0,0.0,0.3890281969326206,0.0,0.0,0.0,0.0,0.0,0.0,0.0,0.0,0.0,0.0,0.0,0.0,0.0,0.0,0.0,0.0,0.0,0.0,0.0,0.0,0.0,0.0,0.0,0.0,0.0,0.0,0.0,0.0,0.0,0.0,0.0,0.0,0.0,0.0,0.0,0.0,0.0,0.0,0.0,0.0,0.0,0.0,0.0,0.0,0.0,0.0,0.0,0.0,0.0,0.0,0.0,0.0,0.0,0.0,0.0,0.0,0.0,0.0,0.0,0.0,0.0,0.0,0.0,0.0,0.0,0.0,0.0,0.0,0.0,0.0,0.0,0.0,0.0,0.0,0.0,0.0,0.0,0.0,0.0,0.0,0.0,0.0,0.0,0.0,0.0,0.0,0.0,0.0,0.0,0.0,0.0,0.0,0.0,0.0,0.0,0.0,0.0,0.0,0.0,0.0,0.0,0.0,0.0,0.0,0.0,0.0,0.0,0.0,0.0,0.0,0.0,0.0,0.0,0.0,0.0,0.0,0.0,0.0,0.0,0.0,0.0,0.0,0.0,0.0,0.0,0.0,0.0,0.0,0.0,0.0,0.0,0.0,0.0,0.0,0.0,0.0,0.0,0.0,0.0,0.0,0.0,0.0,0.0,0.0,0.0,0.0,0.0,0.0,0.0,0.0,0.0,0.0,0.0,0.0,0.0,0.0,0.0,0.0,0.0,0.0,0.0,0.0,0.0,0.0,0.0,0.0,0.0,0.0,0.0,0.0,0.0,0.0,0.0,0.0,0.0,0.0,0.0,0.0,0.0,0.0,0.0,0.0,0.0,0.0,0.0,0.0,0.0,0.0,0.0,0.0,0.0,0.0,0.0,0.0,0.0,0.0,0.0,0.0,0.0,0.0,0.0,0.0,0.0,0.0,0.0,0.0,0.0,0.0,0.0,0.0,0.0,0.0,0.0,0.0,0.0,0.0,0.0,0.0,0.0,0.0,0.0,0.0,0.0,0.0,0.0,0.0,0.0,0.0,0.0,0.0,0.0,0.0,0.0,0.0,0.0,0.0,0.0,0.3890281969326206,0.0,0.0,0.0,0.0,0.0,0.0,0.0,0.0,0.0,0.0,0.0,0.0,0.0,0.0,0.0,0.0,0.0,0.0,0.0,0.0,0.0,0.0,0.0,0.0,0.0,0.0,0.0,0.0,0.0,0.0,0.0,0.0,0.0,0.0,0.0,0.0,0.0,0.0,0.0,0.0,0.0,0.0,0.0,0.0,0.0,0.0,0.0,0.0,0.0,0.0,0.0,0.0,0.0,0.0,0.0,0.0,0.0,0.0,0.0,0.0,0.0,0.0,0.0,0.0,0.0,0.0,0.0,0.0,0.0,0.0,0.0,0.0,0.0,0.0,0.0,0.0,0.0,0.0,0.0,0.0,0.0,0.0,0.5020632162153237,0.0,0.0,0.0,0.0,0.0,0.0,0.0,0.0,0.0,0.0,0.0,0.0,0.0,0.0,0.0,0.0,0.0,0.0,0.0,0.0,0.0,0.0,0.0,0.0,0.0,0.0,0.0,0.0,0.0,0.0,0.0,0.0,0.0,0.0,0.0,0.0,0.0,0.0,0.0,0.0,0.0,0.0,0.0,0.0,0.0,0.0,0.0,0.0,0.0,0.0,0.0,0.0,0.0,0.0,0.0,0.0,0.0,0.0,0.0,0.0,0.0,0.0,0.0,0.0,0.0,0.0,0.0,0.0,0.0,0.0,0.0,0.0,0.0,0.0,0.0,0.0,0.0,0.0,0.0,0.0,0.0,0.0,0.0,0.0,0.0,0.0,0.0,0.0,0.0,0.0,0.0,0.0,0.0,0.0,0.0,0.0,0.0,0.0,0.0,0.0,0.0,0.0,0.0,0.0,0.0,0.0,0.0,0.0,0.0,0.0,0.0,0.0,0.0,0.0,0.0,0.0,0.0,0.0,0.0,0.0,0.0,0.0,0.0,0.0,0.0,0.0,0.0,0.0,0.0,0.0,0.0,0.0,0.0,0.0,0.0,0.0,0.0,0.0,0.0,0.0,0.0,0.0,0.0,0.0,0.0,0.0,0.0,0.0,0.0,0.0,0.0,0.0,0.0,0.0,0.0,0.0,0.0,0.0,0.0,0.0,0.0,0.0,0.0,0.0,0.0,0.0,0.0,0.0,0.0,0.0,0.0,0.0,0.0,0.0,0.0,0.0,0.0,0.0,0.0,0.0,0.0,0.0,0.0,0.4395215328396992,0.0,0.0,0.0,0.0,0.0,0.0,0.0,0.0,0.0,0.0,0.0,0.0,0.0,0.0,0.0,0.0,0.0,0.0,0.0,0.0,0.0,0.0,0.0,0.0,0.0,0.0,0.0,0.0,0.0,0.0,0.0,0.0,0.0,0.0,0.0,0.0,0.0,0.0,0.0,0.0,0.0,0.0,0.0,0.0,0.0,0.0,0.0,0.0,0.0,0.0,0.0,0.0,0.0,0.0,0.0,0.0,0.0,0.0,0.0,0.0,0.0,0.0,0.0,0.0,0.0,0.0,0.0,0.0,0.0,0.0,0.0,0.0,0.0,0.0,0.0,0.0,0.0,0.0,0.0,0.0,0.0,0.0,0.0,0.0,0.0,0.0,0.5020632162153237,0.0,0.0,0.0,0.0,0.0,0.0,0.0,0.0,0.0,0.0,0.0,0.0,0.0,0.0,0.0,0.0,0.0,0.0,0.0,0.0,0.0,0.0,0.0,0.0
SD2401267,20대,너희 집은 지금 오피스텔이잖아. 그 층간 소음 좀 있는 거 같아? 나 지금 7층 사는데 딱히 층간 소음은 없는 거 같은데 좀 그 아파트에 이상한 사람은 좀 있는 거 같더라. 왜냐하면은 우리가 집에 아무도 없는 상태였는데 갑자기 밑의 집에서 올라온다 아 그 밑의 집인가 어디서 막 신고가 들어왔다는 거야. 이 이 시간이 너무 시끄러웠었다고. 그래 가지고 그게 그게 꼭 밑의 집은 아니고 밑의 층은 아니었던 거 같은데 그런 사람이 좀 있어서 좀 뭐지 좀 조심해야겠다 이런 적은 있었어. 이런 적이 있어. 그리고 너는 지금 자취를 그 1곳에서만 했던 거야 이사 없이? 나도 지금 누나랑 같이 살라고 하면은 절대 못 살 거 같아. 누나랑 진짜 맞는 게 하나도 없단 말이야. 누나도 막 나도 새벽에 전화하면은 누나가 뭐라 하고. 어떨 때 누나가 새벽에 게임하면 또 나한테 이제 내가 이제 스트레스받고. 그래서 이제 만약에 내가 너처럼 그러니까 형제 같이 살라고 하면은 나는 못 살 거 같아. 그리고 그리고 그 이사를 좀 많이 다녔었는데 이사 다닐 때마다 이제 방이 있긴 한데 이게 크기가 이제 큰방 작은방이 있었단 말이야. 그래 가지고 누가 큰방 쓸 거냐 이런 거 때문에 또 엄청 싸운 적 싸웠었고 싸웠었던 거 같아. 그러면 본가도 그러면 지금 살던 데 쭉 계속 살고 있었던 거야 어릴 때부터? 나는 이제 어릴 때부터 정말 많이 다녔었는데 초등학교랑 중학교 때까지는 그래도 한동네 내에서 왔다 갔다 했던 거여서 좀 이제 이사하느라 좀 귀찮고 막 집 바뀌는 게 좀 불편 적응이 안 되 초반에 적응이 안 되는 게 있긴 했어도 이 친구들이랑 멀어진다 이런 거 없어서 괜찮았는데 중학교 3학년에서 이제 고등학교 때 한번 아예 학 그 학 우리 지금 다니는 학교 쪽으로 이사를 왔었단 말이야. 근데 그때 정말 좀 좋았던 친구들인데 완전 멀어지니까 그때 쪼끔 이제 스트레스를 받았었던 경험이 있고. 그래서 또 그래 가지고 이제 고등학교 1학년 때에서부터 2학년 때 또 이사를 가야 되는 상황이 된 거야. 근데 그래서 원래 다니던 고등학교 쪽으로 가려 했었는데 그러진 않고 이제 다시 원래 동네로 돌아갔었던 적이 있어. 나도 그런 전원주택에서 사는 꿈 같은 게 있었던 거 같아. 그 내가 직접 집을 만들고 아 설계해서 막 비밀 공간이나 아 이제 정말 큰 목욕탕이나 아니면 음 어떤 작업실 뭐 이런 걸 만들어 두고 싶다는 생각이 있었어. 만들고 싶다는. 그리 너 근데 지금 자취하고 있잖아. 그러면 그 가전제품 같은 거는 뭐 뭐 있어? 어 이러면 안 되는데. 나는 이제 본가에 살잖아. 어 집안일을 거의 다 안 하고 엄마가 하고 있어. 그러니까 설거지만 이제 내가 먹은 거 설거지하고 이제 그리고 옷 옷이나 분리수거 이런 거는 엄마 아빠가 거의 다 하는 거 같아. 그 자취하면서 이런 설거지나 분리수거 때문에 막 오빠랑 막 싸우거나 그러진 않아? 난 지금 너무 자취를 하고 싶어. 왜냐하면은 일단 난 이제 혼자가 편하단 말이야. 그래 가지고 이제 나만의 일상생활 패턴이 있는데 어쨌든 가족이랑 살면은 아무리 가족이라도 쪼금 지켜야 되는 게 있으니까 그런 게 이제 좀 나한테는 너무 좀 힘들고 내가 하고 싶은 것도 너무 제한이 되는 거 같아서 학교 근처에서 자취하고 싶다는 생각은 있는데 이게 자취도 어쨌든 돈이 많이 깨지니까 쉽사리 하진 못 하고 있고. 음 아마 군대 갔다 와서 자취를 할 수 있으면 하지 않을까 이런 생각이 있어. 음 너는 음 너희 집 인테리어는 혹시 어떻게 돼 있어? 음 우리 집은 이번에 새로 지은 아파트여 가지고 그냥 전체적으로 완전 깔끔한 느낌으로 지금 돼 있는데 이게 아파 이제 방 청소를 쪼끔만 안 해도 이제 옷가 방이 좀 좁아 가지고 옷도 막 의자 위에 올라가 있고 침대 위에 뭉쳐져 있고. 그래 가지고 인테리어는 깔끔한데 방 정리는 되게 안 돼 있는 거 같아. 그리고 또 새로 지은 아파트라 했잖아. 이게 요즘에 새로 지어서 그런가. 아파트가 되게 개성이 넘치더라고. 건물도 막 다 이 모습이 막 다르고. 막 저게 아파트 건물이야 이런 것도 있고. 그리고 처음에 이사 왔을 때 첫날인데 집을 못 찾겠는 거야. 왜냐하면은 보통 아파트 단지가 뭐 몇 호부터 몇 호 1에서 3 3에서 5 이렇게 순서대로 있는데 거기는 막 1에서 3이랑 17에서 19 이렇게 붙어 있고. 막 이상하게 다 붙어 있는 거야. 그래 가지고 처음 이사 갔을 때 그 아파트 단지 안에서 길 잃어 가지고 한 20분 30분 정도 헤맸던 기억이 있어. 너는 만약에 이제 앞으로 회사 다니고 할 거면은 하면은 혼자 살게 되면은 서울에서 계속 살고 싶어? 아니면은 대구? 이게 새로 지은 아파트여 가지고 이게 헬스장이나 도서관 뭐 어린이집 이런 게 입주된다는 얘기만 있고 아직은 인프라가 갖춰지진 못한 거 같아. 그래서 헬스장도 아마 생긴다곤 하는데 어 언제 생길진 잘 모르겠고. 그 아파트 단지 내에 도서관은 지금도 운영하고 있고. 그거 말고도 뭔가 주민들 휴식 공간이라고 하면서 건물이 몇 개 있더라고. 거기서 막 좀 차 같은 거 마시고 막 떠들면서 있는 아줌마들도 있고. 그 빈백 빈백도 있잖아. 그런 것도 아파트 단지 내에 몇 개 깔아둔 거야. 그래 가지고 거기서 좀 누워서 막 떠드는 사람들도 보고 이런 시설이 좀 있었어.,0.014965986394557823,0.02857142857142857,0.013605442176870748,0.0013605442176870747,0.005442176870748299,0.0027210884353741495,0.0027210884353741495,0.02312925170068027,0.0326530612244898,0.02040816326530612,0.004081632653061225,0.0163265306122449,0.0013605442176870747,0.005442176870748299,0.013605442176870748,0.0027210884353741495,0.004081632653061225,0.004081632653061225,0.024489795918367346,0.021768707482993196,0.0013605442176870747,0.0013605442176870747,0.005442176870748299,0.006802721088435374,0.0013605442176870747,0.004081632653061225,0.02040816326530612,0.0013605442176870747,0.0013605442176870747,0.009523809523809525,0.04353741496598639,0.0013605442176870747,0.005442176870748299,0.0013605442176870747,0.010884353741496598,0.005442176870748299,0.0013605442176870747,0.0027210884353741495,0.012244897959183673,0.0013605442176870747,0.0013605442176870747,0.006802721088435374,0.004081632653061225,0.0027210884353741495,0.027210884353741496,0.009523809523809525,0.010884353741496598,0.0013605442176870747,0.006802721088435374,0.024489795918367346,0.010884353741496598,0.0013605442176870747,0.006802721088435374,0.0027210884353741495,0.0013605442176870747,0.005442176870748299,0.0013605442176870747,0.0013605442176870747,0.0013605442176870747,0.006802721088435374,0.0013605442176870747,0.0027210884353741495,0.0013605442176870747,0.0027210884353741495,0.013605442176870748,0.0013605442176870747,0.006802721088435374,0.0013605442176870747,0.02857142857142857,0.0027210884353741495,0.0027210884353741495,0.0027210884353741495,0.005442176870748299,0.0013605442176870747,0.00816326530612245,0.004081632653061225,0.00816326530612245,0.0013605442176870747,0.005442176870748299,0.0027210884353741495,0.0013605442176870747,0.0013605442176870747,0.0027210884353741495,0.0013605442176870747,0.0013605442176870747,0.0013605442176870747,0.005442176870748299,0.0013605442176870747,0.005442176870748299,0.0027210884353741495,0.0013605442176870747,0.0027210884353741495,0.0027210884353741495,0.005442176870748299,0.004081632653061225,0.0013605442176870747,0.0027210884353741495,0.0013605442176870747,0.0013605442176870747,0.0013605442176870747,0.005442176870748299,0.004081632653061225,0.0013605442176870747,0.0013605442176870747,0.0013605442176870747,0.0027210884353741495,0.009523809523809525,0.014965986394557823,0.0013605442176870747,0.0013605442176870747,0.0013605442176870747,0.0027210884353741495,0.0013605442176870747,0.004081632653061225,0.0013605442176870747,0.004081632653061225,0.0013605442176870747,0.0013605442176870747,0.0027210884353741495,0.0027210884353741495,0.0027210884353741495,0.0013605442176870747,0.0013605442176870747,0.0027210884353741495,0.0027210884353741495,0.0013605442176870747,0.0027210884353741495,0.0013605442176870747,0.0027210884353741495,0.0013605442176870747,0.0013605442176870747,0.0013605442176870747,0.0013605442176870747,0.0013605442176870747,0.0013605442176870747,0.0013605442176870747,0.005442176870748299,0.004081632653061225,0.0013605442176870747,0.0013605442176870747,0.0027210884353741495,0.0027210884353741495,0.0013605442176870747,0.0013605442176870747,0.0013605442176870747,0.004081632653061225,0.0013605442176870747,0.0013605442176870747,0.004081632653061225,0.0013605442176870747,0.0027210884353741495,0.005442176870748299,0.0027210884353741495,0.004081632653061225,0.0013605442176870747,0.005442176870748299,0.0027210884353741495,0.0013605442176870747,0.0013605442176870747,0.0013605442176870747,0.0013605442176870747,0.0027210884353741495,0.0013605442176870747,0.0013605442176870747,0.0013605442176870747,0.0013605442176870747,0.0013605442176870747,0.0027210884353741495,0.0027210884353741495,0.0013605442176870747,0.0013605442176870747,0.0013605442176870747,0.0013605442176870747,0.0013605442176870747,0.0013605442176870747,0.0013605442176870747,0.0013605442176870747,0.0013605442176870747,0.0013605442176870747,0.0013605442176870747,0.0027210884353741495,0.0013605442176870747,0.0027210884353741495,0.0013605442176870747,0.0013605442176870747,0.005442176870748299,0.005442176870748299,0.005442176870748299,0.0013605442176870747,0.0013605442176870747,0.0013605442176870747,0.0013605442176870747,0.0013605442176870747,0.0013605442176870747,0.0013605442176870747,0.0027210884353741495,0.0013605442176870747,0.0013605442176870747,0.0013605442176870747,0.0013605442176870747,0.0027210884353741495,0.0013605442176870747,0.0013605442176870747,0.0013605442176870747,0.004081632653061225,0.0013605442176870747,0.0013605442176870747,0.0013605442176870747,0.0013605442176870747,0.0027210884353741495,0.0013605442176870747,0.0013605442176870747,0.0013605442176870747,0.005442176870748299,0.0027210884353741495,0.0013605442176870747,0.0013605442176870747,0.0027210884353741495,0.0013605442176870747,0.0013605442176870747,0.0013605442176870747,0.0013605442176870747,0.0013605442176870747,0.0013605442176870747,0.0013605442176870747,0.0013605442176870747,0.0013605442176870747,0.0013605442176870747,0.0027210884353741495,0.0027210884353741495,0.0013605442176870747,0.0013605442176870747,0.0013605442176870747,0.0013605442176870747,0.0013605442176870747,0.0013605442176870747,0.0013605442176870747,0.0013605442176870747,0.0027210884353741495,0.0013605442176870747,0.0013605442176870747,0.0013605442176870747,0.0013605442176870747,0.0013605442176870747,0.0013605442176870747,0.0013605442176870747,0.0013605442176870747,0.0013605442176870747,0.0013605442176870747,0.0013605442176870747,0.0027210884353741495,0.0013605442176870747,0.0013605442176870747,0.0013605442176870747,0.0013605442176870747,0.0013605442176870747,0.0013605442176870747,0.0013605442176870747,0.0,0.0,0.0,0.0,0.0,0.0,0.0,0.0,0.0,0.0,0.0,0.0,0.0,0.0,0.0,0.0,0.0,0.0,0.0,0.0,0.0,0.0,0.0,0.0,0.0,0.0,0.0,0.0,0.0,0.0,0.0,0.0,0.0,0.0,0.0,0.0,0.0,0.0,0.0,0.0,0.0,0.0,0.0,0.0,0.0,0.0,0.0,0.0,0.0,0.0,0.0,0.0,0.0,0.0,0.0,0.0,0.0,0.0,0.0,0.0,0.0,0.0,0.0,0.0,0.0,0.0,0.0,0.0,0.0,0.0,0.0,0.0,0.0,0.0,0.0,0.0,0.0,0.0,0.0,0.0,0.0,0.0,0.0,0.0,0.0,0.0,0.0,0.0,0.0,0.0,0.0,0.0,0.0,0.0,0.0,0.0,0.0,0.0,0.0,0.0,0.0,0.0,0.0,0.0,0.0,0.0,0.0,0.0,0.0,0.0,0.0,0.0,0.0,0.0,0.0,0.0,0.0,0.0,0.0,0.0,0.0,0.0,0.0,0.0,0.0,0.0,0.0,0.0,0.0,0.0,0.0,0.0,0.0,0.0,0.0,0.0,0.0,0.0,0.0,0.0,0.0,0.0,0.0,0.0,0.0,0.0,0.0,0.0,0.0,0.0,0.0,0.0,0.0,0.0,0.0,0.0,0.0,0.0,0.0,0.0,0.0,0.0,0.0,0.0,0.0,0.0,0.0,0.0,0.0,0.0,0.0,0.0,0.0,0.0,0.0,0.0,0.0,0.0,0.0,0.0,0.0,0.0,0.0,0.0,0.0,0.0,0.0,0.0,0.0,0.0,0.0,0.0,0.0,0.0,0.0,0.0,0.0,0.0,0.0,0.0,0.0,0.0,0.0,0.0,0.0,0.0,0.0,0.0,0.0,0.0,0.0,0.0,0.0,0.0,0.0,0.0,0.0,0.0,0.0,0.0,0.0,0.0,0.0,0.0,0.0,0.0,0.0,0.0,0.0,0.0,0.0,0.0,0.0,0.0,0.0,0.0,0.0,0.0,0.0,0.0,0.0,0.0,0.0,0.0,0.0,0.0,0.0,0.0,0.0,0.0,0.0,0.0,0.0,0.0,0.0,0.0,0.0,0.0,0.0,0.0,0.0,0.0,0.0,0.0,0.0,0.0,0.0,0.0,0.0,0.0,0.0,0.0,0.0,0.0,0.0,0.0,0.0,0.0,0.0,0.0,0.0,0.0,0.0,0.0,0.0,0.0,0.0,0.0,0.0,0.0,0.0,0.0,0.0,0.0,0.0,0.0,0.0,0.0,0.0,0.48538470143631113,0.0,0.0,0.0,0.0,0.0,0.0,0.0,0.0,0.0,0.0,0.0,0.0,0.0,0.0,0.0,0.0,0.0,0.0,0.0,0.0,0.0,0.0,0.0,0.0,0.0,0.0,0.0,0.0,0.0,0.0,0.0,0.0,0.0,0.0,0.0,0.0,0.0,0.0,0.0,0.0,0.0,0.0,0.0,0.0,0.0,0.0,0.0,0.0,0.0,0.0,0.0,0.0,0.0,0.0,0.0,0.0,0.0,0.0,0.0,0.0,0.0,0.0,0.0,0.0,0.0,0.0,0.0,0.0,0.0,0.0,0.0,0.0,0.0,0.0,0.0,0.0,0.0,0.0,0.0,0.0,0.0,0.0,0.0,0.0,0.0,0.0,0.0,0.0,0.0,0.0,0.0,0.0,0.0,0.0,0.0,0.0,0.0,0.0,0.0,0.0,0.0,0.0,0.0,0.0,0.0,0.0,0.0,0.0,0.0,0.0,0.0,0.0,0.0,0.0,0.0,0.0,0.0,0.0,0.0,0.0,0.0,0.0,0.0,0.0,0.0,0.0,0.0,0.0,0.0,0.0,0.0,0.0,0.0,0.0,0.0,0.0,0.0,0.0,0.0,0.0,0.0,0.0,0.0,0.0,0.0,0.0,0.0,0.0,0.0,0.0,0.0,0.0,0.0,0.0,0.0,0.0,0.0,0.0,0.0,0.0,0.0,0.0,0.0,0.0,0.0,0.0,0.0,0.0,0.0,0.0,0.0,0.0,0.0,0.0,0.0,0.0,0.0,0.0,0.0,0.0,0.0,0.0,0.0,0.0,0.0,0.0,0.0,0.0,0.0,0.0,0.0,0.0,0.0,0.0,0.0,0.0,0.0,0.0,0.0,0.0,0.0,0.0,0.0,0.0,0.0,0.0,0.0,0.0,0.0,0.0,0.0,0.0,0.0,0.0,0.0,0.0,0.0,0.0,0.0,0.0,0.0,0.0,0.0,0.0,0.0,0.0,0.0,0.0,0.0,0.0,0.0,0.0,0.0,0.0,0.0,0.0,0.0,0.0,0.0,0.0,0.0,0.0,0.0,0.37610469980629346,0.0,0.0,0.0,0.0,0.0,0.0,0.0,0.0,0.0,0.0,0.0,0.0,0.0,0.0,0.0,0.0,0.0,0.0,0.0,0.0,0.0,0.0,0.0,0.0,0.0,0.0,0.0,0.0,0.0,0.0,0.0,0.0,0.0,0.0,0.0,0.0,0.0,0.0,0.0,0.0,0.0,0.0,0.0,0.0,0.0,0.0,0.0,0.0,0.0,0.0,0.0,0.0,0.0,0.0,0.0,0.0,0.0,0.0,0.0,0.0,0.0,0.0,0.0,0.0,0.0,0.0,0.0,0.0,0.0,0.0,0.0,0.0,0.0,0.0,0.0,0.0,0.0,0.0,0.0,0.0,0.0,0.0,0.0,0.0,0.0,0.0,0.0,0.0,0.0,0.0,0.0,0.0,0.0,0.0,0.0,0.0,0.0,0.0,0.0,0.0,0.0,0.0,0.0,0.0,0.0,0.0,0.0,0.0,0.0,0.0,0.0,0.0,0.0,0.0,0.0,0.0,0.0,0.0,0.0,0.0,0.0,0.0,0.0,0.0,0.0,0.0,0.0,0.0,0.0,0.0,0.0,0.0,0.0,0.0,0.0,0.0,0.0,0.0,0.0,0.0,0.0,0.0,0.0,0.0,0.0,0.0,0.0,0.0,0.48538470143631113,0.0,0.0,0.0,0.0,0.0,0.0,0.0,0.0,0.0,0.0,0.0,0.0,0.0,0.0,0.0,0.38955144669012226,0.0,0.0,0.0,0.0,0.0,0.0,0.0,0.0,0.0,0.0,0.0,0.0,0.0,0.0,0.0,0.0,0.0,0.0,0.0,0.0,0.0,0.0,0.0,0.0,0.0,0.0,0.0,0.0,0.0,0.0,0.0,0.0,0.0,0.0,0.0,0.0,0.0,0.0,0.0,0.0,0.0,0.0,0.0,0.0,0.0,0.0,0.0,0.0,0.0,0.0,0.0,0.0,0.0,0.0,0.0,0.0,0.0,0.0,0.0,0.0,0.0,0.0,0.0,0.0,0.0,0.0,0.0,0.0,0.0,0.0,0.0,0.0,0.0,0.0,0.0,0.0,0.0,0.0,0.0,0.0,0.0,0.0,0.0,0.0,0.0,0.0,0.0,0.0,0.0,0.0,0.0,0.0,0.0,0.0,0.0,0.0,0.0,0.0,0.0,0.48538470143631113,0.0,0.0,0.0,0.0,0.0,0.0,0.0,0.0,0.0,0.0,0.0,0.0,0.0,0.0,0.0,0.0,0.0,0.0,0.0,0.0,0.0,0.0,0.0,0.0,0.0,0.0,0.0,0.0,0.0,0.0,0.0,0.0,0.0,0.0,0.0,0.0,0.0,0.0,0.0,0.0,0.0,0.0,0.0,0.0,0.0,0.0,0.0,0.0,0.0,0.0,0.0,0.0,0.0,0.0,0.0,0.0,0.0,0.0,0.0,0.0,0.0,0.0,0.0,0.0,0.0,0.0,0.0,0.0,0.0,0.0,0.0,0.0,0.0,0.0,0.0,0.0,0.0,0.0,0.0,0.0,0.0,0.0,0.0,0.0,0.0,0.0,0.0,0.0,0.0,0.0,0.0,0.0,0.0,0.0,0.0,0.0,0.0,0.0,0.0,0.0,0.0,0.0,0.0,0.0,0.0,0.0,0.0,0.0,0.0,0.0,0.0,0.0,0.0
SD2401267,20대,너희 집은 지금 오피스텔이잖아. 그 층간 소음 좀 있는 거 같아? 나 지금 7층 사는데 딱히 층간 소음은 없는 거 같은데 좀 그 아파트에 이상한 사람은 좀 있는 거 같더라. 왜냐하면은 우리가 집에 아무도 없는 상태였는데 갑자기 밑의 집에서 올라온다 아 그 밑의 집인가 어디서 막 신고가 들어왔다는 거야. 이 이 시간이 너무 시끄러웠었다고. 그래 가지고 그게 그게 꼭 밑의 집은 아니고 밑의 층은 아니었던 거 같은데 그런 사람이 좀 있어서 좀 뭐지 좀 조심해야겠다 이런 적은 있었어. 이런 적이 있어. 그리고 너는 지금 자취를 그 1곳에서만 했던 거야 이사 없이? 나도 지금 누나랑 같이 살라고 하면은 절대 못 살 거 같아. 누나랑 진짜 맞는 게 하나도 없단 말이야. 누나도 막 나도 새벽에 전화하면은 누나가 뭐라 하고. 어떨 때 누나가 새벽에 게임하면 또 나한테 이제 내가 이제 스트레스받고. 그래서 이제 만약에 내가 너처럼 그러니까 형제 같이 살라고 하면은 나는 못 살 거 같아. 그리고 그리고 그 이사를 좀 많이 다녔었는데 이사 다닐 때마다 이제 방이 있긴 한데 이게 크기가 이제 큰방 작은방이 있었단 말이야. 그래 가지고 누가 큰방 쓸 거냐 이런 거 때문에 또 엄청 싸운 적 싸웠었고 싸웠었던 거 같아. 그러면 본가도 그러면 지금 살던 데 쭉 계속 살고 있었던 거야 어릴 때부터? 나는 이제 어릴 때부터 정말 많이 다녔었는데 초등학교랑 중학교 때까지는 그래도 한동네 내에서 왔다 갔다 했던 거여서 좀 이제 이사하느라 좀 귀찮고 막 집 바뀌는 게 좀 불편 적응이 안 되 초반에 적응이 안 되는 게 있긴 했어도 이 친구들이랑 멀어진다 이런 거 없어서 괜찮았는데 중학교 3학년에서 이제 고등학교 때 한번 아예 학 그 학 우리 지금 다니는 학교 쪽으로 이사를 왔었단 말이야. 근데 그때 정말 좀 좋았던 친구들인데 완전 멀어지니까 그때 쪼끔 이제 스트레스를 받았었던 경험이 있고. 그래서 또 그래 가지고 이제 고등학교 1학년 때에서부터 2학년 때 또 이사를 가야 되는 상황이 된 거야. 근데 그래서 원래 다니던 고등학교 쪽으로 가려 했었는데 그러진 않고 이제 다시 원래 동네로 돌아갔었던 적이 있어. 나도 그런 전원주택에서 사는 꿈 같은 게 있었던 거 같아. 그 내가 직접 집을 만들고 아 설계해서 막 비밀 공간이나 아 이제 정말 큰 목욕탕이나 아니면 음 어떤 작업실 뭐 이런 걸 만들어 두고 싶다는 생각이 있었어. 만들고 싶다는. 그리 너 근데 지금 자취하고 있잖아. 그러면 그 가전제품 같은 거는 뭐 뭐 있어? 어 이러면 안 되는데. 나는 이제 본가에 살잖아. 어 집안일을 거의 다 안 하고 엄마가 하고 있어. 그러니까 설거지만 이제 내가 먹은 거 설거지하고 이제 그리고 옷 옷이나 분리수거 이런 거는 엄마 아빠가 거의 다 하는 거 같아. 그 자취하면서 이런 설거지나 분리수거 때문에 막 오빠랑 막 싸우거나 그러진 않아? 난 지금 너무 자취를 하고 싶어. 왜냐하면은 일단 난 이제 혼자가 편하단 말이야. 그래 가지고 이제 나만의 일상생활 패턴이 있는데 어쨌든 가족이랑 살면은 아무리 가족이라도 쪼금 지켜야 되는 게 있으니까 그런 게 이제 좀 나한테는 너무 좀 힘들고 내가 하고 싶은 것도 너무 제한이 되는 거 같아서 학교 근처에서 자취하고 싶다는 생각은 있는데 이게 자취도 어쨌든 돈이 많이 깨지니까 쉽사리 하진 못 하고 있고. 음 아마 군대 갔다 와서 자취를 할 수 있으면 하지 않을까 이런 생각이 있어. 음 너는 음 너희 집 인테리어는 혹시 어떻게 돼 있어? 음 우리 집은 이번에 새로 지은 아파트여 가지고 그냥 전체적으로 완전 깔끔한 느낌으로 지금 돼 있는데 이게 아파 이제 방 청소를 쪼끔만 안 해도 이제 옷가 방이 좀 좁아 가지고 옷도 막 의자 위에 올라가 있고 침대 위에 뭉쳐져 있고. 그래 가지고 인테리어는 깔끔한데 방 정리는 되게 안 돼 있는 거 같아. 그리고 또 새로 지은 아파트라 했잖아. 이게 요즘에 새로 지어서 그런가. 아파트가 되게 개성이 넘치더라고. 건물도 막 다 이 모습이 막 다르고. 막 저게 아파트 건물이야 이런 것도 있고. 그리고 처음에 이사 왔을 때 첫날인데 집을 못 찾겠는 거야. 왜냐하면은 보통 아파트 단지가 뭐 몇 호부터 몇 호 1에서 3 3에서 5 이렇게 순서대로 있는데 거기는 막 1에서 3이랑 17에서 19 이렇게 붙어 있고. 막 이상하게 다 붙어 있는 거야. 그래 가지고 처음 이사 갔을 때 그 아파트 단지 안에서 길 잃어 가지고 한 20분 30분 정도 헤맸던 기억이 있어. 너는 만약에 이제 앞으로 회사 다니고 할 거면은 하면은 혼자 살게 되면은 서울에서 계속 살고 싶어? 아니면은 대구? 이게 새로 지은 아파트여 가지고 이게 헬스장이나 도서관 뭐 어린이집 이런 게 입주된다는 얘기만 있고 아직은 인프라가 갖춰지진 못한 거 같아. 그래서 헬스장도 아마 생긴다곤 하는데 어 언제 생길진 잘 모르겠고. 그 아파트 단지 내에 도서관은 지금도 운영하고 있고. 그거 말고도 뭔가 주민들 휴식 공간이라고 하면서 건물이 몇 개 있더라고. 거기서 막 좀 차 같은 거 마시고 막 떠들면서 있는 아줌마들도 있고. 그 빈백 빈백도 있잖아. 그런 것도 아파트 단지 내에 몇 개 깔아둔 거야. 그래 가지고 거기서 좀 누워서 막 떠드는 사람들도 보고 이런 시설이 좀 있었어.,0.014965986394557823,0.02857142857142857,0.013605442176870748,0.0013605442176870747,0.005442176870748299,0.0027210884353741495,0.0027210884353741495,0.02312925170068027,0.0326530612244898,0.02040816326530612,0.004081632653061225,0.0163265306122449,0.0013605442176870747,0.005442176870748299,0.013605442176870748,0.0027210884353741495,0.004081632653061225,0.004081632653061225,0.024489795918367346,0.021768707482993196,0.0013605442176870747,0.0013605442176870747,0.005442176870748299,0.006802721088435374,0.0013605442176870747,0.004081632653061225,0.02040816326530612,0.0013605442176870747,0.0013605442176870747,0.009523809523809525,0.04353741496598639,0.0013605442176870747,0.005442176870748299,0.0013605442176870747,0.010884353741496598,0.005442176870748299,0.0013605442176870747,0.0027210884353741495,0.012244897959183673,0.0013605442176870747,0.0013605442176870747,0.006802721088435374,0.004081632653061225,0.0027210884353741495,0.027210884353741496,0.009523809523809525,0.010884353741496598,0.0013605442176870747,0.006802721088435374,0.024489795918367346,0.010884353741496598,0.0013605442176870747,0.006802721088435374,0.0027210884353741495,0.0013605442176870747,0.005442176870748299,0.0013605442176870747,0.0013605442176870747,0.0013605442176870747,0.006802721088435374,0.0013605442176870747,0.0027210884353741495,0.0013605442176870747,0.0027210884353741495,0.013605442176870748,0.0013605442176870747,0.006802721088435374,0.0013605442176870747,0.02857142857142857,0.0027210884353741495,0.0027210884353741495,0.0027210884353741495,0.005442176870748299,0.0013605442176870747,0.00816326530612245,0.004081632653061225,0.00816326530612245,0.0013605442176870747,0.005442176870748299,0.0027210884353741495,0.0013605442176870747,0.0013605442176870747,0.0027210884353741495,0.0013605442176870747,0.0013605442176870747,0.0013605442176870747,0.005442176870748299,0.0013605442176870747,0.005442176870748299,0.0027210884353741495,0.0013605442176870747,0.0027210884353741495,0.0027210884353741495,0.005442176870748299,0.004081632653061225,0.0013605442176870747,0.0027210884353741495,0.0013605442176870747,0.0013605442176870747,0.0013605442176870747,0.005442176870748299,0.004081632653061225,0.0013605442176870747,0.0013605442176870747,0.0013605442176870747,0.0027210884353741495,0.009523809523809525,0.014965986394557823,0.0013605442176870747,0.0013605442176870747,0.0013605442176870747,0.0027210884353741495,0.0013605442176870747,0.004081632653061225,0.0013605442176870747,0.004081632653061225,0.0013605442176870747,0.0013605442176870747,0.0027210884353741495,0.0027210884353741495,0.0027210884353741495,0.0013605442176870747,0.0013605442176870747,0.0027210884353741495,0.0027210884353741495,0.0013605442176870747,0.0027210884353741495,0.0013605442176870747,0.0027210884353741495,0.0013605442176870747,0.0013605442176870747,0.0013605442176870747,0.0013605442176870747,0.0013605442176870747,0.0013605442176870747,0.0013605442176870747,0.005442176870748299,0.004081632653061225,0.0013605442176870747,0.0013605442176870747,0.0027210884353741495,0.0027210884353741495,0.0013605442176870747,0.0013605442176870747,0.0013605442176870747,0.004081632653061225,0.0013605442176870747,0.0013605442176870747,0.004081632653061225,0.0013605442176870747,0.0027210884353741495,0.005442176870748299,0.0027210884353741495,0.004081632653061225,0.0013605442176870747,0.005442176870748299,0.0027210884353741495,0.0013605442176870747,0.0013605442176870747,0.0013605442176870747,0.0013605442176870747,0.0027210884353741495,0.0013605442176870747,0.0013605442176870747,0.0013605442176870747,0.0013605442176870747,0.0013605442176870747,0.0027210884353741495,0.0027210884353741495,0.0013605442176870747,0.0013605442176870747,0.0013605442176870747,0.0013605442176870747,0.0013605442176870747,0.0013605442176870747,0.0013605442176870747,0.0013605442176870747,0.0013605442176870747,0.0013605442176870747,0.0013605442176870747,0.0027210884353741495,0.0013605442176870747,0.0027210884353741495,0.0013605442176870747,0.0013605442176870747,0.005442176870748299,0.005442176870748299,0.005442176870748299,0.0013605442176870747,0.0013605442176870747,0.0013605442176870747,0.0013605442176870747,0.0013605442176870747,0.0013605442176870747,0.0013605442176870747,0.0027210884353741495,0.0013605442176870747,0.0013605442176870747,0.0013605442176870747,0.0013605442176870747,0.0027210884353741495,0.0013605442176870747,0.0013605442176870747,0.0013605442176870747,0.004081632653061225,0.0013605442176870747,0.0013605442176870747,0.0013605442176870747,0.0013605442176870747,0.0027210884353741495,0.0013605442176870747,0.0013605442176870747,0.0013605442176870747,0.005442176870748299,0.0027210884353741495,0.0013605442176870747,0.0013605442176870747,0.0027210884353741495,0.0013605442176870747,0.0013605442176870747,0.0013605442176870747,0.0013605442176870747,0.0013605442176870747,0.0013605442176870747,0.0013605442176870747,0.0013605442176870747,0.0013605442176870747,0.0013605442176870747,0.0027210884353741495,0.0027210884353741495,0.0013605442176870747,0.0013605442176870747,0.0013605442176870747,0.0013605442176870747,0.0013605442176870747,0.0013605442176870747,0.0013605442176870747,0.0013605442176870747,0.0027210884353741495,0.0013605442176870747,0.0013605442176870747,0.0013605442176870747,0.0013605442176870747,0.0013605442176870747,0.0013605442176870747,0.0013605442176870747,0.0013605442176870747,0.0013605442176870747,0.0013605442176870747,0.0013605442176870747,0.0027210884353741495,0.0013605442176870747,0.0013605442176870747,0.0013605442176870747,0.0013605442176870747,0.0013605442176870747,0.0013605442176870747,0.0013605442176870747,0.0,0.0,0.0,0.0,0.0,0.0,0.0,0.0,0.0,0.0,0.0,0.0,0.0,0.0,0.0,0.0,0.0,0.0,0.0,0.0,0.0,0.0,0.0,0.0,0.0,0.0,0.0,0.0,0.0,0.0,0.0,0.0,0.0,0.0,0.0,0.0,0.0,0.0,0.0,0.0,0.0,0.0,0.0,0.0,0.0,0.0,0.0,0.0,0.0,0.0,0.0,0.0,0.0,0.0,0.0,0.0,0.0,0.0,0.0,0.0,0.0,0.0,0.0,0.0,0.0,0.0,0.0,0.0,0.0,0.0,0.0,0.0,0.0,0.0,0.0,0.0,0.0,0.0,0.0,0.0,0.0,0.0,0.0,0.0,0.0,0.0,0.0,0.0,0.0,0.0,0.0,0.0,0.0,0.0,0.0,0.0,0.0,0.0,0.0,0.0,0.0,0.0,0.0,0.0,0.0,0.0,0.0,0.0,0.0,0.0,0.0,0.0,0.0,0.0,0.0,0.0,0.0,0.0,0.0,0.0,0.0,0.0,0.0,0.0,0.0,0.0,0.0,0.0,0.0,0.0,0.0,0.0,0.0,0.0,0.0,0.0,0.0,0.0,0.0,0.0,0.0,0.0,0.0,0.0,0.0,0.0,0.0,0.0,0.0,0.0,0.0,0.0,0.0,0.0,0.0,0.0,0.0,0.0,0.0,0.0,0.0,0.0,0.0,0.0,0.0,0.0,0.0,0.0,0.0,0.0,0.0,0.0,0.0,0.0,0.0,0.0,0.0,0.0,0.0,0.0,0.0,0.0,0.0,0.0,0.0,0.0,0.0,0.0,0.0,0.0,0.0,0.0,0.0,0.0,0.0,0.0,0.0,0.0,0.0,0.0,0.0,0.0,0.0,0.0,0.0,0.0,0.0,0.0,0.0,0.0,0.0,0.0,0.0,0.0,0.0,0.0,0.0,0.0,0.0,0.0,0.0,0.0,0.0,0.0,0.0,0.0,0.0,0.0,0.0,0.0,0.0,0.0,0.0,0.0,0.0,0.0,0.0,0.0,0.5238470322332757,0.0,0.0,0.0,0.0,0.0,0.0,0.0,0.0,0.0,0.0,0.0,0.0,0.0,0.0,0.0,0.0,0.0,0.0,0.0,0.0,0.0,0.0,0.0,0.0,0.0,0.0,0.0,0.0,0.0,0.0,0.0,0.0,0.0,0.0,0.0,0.0,0.0,0.0,0.0,0.0,0.0,0.0,0.0,0.0,0.0,0.0,0.0,0.0,0.0,0.0,0.0,0.0,0.0,0.0,0.0,0.0,0.0,0.0,0.0,0.0,0.0,0.0,0.0,0.0,0.0,0.0,0.0,0.0,0.0,0.0,0.0,0.0,0.0,0.0,0.0,0.0,0.0,0.0,0.0,0.0,0.0,0.0,0.0,0.0,0.0,0.0,0.0,0.0,0.0,0.0,0.0,0.0,0.0,0.0,0.0,0.0,0.0,0.0,0.0,0.0,0.0,0.0,0.0,0.0,0.0,0.0,0.0,0.0,0.0,0.0,0.0,0.0,0.0,0.0,0.5238470322332757,0.0,0.0,0.0,0.0,0.0,0.0,0.0,0.0,0.0,0.0,0.0,0.0,0.0,0.0,0.0,0.0,0.0,0.0,0.0,0.0,0.0,0.0,0.0,0.0,0.0,0.0,0.0,0.0,0.0,0.0,0.0,0.0,0.0,0.0,0.0,0.0,0.0,0.0,0.0,0.0,0.0,0.0,0.0,0.0,0.0,0.0,0.0,0.0,0.42041986211544347,0.0,0.0,0.0,0.0,0.0,0.0,0.0,0.0,0.0,0.0,0.0,0.0,0.0,0.0,0.0,0.0,0.0,0.0,0.0,0.0,0.0,0.0,0.0,0.0,0.0,0.0,0.0,0.0,0.0,0.0,0.0,0.0,0.0,0.0,0.0,0.0,0.0,0.0,0.0,0.0,0.0,0.0,0.0,0.0,0.0,0.0,0.0,0.0,0.0,0.0,0.0,0.0,0.0,0.0,0.0,0.0,0.0,0.0,0.0,0.0,0.0,0.0,0.0,0.0,0.0,0.0,0.0,0.0,0.0,0.0,0.0,0.0,0.0,0.0,0.0,0.0,0.0,0.0,0.0,0.0,0.0,0.0,0.0,0.0,0.0,0.0,0.0,0.0,0.0,0.0,0.0,0.0,0.0,0.0,0.0,0.0,0.0,0.0,0.0,0.0,0.0,0.0,0.0,0.0,0.0,0.0,0.0,0.0,0.0,0.0,0.0,0.0,0.0,0.0,0.0,0.0,0.0,0.0,0.0,0.0,0.0,0.0,0.0,0.0,0.0,0.0,0.0,0.0,0.0,0.0,0.0,0.0,0.0,0.0,0.0,0.0,0.0,0.0,0.0,0.0,0.0,0.0,0.0,0.0,0.0,0.0,0.0,0.0,0.0,0.0,0.0,0.0,0.0,0.0,0.0,0.0,0.0,0.0,0.0,0.0,0.0,0.0,0.0,0.0,0.0,0.0,0.0,0.0,0.0,0.0,0.0,0.0,0.0,0.0,0.0,0.0,0.0,0.0,0.0,0.0,0.0,0.0,0.0,0.0,0.0,0.0,0.0,0.0,0.0,0.0,0.0,0.0,0.0,0.0,0.0,0.0,0.0,0.0,0.0,0.0,0.0,0.0,0.0,0.0,0.0,0.0,0.0,0.0,0.0,0.0,0.0,0.0,0.0,0.0,0.0,0.0,0.0,0.0,0.0,0.0,0.0,0.0,0.5238470322332757,0.0,0.0,0.0,0.0,0.0,0.0,0.0,0.0,0.0,0.0,0.0,0.0,0.0,0.0,0.0,0.0,0.0,0.0,0.0,0.0,0.0,0.0,0.0,0.0,0.0,0.0,0.0,0.0,0.0,0.0,0.0,0.0,0.0,0.0,0.0,0.0,0.0,0.0,0.0,0.0,0.0,0.0,0.0,0.0,0.0,0.0,0.0,0.0,0.0,0.0,0.0,0.0,0.0,0.0,0.0,0.0,0.0,0.0,0.0,0.0,0.0,0.0,0.0,0.0,0.0,0.0,0.0,0.0,0.0,0.0,0.0,0.0,0.0,0.0,0.0,0.0,0.0,0.0,0.0,0.0,0.0,0.0,0.0,0.0,0.0,0.0,0.0,0.0,0.0,0.0,0.0,0.0,0.0,0.0,0.0,0.0,0.0,0.0,0.0,0.0,0.0,0.0,0.0,0.0,0.0,0.0,0.0,0.0,0.0,0.0,0.0,0.0,0.0,0.0,0.0,0.0,0.0,0.0,0.0,0.0,0.0,0.0,0.0,0.0,0.0,0.0,0.0,0.0,0.0,0.0,0.0,0.0,0.0,0.0,0.0,0.0,0.0,0.0,0.0,0.0,0.0,0.0,0.0,0.0,0.0,0.0,0.0,0.0,0.0,0.0,0.0,0.0,0.0,0.0,0.0,0.0,0.0,0.0,0.0,0.0,0.0,0.0,0.0,0.0,0.0,0.0,0.0,0.0,0.0,0.0,0.0,0.0,0.0,0.0,0.0,0.0,0.0,0.0,0.0,0.0,0.0,0.0,0.0,0.0,0.0,0.0,0.0,0.0,0.0,0.0,0.0,0.0,0.0,0.0,0.0,0.0,0.0,0.0,0.0,0.0,0.0,0.0,0.0,0.0,0.0,0.0,0.0,0.0,0.0,0.0,0.0,0.0,0.0,0.0,0.0,0.0,0.0,0.0,0.0,0.0,0.0,0.0,0.0,0.0,0.0,0.0,0.0,0.0,0.0,0.0,0.0,0.0,0.0,0.0,0.0,0.0,0.0,0.0,0.0,0.0,0.0,0.0,0.0,0.0,0.0,0.0,0.0,0.0,0.0,0.0,0.0,0.0,0.0,0.0,0.0,0.0,0.0,0.0,0.0,0.0,0.0,0.0,0.0,0.0,0.0,0.0,0.0,0.0,0.0,0.0,0.0,0.0,0.0,0.0,0.0,0.0,0.0,0.0,0.0,0.0,0.0,0.0,0.0,0.0,0.0,0.0,0.0,0.0,0.0,0.0,0.0,0.0,0.0,0.0,0.0,0.0
SD2401267,20대,너희 집은 지금 오피스텔이잖아. 그 층간 소음 좀 있는 거 같아? 나 지금 7층 사는데 딱히 층간 소음은 없는 거 같은데 좀 그 아파트에 이상한 사람은 좀 있는 거 같더라. 왜냐하면은 우리가 집에 아무도 없는 상태였는데 갑자기 밑의 집에서 올라온다 아 그 밑의 집인가 어디서 막 신고가 들어왔다는 거야. 이 이 시간이 너무 시끄러웠었다고. 그래 가지고 그게 그게 꼭 밑의 집은 아니고 밑의 층은 아니었던 거 같은데 그런 사람이 좀 있어서 좀 뭐지 좀 조심해야겠다 이런 적은 있었어. 이런 적이 있어. 그리고 너는 지금 자취를 그 1곳에서만 했던 거야 이사 없이? 나도 지금 누나랑 같이 살라고 하면은 절대 못 살 거 같아. 누나랑 진짜 맞는 게 하나도 없단 말이야. 누나도 막 나도 새벽에 전화하면은 누나가 뭐라 하고. 어떨 때 누나가 새벽에 게임하면 또 나한테 이제 내가 이제 스트레스받고. 그래서 이제 만약에 내가 너처럼 그러니까 형제 같이 살라고 하면은 나는 못 살 거 같아. 그리고 그리고 그 이사를 좀 많이 다녔었는데 이사 다닐 때마다 이제 방이 있긴 한데 이게 크기가 이제 큰방 작은방이 있었단 말이야. 그래 가지고 누가 큰방 쓸 거냐 이런 거 때문에 또 엄청 싸운 적 싸웠었고 싸웠었던 거 같아. 그러면 본가도 그러면 지금 살던 데 쭉 계속 살고 있었던 거야 어릴 때부터? 나는 이제 어릴 때부터 정말 많이 다녔었는데 초등학교랑 중학교 때까지는 그래도 한동네 내에서 왔다 갔다 했던 거여서 좀 이제 이사하느라 좀 귀찮고 막 집 바뀌는 게 좀 불편 적응이 안 되 초반에 적응이 안 되는 게 있긴 했어도 이 친구들이랑 멀어진다 이런 거 없어서 괜찮았는데 중학교 3학년에서 이제 고등학교 때 한번 아예 학 그 학 우리 지금 다니는 학교 쪽으로 이사를 왔었단 말이야. 근데 그때 정말 좀 좋았던 친구들인데 완전 멀어지니까 그때 쪼끔 이제 스트레스를 받았었던 경험이 있고. 그래서 또 그래 가지고 이제 고등학교 1학년 때에서부터 2학년 때 또 이사를 가야 되는 상황이 된 거야. 근데 그래서 원래 다니던 고등학교 쪽으로 가려 했었는데 그러진 않고 이제 다시 원래 동네로 돌아갔었던 적이 있어. 나도 그런 전원주택에서 사는 꿈 같은 게 있었던 거 같아. 그 내가 직접 집을 만들고 아 설계해서 막 비밀 공간이나 아 이제 정말 큰 목욕탕이나 아니면 음 어떤 작업실 뭐 이런 걸 만들어 두고 싶다는 생각이 있었어. 만들고 싶다는. 그리 너 근데 지금 자취하고 있잖아. 그러면 그 가전제품 같은 거는 뭐 뭐 있어? 어 이러면 안 되는데. 나는 이제 본가에 살잖아. 어 집안일을 거의 다 안 하고 엄마가 하고 있어. 그러니까 설거지만 이제 내가 먹은 거 설거지하고 이제 그리고 옷 옷이나 분리수거 이런 거는 엄마 아빠가 거의 다 하는 거 같아. 그 자취하면서 이런 설거지나 분리수거 때문에 막 오빠랑 막 싸우거나 그러진 않아? 난 지금 너무 자취를 하고 싶어. 왜냐하면은 일단 난 이제 혼자가 편하단 말이야. 그래 가지고 이제 나만의 일상생활 패턴이 있는데 어쨌든 가족이랑 살면은 아무리 가족이라도 쪼금 지켜야 되는 게 있으니까 그런 게 이제 좀 나한테는 너무 좀 힘들고 내가 하고 싶은 것도 너무 제한이 되는 거 같아서 학교 근처에서 자취하고 싶다는 생각은 있는데 이게 자취도 어쨌든 돈이 많이 깨지니까 쉽사리 하진 못 하고 있고. 음 아마 군대 갔다 와서 자취를 할 수 있으면 하지 않을까 이런 생각이 있어. 음 너는 음 너희 집 인테리어는 혹시 어떻게 돼 있어? 음 우리 집은 이번에 새로 지은 아파트여 가지고 그냥 전체적으로 완전 깔끔한 느낌으로 지금 돼 있는데 이게 아파 이제 방 청소를 쪼끔만 안 해도 이제 옷가 방이 좀 좁아 가지고 옷도 막 의자 위에 올라가 있고 침대 위에 뭉쳐져 있고. 그래 가지고 인테리어는 깔끔한데 방 정리는 되게 안 돼 있는 거 같아. 그리고 또 새로 지은 아파트라 했잖아. 이게 요즘에 새로 지어서 그런가. 아파트가 되게 개성이 넘치더라고. 건물도 막 다 이 모습이 막 다르고. 막 저게 아파트 건물이야 이런 것도 있고. 그리고 처음에 이사 왔을 때 첫날인데 집을 못 찾겠는 거야. 왜냐하면은 보통 아파트 단지가 뭐 몇 호부터 몇 호 1에서 3 3에서 5 이렇게 순서대로 있는데 거기는 막 1에서 3이랑 17에서 19 이렇게 붙어 있고. 막 이상하게 다 붙어 있는 거야. 그래 가지고 처음 이사 갔을 때 그 아파트 단지 안에서 길 잃어 가지고 한 20분 30분 정도 헤맸던 기억이 있어. 너는 만약에 이제 앞으로 회사 다니고 할 거면은 하면은 혼자 살게 되면은 서울에서 계속 살고 싶어? 아니면은 대구? 이게 새로 지은 아파트여 가지고 이게 헬스장이나 도서관 뭐 어린이집 이런 게 입주된다는 얘기만 있고 아직은 인프라가 갖춰지진 못한 거 같아. 그래서 헬스장도 아마 생긴다곤 하는데 어 언제 생길진 잘 모르겠고. 그 아파트 단지 내에 도서관은 지금도 운영하고 있고. 그거 말고도 뭔가 주민들 휴식 공간이라고 하면서 건물이 몇 개 있더라고. 거기서 막 좀 차 같은 거 마시고 막 떠들면서 있는 아줌마들도 있고. 그 빈백 빈백도 있잖아. 그런 것도 아파트 단지 내에 몇 개 깔아둔 거야. 그래 가지고 거기서 좀 누워서 막 떠드는 사람들도 보고 이런 시설이 좀 있었어.,0.014965986394557823,0.02857142857142857,0.013605442176870748,0.0013605442176870747,0.005442176870748299,0.0027210884353741495,0.0027210884353741495,0.02312925170068027,0.0326530612244898,0.02040816326530612,0.004081632653061225,0.0163265306122449,0.0013605442176870747,0.005442176870748299,0.013605442176870748,0.0027210884353741495,0.004081632653061225,0.004081632653061225,0.024489795918367346,0.021768707482993196,0.0013605442176870747,0.0013605442176870747,0.005442176870748299,0.006802721088435374,0.0013605442176870747,0.004081632653061225,0.02040816326530612,0.0013605442176870747,0.0013605442176870747,0.009523809523809525,0.04353741496598639,0.0013605442176870747,0.005442176870748299,0.0013605442176870747,0.010884353741496598,0.005442176870748299,0.0013605442176870747,0.0027210884353741495,0.012244897959183673,0.0013605442176870747,0.0013605442176870747,0.006802721088435374,0.004081632653061225,0.0027210884353741495,0.027210884353741496,0.009523809523809525,0.010884353741496598,0.0013605442176870747,0.006802721088435374,0.024489795918367346,0.010884353741496598,0.0013605442176870747,0.006802721088435374,0.0027210884353741495,0.0013605442176870747,0.005442176870748299,0.0013605442176870747,0.0013605442176870747,0.0013605442176870747,0.006802721088435374,0.0013605442176870747,0.0027210884353741495,0.0013605442176870747,0.0027210884353741495,0.013605442176870748,0.0013605442176870747,0.006802721088435374,0.0013605442176870747,0.02857142857142857,0.0027210884353741495,0.0027210884353741495,0.0027210884353741495,0.005442176870748299,0.0013605442176870747,0.00816326530612245,0.004081632653061225,0.00816326530612245,0.0013605442176870747,0.005442176870748299,0.0027210884353741495,0.0013605442176870747,0.0013605442176870747,0.0027210884353741495,0.0013605442176870747,0.0013605442176870747,0.0013605442176870747,0.005442176870748299,0.0013605442176870747,0.005442176870748299,0.0027210884353741495,0.0013605442176870747,0.0027210884353741495,0.0027210884353741495,0.005442176870748299,0.004081632653061225,0.0013605442176870747,0.0027210884353741495,0.0013605442176870747,0.0013605442176870747,0.0013605442176870747,0.005442176870748299,0.004081632653061225,0.0013605442176870747,0.0013605442176870747,0.0013605442176870747,0.0027210884353741495,0.009523809523809525,0.014965986394557823,0.0013605442176870747,0.0013605442176870747,0.0013605442176870747,0.0027210884353741495,0.0013605442176870747,0.004081632653061225,0.0013605442176870747,0.004081632653061225,0.0013605442176870747,0.0013605442176870747,0.0027210884353741495,0.0027210884353741495,0.0027210884353741495,0.0013605442176870747,0.0013605442176870747,0.0027210884353741495,0.0027210884353741495,0.0013605442176870747,0.0027210884353741495,0.0013605442176870747,0.0027210884353741495,0.0013605442176870747,0.0013605442176870747,0.0013605442176870747,0.0013605442176870747,0.0013605442176870747,0.0013605442176870747,0.0013605442176870747,0.005442176870748299,0.004081632653061225,0.0013605442176870747,0.0013605442176870747,0.0027210884353741495,0.0027210884353741495,0.0013605442176870747,0.0013605442176870747,0.0013605442176870747,0.004081632653061225,0.0013605442176870747,0.0013605442176870747,0.004081632653061225,0.0013605442176870747,0.0027210884353741495,0.005442176870748299,0.0027210884353741495,0.004081632653061225,0.0013605442176870747,0.005442176870748299,0.0027210884353741495,0.0013605442176870747,0.0013605442176870747,0.0013605442176870747,0.0013605442176870747,0.0027210884353741495,0.0013605442176870747,0.0013605442176870747,0.0013605442176870747,0.0013605442176870747,0.0013605442176870747,0.0027210884353741495,0.0027210884353741495,0.0013605442176870747,0.0013605442176870747,0.0013605442176870747,0.0013605442176870747,0.0013605442176870747,0.0013605442176870747,0.0013605442176870747,0.0013605442176870747,0.0013605442176870747,0.0013605442176870747,0.0013605442176870747,0.0027210884353741495,0.0013605442176870747,0.0027210884353741495,0.0013605442176870747,0.0013605442176870747,0.005442176870748299,0.005442176870748299,0.005442176870748299,0.0013605442176870747,0.0013605442176870747,0.0013605442176870747,0.0013605442176870747,0.0013605442176870747,0.0013605442176870747,0.0013605442176870747,0.0027210884353741495,0.0013605442176870747,0.0013605442176870747,0.0013605442176870747,0.0013605442176870747,0.0027210884353741495,0.0013605442176870747,0.0013605442176870747,0.0013605442176870747,0.004081632653061225,0.0013605442176870747,0.0013605442176870747,0.0013605442176870747,0.0013605442176870747,0.0027210884353741495,0.0013605442176870747,0.0013605442176870747,0.0013605442176870747,0.005442176870748299,0.0027210884353741495,0.0013605442176870747,0.0013605442176870747,0.0027210884353741495,0.0013605442176870747,0.0013605442176870747,0.0013605442176870747,0.0013605442176870747,0.0013605442176870747,0.0013605442176870747,0.0013605442176870747,0.0013605442176870747,0.0013605442176870747,0.0013605442176870747,0.0027210884353741495,0.0027210884353741495,0.0013605442176870747,0.0013605442176870747,0.0013605442176870747,0.0013605442176870747,0.0013605442176870747,0.0013605442176870747,0.0013605442176870747,0.0013605442176870747,0.0027210884353741495,0.0013605442176870747,0.0013605442176870747,0.0013605442176870747,0.0013605442176870747,0.0013605442176870747,0.0013605442176870747,0.0013605442176870747,0.0013605442176870747,0.0013605442176870747,0.0013605442176870747,0.0013605442176870747,0.0027210884353741495,0.0013605442176870747,0.0013605442176870747,0.0013605442176870747,0.0013605442176870747,0.0013605442176870747,0.0013605442176870747,0.0013605442176870747,0.0,0.0,0.0,0.0,0.0,0.0,0.0,0.0,0.0,0.0,0.0,0.0,0.0,0.0,0.0,0.0,0.0,0.0,0.0,0.0,0.0,0.0,0.0,0.0,0.0,0.0,0.0,0.0,0.0,0.0,0.0,0.0,0.0,0.0,0.0,0.0,0.0,0.0,0.0,0.0,0.0,0.0,0.0,0.0,0.0,0.0,0.0,0.0,0.0,0.0,0.0,0.0,0.0,0.0,0.0,0.0,0.0,0.0,0.0,0.0,0.0,0.0,0.0,0.0,0.0,0.0,0.0,0.0,0.0,0.0,0.0,0.0,0.0,0.0,0.0,0.0,0.0,0.0,0.0,0.0,0.0,0.0,0.0,0.0,0.0,0.0,0.0,0.0,0.0,0.0,0.0,0.0,0.0,0.0,0.0,0.0,0.0,0.0,0.0,0.0,0.0,0.0,0.0,0.0,0.0,0.0,0.0,0.0,0.0,0.0,0.0,0.0,0.0,0.0,0.0,0.0,0.0,0.0,0.0,0.0,0.0,0.0,0.0,0.0,0.0,0.0,0.0,0.0,0.0,0.0,0.0,0.0,0.0,0.0,0.0,0.0,0.0,0.0,0.0,0.0,0.0,0.0,0.0,0.0,0.0,0.0,0.0,0.0,0.0,0.0,0.0,0.0,0.0,0.0,0.0,0.0,0.0,0.0,0.0,0.0,0.0,0.0,0.0,0.0,0.0,0.0,0.0,0.0,0.0,0.0,0.0,0.0,0.0,0.0,0.0,0.0,0.0,0.0,0.0,0.0,0.0,0.0,0.0,0.0,0.0,0.0,0.0,0.0,0.0,0.0,0.0,0.0,0.0,0.0,0.0,0.0,0.0,0.0,0.0,0.0,0.0,0.0,0.0,0.0,0.0,0.0,0.0,0.0,0.0,0.0,0.0,0.0,0.0,0.0,0.0,0.0,0.0,0.0,0.0,0.0,0.0,0.0,0.0,0.0,0.0,0.0,0.0,0.0,0.0,0.0,0.0,0.0,0.0,0.0,0.0,0.0,0.0,0.0,0.0,0.0,0.0,0.0,0.0,0.0,0.0,0.0,0.0,0.0,0.0,0.0,0.0,0.0,0.5773502691896257,0.0,0.0,0.0,0.0,0.0,0.0,0.0,0.0,0.0,0.0,0.0,0.0,0.0,0.0,0.0,0.0,0.0,0.0,0.0,0.0,0.0,0.0,0.0,0.0,0.0,0.0,0.0,0.0,0.0,0.0,0.0,0.0,0.0,0.0,0.0,0.0,0.0,0.0,0.0,0.0,0.0,0.0,0.0,0.0,0.0,0.0,0.0,0.0,0.0,0.0,0.0,0.0,0.0,0.0,0.0,0.0,0.0,0.0,0.0,0.0,0.0,0.0,0.0,0.0,0.0,0.0,0.0,0.0,0.0,0.0,0.0,0.0,0.0,0.0,0.0,0.0,0.0,0.0,0.0,0.0,0.0,0.0,0.0,0.0,0.0,0.0,0.0,0.0,0.0,0.0,0.0,0.0,0.0,0.0,0.0,0.0,0.0,0.0,0.0,0.0,0.0,0.0,0.0,0.0,0.0,0.0,0.0,0.0,0.0,0.0,0.0,0.0,0.0,0.0,0.0,0.0,0.0,0.0,0.0,0.0,0.0,0.0,0.0,0.0,0.0,0.0,0.5773502691896257,0.0,0.0,0.0,0.0,0.0,0.0,0.0,0.0,0.0,0.0,0.0,0.0,0.0,0.0,0.0,0.0,0.0,0.0,0.0,0.0,0.0,0.0,0.0,0.0,0.0,0.0,0.0,0.0,0.0,0.0,0.0,0.0,0.0,0.0,0.0,0.0,0.0,0.0,0.0,0.0,0.0,0.0,0.0,0.0,0.0,0.0,0.0,0.0,0.0,0.0,0.0,0.0,0.0,0.0,0.0,0.0,0.0,0.0,0.0,0.0,0.0,0.0,0.0,0.0,0.0,0.0,0.0,0.0,0.0,0.0,0.0,0.0,0.0,0.0,0.0,0.0,0.0,0.0,0.0,0.0,0.0,0.0,0.0,0.0,0.0,0.5773502691896257,0.0,0.0,0.0,0.0,0.0,0.0,0.0,0.0,0.0,0.0,0.0,0.0,0.0,0.0,0.0,0.0,0.0,0.0,0.0,0.0,0.0,0.0,0.0,0.0,0.0,0.0,0.0,0.0,0.0,0.0,0.0,0.0,0.0,0.0,0.0,0.0,0.0,0.0,0.0,0.0,0.0,0.0,0.0,0.0,0.0,0.0,0.0,0.0,0.0,0.0,0.0,0.0,0.0,0.0,0.0,0.0,0.0,0.0,0.0,0.0,0.0,0.0,0.0,0.0,0.0,0.0,0.0,0.0,0.0,0.0,0.0,0.0,0.0,0.0,0.0,0.0,0.0,0.0,0.0,0.0,0.0,0.0,0.0,0.0,0.0,0.0,0.0,0.0,0.0,0.0,0.0,0.0,0.0,0.0,0.0,0.0,0.0,0.0,0.0,0.0,0.0,0.0,0.0,0.0,0.0,0.0,0.0,0.0,0.0,0.0,0.0,0.0,0.0,0.0,0.0,0.0,0.0,0.0,0.0,0.0,0.0,0.0,0.0,0.0,0.0,0.0,0.0,0.0,0.0,0.0,0.0,0.0,0.0,0.0,0.0,0.0,0.0,0.0,0.0,0.0,0.0,0.0,0.0,0.0,0.0,0.0,0.0,0.0,0.0,0.0,0.0,0.0,0.0,0.0,0.0,0.0,0.0,0.0,0.0,0.0,0.0,0.0,0.0,0.0,0.0,0.0,0.0,0.0,0.0,0.0,0.0,0.0,0.0,0.0,0.0,0.0,0.0,0.0,0.0,0.0,0.0,0.0,0.0,0.0,0.0,0.0,0.0,0.0,0.0,0.0,0.0,0.0,0.0,0.0,0.0,0.0,0.0,0.0,0.0,0.0,0.0,0.0,0.0,0.0,0.0,0.0,0.0,0.0,0.0,0.0,0.0,0.0,0.0,0.0,0.0,0.0,0.0,0.0,0.0,0.0,0.0,0.0,0.0,0.0,0.0,0.0,0.0,0.0,0.0,0.0,0.0,0.0,0.0,0.0,0.0,0.0,0.0,0.0,0.0,0.0,0.0,0.0,0.0,0.0,0.0,0.0,0.0,0.0,0.0,0.0,0.0,0.0,0.0,0.0,0.0,0.0,0.0,0.0,0.0,0.0,0.0,0.0,0.0,0.0,0.0,0.0,0.0,0.0,0.0,0.0,0.0,0.0,0.0,0.0,0.0,0.0,0.0,0.0,0.0,0.0,0.0,0.0,0.0,0.0,0.0,0.0,0.0,0.0,0.0,0.0,0.0,0.0,0.0,0.0,0.0,0.0,0.0,0.0,0.0,0.0,0.0,0.0,0.0,0.0,0.0,0.0,0.0,0.0,0.0,0.0,0.0,0.0,0.0,0.0,0.0,0.0,0.0,0.0,0.0,0.0,0.0,0.0,0.0,0.0,0.0,0.0,0.0,0.0,0.0,0.0,0.0,0.0,0.0,0.0,0.0,0.0,0.0,0.0,0.0,0.0,0.0,0.0,0.0,0.0,0.0,0.0,0.0,0.0,0.0,0.0,0.0,0.0,0.0,0.0,0.0,0.0,0.0,0.0,0.0,0.0,0.0,0.0,0.0,0.0,0.0,0.0,0.0,0.0,0.0,0.0,0.0,0.0,0.0,0.0,0.0,0.0,0.0,0.0,0.0,0.0,0.0,0.0,0.0,0.0,0.0,0.0,0.0,0.0,0.0,0.0,0.0,0.0,0.0,0.0,0.0,0.0,0.0,0.0,0.0,0.0,0.0,0.0,0.0,0.0,0.0,0.0,0.0,0.0,0.0,0.0,0.0,0.0,0.0,0.0,0.0,0.0,0.0,0.0,0.0,0.0,0.0,0.0,0.0,0.0,0.0,0.0,0.0,0.0,0.0,0.0,0.0,0.0,0.0,0.0,0.0,0.0,0.0,0.0,0.0,0.0,0.0,0.0,0.0,0.0,0.0,0.0,0.0,0.0,0.0,0.0,0.0,0.0,0.0,0.0,0.0,0.0
SD2401267,20대,너희 집은 지금 오피스텔이잖아. 그 층간 소음 좀 있는 거 같아? 나 지금 7층 사는데 딱히 층간 소음은 없는 거 같은데 좀 그 아파트에 이상한 사람은 좀 있는 거 같더라. 왜냐하면은 우리가 집에 아무도 없는 상태였는데 갑자기 밑의 집에서 올라온다 아 그 밑의 집인가 어디서 막 신고가 들어왔다는 거야. 이 이 시간이 너무 시끄러웠었다고. 그래 가지고 그게 그게 꼭 밑의 집은 아니고 밑의 층은 아니었던 거 같은데 그런 사람이 좀 있어서 좀 뭐지 좀 조심해야겠다 이런 적은 있었어. 이런 적이 있어. 그리고 너는 지금 자취를 그 1곳에서만 했던 거야 이사 없이? 나도 지금 누나랑 같이 살라고 하면은 절대 못 살 거 같아. 누나랑 진짜 맞는 게 하나도 없단 말이야. 누나도 막 나도 새벽에 전화하면은 누나가 뭐라 하고. 어떨 때 누나가 새벽에 게임하면 또 나한테 이제 내가 이제 스트레스받고. 그래서 이제 만약에 내가 너처럼 그러니까 형제 같이 살라고 하면은 나는 못 살 거 같아. 그리고 그리고 그 이사를 좀 많이 다녔었는데 이사 다닐 때마다 이제 방이 있긴 한데 이게 크기가 이제 큰방 작은방이 있었단 말이야. 그래 가지고 누가 큰방 쓸 거냐 이런 거 때문에 또 엄청 싸운 적 싸웠었고 싸웠었던 거 같아. 그러면 본가도 그러면 지금 살던 데 쭉 계속 살고 있었던 거야 어릴 때부터? 나는 이제 어릴 때부터 정말 많이 다녔었는데 초등학교랑 중학교 때까지는 그래도 한동네 내에서 왔다 갔다 했던 거여서 좀 이제 이사하느라 좀 귀찮고 막 집 바뀌는 게 좀 불편 적응이 안 되 초반에 적응이 안 되는 게 있긴 했어도 이 친구들이랑 멀어진다 이런 거 없어서 괜찮았는데 중학교 3학년에서 이제 고등학교 때 한번 아예 학 그 학 우리 지금 다니는 학교 쪽으로 이사를 왔었단 말이야. 근데 그때 정말 좀 좋았던 친구들인데 완전 멀어지니까 그때 쪼끔 이제 스트레스를 받았었던 경험이 있고. 그래서 또 그래 가지고 이제 고등학교 1학년 때에서부터 2학년 때 또 이사를 가야 되는 상황이 된 거야. 근데 그래서 원래 다니던 고등학교 쪽으로 가려 했었는데 그러진 않고 이제 다시 원래 동네로 돌아갔었던 적이 있어. 나도 그런 전원주택에서 사는 꿈 같은 게 있었던 거 같아. 그 내가 직접 집을 만들고 아 설계해서 막 비밀 공간이나 아 이제 정말 큰 목욕탕이나 아니면 음 어떤 작업실 뭐 이런 걸 만들어 두고 싶다는 생각이 있었어. 만들고 싶다는. 그리 너 근데 지금 자취하고 있잖아. 그러면 그 가전제품 같은 거는 뭐 뭐 있어? 어 이러면 안 되는데. 나는 이제 본가에 살잖아. 어 집안일을 거의 다 안 하고 엄마가 하고 있어. 그러니까 설거지만 이제 내가 먹은 거 설거지하고 이제 그리고 옷 옷이나 분리수거 이런 거는 엄마 아빠가 거의 다 하는 거 같아. 그 자취하면서 이런 설거지나 분리수거 때문에 막 오빠랑 막 싸우거나 그러진 않아? 난 지금 너무 자취를 하고 싶어. 왜냐하면은 일단 난 이제 혼자가 편하단 말이야. 그래 가지고 이제 나만의 일상생활 패턴이 있는데 어쨌든 가족이랑 살면은 아무리 가족이라도 쪼금 지켜야 되는 게 있으니까 그런 게 이제 좀 나한테는 너무 좀 힘들고 내가 하고 싶은 것도 너무 제한이 되는 거 같아서 학교 근처에서 자취하고 싶다는 생각은 있는데 이게 자취도 어쨌든 돈이 많이 깨지니까 쉽사리 하진 못 하고 있고. 음 아마 군대 갔다 와서 자취를 할 수 있으면 하지 않을까 이런 생각이 있어. 음 너는 음 너희 집 인테리어는 혹시 어떻게 돼 있어? 음 우리 집은 이번에 새로 지은 아파트여 가지고 그냥 전체적으로 완전 깔끔한 느낌으로 지금 돼 있는데 이게 아파 이제 방 청소를 쪼끔만 안 해도 이제 옷가 방이 좀 좁아 가지고 옷도 막 의자 위에 올라가 있고 침대 위에 뭉쳐져 있고. 그래 가지고 인테리어는 깔끔한데 방 정리는 되게 안 돼 있는 거 같아. 그리고 또 새로 지은 아파트라 했잖아. 이게 요즘에 새로 지어서 그런가. 아파트가 되게 개성이 넘치더라고. 건물도 막 다 이 모습이 막 다르고. 막 저게 아파트 건물이야 이런 것도 있고. 그리고 처음에 이사 왔을 때 첫날인데 집을 못 찾겠는 거야. 왜냐하면은 보통 아파트 단지가 뭐 몇 호부터 몇 호 1에서 3 3에서 5 이렇게 순서대로 있는데 거기는 막 1에서 3이랑 17에서 19 이렇게 붙어 있고. 막 이상하게 다 붙어 있는 거야. 그래 가지고 처음 이사 갔을 때 그 아파트 단지 안에서 길 잃어 가지고 한 20분 30분 정도 헤맸던 기억이 있어. 너는 만약에 이제 앞으로 회사 다니고 할 거면은 하면은 혼자 살게 되면은 서울에서 계속 살고 싶어? 아니면은 대구? 이게 새로 지은 아파트여 가지고 이게 헬스장이나 도서관 뭐 어린이집 이런 게 입주된다는 얘기만 있고 아직은 인프라가 갖춰지진 못한 거 같아. 그래서 헬스장도 아마 생긴다곤 하는데 어 언제 생길진 잘 모르겠고. 그 아파트 단지 내에 도서관은 지금도 운영하고 있고. 그거 말고도 뭔가 주민들 휴식 공간이라고 하면서 건물이 몇 개 있더라고. 거기서 막 좀 차 같은 거 마시고 막 떠들면서 있는 아줌마들도 있고. 그 빈백 빈백도 있잖아. 그런 것도 아파트 단지 내에 몇 개 깔아둔 거야. 그래 가지고 거기서 좀 누워서 막 떠드는 사람들도 보고 이런 시설이 좀 있었어.,0.014965986394557823,0.02857142857142857,0.013605442176870748,0.0013605442176870747,0.005442176870748299,0.0027210884353741495,0.0027210884353741495,0.02312925170068027,0.0326530612244898,0.02040816326530612,0.004081632653061225,0.0163265306122449,0.0013605442176870747,0.005442176870748299,0.013605442176870748,0.0027210884353741495,0.004081632653061225,0.004081632653061225,0.024489795918367346,0.021768707482993196,0.0013605442176870747,0.0013605442176870747,0.005442176870748299,0.006802721088435374,0.0013605442176870747,0.004081632653061225,0.02040816326530612,0.0013605442176870747,0.0013605442176870747,0.009523809523809525,0.04353741496598639,0.0013605442176870747,0.005442176870748299,0.0013605442176870747,0.010884353741496598,0.005442176870748299,0.0013605442176870747,0.0027210884353741495,0.012244897959183673,0.0013605442176870747,0.0013605442176870747,0.006802721088435374,0.004081632653061225,0.0027210884353741495,0.027210884353741496,0.009523809523809525,0.010884353741496598,0.0013605442176870747,0.006802721088435374,0.024489795918367346,0.010884353741496598,0.0013605442176870747,0.006802721088435374,0.0027210884353741495,0.0013605442176870747,0.005442176870748299,0.0013605442176870747,0.0013605442176870747,0.0013605442176870747,0.006802721088435374,0.0013605442176870747,0.0027210884353741495,0.0013605442176870747,0.0027210884353741495,0.013605442176870748,0.0013605442176870747,0.006802721088435374,0.0013605442176870747,0.02857142857142857,0.0027210884353741495,0.0027210884353741495,0.0027210884353741495,0.005442176870748299,0.0013605442176870747,0.00816326530612245,0.004081632653061225,0.00816326530612245,0.0013605442176870747,0.005442176870748299,0.0027210884353741495,0.0013605442176870747,0.0013605442176870747,0.0027210884353741495,0.0013605442176870747,0.0013605442176870747,0.0013605442176870747,0.005442176870748299,0.0013605442176870747,0.005442176870748299,0.0027210884353741495,0.0013605442176870747,0.0027210884353741495,0.0027210884353741495,0.005442176870748299,0.004081632653061225,0.0013605442176870747,0.0027210884353741495,0.0013605442176870747,0.0013605442176870747,0.0013605442176870747,0.005442176870748299,0.004081632653061225,0.0013605442176870747,0.0013605442176870747,0.0013605442176870747,0.0027210884353741495,0.009523809523809525,0.014965986394557823,0.0013605442176870747,0.0013605442176870747,0.0013605442176870747,0.0027210884353741495,0.0013605442176870747,0.004081632653061225,0.0013605442176870747,0.004081632653061225,0.0013605442176870747,0.0013605442176870747,0.0027210884353741495,0.0027210884353741495,0.0027210884353741495,0.0013605442176870747,0.0013605442176870747,0.0027210884353741495,0.0027210884353741495,0.0013605442176870747,0.0027210884353741495,0.0013605442176870747,0.0027210884353741495,0.0013605442176870747,0.0013605442176870747,0.0013605442176870747,0.0013605442176870747,0.0013605442176870747,0.0013605442176870747,0.0013605442176870747,0.005442176870748299,0.004081632653061225,0.0013605442176870747,0.0013605442176870747,0.0027210884353741495,0.0027210884353741495,0.0013605442176870747,0.0013605442176870747,0.0013605442176870747,0.004081632653061225,0.0013605442176870747,0.0013605442176870747,0.004081632653061225,0.0013605442176870747,0.0027210884353741495,0.005442176870748299,0.0027210884353741495,0.004081632653061225,0.0013605442176870747,0.005442176870748299,0.0027210884353741495,0.0013605442176870747,0.0013605442176870747,0.0013605442176870747,0.0013605442176870747,0.0027210884353741495,0.0013605442176870747,0.0013605442176870747,0.0013605442176870747,0.0013605442176870747,0.0013605442176870747,0.0027210884353741495,0.0027210884353741495,0.0013605442176870747,0.0013605442176870747,0.0013605442176870747,0.0013605442176870747,0.0013605442176870747,0.0013605442176870747,0.0013605442176870747,0.0013605442176870747,0.0013605442176870747,0.0013605442176870747,0.0013605442176870747,0.0027210884353741495,0.0013605442176870747,0.0027210884353741495,0.0013605442176870747,0.0013605442176870747,0.005442176870748299,0.005442176870748299,0.005442176870748299,0.0013605442176870747,0.0013605442176870747,0.0013605442176870747,0.0013605442176870747,0.0013605442176870747,0.0013605442176870747,0.0013605442176870747,0.0027210884353741495,0.0013605442176870747,0.0013605442176870747,0.0013605442176870747,0.0013605442176870747,0.0027210884353741495,0.0013605442176870747,0.0013605442176870747,0.0013605442176870747,0.004081632653061225,0.0013605442176870747,0.0013605442176870747,0.0013605442176870747,0.0013605442176870747,0.0027210884353741495,0.0013605442176870747,0.0013605442176870747,0.0013605442176870747,0.005442176870748299,0.0027210884353741495,0.0013605442176870747,0.0013605442176870747,0.0027210884353741495,0.0013605442176870747,0.0013605442176870747,0.0013605442176870747,0.0013605442176870747,0.0013605442176870747,0.0013605442176870747,0.0013605442176870747,0.0013605442176870747,0.0013605442176870747,0.0013605442176870747,0.0027210884353741495,0.0027210884353741495,0.0013605442176870747,0.0013605442176870747,0.0013605442176870747,0.0013605442176870747,0.0013605442176870747,0.0013605442176870747,0.0013605442176870747,0.0013605442176870747,0.0027210884353741495,0.0013605442176870747,0.0013605442176870747,0.0013605442176870747,0.0013605442176870747,0.0013605442176870747,0.0013605442176870747,0.0013605442176870747,0.0013605442176870747,0.0013605442176870747,0.0013605442176870747,0.0013605442176870747,0.0027210884353741495,0.0013605442176870747,0.0013605442176870747,0.0013605442176870747,0.0013605442176870747,0.0013605442176870747,0.0013605442176870747,0.0013605442176870747,0.0,0.0,0.0,0.0,0.0,0.0,0.0,0.0,0.0,0.0,0.0,0.0,0.0,0.0,0.0,0.0,0.0,0.0,0.0,0.0,0.0,0.0,0.0,0.0,0.0,0.0,0.0,0.0,0.0,0.0,0.0,0.0,0.0,0.0,0.0,0.0,0.0,0.0,0.0,0.0,0.0,0.0,0.0,0.0,0.0,0.0,0.0,0.0,0.0,0.0,0.0,0.0,0.0,0.0,0.0,0.0,0.0,0.0,0.0,0.0,0.0,0.0,0.0,0.0,0.0,0.0,0.0,0.0,0.0,0.0,0.0,0.0,0.0,0.0,0.0,0.0,0.0,0.0,0.0,0.0,0.0,0.0,0.0,0.0,0.0,0.0,0.0,0.0,0.0,0.0,0.0,0.0,0.0,0.0,0.0,0.0,0.0,0.0,0.0,0.0,0.0,0.0,0.0,0.0,0.0,0.0,0.0,0.0,0.0,0.0,0.0,0.0,0.0,0.0,0.0,0.0,0.0,0.0,0.0,0.0,0.0,0.0,0.0,0.0,0.0,0.0,0.0,0.0,0.0,0.0,0.0,0.0,0.0,0.0,0.0,0.0,0.0,0.0,0.0,0.0,0.0,0.0,0.0,0.0,0.0,0.0,0.0,0.0,0.0,0.0,0.0,0.0,0.0,0.0,0.0,0.0,0.0,0.0,0.0,0.0,0.0,0.0,0.0,0.0,0.0,0.0,0.0,0.0,0.0,0.0,0.0,0.0,0.0,0.0,0.0,0.0,0.0,0.0,0.0,0.0,0.0,0.0,0.0,0.0,0.0,0.0,0.0,0.0,0.0,0.0,0.0,0.0,0.0,0.0,0.0,0.0,0.0,0.0,0.0,0.0,0.0,0.0,0.0,0.0,0.0,0.0,0.0,0.0,0.0,0.0,0.0,0.0,0.0,0.0,0.0,0.0,0.0,0.0,0.0,0.0,0.0,0.0,0.0,0.0,0.0,0.0,0.0,0.0,0.0,0.0,0.0,0.0,0.0,0.0,0.0,0.0,0.0,0.0,0.0,0.0,0.0,0.0,0.0,0.0,0.0,0.0,0.0,0.0,0.0,0.0,0.0,0.0,0.0,0.0,0.4950649134483869,0.3973204195943208,0.0,0.0,0.0,0.0,0.0,0.0,0.0,0.0,0.0,0.0,0.0,0.0,0.0,0.0,0.0,0.0,0.0,0.0,0.0,0.0,0.0,0.0,0.0,0.0,0.0,0.0,0.0,0.0,0.0,0.0,0.0,0.0,0.0,0.0,0.0,0.0,0.0,0.0,0.0,0.0,0.0,0.0,0.0,0.0,0.0,0.0,0.0,0.0,0.0,0.0,0.0,0.0,0.0,0.0,0.0,0.0,0.0,0.0,0.0,0.0,0.0,0.0,0.0,0.0,0.0,0.0,0.0,0.0,0.0,0.0,0.0,0.0,0.0,0.0,0.0,0.0,0.0,0.0,0.0,0.0,0.0,0.0,0.0,0.0,0.0,0.0,0.0,0.0,0.0,0.0,0.0,0.0,0.0,0.0,0.0,0.0,0.0,0.0,0.0,0.0,0.0,0.0,0.0,0.0,0.0,0.0,0.0,0.0,0.0,0.0,0.0,0.0,0.0,0.0,0.0,0.0,0.0,0.0,0.0,0.0,0.0,0.0,0.0,0.0,0.0,0.0,0.0,0.0,0.0,0.0,0.0,0.0,0.0,0.0,0.0,0.0,0.0,0.0,0.0,0.0,0.0,0.0,0.0,0.0,0.0,0.0,0.0,0.0,0.0,0.0,0.0,0.0,0.0,0.0,0.0,0.0,0.0,0.0,0.0,0.0,0.0,0.0,0.0,0.0,0.0,0.0,0.0,0.0,0.0,0.0,0.0,0.0,0.0,0.0,0.0,0.0,0.0,0.0,0.0,0.0,0.0,0.0,0.0,0.0,0.0,0.0,0.0,0.0,0.0,0.0,0.0,0.0,0.0,0.0,0.0,0.0,0.0,0.0,0.0,0.0,0.0,0.0,0.0,0.0,0.0,0.0,0.0,0.0,0.0,0.0,0.0,0.0,0.0,0.0,0.0,0.0,0.0,0.0,0.0,0.0,0.0,0.0,0.0,0.0,0.0,0.0,0.0,0.0,0.0,0.0,0.0,0.0,0.0,0.0,0.0,0.0,0.0,0.0,0.0,0.0,0.0,0.0,0.0,0.0,0.0,0.0,0.0,0.0,0.0,0.0,0.0,0.0,0.0,0.0,0.0,0.0,0.0,0.0,0.0,0.0,0.0,0.0,0.0,0.0,0.0,0.0,0.0,0.0,0.0,0.0,0.0,0.0,0.0,0.0,0.0,0.0,0.0,0.0,0.0,0.0,0.0,0.0,0.0,0.0,0.0,0.0,0.0,0.0,0.0,0.0,0.0,0.0,0.0,0.0,0.0,0.0,0.0,0.0,0.0,0.0,0.0,0.0,0.0,0.0,0.0,0.0,0.0,0.0,0.0,0.0,0.0,0.0,0.0,0.0,0.0,0.0,0.0,0.0,0.0,0.0,0.0,0.0,0.0,0.0,0.0,0.0,0.0,0.0,0.0,0.0,0.0,0.0,0.0,0.0,0.0,0.0,0.0,0.0,0.0,0.0,0.0,0.0,0.0,0.0,0.0,0.0,0.0,0.0,0.0,0.0,0.0,0.0,0.0,0.0,0.0,0.0,0.0,0.0,0.0,0.0,0.0,0.0,0.0,0.0,0.0,0.0,0.0,0.0,0.38360549911473796,0.0,0.0,0.0,0.0,0.0,0.0,0.0,0.0,0.0,0.0,0.0,0.0,0.0,0.0,0.0,0.0,0.0,0.0,0.0,0.0,0.0,0.0,0.0,0.0,0.0,0.0,0.0,0.0,0.0,0.0,0.0,0.0,0.0,0.0,0.0,0.0,0.0,0.0,0.0,0.0,0.0,0.0,0.0,0.0,0.0,0.0,0.0,0.0,0.0,0.0,0.0,0.0,0.0,0.0,0.0,0.0,0.0,0.0,0.0,0.0,0.0,0.0,0.0,0.0,0.0,0.0,0.0,0.0,0.0,0.0,0.0,0.0,0.0,0.0,0.0,0.0,0.0,0.0,0.0,0.0,0.0,0.0,0.0,0.0,0.0,0.0,0.29476551789057925,0.0,0.0,0.0,0.0,0.0,0.0,0.0,0.0,0.0,0.0,0.0,0.0,0.0,0.0,0.0,0.0,0.0,0.0,0.0,0.0,0.3433919883015715,0.0,0.0,0.0,0.0,0.0,0.0,0.0,0.0,0.0,0.0,0.0,0.0,0.0,0.0,0.0,0.0,0.0,0.0,0.0,0.0,0.0,0.0,0.0,0.0,0.0,0.0,0.0,0.0,0.0,0.0,0.4950649134483869,0.0,0.0,0.0,0.0,0.0,0.0,0.0,0.0,0.0,0.0,0.0,0.0,0.0,0.0,0.0,0.0,0.0,0.0,0.0,0.0,0.0,0.0,0.0,0.0,0.0,0.0,0.0,0.0,0.0,0.0,0.0,0.0,0.0,0.0,0.0,0.0,0.0,0.0,0.0,0.0,0.0,0.0,0.0,0.0,0.0,0.0,0.0,0.0,0.0,0.0,0.0,0.0,0.0,0.0,0.0,0.0,0.0,0.0,0.0,0.0,0.0,0.0,0.0,0.0,0.0,0.0,0.0,0.0,0.0,0.0,0.0,0.0,0.0,0.0,0.0,0.0,0.0,0.0,0.0,0.0,0.0,0.0,0.0,0.0,0.0,0.0,0.0,0.0,0.0,0.0,0.0,0.0,0.0,0.0,0.0,0.0,0.0,0.0,0.0,0.0,0.0,0.0,0.0,0.0,0.0,0.0,0.0,0.0,0.0,0.0,0.0,0.0,0.0,0.0,0.0,0.0,0.0,0.0,0.0,0.0,0.0,0.0,0.0,0.0,0.0,0.0,0.0,0.0,0.0,0.0,0.0,0.0,0.0,0.0,0.0,0.0,0.0,0.0,0.0,0.0,0.0,0.0,0.0,0.0,0.0,0.0,0.0,0.0,0.0,0.0,0.0,0.0,0.0,0.0,0.0,0.0,0.0,0.0
SD2401267,20대,너희 집은 지금 오피스텔이잖아. 그 층간 소음 좀 있는 거 같아? 나 지금 7층 사는데 딱히 층간 소음은 없는 거 같은데 좀 그 아파트에 이상한 사람은 좀 있는 거 같더라. 왜냐하면은 우리가 집에 아무도 없는 상태였는데 갑자기 밑의 집에서 올라온다 아 그 밑의 집인가 어디서 막 신고가 들어왔다는 거야. 이 이 시간이 너무 시끄러웠었다고. 그래 가지고 그게 그게 꼭 밑의 집은 아니고 밑의 층은 아니었던 거 같은데 그런 사람이 좀 있어서 좀 뭐지 좀 조심해야겠다 이런 적은 있었어. 이런 적이 있어. 그리고 너는 지금 자취를 그 1곳에서만 했던 거야 이사 없이? 나도 지금 누나랑 같이 살라고 하면은 절대 못 살 거 같아. 누나랑 진짜 맞는 게 하나도 없단 말이야. 누나도 막 나도 새벽에 전화하면은 누나가 뭐라 하고. 어떨 때 누나가 새벽에 게임하면 또 나한테 이제 내가 이제 스트레스받고. 그래서 이제 만약에 내가 너처럼 그러니까 형제 같이 살라고 하면은 나는 못 살 거 같아. 그리고 그리고 그 이사를 좀 많이 다녔었는데 이사 다닐 때마다 이제 방이 있긴 한데 이게 크기가 이제 큰방 작은방이 있었단 말이야. 그래 가지고 누가 큰방 쓸 거냐 이런 거 때문에 또 엄청 싸운 적 싸웠었고 싸웠었던 거 같아. 그러면 본가도 그러면 지금 살던 데 쭉 계속 살고 있었던 거야 어릴 때부터? 나는 이제 어릴 때부터 정말 많이 다녔었는데 초등학교랑 중학교 때까지는 그래도 한동네 내에서 왔다 갔다 했던 거여서 좀 이제 이사하느라 좀 귀찮고 막 집 바뀌는 게 좀 불편 적응이 안 되 초반에 적응이 안 되는 게 있긴 했어도 이 친구들이랑 멀어진다 이런 거 없어서 괜찮았는데 중학교 3학년에서 이제 고등학교 때 한번 아예 학 그 학 우리 지금 다니는 학교 쪽으로 이사를 왔었단 말이야. 근데 그때 정말 좀 좋았던 친구들인데 완전 멀어지니까 그때 쪼끔 이제 스트레스를 받았었던 경험이 있고. 그래서 또 그래 가지고 이제 고등학교 1학년 때에서부터 2학년 때 또 이사를 가야 되는 상황이 된 거야. 근데 그래서 원래 다니던 고등학교 쪽으로 가려 했었는데 그러진 않고 이제 다시 원래 동네로 돌아갔었던 적이 있어. 나도 그런 전원주택에서 사는 꿈 같은 게 있었던 거 같아. 그 내가 직접 집을 만들고 아 설계해서 막 비밀 공간이나 아 이제 정말 큰 목욕탕이나 아니면 음 어떤 작업실 뭐 이런 걸 만들어 두고 싶다는 생각이 있었어. 만들고 싶다는. 그리 너 근데 지금 자취하고 있잖아. 그러면 그 가전제품 같은 거는 뭐 뭐 있어? 어 이러면 안 되는데. 나는 이제 본가에 살잖아. 어 집안일을 거의 다 안 하고 엄마가 하고 있어. 그러니까 설거지만 이제 내가 먹은 거 설거지하고 이제 그리고 옷 옷이나 분리수거 이런 거는 엄마 아빠가 거의 다 하는 거 같아. 그 자취하면서 이런 설거지나 분리수거 때문에 막 오빠랑 막 싸우거나 그러진 않아? 난 지금 너무 자취를 하고 싶어. 왜냐하면은 일단 난 이제 혼자가 편하단 말이야. 그래 가지고 이제 나만의 일상생활 패턴이 있는데 어쨌든 가족이랑 살면은 아무리 가족이라도 쪼금 지켜야 되는 게 있으니까 그런 게 이제 좀 나한테는 너무 좀 힘들고 내가 하고 싶은 것도 너무 제한이 되는 거 같아서 학교 근처에서 자취하고 싶다는 생각은 있는데 이게 자취도 어쨌든 돈이 많이 깨지니까 쉽사리 하진 못 하고 있고. 음 아마 군대 갔다 와서 자취를 할 수 있으면 하지 않을까 이런 생각이 있어. 음 너는 음 너희 집 인테리어는 혹시 어떻게 돼 있어? 음 우리 집은 이번에 새로 지은 아파트여 가지고 그냥 전체적으로 완전 깔끔한 느낌으로 지금 돼 있는데 이게 아파 이제 방 청소를 쪼끔만 안 해도 이제 옷가 방이 좀 좁아 가지고 옷도 막 의자 위에 올라가 있고 침대 위에 뭉쳐져 있고. 그래 가지고 인테리어는 깔끔한데 방 정리는 되게 안 돼 있는 거 같아. 그리고 또 새로 지은 아파트라 했잖아. 이게 요즘에 새로 지어서 그런가. 아파트가 되게 개성이 넘치더라고. 건물도 막 다 이 모습이 막 다르고. 막 저게 아파트 건물이야 이런 것도 있고. 그리고 처음에 이사 왔을 때 첫날인데 집을 못 찾겠는 거야. 왜냐하면은 보통 아파트 단지가 뭐 몇 호부터 몇 호 1에서 3 3에서 5 이렇게 순서대로 있는데 거기는 막 1에서 3이랑 17에서 19 이렇게 붙어 있고. 막 이상하게 다 붙어 있는 거야. 그래 가지고 처음 이사 갔을 때 그 아파트 단지 안에서 길 잃어 가지고 한 20분 30분 정도 헤맸던 기억이 있어. 너는 만약에 이제 앞으로 회사 다니고 할 거면은 하면은 혼자 살게 되면은 서울에서 계속 살고 싶어? 아니면은 대구? 이게 새로 지은 아파트여 가지고 이게 헬스장이나 도서관 뭐 어린이집 이런 게 입주된다는 얘기만 있고 아직은 인프라가 갖춰지진 못한 거 같아. 그래서 헬스장도 아마 생긴다곤 하는데 어 언제 생길진 잘 모르겠고. 그 아파트 단지 내에 도서관은 지금도 운영하고 있고. 그거 말고도 뭔가 주민들 휴식 공간이라고 하면서 건물이 몇 개 있더라고. 거기서 막 좀 차 같은 거 마시고 막 떠들면서 있는 아줌마들도 있고. 그 빈백 빈백도 있잖아. 그런 것도 아파트 단지 내에 몇 개 깔아둔 거야. 그래 가지고 거기서 좀 누워서 막 떠드는 사람들도 보고 이런 시설이 좀 있었어.,0.014965986394557823,0.02857142857142857,0.013605442176870748,0.0013605442176870747,0.005442176870748299,0.0027210884353741495,0.0027210884353741495,0.02312925170068027,0.0326530612244898,0.02040816326530612,0.004081632653061225,0.0163265306122449,0.0013605442176870747,0.005442176870748299,0.013605442176870748,0.0027210884353741495,0.004081632653061225,0.004081632653061225,0.024489795918367346,0.021768707482993196,0.0013605442176870747,0.0013605442176870747,0.005442176870748299,0.006802721088435374,0.0013605442176870747,0.004081632653061225,0.02040816326530612,0.0013605442176870747,0.0013605442176870747,0.009523809523809525,0.04353741496598639,0.0013605442176870747,0.005442176870748299,0.0013605442176870747,0.010884353741496598,0.005442176870748299,0.0013605442176870747,0.0027210884353741495,0.012244897959183673,0.0013605442176870747,0.0013605442176870747,0.006802721088435374,0.004081632653061225,0.0027210884353741495,0.027210884353741496,0.009523809523809525,0.010884353741496598,0.0013605442176870747,0.006802721088435374,0.024489795918367346,0.010884353741496598,0.0013605442176870747,0.006802721088435374,0.0027210884353741495,0.0013605442176870747,0.005442176870748299,0.0013605442176870747,0.0013605442176870747,0.0013605442176870747,0.006802721088435374,0.0013605442176870747,0.0027210884353741495,0.0013605442176870747,0.0027210884353741495,0.013605442176870748,0.0013605442176870747,0.006802721088435374,0.0013605442176870747,0.02857142857142857,0.0027210884353741495,0.0027210884353741495,0.0027210884353741495,0.005442176870748299,0.0013605442176870747,0.00816326530612245,0.004081632653061225,0.00816326530612245,0.0013605442176870747,0.005442176870748299,0.0027210884353741495,0.0013605442176870747,0.0013605442176870747,0.0027210884353741495,0.0013605442176870747,0.0013605442176870747,0.0013605442176870747,0.005442176870748299,0.0013605442176870747,0.005442176870748299,0.0027210884353741495,0.0013605442176870747,0.0027210884353741495,0.0027210884353741495,0.005442176870748299,0.004081632653061225,0.0013605442176870747,0.0027210884353741495,0.0013605442176870747,0.0013605442176870747,0.0013605442176870747,0.005442176870748299,0.004081632653061225,0.0013605442176870747,0.0013605442176870747,0.0013605442176870747,0.0027210884353741495,0.009523809523809525,0.014965986394557823,0.0013605442176870747,0.0013605442176870747,0.0013605442176870747,0.0027210884353741495,0.0013605442176870747,0.004081632653061225,0.0013605442176870747,0.004081632653061225,0.0013605442176870747,0.0013605442176870747,0.0027210884353741495,0.0027210884353741495,0.0027210884353741495,0.0013605442176870747,0.0013605442176870747,0.0027210884353741495,0.0027210884353741495,0.0013605442176870747,0.0027210884353741495,0.0013605442176870747,0.0027210884353741495,0.0013605442176870747,0.0013605442176870747,0.0013605442176870747,0.0013605442176870747,0.0013605442176870747,0.0013605442176870747,0.0013605442176870747,0.005442176870748299,0.004081632653061225,0.0013605442176870747,0.0013605442176870747,0.0027210884353741495,0.0027210884353741495,0.0013605442176870747,0.0013605442176870747,0.0013605442176870747,0.004081632653061225,0.0013605442176870747,0.0013605442176870747,0.004081632653061225,0.0013605442176870747,0.0027210884353741495,0.005442176870748299,0.0027210884353741495,0.004081632653061225,0.0013605442176870747,0.005442176870748299,0.0027210884353741495,0.0013605442176870747,0.0013605442176870747,0.0013605442176870747,0.0013605442176870747,0.0027210884353741495,0.0013605442176870747,0.0013605442176870747,0.0013605442176870747,0.0013605442176870747,0.0013605442176870747,0.0027210884353741495,0.0027210884353741495,0.0013605442176870747,0.0013605442176870747,0.0013605442176870747,0.0013605442176870747,0.0013605442176870747,0.0013605442176870747,0.0013605442176870747,0.0013605442176870747,0.0013605442176870747,0.0013605442176870747,0.0013605442176870747,0.0027210884353741495,0.0013605442176870747,0.0027210884353741495,0.0013605442176870747,0.0013605442176870747,0.005442176870748299,0.005442176870748299,0.005442176870748299,0.0013605442176870747,0.0013605442176870747,0.0013605442176870747,0.0013605442176870747,0.0013605442176870747,0.0013605442176870747,0.0013605442176870747,0.0027210884353741495,0.0013605442176870747,0.0013605442176870747,0.0013605442176870747,0.0013605442176870747,0.0027210884353741495,0.0013605442176870747,0.0013605442176870747,0.0013605442176870747,0.004081632653061225,0.0013605442176870747,0.0013605442176870747,0.0013605442176870747,0.0013605442176870747,0.0027210884353741495,0.0013605442176870747,0.0013605442176870747,0.0013605442176870747,0.005442176870748299,0.0027210884353741495,0.0013605442176870747,0.0013605442176870747,0.0027210884353741495,0.0013605442176870747,0.0013605442176870747,0.0013605442176870747,0.0013605442176870747,0.0013605442176870747,0.0013605442176870747,0.0013605442176870747,0.0013605442176870747,0.0013605442176870747,0.0013605442176870747,0.0027210884353741495,0.0027210884353741495,0.0013605442176870747,0.0013605442176870747,0.0013605442176870747,0.0013605442176870747,0.0013605442176870747,0.0013605442176870747,0.0013605442176870747,0.0013605442176870747,0.0027210884353741495,0.0013605442176870747,0.0013605442176870747,0.0013605442176870747,0.0013605442176870747,0.0013605442176870747,0.0013605442176870747,0.0013605442176870747,0.0013605442176870747,0.0013605442176870747,0.0013605442176870747,0.0013605442176870747,0.0027210884353741495,0.0013605442176870747,0.0013605442176870747,0.0013605442176870747,0.0013605442176870747,0.0013605442176870747,0.0013605442176870747,0.0013605442176870747,0.0,0.0,0.0,0.0,0.0,0.0,0.0,0.0,0.0,0.0,0.0,0.0,0.0,0.0,0.0,0.0,0.0,0.0,0.0,0.0,0.0,0.0,0.0,0.0,0.0,0.0,0.0,0.0,0.0,0.0,0.0,0.0,0.0,0.0,0.0,0.0,0.0,0.0,0.0,0.0,0.0,0.0,0.0,0.0,0.0,0.0,0.0,0.0,0.0,0.0,0.0,0.0,0.0,0.0,0.0,0.0,0.0,0.0,0.0,0.0,0.0,0.0,0.0,0.0,0.0,0.0,0.0,0.0,0.0,0.0,0.0,0.0,0.0,0.0,0.0,0.0,0.0,0.0,0.0,0.0,0.0,0.0,0.0,0.0,0.0,0.0,0.0,0.0,0.0,0.0,0.0,0.0,0.0,0.0,0.0,0.0,0.0,0.0,0.0,0.0,0.0,0.0,0.0,0.0,0.0,0.0,0.0,0.0,0.0,0.0,0.0,0.0,0.0,0.0,0.0,0.0,0.0,0.0,0.0,0.0,0.0,0.0,0.0,0.0,0.0,0.0,0.0,0.0,0.0,0.0,0.0,0.0,0.0,0.0,0.0,0.0,0.0,0.0,0.0,0.0,0.0,0.0,0.0,0.0,0.0,0.0,0.0,0.0,0.0,0.0,0.0,0.0,0.0,0.0,0.0,0.0,0.0,0.0,0.0,0.0,0.0,0.0,0.0,0.0,0.0,0.0,0.0,0.0,0.0,0.0,0.0,0.0,0.0,0.0,0.0,0.0,0.0,0.0,0.0,0.0,0.0,0.0,0.0,0.0,0.0,0.0,0.0,0.0,0.0,0.0,0.0,0.0,0.0,0.0,0.0,0.0,0.0,0.0,0.0,0.0,0.0,0.0,0.0,0.0,0.0,0.0,0.0,0.0,0.0,0.0,0.0,0.0,0.0,0.0,0.0,0.0,0.0,0.0,0.0,0.0,0.0,0.0,0.0,0.0,0.0,0.0,0.0,0.0,0.0,0.0,0.0,0.0,0.0,0.0,0.0,0.0,0.0,0.0,0.0,0.0,0.0,0.0,0.0,0.0,0.0,0.0,0.0,0.0,0.2761760637385164,0.0,0.0,0.0,0.0,0.0,0.0,0.0,0.0,0.0,0.0,0.0,0.0,0.0,0.0,0.0,0.0,0.0,0.0,0.0,0.0,0.0,0.0,0.0,0.0,0.0,0.0,0.0,0.0,0.0,0.0,0.0,0.0,0.0,0.0,0.0,0.0,0.0,0.0,0.0,0.0,0.0,0.0,0.0,0.0,0.0,0.0,0.0,0.0,0.0,0.0,0.0,0.0,0.0,0.0,0.0,0.0,0.308518137822473,0.0,0.0,0.0,0.0,0.0,0.0,0.0,0.0,0.0,0.0,0.0,0.0,0.0,0.0,0.0,0.0,0.0,0.0,0.0,0.0,0.0,0.0,0.0,0.0,0.0,0.0,0.0,0.0,0.0,0.0,0.0,0.0,0.0,0.0,0.0,0.0,0.0,0.0,0.0,0.0,0.0,0.0,0.0,0.0,0.0,0.0,0.0,0.0,0.0,0.0,0.0,0.0,0.0,0.0,0.0,0.0,0.0,0.0,0.0,0.0,0.0,0.0,0.0,0.0,0.0,0.0,0.0,0.0,0.0,0.0,0.0,0.0,0.0,0.0,0.0,0.0,0.0,0.0,0.0,0.0,0.0,0.0,0.0,0.0,0.0,0.0,0.0,0.0,0.0,0.0,0.0,0.0,0.0,0.0,0.0,0.0,0.0,0.0,0.0,0.0,0.0,0.0,0.0,0.0,0.0,0.0,0.0,0.0,0.0,0.0,0.0,0.0,0.0,0.0,0.0,0.0,0.0,0.0,0.0,0.0,0.0,0.0,0.0,0.0,0.0,0.0,0.0,0.0,0.0,0.0,0.0,0.0,0.0,0.0,0.0,0.0,0.0,0.0,0.0,0.0,0.0,0.0,0.0,0.0,0.0,0.0,0.0,0.0,0.0,0.0,0.0,0.0,0.0,0.0,0.0,0.0,0.0,0.0,0.0,0.0,0.0,0.0,0.0,0.0,0.0,0.0,0.0,0.0,0.0,0.0,0.0,0.0,0.0,0.0,0.0,0.0,0.0,0.0,0.0,0.0,0.0,0.0,0.0,0.0,0.0,0.0,0.0,0.0,0.0,0.0,0.0,0.0,0.0,0.0,0.0,0.0,0.0,0.0,0.0,0.0,0.0,0.0,0.0,0.0,0.0,0.0,0.0,0.0,0.0,0.0,0.0,0.0,0.0,0.0,0.0,0.0,0.0,0.0,0.0,0.0,0.0,0.0,0.0,0.0,0.0,0.0,0.0,0.0,0.0,0.0,0.0,0.0,0.0,0.0,0.0,0.0,0.0,0.0,0.0,0.0,0.0,0.0,0.0,0.0,0.0,0.0,0.0,0.0,0.0,0.0,0.0,0.0,0.0,0.0,0.0,0.0,0.0,0.0,0.0,0.0,0.0,0.0,0.0,0.0,0.0,0.0,0.0,0.0,0.0,0.0,0.0,0.0,0.0,0.0,0.0,0.0,0.0,0.0,0.0,0.0,0.0,0.0,0.0,0.0,0.0,0.0,0.0,0.0,0.0,0.0,0.0,0.0,0.0,0.0,0.0,0.0,0.0,0.0,0.0,0.0,0.0,0.0,0.0,0.0,0.0,0.0,0.0,0.0,0.0,0.0,0.0,0.0,0.0,0.0,0.0,0.0,0.0,0.0,0.0,0.0,0.0,0.0,0.0,0.0,0.0,0.0,0.0,0.0,0.0,0.0,0.0,0.0,0.0,0.0,0.0,0.0,0.0,0.0,0.0,0.0,0.0,0.0,0.0,0.0,0.0,0.0,0.0,0.0,0.0,0.0,0.0,0.0,0.0,0.0,0.0,0.0,0.0,0.0,0.0,0.0,0.0,0.0,0.0,0.0,0.0,0.0,0.0,0.0,0.0,0.0,0.0,0.0,0.0,0.0,0.0,0.0,0.0,0.0,0.0,0.0,0.0,0.0,0.0,0.3981603641001402,0.0,0.0,0.0,0.0,0.0,0.0,0.0,0.0,0.0,0.0,0.0,0.0,0.0,0.0,0.0,0.0,0.0,0.0,0.0,0.0,0.0,0.0,0.0,0.0,0.308518137822473,0.0,0.0,0.0,0.0,0.0,0.0,0.0,0.0,0.0,0.0,0.0,0.0,0.0,0.0,0.0,0.0,0.0,0.0,0.0,0.0,0.0,0.0,0.0,0.0,0.0,0.0,0.0,0.0,0.0,0.0,0.0,0.0,0.0,0.0,0.0,0.0,0.0,0.0,0.0,0.0,0.0,0.0,0.0,0.0,0.0,0.0,0.0,0.0,0.0,0.0,0.0,0.0,0.0,0.0,0.0,0.0,0.0,0.0,0.0,0.0,0.0,0.0,0.0,0.0,0.0,0.0,0.0,0.0,0.0,0.0,0.0,0.0,0.0,0.0,0.0,0.0,0.0,0.0,0.0,0.0,0.0,0.0,0.0,0.0,0.0,0.0,0.0,0.0,0.0,0.0,0.0,0.0,0.0,0.0,0.0,0.0,0.0,0.0,0.0,0.0,0.0,0.0,0.0,0.0,0.0,0.0,0.0,0.0,0.0,0.0,0.0,0.3485617904145616,0.0,0.0,0.0,0.0,0.0,0.0,0.0,0.3981603641001402,0.0,0.0,0.0,0.3691470584048216,0.3981603641001402,0.0,0.0,0.0,0.0,0.0,0.0,0.0,0.0,0.0,0.0,0.0,0.0,0.0,0.0,0.0,0.0,0.0,0.0,0.0,0.0,0.0,0.0,0.0,0.0,0.0,0.0,0.0,0.0,0.0,0.0,0.0,0.0,0.0,0.0,0.0,0.0,0.0,0.0,0.0,0.0,0.0,0.0,0.0,0.0,0.0,0.0,0.0,0.0,0.0,0.0,0.0,0.0,0.0,0.0,0.0,0.0,0.0,0.0,0.0,0.0,0.0,0.0,0.0,0.0,0.0,0.0,0.0,0.0,0.0,0.0,0.0,0.0,0.0,0.0,0.0,0.0,0.0,0.0,0.0,0.0,0.0,0.0
SD2401267,20대,너희 집은 지금 오피스텔이잖아. 그 층간 소음 좀 있는 거 같아? 나 지금 7층 사는데 딱히 층간 소음은 없는 거 같은데 좀 그 아파트에 이상한 사람은 좀 있는 거 같더라. 왜냐하면은 우리가 집에 아무도 없는 상태였는데 갑자기 밑의 집에서 올라온다 아 그 밑의 집인가 어디서 막 신고가 들어왔다는 거야. 이 이 시간이 너무 시끄러웠었다고. 그래 가지고 그게 그게 꼭 밑의 집은 아니고 밑의 층은 아니었던 거 같은데 그런 사람이 좀 있어서 좀 뭐지 좀 조심해야겠다 이런 적은 있었어. 이런 적이 있어. 그리고 너는 지금 자취를 그 1곳에서만 했던 거야 이사 없이? 나도 지금 누나랑 같이 살라고 하면은 절대 못 살 거 같아. 누나랑 진짜 맞는 게 하나도 없단 말이야. 누나도 막 나도 새벽에 전화하면은 누나가 뭐라 하고. 어떨 때 누나가 새벽에 게임하면 또 나한테 이제 내가 이제 스트레스받고. 그래서 이제 만약에 내가 너처럼 그러니까 형제 같이 살라고 하면은 나는 못 살 거 같아. 그리고 그리고 그 이사를 좀 많이 다녔었는데 이사 다닐 때마다 이제 방이 있긴 한데 이게 크기가 이제 큰방 작은방이 있었단 말이야. 그래 가지고 누가 큰방 쓸 거냐 이런 거 때문에 또 엄청 싸운 적 싸웠었고 싸웠었던 거 같아. 그러면 본가도 그러면 지금 살던 데 쭉 계속 살고 있었던 거야 어릴 때부터? 나는 이제 어릴 때부터 정말 많이 다녔었는데 초등학교랑 중학교 때까지는 그래도 한동네 내에서 왔다 갔다 했던 거여서 좀 이제 이사하느라 좀 귀찮고 막 집 바뀌는 게 좀 불편 적응이 안 되 초반에 적응이 안 되는 게 있긴 했어도 이 친구들이랑 멀어진다 이런 거 없어서 괜찮았는데 중학교 3학년에서 이제 고등학교 때 한번 아예 학 그 학 우리 지금 다니는 학교 쪽으로 이사를 왔었단 말이야. 근데 그때 정말 좀 좋았던 친구들인데 완전 멀어지니까 그때 쪼끔 이제 스트레스를 받았었던 경험이 있고. 그래서 또 그래 가지고 이제 고등학교 1학년 때에서부터 2학년 때 또 이사를 가야 되는 상황이 된 거야. 근데 그래서 원래 다니던 고등학교 쪽으로 가려 했었는데 그러진 않고 이제 다시 원래 동네로 돌아갔었던 적이 있어. 나도 그런 전원주택에서 사는 꿈 같은 게 있었던 거 같아. 그 내가 직접 집을 만들고 아 설계해서 막 비밀 공간이나 아 이제 정말 큰 목욕탕이나 아니면 음 어떤 작업실 뭐 이런 걸 만들어 두고 싶다는 생각이 있었어. 만들고 싶다는. 그리 너 근데 지금 자취하고 있잖아. 그러면 그 가전제품 같은 거는 뭐 뭐 있어? 어 이러면 안 되는데. 나는 이제 본가에 살잖아. 어 집안일을 거의 다 안 하고 엄마가 하고 있어. 그러니까 설거지만 이제 내가 먹은 거 설거지하고 이제 그리고 옷 옷이나 분리수거 이런 거는 엄마 아빠가 거의 다 하는 거 같아. 그 자취하면서 이런 설거지나 분리수거 때문에 막 오빠랑 막 싸우거나 그러진 않아? 난 지금 너무 자취를 하고 싶어. 왜냐하면은 일단 난 이제 혼자가 편하단 말이야. 그래 가지고 이제 나만의 일상생활 패턴이 있는데 어쨌든 가족이랑 살면은 아무리 가족이라도 쪼금 지켜야 되는 게 있으니까 그런 게 이제 좀 나한테는 너무 좀 힘들고 내가 하고 싶은 것도 너무 제한이 되는 거 같아서 학교 근처에서 자취하고 싶다는 생각은 있는데 이게 자취도 어쨌든 돈이 많이 깨지니까 쉽사리 하진 못 하고 있고. 음 아마 군대 갔다 와서 자취를 할 수 있으면 하지 않을까 이런 생각이 있어. 음 너는 음 너희 집 인테리어는 혹시 어떻게 돼 있어? 음 우리 집은 이번에 새로 지은 아파트여 가지고 그냥 전체적으로 완전 깔끔한 느낌으로 지금 돼 있는데 이게 아파 이제 방 청소를 쪼끔만 안 해도 이제 옷가 방이 좀 좁아 가지고 옷도 막 의자 위에 올라가 있고 침대 위에 뭉쳐져 있고. 그래 가지고 인테리어는 깔끔한데 방 정리는 되게 안 돼 있는 거 같아. 그리고 또 새로 지은 아파트라 했잖아. 이게 요즘에 새로 지어서 그런가. 아파트가 되게 개성이 넘치더라고. 건물도 막 다 이 모습이 막 다르고. 막 저게 아파트 건물이야 이런 것도 있고. 그리고 처음에 이사 왔을 때 첫날인데 집을 못 찾겠는 거야. 왜냐하면은 보통 아파트 단지가 뭐 몇 호부터 몇 호 1에서 3 3에서 5 이렇게 순서대로 있는데 거기는 막 1에서 3이랑 17에서 19 이렇게 붙어 있고. 막 이상하게 다 붙어 있는 거야. 그래 가지고 처음 이사 갔을 때 그 아파트 단지 안에서 길 잃어 가지고 한 20분 30분 정도 헤맸던 기억이 있어. 너는 만약에 이제 앞으로 회사 다니고 할 거면은 하면은 혼자 살게 되면은 서울에서 계속 살고 싶어? 아니면은 대구? 이게 새로 지은 아파트여 가지고 이게 헬스장이나 도서관 뭐 어린이집 이런 게 입주된다는 얘기만 있고 아직은 인프라가 갖춰지진 못한 거 같아. 그래서 헬스장도 아마 생긴다곤 하는데 어 언제 생길진 잘 모르겠고. 그 아파트 단지 내에 도서관은 지금도 운영하고 있고. 그거 말고도 뭔가 주민들 휴식 공간이라고 하면서 건물이 몇 개 있더라고. 거기서 막 좀 차 같은 거 마시고 막 떠들면서 있는 아줌마들도 있고. 그 빈백 빈백도 있잖아. 그런 것도 아파트 단지 내에 몇 개 깔아둔 거야. 그래 가지고 거기서 좀 누워서 막 떠드는 사람들도 보고 이런 시설이 좀 있었어.,0.014965986394557823,0.02857142857142857,0.013605442176870748,0.0013605442176870747,0.005442176870748299,0.0027210884353741495,0.0027210884353741495,0.02312925170068027,0.0326530612244898,0.02040816326530612,0.004081632653061225,0.0163265306122449,0.0013605442176870747,0.005442176870748299,0.013605442176870748,0.0027210884353741495,0.004081632653061225,0.004081632653061225,0.024489795918367346,0.021768707482993196,0.0013605442176870747,0.0013605442176870747,0.005442176870748299,0.006802721088435374,0.0013605442176870747,0.004081632653061225,0.02040816326530612,0.0013605442176870747,0.0013605442176870747,0.009523809523809525,0.04353741496598639,0.0013605442176870747,0.005442176870748299,0.0013605442176870747,0.010884353741496598,0.005442176870748299,0.0013605442176870747,0.0027210884353741495,0.012244897959183673,0.0013605442176870747,0.0013605442176870747,0.006802721088435374,0.004081632653061225,0.0027210884353741495,0.027210884353741496,0.009523809523809525,0.010884353741496598,0.0013605442176870747,0.006802721088435374,0.024489795918367346,0.010884353741496598,0.0013605442176870747,0.006802721088435374,0.0027210884353741495,0.0013605442176870747,0.005442176870748299,0.0013605442176870747,0.0013605442176870747,0.0013605442176870747,0.006802721088435374,0.0013605442176870747,0.0027210884353741495,0.0013605442176870747,0.0027210884353741495,0.013605442176870748,0.0013605442176870747,0.006802721088435374,0.0013605442176870747,0.02857142857142857,0.0027210884353741495,0.0027210884353741495,0.0027210884353741495,0.005442176870748299,0.0013605442176870747,0.00816326530612245,0.004081632653061225,0.00816326530612245,0.0013605442176870747,0.005442176870748299,0.0027210884353741495,0.0013605442176870747,0.0013605442176870747,0.0027210884353741495,0.0013605442176870747,0.0013605442176870747,0.0013605442176870747,0.005442176870748299,0.0013605442176870747,0.005442176870748299,0.0027210884353741495,0.0013605442176870747,0.0027210884353741495,0.0027210884353741495,0.005442176870748299,0.004081632653061225,0.0013605442176870747,0.0027210884353741495,0.0013605442176870747,0.0013605442176870747,0.0013605442176870747,0.005442176870748299,0.004081632653061225,0.0013605442176870747,0.0013605442176870747,0.0013605442176870747,0.0027210884353741495,0.009523809523809525,0.014965986394557823,0.0013605442176870747,0.0013605442176870747,0.0013605442176870747,0.0027210884353741495,0.0013605442176870747,0.004081632653061225,0.0013605442176870747,0.004081632653061225,0.0013605442176870747,0.0013605442176870747,0.0027210884353741495,0.0027210884353741495,0.0027210884353741495,0.0013605442176870747,0.0013605442176870747,0.0027210884353741495,0.0027210884353741495,0.0013605442176870747,0.0027210884353741495,0.0013605442176870747,0.0027210884353741495,0.0013605442176870747,0.0013605442176870747,0.0013605442176870747,0.0013605442176870747,0.0013605442176870747,0.0013605442176870747,0.0013605442176870747,0.005442176870748299,0.004081632653061225,0.0013605442176870747,0.0013605442176870747,0.0027210884353741495,0.0027210884353741495,0.0013605442176870747,0.0013605442176870747,0.0013605442176870747,0.004081632653061225,0.0013605442176870747,0.0013605442176870747,0.004081632653061225,0.0013605442176870747,0.0027210884353741495,0.005442176870748299,0.0027210884353741495,0.004081632653061225,0.0013605442176870747,0.005442176870748299,0.0027210884353741495,0.0013605442176870747,0.0013605442176870747,0.0013605442176870747,0.0013605442176870747,0.0027210884353741495,0.0013605442176870747,0.0013605442176870747,0.0013605442176870747,0.0013605442176870747,0.0013605442176870747,0.0027210884353741495,0.0027210884353741495,0.0013605442176870747,0.0013605442176870747,0.0013605442176870747,0.0013605442176870747,0.0013605442176870747,0.0013605442176870747,0.0013605442176870747,0.0013605442176870747,0.0013605442176870747,0.0013605442176870747,0.0013605442176870747,0.0027210884353741495,0.0013605442176870747,0.0027210884353741495,0.0013605442176870747,0.0013605442176870747,0.005442176870748299,0.005442176870748299,0.005442176870748299,0.0013605442176870747,0.0013605442176870747,0.0013605442176870747,0.0013605442176870747,0.0013605442176870747,0.0013605442176870747,0.0013605442176870747,0.0027210884353741495,0.0013605442176870747,0.0013605442176870747,0.0013605442176870747,0.0013605442176870747,0.0027210884353741495,0.0013605442176870747,0.0013605442176870747,0.0013605442176870747,0.004081632653061225,0.0013605442176870747,0.0013605442176870747,0.0013605442176870747,0.0013605442176870747,0.0027210884353741495,0.0013605442176870747,0.0013605442176870747,0.0013605442176870747,0.005442176870748299,0.0027210884353741495,0.0013605442176870747,0.0013605442176870747,0.0027210884353741495,0.0013605442176870747,0.0013605442176870747,0.0013605442176870747,0.0013605442176870747,0.0013605442176870747,0.0013605442176870747,0.0013605442176870747,0.0013605442176870747,0.0013605442176870747,0.0013605442176870747,0.0027210884353741495,0.0027210884353741495,0.0013605442176870747,0.0013605442176870747,0.0013605442176870747,0.0013605442176870747,0.0013605442176870747,0.0013605442176870747,0.0013605442176870747,0.0013605442176870747,0.0027210884353741495,0.0013605442176870747,0.0013605442176870747,0.0013605442176870747,0.0013605442176870747,0.0013605442176870747,0.0013605442176870747,0.0013605442176870747,0.0013605442176870747,0.0013605442176870747,0.0013605442176870747,0.0013605442176870747,0.0027210884353741495,0.0013605442176870747,0.0013605442176870747,0.0013605442176870747,0.0013605442176870747,0.0013605442176870747,0.0013605442176870747,0.0013605442176870747,0.0,0.0,0.0,0.0,0.0,0.0,0.0,0.0,0.0,0.0,0.0,0.0,0.0,0.0,0.0,0.0,0.0,0.0,0.0,0.0,0.0,0.0,0.0,0.0,0.0,0.0,0.0,0.0,0.0,0.0,0.0,0.0,0.0,0.0,0.0,0.0,0.0,0.0,0.0,0.0,0.0,0.0,0.0,0.0,0.0,0.0,0.0,0.0,0.0,0.0,0.0,0.0,0.0,0.0,0.0,0.0,0.0,0.0,0.0,0.0,0.0,0.0,0.0,0.0,0.0,0.0,0.0,0.0,0.0,0.0,0.0,0.0,0.0,0.0,0.0,0.0,0.0,0.0,0.0,0.0,0.0,0.0,0.0,0.0,0.0,0.0,0.0,0.0,0.0,0.0,0.0,0.0,0.0,0.0,0.0,0.0,0.0,0.0,0.0,0.0,0.0,0.0,0.0,0.0,0.0,0.0,0.0,0.0,0.0,0.0,0.0,0.0,0.0,0.0,0.0,0.0,0.0,0.0,0.0,0.0,0.0,0.0,0.0,0.0,0.0,0.0,0.0,0.0,0.0,0.0,0.0,0.0,0.0,0.0,0.0,0.0,0.0,0.0,0.0,0.0,0.0,0.0,0.0,0.0,0.0,0.0,0.0,0.0,0.0,0.0,0.0,0.0,0.0,0.0,0.0,0.0,0.0,0.0,0.0,0.0,0.0,0.0,0.0,0.0,0.0,0.0,0.0,0.0,0.0,0.0,0.0,0.0,0.0,0.0,0.0,0.0,0.0,0.0,0.0,0.0,0.0,0.0,0.0,0.0,0.0,0.0,0.0,0.0,0.0,0.0,0.0,0.0,0.0,0.0,0.0,0.0,0.0,0.0,0.0,0.0,0.3162753552639655,0.0,0.0,0.0,0.0,0.0,0.0,0.34113318185974445,0.0,0.0,0.0,0.0,0.0,0.0,0.0,0.0,0.0,0.0,0.0,0.0,0.0,0.0,0.0,0.0,0.0,0.0,0.0,0.0,0.0,0.0,0.0,0.0,0.0,0.0,0.0,0.0,0.0,0.0,0.0,0.0,0.0,0.0,0.0,0.0,0.0,0.0,0.0,0.0,0.0,0.0,0.0,0.0,0.0,0.0,0.0,0.0,0.0,0.0,0.0,0.0,0.0,0.0,0.0,0.0,0.0,0.0,0.0,0.0,0.0,0.0,0.0,0.0,0.0,0.0,0.0,0.0,0.0,0.0,0.0,0.0,0.0,0.0,0.0,0.0,0.0,0.0,0.0,0.0,0.0,0.0,0.0,0.0,0.0,0.0,0.0,0.0,0.0,0.0,0.0,0.0,0.0,0.0,0.0,0.0,0.0,0.0,0.0,0.0,0.0,0.0,0.0,0.0,0.0,0.0,0.0,0.0,0.0,0.0,0.0,0.0,0.0,0.0,0.0,0.0,0.0,0.0,0.0,0.0,0.0,0.0,0.0,0.0,0.0,0.0,0.0,0.0,0.0,0.0,0.0,0.0,0.0,0.0,0.0,0.0,0.0,0.0,0.0,0.0,0.0,0.0,0.0,0.0,0.0,0.0,0.0,0.0,0.0,0.0,0.0,0.0,0.0,0.0,0.0,0.0,0.0,0.0,0.0,0.0,0.0,0.0,0.0,0.0,0.0,0.0,0.0,0.0,0.0,0.0,0.0,0.0,0.0,0.0,0.0,0.0,0.34113318185974445,0.0,0.0,0.0,0.0,0.0,0.0,0.0,0.0,0.0,0.0,0.0,0.0,0.0,0.0,0.0,0.0,0.0,0.0,0.0,0.0,0.0,0.0,0.0,0.0,0.0,0.0,0.0,0.0,0.0,0.0,0.0,0.0,0.0,0.0,0.0,0.0,0.0,0.0,0.0,0.0,0.0,0.0,0.0,0.0,0.0,0.0,0.0,0.0,0.0,0.0,0.0,0.0,0.0,0.0,0.0,0.0,0.0,0.0,0.0,0.0,0.0,0.0,0.0,0.0,0.0,0.0,0.0,0.0,0.0,0.0,0.0,0.0,0.0,0.0,0.0,0.0,0.0,0.0,0.0,0.0,0.0,0.0,0.0,0.0,0.0,0.0,0.0,0.0,0.0,0.0,0.0,0.0,0.0,0.0,0.0,0.0,0.0,0.0,0.0,0.0,0.0,0.0,0.0,0.0,0.0,0.0,0.0,0.0,0.0,0.0,0.0,0.0,0.0,0.0,0.34113318185974445,0.0,0.0,0.0,0.0,0.0,0.0,0.0,0.0,0.0,0.0,0.0,0.0,0.0,0.0,0.0,0.0,0.0,0.0,0.0,0.0,0.0,0.0,0.0,0.0,0.0,0.0,0.0,0.0,0.0,0.0,0.0,0.0,0.0,0.0,0.0,0.0,0.0,0.0,0.0,0.0,0.0,0.0,0.0,0.0,0.0,0.0,0.0,0.0,0.0,0.0,0.0,0.0,0.0,0.0,0.0,0.0,0.0,0.0,0.0,0.0,0.0,0.0,0.0,0.0,0.0,0.0,0.0,0.0,0.0,0.0,0.0,0.34113318185974445,0.0,0.0,0.0,0.0,0.0,0.0,0.0,0.0,0.0,0.0,0.0,0.0,0.0,0.0,0.0,0.0,0.0,0.0,0.0,0.0,0.0,0.0,0.0,0.0,0.0,0.0,0.0,0.0,0.0,0.0,0.0,0.0,0.0,0.0,0.0,0.0,0.0,0.0,0.0,0.0,0.0,0.0,0.0,0.0,0.0,0.0,0.0,0.0,0.0,0.0,0.0,0.0,0.2643301129550738,0.0,0.0,0.0,0.0,0.0,0.0,0.0,0.0,0.0,0.0,0.0,0.0,0.0,0.0,0.0,0.0,0.0,0.0,0.0,0.0,0.0,0.0,0.0,0.0,0.0,0.0,0.0,0.0,0.0,0.0,0.0,0.0,0.0,0.0,0.0,0.0,0.0,0.0,0.0,0.0,0.0,0.0,0.0,0.0,0.0,0.0,0.0,0.0,0.0,0.0,0.0,0.0,0.0,0.0,0.0,0.0,0.0,0.0,0.0,0.0,0.0,0.0,0.0,0.0,0.0,0.0,0.2986384466158039,0.0,0.0,0.0,0.0,0.0,0.0,0.0,0.0,0.0,0.0,0.0,0.0,0.0,0.0,0.0,0.0,0.0,0.0,0.0,0.0,0.2986384466158039,0.0,0.0,0.0,0.0,0.0,0.0,0.0,0.0,0.0,0.0,0.0,0.0,0.0,0.0,0.0,0.0,0.0,0.0,0.0,0.0,0.0,0.0,0.2643301129550738,0.0,0.0,0.0,0.0,0.0,0.0,0.0,0.0,0.0,0.0,0.0,0.0,0.0,0.0,0.0,0.0,0.0,0.0,0.0,0.0,0.0,0.0,0.0,0.0,0.0,0.0,0.0,0.0,0.0,0.0,0.0,0.0,0.0,0.0,0.0,0.0,0.0,0.0,0.0,0.0,0.0,0.0,0.0,0.0,0.0,0.0,0.0,0.0,0.0,0.0,0.0,0.0,0.0,0.0,0.0,0.0,0.0,0.0,0.0,0.0,0.0,0.0,0.0,0.0,0.0,0.0,0.0,0.0,0.0,0.0,0.0,0.0,0.0,0.0,0.0,0.0,0.0,0.0,0.0,0.0,0.0,0.0,0.0,0.0,0.0,0.0,0.0,0.0,0.0,0.0,0.0,0.0,0.0,0.0,0.0,0.0,0.0,0.0,0.0,0.0,0.0,0.0,0.0,0.0,0.0,0.0,0.0,0.0,0.0,0.0,0.0,0.0,0.0,0.0,0.0,0.0,0.0,0.0,0.0,0.0,0.0,0.0,0.0,0.0,0.0,0.0,0.0,0.0,0.0,0.0,0.0,0.0,0.0,0.0,0.0,0.0,0.0,0.0,0.0,0.0,0.0,0.0,0.0,0.0,0.0,0.0,0.0,0.0,0.0,0.0,0.0,0.0,0.0,0.0,0.0,0.0,0.0,0.0,0.0,0.0,0.0,0.0,0.0,0.0,0.0,0.0,0.0,0.0,0.0,0.34113318185974445,0.0,0.0,0.0,0.0,0.0,0.0,0.0,0.0,0.0,0.0,0.0,0.0,0.0,0.0,0.0,0.0
SD2401267,20대,너희 집은 지금 오피스텔이잖아. 그 층간 소음 좀 있는 거 같아? 나 지금 7층 사는데 딱히 층간 소음은 없는 거 같은데 좀 그 아파트에 이상한 사람은 좀 있는 거 같더라. 왜냐하면은 우리가 집에 아무도 없는 상태였는데 갑자기 밑의 집에서 올라온다 아 그 밑의 집인가 어디서 막 신고가 들어왔다는 거야. 이 이 시간이 너무 시끄러웠었다고. 그래 가지고 그게 그게 꼭 밑의 집은 아니고 밑의 층은 아니었던 거 같은데 그런 사람이 좀 있어서 좀 뭐지 좀 조심해야겠다 이런 적은 있었어. 이런 적이 있어. 그리고 너는 지금 자취를 그 1곳에서만 했던 거야 이사 없이? 나도 지금 누나랑 같이 살라고 하면은 절대 못 살 거 같아. 누나랑 진짜 맞는 게 하나도 없단 말이야. 누나도 막 나도 새벽에 전화하면은 누나가 뭐라 하고. 어떨 때 누나가 새벽에 게임하면 또 나한테 이제 내가 이제 스트레스받고. 그래서 이제 만약에 내가 너처럼 그러니까 형제 같이 살라고 하면은 나는 못 살 거 같아. 그리고 그리고 그 이사를 좀 많이 다녔었는데 이사 다닐 때마다 이제 방이 있긴 한데 이게 크기가 이제 큰방 작은방이 있었단 말이야. 그래 가지고 누가 큰방 쓸 거냐 이런 거 때문에 또 엄청 싸운 적 싸웠었고 싸웠었던 거 같아. 그러면 본가도 그러면 지금 살던 데 쭉 계속 살고 있었던 거야 어릴 때부터? 나는 이제 어릴 때부터 정말 많이 다녔었는데 초등학교랑 중학교 때까지는 그래도 한동네 내에서 왔다 갔다 했던 거여서 좀 이제 이사하느라 좀 귀찮고 막 집 바뀌는 게 좀 불편 적응이 안 되 초반에 적응이 안 되는 게 있긴 했어도 이 친구들이랑 멀어진다 이런 거 없어서 괜찮았는데 중학교 3학년에서 이제 고등학교 때 한번 아예 학 그 학 우리 지금 다니는 학교 쪽으로 이사를 왔었단 말이야. 근데 그때 정말 좀 좋았던 친구들인데 완전 멀어지니까 그때 쪼끔 이제 스트레스를 받았었던 경험이 있고. 그래서 또 그래 가지고 이제 고등학교 1학년 때에서부터 2학년 때 또 이사를 가야 되는 상황이 된 거야. 근데 그래서 원래 다니던 고등학교 쪽으로 가려 했었는데 그러진 않고 이제 다시 원래 동네로 돌아갔었던 적이 있어. 나도 그런 전원주택에서 사는 꿈 같은 게 있었던 거 같아. 그 내가 직접 집을 만들고 아 설계해서 막 비밀 공간이나 아 이제 정말 큰 목욕탕이나 아니면 음 어떤 작업실 뭐 이런 걸 만들어 두고 싶다는 생각이 있었어. 만들고 싶다는. 그리 너 근데 지금 자취하고 있잖아. 그러면 그 가전제품 같은 거는 뭐 뭐 있어? 어 이러면 안 되는데. 나는 이제 본가에 살잖아. 어 집안일을 거의 다 안 하고 엄마가 하고 있어. 그러니까 설거지만 이제 내가 먹은 거 설거지하고 이제 그리고 옷 옷이나 분리수거 이런 거는 엄마 아빠가 거의 다 하는 거 같아. 그 자취하면서 이런 설거지나 분리수거 때문에 막 오빠랑 막 싸우거나 그러진 않아? 난 지금 너무 자취를 하고 싶어. 왜냐하면은 일단 난 이제 혼자가 편하단 말이야. 그래 가지고 이제 나만의 일상생활 패턴이 있는데 어쨌든 가족이랑 살면은 아무리 가족이라도 쪼금 지켜야 되는 게 있으니까 그런 게 이제 좀 나한테는 너무 좀 힘들고 내가 하고 싶은 것도 너무 제한이 되는 거 같아서 학교 근처에서 자취하고 싶다는 생각은 있는데 이게 자취도 어쨌든 돈이 많이 깨지니까 쉽사리 하진 못 하고 있고. 음 아마 군대 갔다 와서 자취를 할 수 있으면 하지 않을까 이런 생각이 있어. 음 너는 음 너희 집 인테리어는 혹시 어떻게 돼 있어? 음 우리 집은 이번에 새로 지은 아파트여 가지고 그냥 전체적으로 완전 깔끔한 느낌으로 지금 돼 있는데 이게 아파 이제 방 청소를 쪼끔만 안 해도 이제 옷가 방이 좀 좁아 가지고 옷도 막 의자 위에 올라가 있고 침대 위에 뭉쳐져 있고. 그래 가지고 인테리어는 깔끔한데 방 정리는 되게 안 돼 있는 거 같아. 그리고 또 새로 지은 아파트라 했잖아. 이게 요즘에 새로 지어서 그런가. 아파트가 되게 개성이 넘치더라고. 건물도 막 다 이 모습이 막 다르고. 막 저게 아파트 건물이야 이런 것도 있고. 그리고 처음에 이사 왔을 때 첫날인데 집을 못 찾겠는 거야. 왜냐하면은 보통 아파트 단지가 뭐 몇 호부터 몇 호 1에서 3 3에서 5 이렇게 순서대로 있는데 거기는 막 1에서 3이랑 17에서 19 이렇게 붙어 있고. 막 이상하게 다 붙어 있는 거야. 그래 가지고 처음 이사 갔을 때 그 아파트 단지 안에서 길 잃어 가지고 한 20분 30분 정도 헤맸던 기억이 있어. 너는 만약에 이제 앞으로 회사 다니고 할 거면은 하면은 혼자 살게 되면은 서울에서 계속 살고 싶어? 아니면은 대구? 이게 새로 지은 아파트여 가지고 이게 헬스장이나 도서관 뭐 어린이집 이런 게 입주된다는 얘기만 있고 아직은 인프라가 갖춰지진 못한 거 같아. 그래서 헬스장도 아마 생긴다곤 하는데 어 언제 생길진 잘 모르겠고. 그 아파트 단지 내에 도서관은 지금도 운영하고 있고. 그거 말고도 뭔가 주민들 휴식 공간이라고 하면서 건물이 몇 개 있더라고. 거기서 막 좀 차 같은 거 마시고 막 떠들면서 있는 아줌마들도 있고. 그 빈백 빈백도 있잖아. 그런 것도 아파트 단지 내에 몇 개 깔아둔 거야. 그래 가지고 거기서 좀 누워서 막 떠드는 사람들도 보고 이런 시설이 좀 있었어.,0.014965986394557823,0.02857142857142857,0.013605442176870748,0.0013605442176870747,0.005442176870748299,0.0027210884353741495,0.0027210884353741495,0.02312925170068027,0.0326530612244898,0.02040816326530612,0.004081632653061225,0.0163265306122449,0.0013605442176870747,0.005442176870748299,0.013605442176870748,0.0027210884353741495,0.004081632653061225,0.004081632653061225,0.024489795918367346,0.021768707482993196,0.0013605442176870747,0.0013605442176870747,0.005442176870748299,0.006802721088435374,0.0013605442176870747,0.004081632653061225,0.02040816326530612,0.0013605442176870747,0.0013605442176870747,0.009523809523809525,0.04353741496598639,0.0013605442176870747,0.005442176870748299,0.0013605442176870747,0.010884353741496598,0.005442176870748299,0.0013605442176870747,0.0027210884353741495,0.012244897959183673,0.0013605442176870747,0.0013605442176870747,0.006802721088435374,0.004081632653061225,0.0027210884353741495,0.027210884353741496,0.009523809523809525,0.010884353741496598,0.0013605442176870747,0.006802721088435374,0.024489795918367346,0.010884353741496598,0.0013605442176870747,0.006802721088435374,0.0027210884353741495,0.0013605442176870747,0.005442176870748299,0.0013605442176870747,0.0013605442176870747,0.0013605442176870747,0.006802721088435374,0.0013605442176870747,0.0027210884353741495,0.0013605442176870747,0.0027210884353741495,0.013605442176870748,0.0013605442176870747,0.006802721088435374,0.0013605442176870747,0.02857142857142857,0.0027210884353741495,0.0027210884353741495,0.0027210884353741495,0.005442176870748299,0.0013605442176870747,0.00816326530612245,0.004081632653061225,0.00816326530612245,0.0013605442176870747,0.005442176870748299,0.0027210884353741495,0.0013605442176870747,0.0013605442176870747,0.0027210884353741495,0.0013605442176870747,0.0013605442176870747,0.0013605442176870747,0.005442176870748299,0.0013605442176870747,0.005442176870748299,0.0027210884353741495,0.0013605442176870747,0.0027210884353741495,0.0027210884353741495,0.005442176870748299,0.004081632653061225,0.0013605442176870747,0.0027210884353741495,0.0013605442176870747,0.0013605442176870747,0.0013605442176870747,0.005442176870748299,0.004081632653061225,0.0013605442176870747,0.0013605442176870747,0.0013605442176870747,0.0027210884353741495,0.009523809523809525,0.014965986394557823,0.0013605442176870747,0.0013605442176870747,0.0013605442176870747,0.0027210884353741495,0.0013605442176870747,0.004081632653061225,0.0013605442176870747,0.004081632653061225,0.0013605442176870747,0.0013605442176870747,0.0027210884353741495,0.0027210884353741495,0.0027210884353741495,0.0013605442176870747,0.0013605442176870747,0.0027210884353741495,0.0027210884353741495,0.0013605442176870747,0.0027210884353741495,0.0013605442176870747,0.0027210884353741495,0.0013605442176870747,0.0013605442176870747,0.0013605442176870747,0.0013605442176870747,0.0013605442176870747,0.0013605442176870747,0.0013605442176870747,0.005442176870748299,0.004081632653061225,0.0013605442176870747,0.0013605442176870747,0.0027210884353741495,0.0027210884353741495,0.0013605442176870747,0.0013605442176870747,0.0013605442176870747,0.004081632653061225,0.0013605442176870747,0.0013605442176870747,0.004081632653061225,0.0013605442176870747,0.0027210884353741495,0.005442176870748299,0.0027210884353741495,0.004081632653061225,0.0013605442176870747,0.005442176870748299,0.0027210884353741495,0.0013605442176870747,0.0013605442176870747,0.0013605442176870747,0.0013605442176870747,0.0027210884353741495,0.0013605442176870747,0.0013605442176870747,0.0013605442176870747,0.0013605442176870747,0.0013605442176870747,0.0027210884353741495,0.0027210884353741495,0.0013605442176870747,0.0013605442176870747,0.0013605442176870747,0.0013605442176870747,0.0013605442176870747,0.0013605442176870747,0.0013605442176870747,0.0013605442176870747,0.0013605442176870747,0.0013605442176870747,0.0013605442176870747,0.0027210884353741495,0.0013605442176870747,0.0027210884353741495,0.0013605442176870747,0.0013605442176870747,0.005442176870748299,0.005442176870748299,0.005442176870748299,0.0013605442176870747,0.0013605442176870747,0.0013605442176870747,0.0013605442176870747,0.0013605442176870747,0.0013605442176870747,0.0013605442176870747,0.0027210884353741495,0.0013605442176870747,0.0013605442176870747,0.0013605442176870747,0.0013605442176870747,0.0027210884353741495,0.0013605442176870747,0.0013605442176870747,0.0013605442176870747,0.004081632653061225,0.0013605442176870747,0.0013605442176870747,0.0013605442176870747,0.0013605442176870747,0.0027210884353741495,0.0013605442176870747,0.0013605442176870747,0.0013605442176870747,0.005442176870748299,0.0027210884353741495,0.0013605442176870747,0.0013605442176870747,0.0027210884353741495,0.0013605442176870747,0.0013605442176870747,0.0013605442176870747,0.0013605442176870747,0.0013605442176870747,0.0013605442176870747,0.0013605442176870747,0.0013605442176870747,0.0013605442176870747,0.0013605442176870747,0.0027210884353741495,0.0027210884353741495,0.0013605442176870747,0.0013605442176870747,0.0013605442176870747,0.0013605442176870747,0.0013605442176870747,0.0013605442176870747,0.0013605442176870747,0.0013605442176870747,0.0027210884353741495,0.0013605442176870747,0.0013605442176870747,0.0013605442176870747,0.0013605442176870747,0.0013605442176870747,0.0013605442176870747,0.0013605442176870747,0.0013605442176870747,0.0013605442176870747,0.0013605442176870747,0.0013605442176870747,0.0027210884353741495,0.0013605442176870747,0.0013605442176870747,0.0013605442176870747,0.0013605442176870747,0.0013605442176870747,0.0013605442176870747,0.0013605442176870747,0.0,0.0,0.0,0.0,0.0,0.0,0.0,0.0,0.0,0.0,0.0,0.0,0.0,0.0,0.0,0.0,0.0,0.0,0.0,0.0,0.0,0.0,0.0,0.0,0.0,0.0,0.0,0.0,0.0,0.0,0.0,0.0,0.0,0.0,0.0,0.0,0.0,0.0,0.0,0.0,0.0,0.0,0.0,0.0,0.0,0.0,0.0,0.0,0.0,0.0,0.0,0.0,0.0,0.0,0.0,0.0,0.0,0.0,0.0,0.0,0.0,0.0,0.0,0.0,0.0,0.0,0.0,0.0,0.0,0.0,0.0,0.0,0.0,0.0,0.0,0.0,0.0,0.0,0.0,0.0,0.0,0.0,0.0,0.0,0.0,0.0,0.0,0.0,0.0,0.0,0.0,0.0,0.0,0.0,0.0,0.0,0.0,0.0,0.0,0.0,0.0,0.0,0.0,0.0,0.0,0.0,0.0,0.0,0.0,0.0,0.0,0.0,0.0,0.0,0.0,0.0,0.0,0.0,0.0,0.0,0.0,0.0,0.0,0.0,0.0,0.0,0.0,0.0,0.0,0.0,0.0,0.0,0.0,0.0,0.0,0.0,0.0,0.0,0.0,0.0,0.0,0.0,0.0,0.0,0.0,0.0,0.0,0.0,0.0,0.0,0.0,0.0,0.0,0.0,0.0,0.0,0.0,0.0,0.0,0.0,0.0,0.0,0.0,0.0,0.0,0.0,0.0,0.0,0.0,0.0,0.0,0.0,0.0,0.0,0.0,0.0,0.0,0.0,0.0,0.0,0.0,0.0,0.0,0.0,0.0,0.0,0.0,0.0,0.0,0.0,0.0,0.0,0.0,0.0,0.0,0.3788681290991382,0.3788681290991382,0.0,0.0,0.0,0.3512606175563717,0.0,0.0,0.0,0.0,0.0,0.0,0.0,0.3788681290991382,0.0,0.0,0.0,0.0,0.0,0.0,0.0,0.0,0.0,0.0,0.0,0.0,0.0,0.0,0.0,0.0,0.0,0.0,0.0,0.0,0.0,0.0,0.0,0.0,0.0,0.0,0.0,0.0,0.0,0.0,0.0,0.0,0.3788681290991382,0.0,0.0,0.0,0.0,0.0,0.0,0.0,0.0,0.0,0.0,0.0,0.0,0.0,0.0,0.0,0.0,0.0,0.0,0.0,0.0,0.0,0.0,0.0,0.0,0.0,0.0,0.0,0.0,0.0,0.0,0.0,0.0,0.0,0.0,0.0,0.0,0.0,0.0,0.0,0.0,0.0,0.0,0.0,0.0,0.0,0.0,0.0,0.0,0.0,0.0,0.0,0.0,0.0,0.0,0.0,0.0,0.0,0.0,0.0,0.0,0.0,0.0,0.0,0.0,0.0,0.0,0.0,0.0,0.0,0.0,0.0,0.0,0.0,0.0,0.0,0.0,0.0,0.0,0.0,0.0,0.0,0.0,0.0,0.0,0.0,0.0,0.0,0.0,0.0,0.0,0.0,0.0,0.0,0.0,0.0,0.0,0.0,0.0,0.0,0.0,0.0,0.0,0.0,0.0,0.0,0.0,0.0,0.0,0.0,0.0,0.0,0.0,0.0,0.0,0.0,0.0,0.0,0.0,0.0,0.0,0.0,0.0,0.0,0.0,0.0,0.0,0.0,0.0,0.0,0.0,0.0,0.0,0.0,0.0,0.0,0.0,0.0,0.0,0.0,0.0,0.0,0.0,0.0,0.0,0.0,0.0,0.0,0.0,0.0,0.0,0.0,0.0,0.0,0.0,0.0,0.0,0.0,0.0,0.0,0.0,0.0,0.0,0.0,0.0,0.0,0.0,0.0,0.0,0.0,0.0,0.0,0.0,0.0,0.0,0.0,0.0,0.0,0.0,0.0,0.0,0.0,0.0,0.0,0.0,0.0,0.0,0.0,0.0,0.0,0.0,0.0,0.0,0.0,0.0,0.0,0.0,0.0,0.0,0.0,0.0,0.0,0.0,0.0,0.0,0.0,0.0,0.0,0.0,0.0,0.0,0.0,0.0,0.0,0.0,0.0,0.0,0.0,0.0,0.0,0.0,0.0,0.0,0.0,0.0,0.0,0.0,0.0,0.0,0.0,0.0,0.0,0.0,0.0,0.0,0.0,0.0,0.0,0.0,0.0,0.0,0.0,0.0,0.0,0.0,0.0,0.0,0.0,0.0,0.0,0.0,0.0,0.0,0.0,0.0,0.0,0.0,0.0,0.0,0.0,0.0,0.0,0.0,0.0,0.0,0.0,0.0,0.0,0.0,0.0,0.0,0.0,0.3512606175563717,0.0,0.0,0.0,0.0,0.0,0.0,0.0,0.0,0.0,0.0,0.0,0.0,0.0,0.0,0.0,0.0,0.0,0.0,0.0,0.0,0.0,0.0,0.0,0.0,0.0,0.0,0.0,0.0,0.0,0.0,0.0,0.0,0.0,0.0,0.0,0.0,0.0,0.0,0.0,0.0,0.0,0.0,0.0,0.0,0.0,0.0,0.0,0.0,0.0,0.0,0.0,0.0,0.0,0.0,0.0,0.0,0.0,0.0,0.0,0.0,0.0,0.0,0.0,0.0,0.0,0.0,0.0,0.0,0.0,0.0,0.0,0.0,0.0,0.0,0.0,0.0,0.0,0.0,0.0,0.0,0.0,0.0,0.0,0.0,0.0,0.0,0.0,0.0,0.0,0.0,0.0,0.0,0.0,0.0,0.0,0.0,0.0,0.0,0.0,0.0,0.0,0.0,0.0,0.0,0.0,0.0,0.0,0.0,0.0,0.0,0.0,0.0,0.0,0.0,0.0,0.0,0.0,0.0,0.0,0.0,0.0,0.0,0.0,0.0,0.0,0.0,0.0,0.0,0.0,0.0,0.0,0.0,0.0,0.0,0.0,0.0,0.0,0.0,0.0,0.0,0.0,0.0,0.0,0.0,0.0,0.0,0.0,0.0,0.0,0.0,0.0,0.0,0.0,0.0,0.0,0.0,0.0,0.0,0.0,0.0,0.0,0.0,0.0,0.0,0.0,0.0,0.0,0.0,0.0,0.0,0.0,0.0,0.0,0.0,0.0,0.0,0.0,0.0,0.0,0.0,0.0,0.0,0.0,0.0,0.0,0.0,0.0,0.0,0.0,0.0,0.0,0.0,0.0,0.0,0.0,0.0,0.0,0.0,0.3316727763906633,0.0,0.0,0.0,0.0,0.0,0.0,0.0,0.0,0.0,0.0,0.0,0.0,0.0,0.0,0.0,0.0,0.0,0.0,0.0,0.2627943863951756,0.0,0.0,0.0,0.0,0.0,0.0,0.0,0.0,0.0,0.0,0.0,0.0,0.0,0.0,0.0,0.0,0.0,0.0,0.0,0.0,0.0,0.0,0.0,0.0,0.0,0.0,0.0,0.0,0.0,0.0,0.0,0.0,0.0,0.0,0.0,0.0,0.0,0.0,0.0,0.0,0.0,0.0,0.0,0.0,0.0,0.0,0.0,0.0,0.0,0.0,0.0,0.0,0.0,0.0,0.0,0.0,0.0,0.0,0.0,0.0,0.0,0.0,0.0,0.0,0.0,0.0,0.0,0.0,0.0,0.0,0.0,0.0,0.0,0.0,0.0,0.0,0.0,0.0,0.0,0.0,0.0,0.0,0.0,0.0,0.0,0.0,0.0,0.0,0.0,0.0,0.0,0.0,0.0,0.0,0.0,0.0,0.0,0.0,0.0,0.0,0.0,0.0,0.0,0.0,0.0,0.0,0.0,0.0,0.0,0.0,0.0,0.0,0.0,0.0,0.0,0.0,0.0,0.0,0.0,0.0,0.0,0.0,0.0,0.0,0.0,0.0,0.0,0.0,0.0,0.0,0.0,0.0,0.0,0.0,0.0,0.0,0.0,0.0,0.0,0.0,0.0,0.0,0.0,0.0,0.0,0.0,0.0,0.0,0.0,0.0,0.0,0.0,0.0,0.0,0.0,0.0,0.0,0.0,0.0,0.0,0.0,0.0,0.0,0.0,0.0,0.0,0.0,0.0,0.0,0.0,0.0,0.0,0.0,0.0,0.0,0.0,0.0,0.0,0.0,0.0,0.0,0.0,0.0,0.0,0.0,0.0,0.0,0.0,0.0
SD2401267,20대,너희 집은 지금 오피스텔이잖아. 그 층간 소음 좀 있는 거 같아? 나 지금 7층 사는데 딱히 층간 소음은 없는 거 같은데 좀 그 아파트에 이상한 사람은 좀 있는 거 같더라. 왜냐하면은 우리가 집에 아무도 없는 상태였는데 갑자기 밑의 집에서 올라온다 아 그 밑의 집인가 어디서 막 신고가 들어왔다는 거야. 이 이 시간이 너무 시끄러웠었다고. 그래 가지고 그게 그게 꼭 밑의 집은 아니고 밑의 층은 아니었던 거 같은데 그런 사람이 좀 있어서 좀 뭐지 좀 조심해야겠다 이런 적은 있었어. 이런 적이 있어. 그리고 너는 지금 자취를 그 1곳에서만 했던 거야 이사 없이? 나도 지금 누나랑 같이 살라고 하면은 절대 못 살 거 같아. 누나랑 진짜 맞는 게 하나도 없단 말이야. 누나도 막 나도 새벽에 전화하면은 누나가 뭐라 하고. 어떨 때 누나가 새벽에 게임하면 또 나한테 이제 내가 이제 스트레스받고. 그래서 이제 만약에 내가 너처럼 그러니까 형제 같이 살라고 하면은 나는 못 살 거 같아. 그리고 그리고 그 이사를 좀 많이 다녔었는데 이사 다닐 때마다 이제 방이 있긴 한데 이게 크기가 이제 큰방 작은방이 있었단 말이야. 그래 가지고 누가 큰방 쓸 거냐 이런 거 때문에 또 엄청 싸운 적 싸웠었고 싸웠었던 거 같아. 그러면 본가도 그러면 지금 살던 데 쭉 계속 살고 있었던 거야 어릴 때부터? 나는 이제 어릴 때부터 정말 많이 다녔었는데 초등학교랑 중학교 때까지는 그래도 한동네 내에서 왔다 갔다 했던 거여서 좀 이제 이사하느라 좀 귀찮고 막 집 바뀌는 게 좀 불편 적응이 안 되 초반에 적응이 안 되는 게 있긴 했어도 이 친구들이랑 멀어진다 이런 거 없어서 괜찮았는데 중학교 3학년에서 이제 고등학교 때 한번 아예 학 그 학 우리 지금 다니는 학교 쪽으로 이사를 왔었단 말이야. 근데 그때 정말 좀 좋았던 친구들인데 완전 멀어지니까 그때 쪼끔 이제 스트레스를 받았었던 경험이 있고. 그래서 또 그래 가지고 이제 고등학교 1학년 때에서부터 2학년 때 또 이사를 가야 되는 상황이 된 거야. 근데 그래서 원래 다니던 고등학교 쪽으로 가려 했었는데 그러진 않고 이제 다시 원래 동네로 돌아갔었던 적이 있어. 나도 그런 전원주택에서 사는 꿈 같은 게 있었던 거 같아. 그 내가 직접 집을 만들고 아 설계해서 막 비밀 공간이나 아 이제 정말 큰 목욕탕이나 아니면 음 어떤 작업실 뭐 이런 걸 만들어 두고 싶다는 생각이 있었어. 만들고 싶다는. 그리 너 근데 지금 자취하고 있잖아. 그러면 그 가전제품 같은 거는 뭐 뭐 있어? 어 이러면 안 되는데. 나는 이제 본가에 살잖아. 어 집안일을 거의 다 안 하고 엄마가 하고 있어. 그러니까 설거지만 이제 내가 먹은 거 설거지하고 이제 그리고 옷 옷이나 분리수거 이런 거는 엄마 아빠가 거의 다 하는 거 같아. 그 자취하면서 이런 설거지나 분리수거 때문에 막 오빠랑 막 싸우거나 그러진 않아? 난 지금 너무 자취를 하고 싶어. 왜냐하면은 일단 난 이제 혼자가 편하단 말이야. 그래 가지고 이제 나만의 일상생활 패턴이 있는데 어쨌든 가족이랑 살면은 아무리 가족이라도 쪼금 지켜야 되는 게 있으니까 그런 게 이제 좀 나한테는 너무 좀 힘들고 내가 하고 싶은 것도 너무 제한이 되는 거 같아서 학교 근처에서 자취하고 싶다는 생각은 있는데 이게 자취도 어쨌든 돈이 많이 깨지니까 쉽사리 하진 못 하고 있고. 음 아마 군대 갔다 와서 자취를 할 수 있으면 하지 않을까 이런 생각이 있어. 음 너는 음 너희 집 인테리어는 혹시 어떻게 돼 있어? 음 우리 집은 이번에 새로 지은 아파트여 가지고 그냥 전체적으로 완전 깔끔한 느낌으로 지금 돼 있는데 이게 아파 이제 방 청소를 쪼끔만 안 해도 이제 옷가 방이 좀 좁아 가지고 옷도 막 의자 위에 올라가 있고 침대 위에 뭉쳐져 있고. 그래 가지고 인테리어는 깔끔한데 방 정리는 되게 안 돼 있는 거 같아. 그리고 또 새로 지은 아파트라 했잖아. 이게 요즘에 새로 지어서 그런가. 아파트가 되게 개성이 넘치더라고. 건물도 막 다 이 모습이 막 다르고. 막 저게 아파트 건물이야 이런 것도 있고. 그리고 처음에 이사 왔을 때 첫날인데 집을 못 찾겠는 거야. 왜냐하면은 보통 아파트 단지가 뭐 몇 호부터 몇 호 1에서 3 3에서 5 이렇게 순서대로 있는데 거기는 막 1에서 3이랑 17에서 19 이렇게 붙어 있고. 막 이상하게 다 붙어 있는 거야. 그래 가지고 처음 이사 갔을 때 그 아파트 단지 안에서 길 잃어 가지고 한 20분 30분 정도 헤맸던 기억이 있어. 너는 만약에 이제 앞으로 회사 다니고 할 거면은 하면은 혼자 살게 되면은 서울에서 계속 살고 싶어? 아니면은 대구? 이게 새로 지은 아파트여 가지고 이게 헬스장이나 도서관 뭐 어린이집 이런 게 입주된다는 얘기만 있고 아직은 인프라가 갖춰지진 못한 거 같아. 그래서 헬스장도 아마 생긴다곤 하는데 어 언제 생길진 잘 모르겠고. 그 아파트 단지 내에 도서관은 지금도 운영하고 있고. 그거 말고도 뭔가 주민들 휴식 공간이라고 하면서 건물이 몇 개 있더라고. 거기서 막 좀 차 같은 거 마시고 막 떠들면서 있는 아줌마들도 있고. 그 빈백 빈백도 있잖아. 그런 것도 아파트 단지 내에 몇 개 깔아둔 거야. 그래 가지고 거기서 좀 누워서 막 떠드는 사람들도 보고 이런 시설이 좀 있었어.,0.014965986394557823,0.02857142857142857,0.013605442176870748,0.0013605442176870747,0.005442176870748299,0.0027210884353741495,0.0027210884353741495,0.02312925170068027,0.0326530612244898,0.02040816326530612,0.004081632653061225,0.0163265306122449,0.0013605442176870747,0.005442176870748299,0.013605442176870748,0.0027210884353741495,0.004081632653061225,0.004081632653061225,0.024489795918367346,0.021768707482993196,0.0013605442176870747,0.0013605442176870747,0.005442176870748299,0.006802721088435374,0.0013605442176870747,0.004081632653061225,0.02040816326530612,0.0013605442176870747,0.0013605442176870747,0.009523809523809525,0.04353741496598639,0.0013605442176870747,0.005442176870748299,0.0013605442176870747,0.010884353741496598,0.005442176870748299,0.0013605442176870747,0.0027210884353741495,0.012244897959183673,0.0013605442176870747,0.0013605442176870747,0.006802721088435374,0.004081632653061225,0.0027210884353741495,0.027210884353741496,0.009523809523809525,0.010884353741496598,0.0013605442176870747,0.006802721088435374,0.024489795918367346,0.010884353741496598,0.0013605442176870747,0.006802721088435374,0.0027210884353741495,0.0013605442176870747,0.005442176870748299,0.0013605442176870747,0.0013605442176870747,0.0013605442176870747,0.006802721088435374,0.0013605442176870747,0.0027210884353741495,0.0013605442176870747,0.0027210884353741495,0.013605442176870748,0.0013605442176870747,0.006802721088435374,0.0013605442176870747,0.02857142857142857,0.0027210884353741495,0.0027210884353741495,0.0027210884353741495,0.005442176870748299,0.0013605442176870747,0.00816326530612245,0.004081632653061225,0.00816326530612245,0.0013605442176870747,0.005442176870748299,0.0027210884353741495,0.0013605442176870747,0.0013605442176870747,0.0027210884353741495,0.0013605442176870747,0.0013605442176870747,0.0013605442176870747,0.005442176870748299,0.0013605442176870747,0.005442176870748299,0.0027210884353741495,0.0013605442176870747,0.0027210884353741495,0.0027210884353741495,0.005442176870748299,0.004081632653061225,0.0013605442176870747,0.0027210884353741495,0.0013605442176870747,0.0013605442176870747,0.0013605442176870747,0.005442176870748299,0.004081632653061225,0.0013605442176870747,0.0013605442176870747,0.0013605442176870747,0.0027210884353741495,0.009523809523809525,0.014965986394557823,0.0013605442176870747,0.0013605442176870747,0.0013605442176870747,0.0027210884353741495,0.0013605442176870747,0.004081632653061225,0.0013605442176870747,0.004081632653061225,0.0013605442176870747,0.0013605442176870747,0.0027210884353741495,0.0027210884353741495,0.0027210884353741495,0.0013605442176870747,0.0013605442176870747,0.0027210884353741495,0.0027210884353741495,0.0013605442176870747,0.0027210884353741495,0.0013605442176870747,0.0027210884353741495,0.0013605442176870747,0.0013605442176870747,0.0013605442176870747,0.0013605442176870747,0.0013605442176870747,0.0013605442176870747,0.0013605442176870747,0.005442176870748299,0.004081632653061225,0.0013605442176870747,0.0013605442176870747,0.0027210884353741495,0.0027210884353741495,0.0013605442176870747,0.0013605442176870747,0.0013605442176870747,0.004081632653061225,0.0013605442176870747,0.0013605442176870747,0.004081632653061225,0.0013605442176870747,0.0027210884353741495,0.005442176870748299,0.0027210884353741495,0.004081632653061225,0.0013605442176870747,0.005442176870748299,0.0027210884353741495,0.0013605442176870747,0.0013605442176870747,0.0013605442176870747,0.0013605442176870747,0.0027210884353741495,0.0013605442176870747,0.0013605442176870747,0.0013605442176870747,0.0013605442176870747,0.0013605442176870747,0.0027210884353741495,0.0027210884353741495,0.0013605442176870747,0.0013605442176870747,0.0013605442176870747,0.0013605442176870747,0.0013605442176870747,0.0013605442176870747,0.0013605442176870747,0.0013605442176870747,0.0013605442176870747,0.0013605442176870747,0.0013605442176870747,0.0027210884353741495,0.0013605442176870747,0.0027210884353741495,0.0013605442176870747,0.0013605442176870747,0.005442176870748299,0.005442176870748299,0.005442176870748299,0.0013605442176870747,0.0013605442176870747,0.0013605442176870747,0.0013605442176870747,0.0013605442176870747,0.0013605442176870747,0.0013605442176870747,0.0027210884353741495,0.0013605442176870747,0.0013605442176870747,0.0013605442176870747,0.0013605442176870747,0.0027210884353741495,0.0013605442176870747,0.0013605442176870747,0.0013605442176870747,0.004081632653061225,0.0013605442176870747,0.0013605442176870747,0.0013605442176870747,0.0013605442176870747,0.0027210884353741495,0.0013605442176870747,0.0013605442176870747,0.0013605442176870747,0.005442176870748299,0.0027210884353741495,0.0013605442176870747,0.0013605442176870747,0.0027210884353741495,0.0013605442176870747,0.0013605442176870747,0.0013605442176870747,0.0013605442176870747,0.0013605442176870747,0.0013605442176870747,0.0013605442176870747,0.0013605442176870747,0.0013605442176870747,0.0013605442176870747,0.0027210884353741495,0.0027210884353741495,0.0013605442176870747,0.0013605442176870747,0.0013605442176870747,0.0013605442176870747,0.0013605442176870747,0.0013605442176870747,0.0013605442176870747,0.0013605442176870747,0.0027210884353741495,0.0013605442176870747,0.0013605442176870747,0.0013605442176870747,0.0013605442176870747,0.0013605442176870747,0.0013605442176870747,0.0013605442176870747,0.0013605442176870747,0.0013605442176870747,0.0013605442176870747,0.0013605442176870747,0.0027210884353741495,0.0013605442176870747,0.0013605442176870747,0.0013605442176870747,0.0013605442176870747,0.0013605442176870747,0.0013605442176870747,0.0013605442176870747,0.0,0.0,0.0,0.0,0.0,0.0,0.0,0.0,0.0,0.0,0.0,0.0,0.0,0.0,0.0,0.0,0.0,0.0,0.0,0.0,0.0,0.0,0.0,0.0,0.0,0.0,0.0,0.0,0.0,0.0,0.0,0.0,0.0,0.0,0.0,0.0,0.0,0.0,0.0,0.0,0.0,0.0,0.0,0.0,0.0,0.0,0.0,0.0,0.0,0.0,0.0,0.0,0.0,0.0,0.0,0.0,0.0,0.0,0.0,0.0,0.0,0.0,0.0,0.0,0.0,0.0,0.0,0.0,0.0,0.0,0.0,0.0,0.0,0.0,0.0,0.0,0.0,0.0,0.0,0.0,0.0,0.0,0.0,0.0,0.0,0.0,0.0,0.0,0.0,0.0,0.0,0.0,0.0,0.0,0.0,0.0,0.0,0.0,0.0,0.0,0.0,0.0,0.0,0.0,0.0,0.0,0.0,0.0,0.0,0.0,0.0,0.0,0.0,0.0,0.0,0.0,0.0,0.0,0.0,0.0,0.0,0.0,0.0,0.0,0.0,0.0,0.0,0.0,0.0,0.0,0.0,0.0,0.0,0.0,0.0,0.0,0.0,0.0,0.0,0.0,0.0,0.0,0.0,0.0,0.0,0.0,0.0,0.0,0.0,0.0,0.0,0.0,0.0,0.0,0.0,0.0,0.0,0.0,0.0,0.0,0.0,0.0,0.0,0.0,0.0,0.0,0.0,0.0,0.0,0.0,0.0,0.0,0.0,0.0,0.0,0.0,0.0,0.0,0.0,0.0,0.0,0.0,0.0,0.0,0.0,0.0,0.0,0.0,0.0,0.0,0.0,0.0,0.0,0.0,0.0,0.0,0.0,0.0,0.0,0.0,0.0,0.0,0.0,0.0,0.0,0.0,0.0,0.0,0.0,0.0,0.0,0.0,0.0,0.0,0.0,0.0,0.0,0.0,0.0,0.0,0.0,0.0,0.0,0.0,0.0,0.0,0.0,0.0,0.0,0.0,0.0,0.0,0.0,0.0,0.0,0.0,0.0,0.0,0.0,0.0,0.0,0.0,0.0,0.0,0.0,0.0,0.0,0.0,0.41116880880523743,0.0,0.0,0.0,0.0,0.0,0.0,0.0,0.0,0.0,0.0,0.0,0.0,0.0,0.0,0.0,0.0,0.0,0.0,0.0,0.0,0.0,0.0,0.0,0.0,0.0,0.0,0.0,0.0,0.0,0.0,0.0,0.0,0.0,0.0,0.0,0.0,0.0,0.0,0.0,0.0,0.0,0.0,0.0,0.0,0.0,0.0,0.0,0.0,0.0,0.0,0.0,0.0,0.0,0.0,0.0,0.0,0.0,0.0,0.0,0.0,0.0,0.0,0.0,0.0,0.0,0.0,0.0,0.0,0.0,0.0,0.0,0.0,0.0,0.0,0.0,0.0,0.0,0.0,0.0,0.0,0.0,0.0,0.0,0.0,0.0,0.0,0.0,0.0,0.0,0.0,0.0,0.0,0.0,0.0,0.0,0.0,0.0,0.0,0.0,0.0,0.0,0.0,0.0,0.0,0.0,0.0,0.0,0.0,0.0,0.0,0.0,0.0,0.0,0.0,0.0,0.0,0.0,0.0,0.0,0.0,0.0,0.0,0.0,0.0,0.0,0.0,0.0,0.0,0.0,0.0,0.0,0.0,0.0,0.0,0.0,0.0,0.0,0.0,0.0,0.0,0.0,0.0,0.0,0.0,0.0,0.0,0.0,0.0,0.0,0.0,0.0,0.0,0.0,0.0,0.0,0.0,0.0,0.0,0.0,0.0,0.0,0.0,0.0,0.0,0.0,0.0,0.0,0.0,0.0,0.0,0.0,0.0,0.0,0.0,0.0,0.0,0.0,0.0,0.0,0.0,0.0,0.0,0.0,0.0,0.0,0.0,0.0,0.0,0.0,0.0,0.0,0.0,0.0,0.0,0.0,0.0,0.0,0.0,0.0,0.0,0.0,0.0,0.0,0.0,0.0,0.0,0.0,0.0,0.0,0.0,0.0,0.0,0.0,0.0,0.0,0.0,0.0,0.0,0.0,0.0,0.0,0.0,0.0,0.0,0.0,0.0,0.0,0.0,0.0,0.0,0.0,0.0,0.0,0.0,0.0,0.0,0.0,0.0,0.0,0.0,0.0,0.0,0.0,0.0,0.0,0.0,0.0,0.0,0.0,0.0,0.0,0.0,0.0,0.0,0.0,0.0,0.0,0.0,0.0,0.0,0.0,0.0,0.0,0.0,0.5495833137153223,0.0,0.0,0.0,0.0,0.0,0.0,0.0,0.0,0.0,0.0,0.0,0.0,0.0,0.0,0.0,0.0,0.0,0.0,0.0,0.0,0.0,0.0,0.0,0.0,0.0,0.0,0.0,0.0,0.0,0.0,0.0,0.0,0.0,0.0,0.0,0.0,0.0,0.0,0.0,0.0,0.0,0.0,0.0,0.0,0.0,0.0,0.0,0.0,0.0,0.0,0.0,0.0,0.0,0.0,0.0,0.0,0.0,0.0,0.0,0.0,0.0,0.0,0.0,0.0,0.0,0.0,0.0,0.0,0.0,0.0,0.0,0.0,0.0,0.0,0.0,0.0,0.0,0.0,0.0,0.0,0.0,0.0,0.0,0.0,0.0,0.0,0.0,0.0,0.0,0.0,0.0,0.0,0.0,0.0,0.0,0.0,0.0,0.0,0.0,0.0,0.0,0.0,0.0,0.0,0.0,0.0,0.0,0.0,0.0,0.0,0.0,0.0,0.0,0.0,0.0,0.0,0.0,0.0,0.0,0.0,0.0,0.0,0.0,0.0,0.0,0.0,0.0,0.0,0.0,0.0,0.0,0.0,0.0,0.0,0.0,0.0,0.0,0.0,0.0,0.0,0.0,0.0,0.0,0.0,0.0,0.0,0.0,0.0,0.0,0.0,0.0,0.0,0.0,0.0,0.0,0.0,0.0,0.0,0.0,0.0,0.0,0.0,0.0,0.0,0.0,0.0,0.0,0.0,0.0,0.0,0.0,0.0,0.0,0.0,0.0,0.0,0.0,0.0,0.0,0.0,0.0,0.0,0.0,0.0,0.0,0.0,0.0,0.0,0.0,0.0,0.0,0.0,0.0,0.0,0.0,0.0,0.0,0.0,0.0,0.0,0.0,0.0,0.0,0.5927781010577224,0.0,0.0,0.0,0.0,0.0,0.0,0.0,0.0,0.0,0.0,0.0,0.0,0.0,0.0,0.0,0.0,0.42132234080068476,0.0,0.0,0.0,0.0,0.0,0.0,0.0,0.0,0.0,0.0,0.0,0.0,0.0,0.0,0.0,0.0,0.0,0.0,0.0,0.0,0.0,0.0,0.0,0.0,0.0,0.0,0.0,0.0,0.0,0.0,0.0,0.0,0.0,0.0,0.0,0.0,0.0,0.0,0.0,0.0,0.0,0.0,0.0,0.0,0.0,0.0,0.0,0.0,0.0,0.0,0.0,0.0,0.0,0.0,0.0,0.0,0.0,0.0,0.0,0.0,0.0,0.0,0.0,0.0,0.0,0.0,0.0,0.0,0.0,0.0,0.0,0.0,0.0,0.0,0.0,0.0,0.0,0.0,0.0,0.0,0.0,0.0,0.0,0.0,0.0,0.0,0.0,0.0,0.0,0.0,0.0,0.0,0.0,0.0,0.0,0.0,0.0,0.0,0.0,0.0,0.0,0.0,0.0,0.0,0.0,0.0,0.0,0.0,0.0,0.0,0.0,0.0,0.0,0.0,0.0,0.0,0.0,0.0,0.0,0.0,0.0,0.0,0.0,0.0,0.0,0.0,0.0,0.0,0.0,0.0,0.0,0.0,0.0,0.0,0.0,0.0,0.0,0.0,0.0,0.0,0.0,0.0,0.0,0.0,0.0,0.0,0.0,0.0,0.0,0.0,0.0,0.0,0.0,0.0,0.0,0.0,0.0,0.0,0.0,0.0,0.0,0.0,0.0,0.0,0.0,0.0,0.0,0.0,0.0,0.0,0.0,0.0,0.0,0.0,0.0,0.0,0.0,0.0,0.0,0.0,0.0,0.0,0.0,0.0,0.0,0.0,0.0
SD2401267,20대,너희 집은 지금 오피스텔이잖아. 그 층간 소음 좀 있는 거 같아? 나 지금 7층 사는데 딱히 층간 소음은 없는 거 같은데 좀 그 아파트에 이상한 사람은 좀 있는 거 같더라. 왜냐하면은 우리가 집에 아무도 없는 상태였는데 갑자기 밑의 집에서 올라온다 아 그 밑의 집인가 어디서 막 신고가 들어왔다는 거야. 이 이 시간이 너무 시끄러웠었다고. 그래 가지고 그게 그게 꼭 밑의 집은 아니고 밑의 층은 아니었던 거 같은데 그런 사람이 좀 있어서 좀 뭐지 좀 조심해야겠다 이런 적은 있었어. 이런 적이 있어. 그리고 너는 지금 자취를 그 1곳에서만 했던 거야 이사 없이? 나도 지금 누나랑 같이 살라고 하면은 절대 못 살 거 같아. 누나랑 진짜 맞는 게 하나도 없단 말이야. 누나도 막 나도 새벽에 전화하면은 누나가 뭐라 하고. 어떨 때 누나가 새벽에 게임하면 또 나한테 이제 내가 이제 스트레스받고. 그래서 이제 만약에 내가 너처럼 그러니까 형제 같이 살라고 하면은 나는 못 살 거 같아. 그리고 그리고 그 이사를 좀 많이 다녔었는데 이사 다닐 때마다 이제 방이 있긴 한데 이게 크기가 이제 큰방 작은방이 있었단 말이야. 그래 가지고 누가 큰방 쓸 거냐 이런 거 때문에 또 엄청 싸운 적 싸웠었고 싸웠었던 거 같아. 그러면 본가도 그러면 지금 살던 데 쭉 계속 살고 있었던 거야 어릴 때부터? 나는 이제 어릴 때부터 정말 많이 다녔었는데 초등학교랑 중학교 때까지는 그래도 한동네 내에서 왔다 갔다 했던 거여서 좀 이제 이사하느라 좀 귀찮고 막 집 바뀌는 게 좀 불편 적응이 안 되 초반에 적응이 안 되는 게 있긴 했어도 이 친구들이랑 멀어진다 이런 거 없어서 괜찮았는데 중학교 3학년에서 이제 고등학교 때 한번 아예 학 그 학 우리 지금 다니는 학교 쪽으로 이사를 왔었단 말이야. 근데 그때 정말 좀 좋았던 친구들인데 완전 멀어지니까 그때 쪼끔 이제 스트레스를 받았었던 경험이 있고. 그래서 또 그래 가지고 이제 고등학교 1학년 때에서부터 2학년 때 또 이사를 가야 되는 상황이 된 거야. 근데 그래서 원래 다니던 고등학교 쪽으로 가려 했었는데 그러진 않고 이제 다시 원래 동네로 돌아갔었던 적이 있어. 나도 그런 전원주택에서 사는 꿈 같은 게 있었던 거 같아. 그 내가 직접 집을 만들고 아 설계해서 막 비밀 공간이나 아 이제 정말 큰 목욕탕이나 아니면 음 어떤 작업실 뭐 이런 걸 만들어 두고 싶다는 생각이 있었어. 만들고 싶다는. 그리 너 근데 지금 자취하고 있잖아. 그러면 그 가전제품 같은 거는 뭐 뭐 있어? 어 이러면 안 되는데. 나는 이제 본가에 살잖아. 어 집안일을 거의 다 안 하고 엄마가 하고 있어. 그러니까 설거지만 이제 내가 먹은 거 설거지하고 이제 그리고 옷 옷이나 분리수거 이런 거는 엄마 아빠가 거의 다 하는 거 같아. 그 자취하면서 이런 설거지나 분리수거 때문에 막 오빠랑 막 싸우거나 그러진 않아? 난 지금 너무 자취를 하고 싶어. 왜냐하면은 일단 난 이제 혼자가 편하단 말이야. 그래 가지고 이제 나만의 일상생활 패턴이 있는데 어쨌든 가족이랑 살면은 아무리 가족이라도 쪼금 지켜야 되는 게 있으니까 그런 게 이제 좀 나한테는 너무 좀 힘들고 내가 하고 싶은 것도 너무 제한이 되는 거 같아서 학교 근처에서 자취하고 싶다는 생각은 있는데 이게 자취도 어쨌든 돈이 많이 깨지니까 쉽사리 하진 못 하고 있고. 음 아마 군대 갔다 와서 자취를 할 수 있으면 하지 않을까 이런 생각이 있어. 음 너는 음 너희 집 인테리어는 혹시 어떻게 돼 있어? 음 우리 집은 이번에 새로 지은 아파트여 가지고 그냥 전체적으로 완전 깔끔한 느낌으로 지금 돼 있는데 이게 아파 이제 방 청소를 쪼끔만 안 해도 이제 옷가 방이 좀 좁아 가지고 옷도 막 의자 위에 올라가 있고 침대 위에 뭉쳐져 있고. 그래 가지고 인테리어는 깔끔한데 방 정리는 되게 안 돼 있는 거 같아. 그리고 또 새로 지은 아파트라 했잖아. 이게 요즘에 새로 지어서 그런가. 아파트가 되게 개성이 넘치더라고. 건물도 막 다 이 모습이 막 다르고. 막 저게 아파트 건물이야 이런 것도 있고. 그리고 처음에 이사 왔을 때 첫날인데 집을 못 찾겠는 거야. 왜냐하면은 보통 아파트 단지가 뭐 몇 호부터 몇 호 1에서 3 3에서 5 이렇게 순서대로 있는데 거기는 막 1에서 3이랑 17에서 19 이렇게 붙어 있고. 막 이상하게 다 붙어 있는 거야. 그래 가지고 처음 이사 갔을 때 그 아파트 단지 안에서 길 잃어 가지고 한 20분 30분 정도 헤맸던 기억이 있어. 너는 만약에 이제 앞으로 회사 다니고 할 거면은 하면은 혼자 살게 되면은 서울에서 계속 살고 싶어? 아니면은 대구? 이게 새로 지은 아파트여 가지고 이게 헬스장이나 도서관 뭐 어린이집 이런 게 입주된다는 얘기만 있고 아직은 인프라가 갖춰지진 못한 거 같아. 그래서 헬스장도 아마 생긴다곤 하는데 어 언제 생길진 잘 모르겠고. 그 아파트 단지 내에 도서관은 지금도 운영하고 있고. 그거 말고도 뭔가 주민들 휴식 공간이라고 하면서 건물이 몇 개 있더라고. 거기서 막 좀 차 같은 거 마시고 막 떠들면서 있는 아줌마들도 있고. 그 빈백 빈백도 있잖아. 그런 것도 아파트 단지 내에 몇 개 깔아둔 거야. 그래 가지고 거기서 좀 누워서 막 떠드는 사람들도 보고 이런 시설이 좀 있었어.,0.014965986394557823,0.02857142857142857,0.013605442176870748,0.0013605442176870747,0.005442176870748299,0.0027210884353741495,0.0027210884353741495,0.02312925170068027,0.0326530612244898,0.02040816326530612,0.004081632653061225,0.0163265306122449,0.0013605442176870747,0.005442176870748299,0.013605442176870748,0.0027210884353741495,0.004081632653061225,0.004081632653061225,0.024489795918367346,0.021768707482993196,0.0013605442176870747,0.0013605442176870747,0.005442176870748299,0.006802721088435374,0.0013605442176870747,0.004081632653061225,0.02040816326530612,0.0013605442176870747,0.0013605442176870747,0.009523809523809525,0.04353741496598639,0.0013605442176870747,0.005442176870748299,0.0013605442176870747,0.010884353741496598,0.005442176870748299,0.0013605442176870747,0.0027210884353741495,0.012244897959183673,0.0013605442176870747,0.0013605442176870747,0.006802721088435374,0.004081632653061225,0.0027210884353741495,0.027210884353741496,0.009523809523809525,0.010884353741496598,0.0013605442176870747,0.006802721088435374,0.024489795918367346,0.010884353741496598,0.0013605442176870747,0.006802721088435374,0.0027210884353741495,0.0013605442176870747,0.005442176870748299,0.0013605442176870747,0.0013605442176870747,0.0013605442176870747,0.006802721088435374,0.0013605442176870747,0.0027210884353741495,0.0013605442176870747,0.0027210884353741495,0.013605442176870748,0.0013605442176870747,0.006802721088435374,0.0013605442176870747,0.02857142857142857,0.0027210884353741495,0.0027210884353741495,0.0027210884353741495,0.005442176870748299,0.0013605442176870747,0.00816326530612245,0.004081632653061225,0.00816326530612245,0.0013605442176870747,0.005442176870748299,0.0027210884353741495,0.0013605442176870747,0.0013605442176870747,0.0027210884353741495,0.0013605442176870747,0.0013605442176870747,0.0013605442176870747,0.005442176870748299,0.0013605442176870747,0.005442176870748299,0.0027210884353741495,0.0013605442176870747,0.0027210884353741495,0.0027210884353741495,0.005442176870748299,0.004081632653061225,0.0013605442176870747,0.0027210884353741495,0.0013605442176870747,0.0013605442176870747,0.0013605442176870747,0.005442176870748299,0.004081632653061225,0.0013605442176870747,0.0013605442176870747,0.0013605442176870747,0.0027210884353741495,0.009523809523809525,0.014965986394557823,0.0013605442176870747,0.0013605442176870747,0.0013605442176870747,0.0027210884353741495,0.0013605442176870747,0.004081632653061225,0.0013605442176870747,0.004081632653061225,0.0013605442176870747,0.0013605442176870747,0.0027210884353741495,0.0027210884353741495,0.0027210884353741495,0.0013605442176870747,0.0013605442176870747,0.0027210884353741495,0.0027210884353741495,0.0013605442176870747,0.0027210884353741495,0.0013605442176870747,0.0027210884353741495,0.0013605442176870747,0.0013605442176870747,0.0013605442176870747,0.0013605442176870747,0.0013605442176870747,0.0013605442176870747,0.0013605442176870747,0.005442176870748299,0.004081632653061225,0.0013605442176870747,0.0013605442176870747,0.0027210884353741495,0.0027210884353741495,0.0013605442176870747,0.0013605442176870747,0.0013605442176870747,0.004081632653061225,0.0013605442176870747,0.0013605442176870747,0.004081632653061225,0.0013605442176870747,0.0027210884353741495,0.005442176870748299,0.0027210884353741495,0.004081632653061225,0.0013605442176870747,0.005442176870748299,0.0027210884353741495,0.0013605442176870747,0.0013605442176870747,0.0013605442176870747,0.0013605442176870747,0.0027210884353741495,0.0013605442176870747,0.0013605442176870747,0.0013605442176870747,0.0013605442176870747,0.0013605442176870747,0.0027210884353741495,0.0027210884353741495,0.0013605442176870747,0.0013605442176870747,0.0013605442176870747,0.0013605442176870747,0.0013605442176870747,0.0013605442176870747,0.0013605442176870747,0.0013605442176870747,0.0013605442176870747,0.0013605442176870747,0.0013605442176870747,0.0027210884353741495,0.0013605442176870747,0.0027210884353741495,0.0013605442176870747,0.0013605442176870747,0.005442176870748299,0.005442176870748299,0.005442176870748299,0.0013605442176870747,0.0013605442176870747,0.0013605442176870747,0.0013605442176870747,0.0013605442176870747,0.0013605442176870747,0.0013605442176870747,0.0027210884353741495,0.0013605442176870747,0.0013605442176870747,0.0013605442176870747,0.0013605442176870747,0.0027210884353741495,0.0013605442176870747,0.0013605442176870747,0.0013605442176870747,0.004081632653061225,0.0013605442176870747,0.0013605442176870747,0.0013605442176870747,0.0013605442176870747,0.0027210884353741495,0.0013605442176870747,0.0013605442176870747,0.0013605442176870747,0.005442176870748299,0.0027210884353741495,0.0013605442176870747,0.0013605442176870747,0.0027210884353741495,0.0013605442176870747,0.0013605442176870747,0.0013605442176870747,0.0013605442176870747,0.0013605442176870747,0.0013605442176870747,0.0013605442176870747,0.0013605442176870747,0.0013605442176870747,0.0013605442176870747,0.0027210884353741495,0.0027210884353741495,0.0013605442176870747,0.0013605442176870747,0.0013605442176870747,0.0013605442176870747,0.0013605442176870747,0.0013605442176870747,0.0013605442176870747,0.0013605442176870747,0.0027210884353741495,0.0013605442176870747,0.0013605442176870747,0.0013605442176870747,0.0013605442176870747,0.0013605442176870747,0.0013605442176870747,0.0013605442176870747,0.0013605442176870747,0.0013605442176870747,0.0013605442176870747,0.0013605442176870747,0.0027210884353741495,0.0013605442176870747,0.0013605442176870747,0.0013605442176870747,0.0013605442176870747,0.0013605442176870747,0.0013605442176870747,0.0013605442176870747,0.0,0.0,0.0,0.0,0.0,0.0,0.0,0.0,0.0,0.0,0.0,0.0,0.0,0.0,0.0,0.0,0.0,0.0,0.0,0.0,0.0,0.0,0.0,0.0,0.0,0.0,0.0,0.0,0.0,0.0,0.0,0.0,0.0,0.0,0.0,0.0,0.0,0.0,0.0,0.0,0.0,0.0,0.0,0.0,0.0,0.0,0.0,0.0,0.0,0.0,0.0,0.0,0.0,0.0,0.0,0.0,0.0,0.0,0.0,0.0,0.0,0.0,0.0,0.0,0.0,0.0,0.0,0.0,0.0,0.0,0.0,0.0,0.0,0.0,0.0,0.0,0.0,0.0,0.0,0.0,0.0,0.0,0.0,0.0,0.0,0.0,0.0,0.0,0.0,0.0,0.0,0.0,0.0,0.0,0.0,0.0,0.0,0.0,0.0,0.0,0.0,0.0,0.0,0.0,0.0,0.0,0.0,0.0,0.0,0.0,0.0,0.0,0.0,0.0,0.0,0.0,0.0,0.0,0.0,0.0,0.0,0.0,0.0,0.0,0.0,0.0,0.0,0.0,0.0,0.0,0.0,0.0,0.0,0.0,0.0,0.0,0.0,0.0,0.0,0.0,0.0,0.0,0.0,0.0,0.0,0.0,0.0,0.0,0.0,0.0,0.0,0.0,0.0,0.0,0.0,0.0,0.0,0.0,0.0,0.0,0.0,0.0,0.0,0.0,0.0,0.0,0.0,0.0,0.0,0.0,0.0,0.0,0.0,0.0,0.0,0.0,0.0,0.0,0.0,0.0,0.0,0.0,0.0,0.0,0.0,0.0,0.0,0.0,0.0,0.0,0.0,0.0,0.0,0.0,0.0,0.0,0.0,0.0,0.0,0.0,0.0,0.0,0.0,0.0,0.0,0.0,0.0,0.0,0.0,0.0,0.0,0.0,0.0,0.0,0.0,0.0,0.0,0.0,0.0,0.0,0.0,0.0,0.0,0.0,0.3433496151105617,0.0,0.0,0.0,0.527994893787882,0.0,0.0,0.0,0.0,0.0,0.0,0.0,0.0,0.0,0.0,0.0,0.0,0.0,0.0,0.0,0.0,0.0,0.0,0.0,0.0,0.0,0.0,0.0,0.0,0.0,0.0,0.0,0.0,0.0,0.0,0.0,0.0,0.0,0.0,0.0,0.0,0.0,0.0,0.0,0.0,0.0,0.0,0.0,0.0,0.0,0.0,0.0,0.0,0.0,0.0,0.0,0.0,0.0,0.0,0.0,0.0,0.0,0.0,0.3964509431270317,0.0,0.0,0.0,0.0,0.0,0.0,0.0,0.0,0.0,0.0,0.0,0.0,0.0,0.0,0.0,0.0,0.0,0.0,0.0,0.0,0.0,0.0,0.0,0.0,0.0,0.0,0.0,0.0,0.0,0.0,0.0,0.0,0.0,0.0,0.0,0.0,0.0,0.0,0.0,0.0,0.0,0.0,0.0,0.0,0.0,0.0,0.0,0.0,0.0,0.0,0.0,0.0,0.0,0.0,0.0,0.0,0.0,0.0,0.0,0.0,0.0,0.0,0.0,0.0,0.0,0.0,0.0,0.0,0.0,0.0,0.0,0.0,0.0,0.0,0.0,0.0,0.0,0.0,0.0,0.0,0.0,0.0,0.0,0.0,0.0,0.0,0.0,0.0,0.0,0.0,0.0,0.0,0.0,0.0,0.0,0.0,0.0,0.0,0.0,0.0,0.0,0.0,0.0,0.0,0.0,0.0,0.0,0.0,0.0,0.0,0.0,0.0,0.0,0.0,0.0,0.0,0.0,0.0,0.0,0.0,0.0,0.0,0.0,0.0,0.0,0.0,0.0,0.0,0.0,0.0,0.0,0.0,0.0,0.0,0.0,0.0,0.0,0.0,0.0,0.0,0.0,0.0,0.0,0.0,0.0,0.0,0.0,0.0,0.0,0.0,0.0,0.0,0.0,0.0,0.0,0.0,0.0,0.0,0.0,0.0,0.0,0.0,0.0,0.0,0.0,0.0,0.0,0.0,0.0,0.0,0.0,0.0,0.0,0.0,0.0,0.0,0.0,0.0,0.0,0.0,0.0,0.0,0.0,0.0,0.0,0.0,0.0,0.0,0.0,0.0,0.0,0.0,0.0,0.0,0.0,0.0,0.0,0.0,0.0,0.0,0.0,0.0,0.0,0.0,0.0,0.0,0.0,0.0,0.0,0.0,0.0,0.0,0.0,0.0,0.0,0.0,0.0,0.0,0.0,0.0,0.0,0.0,0.0,0.0,0.0,0.0,0.0,0.0,0.0,0.0,0.0,0.0,0.0,0.0,0.0,0.0,0.0,0.0,0.0,0.0,0.0,0.0,0.0,0.0,0.0,0.0,0.0,0.0,0.0,0.0,0.0,0.0,0.0,0.0,0.0,0.0,0.0,0.0,0.0,0.0,0.0,0.0,0.0,0.0,0.0,0.0,0.0,0.0,0.0,0.0,0.0,0.0,0.0,0.0,0.0,0.0,0.0,0.0,0.0,0.0,0.0,0.0,0.0,0.0,0.0,0.0,0.0,0.0,0.0,0.0,0.0,0.0,0.0,0.0,0.0,0.0,0.0,0.0,0.0,0.0,0.0,0.0,0.0,0.0,0.0,0.0,0.0,0.0,0.0,0.0,0.0,0.0,0.0,0.0,0.0,0.0,0.0,0.0,0.0,0.0,0.0,0.0,0.0,0.0,0.0,0.0,0.0,0.0,0.0,0.0,0.0,0.0,0.0,0.0,0.0,0.0,0.0,0.0,0.0,0.0,0.0,0.0,0.0,0.0,0.0,0.0,0.0,0.0,0.0,0.0,0.0,0.0,0.0,0.0,0.0,0.0,0.0,0.0,0.0,0.0,0.0,0.0,0.0,0.0,0.0,0.0,0.0,0.0,0.0,0.0,0.0,0.0,0.0,0.0,0.0,0.0,0.0,0.0,0.0,0.0,0.0,0.0,0.0,0.0,0.0,0.0,0.0,0.0,0.0,0.0,0.0,0.0,0.0,0.0,0.0,0.0,0.0,0.0,0.0,0.0,0.0,0.0,0.0,0.0,0.0,0.0,0.0,0.0,0.0,0.0,0.0,0.0,0.0,0.0,0.0,0.0,0.0,0.0,0.0,0.0,0.0,0.0,0.0,0.0,0.0,0.0,0.40912159044098684,0.0,0.0,0.0,0.0,0.0,0.0,0.0,0.0,0.0,0.0,0.0,0.0,0.0,0.0,0.0,0.0,0.0,0.0,0.0,0.0,0.0,0.0,0.0,0.0,0.0,0.0,0.0,0.0,0.0,0.0,0.0,0.0,0.0,0.0,0.0,0.0,0.0,0.0,0.0,0.0,0.0,0.0,0.0,0.0,0.0,0.0,0.0,0.0,0.0,0.0,0.0,0.0,0.0,0.0,0.0,0.0,0.0,0.0,0.0,0.0,0.0,0.0,0.0,0.0,0.0,0.0,0.0,0.0,0.0,0.0,0.0,0.0,0.0,0.0,0.0,0.0,0.0,0.0,0.0,0.0,0.0,0.0,0.0,0.0,0.0,0.0,0.0,0.0,0.0,0.0,0.0,0.0,0.0,0.0,0.0,0.0,0.0,0.0,0.0,0.0,0.0,0.0,0.0,0.0,0.0,0.0,0.0,0.0,0.0,0.0,0.0,0.0,0.0,0.0,0.0,0.0,0.0,0.0,0.0,0.0,0.0,0.0,0.527994893787882,0.0,0.0,0.0,0.0,0.0,0.0,0.0,0.0,0.0,0.0,0.0,0.0,0.0,0.0,0.0,0.0,0.0,0.0,0.0,0.0,0.0,0.0,0.0,0.0,0.0,0.0,0.0,0.0,0.0,0.0,0.0,0.0,0.0,0.0,0.0,0.0,0.0,0.0,0.0,0.0,0.0,0.0,0.0,0.0,0.0,0.0,0.0,0.0,0.0,0.0,0.0,0.0,0.0,0.0,0.0,0.0,0.0,0.0,0.0,0.0,0.0,0.0,0.0,0.0,0.0,0.0,0.0,0.0,0.0,0.0,0.0,0.0,0.0,0.0,0.0,0.0,0.0,0.0,0.0,0.0,0.0,0.0,0.0,0.0
SD2401267,20대,너희 집은 지금 오피스텔이잖아. 그 층간 소음 좀 있는 거 같아? 나 지금 7층 사는데 딱히 층간 소음은 없는 거 같은데 좀 그 아파트에 이상한 사람은 좀 있는 거 같더라. 왜냐하면은 우리가 집에 아무도 없는 상태였는데 갑자기 밑의 집에서 올라온다 아 그 밑의 집인가 어디서 막 신고가 들어왔다는 거야. 이 이 시간이 너무 시끄러웠었다고. 그래 가지고 그게 그게 꼭 밑의 집은 아니고 밑의 층은 아니었던 거 같은데 그런 사람이 좀 있어서 좀 뭐지 좀 조심해야겠다 이런 적은 있었어. 이런 적이 있어. 그리고 너는 지금 자취를 그 1곳에서만 했던 거야 이사 없이? 나도 지금 누나랑 같이 살라고 하면은 절대 못 살 거 같아. 누나랑 진짜 맞는 게 하나도 없단 말이야. 누나도 막 나도 새벽에 전화하면은 누나가 뭐라 하고. 어떨 때 누나가 새벽에 게임하면 또 나한테 이제 내가 이제 스트레스받고. 그래서 이제 만약에 내가 너처럼 그러니까 형제 같이 살라고 하면은 나는 못 살 거 같아. 그리고 그리고 그 이사를 좀 많이 다녔었는데 이사 다닐 때마다 이제 방이 있긴 한데 이게 크기가 이제 큰방 작은방이 있었단 말이야. 그래 가지고 누가 큰방 쓸 거냐 이런 거 때문에 또 엄청 싸운 적 싸웠었고 싸웠었던 거 같아. 그러면 본가도 그러면 지금 살던 데 쭉 계속 살고 있었던 거야 어릴 때부터? 나는 이제 어릴 때부터 정말 많이 다녔었는데 초등학교랑 중학교 때까지는 그래도 한동네 내에서 왔다 갔다 했던 거여서 좀 이제 이사하느라 좀 귀찮고 막 집 바뀌는 게 좀 불편 적응이 안 되 초반에 적응이 안 되는 게 있긴 했어도 이 친구들이랑 멀어진다 이런 거 없어서 괜찮았는데 중학교 3학년에서 이제 고등학교 때 한번 아예 학 그 학 우리 지금 다니는 학교 쪽으로 이사를 왔었단 말이야. 근데 그때 정말 좀 좋았던 친구들인데 완전 멀어지니까 그때 쪼끔 이제 스트레스를 받았었던 경험이 있고. 그래서 또 그래 가지고 이제 고등학교 1학년 때에서부터 2학년 때 또 이사를 가야 되는 상황이 된 거야. 근데 그래서 원래 다니던 고등학교 쪽으로 가려 했었는데 그러진 않고 이제 다시 원래 동네로 돌아갔었던 적이 있어. 나도 그런 전원주택에서 사는 꿈 같은 게 있었던 거 같아. 그 내가 직접 집을 만들고 아 설계해서 막 비밀 공간이나 아 이제 정말 큰 목욕탕이나 아니면 음 어떤 작업실 뭐 이런 걸 만들어 두고 싶다는 생각이 있었어. 만들고 싶다는. 그리 너 근데 지금 자취하고 있잖아. 그러면 그 가전제품 같은 거는 뭐 뭐 있어? 어 이러면 안 되는데. 나는 이제 본가에 살잖아. 어 집안일을 거의 다 안 하고 엄마가 하고 있어. 그러니까 설거지만 이제 내가 먹은 거 설거지하고 이제 그리고 옷 옷이나 분리수거 이런 거는 엄마 아빠가 거의 다 하는 거 같아. 그 자취하면서 이런 설거지나 분리수거 때문에 막 오빠랑 막 싸우거나 그러진 않아? 난 지금 너무 자취를 하고 싶어. 왜냐하면은 일단 난 이제 혼자가 편하단 말이야. 그래 가지고 이제 나만의 일상생활 패턴이 있는데 어쨌든 가족이랑 살면은 아무리 가족이라도 쪼금 지켜야 되는 게 있으니까 그런 게 이제 좀 나한테는 너무 좀 힘들고 내가 하고 싶은 것도 너무 제한이 되는 거 같아서 학교 근처에서 자취하고 싶다는 생각은 있는데 이게 자취도 어쨌든 돈이 많이 깨지니까 쉽사리 하진 못 하고 있고. 음 아마 군대 갔다 와서 자취를 할 수 있으면 하지 않을까 이런 생각이 있어. 음 너는 음 너희 집 인테리어는 혹시 어떻게 돼 있어? 음 우리 집은 이번에 새로 지은 아파트여 가지고 그냥 전체적으로 완전 깔끔한 느낌으로 지금 돼 있는데 이게 아파 이제 방 청소를 쪼끔만 안 해도 이제 옷가 방이 좀 좁아 가지고 옷도 막 의자 위에 올라가 있고 침대 위에 뭉쳐져 있고. 그래 가지고 인테리어는 깔끔한데 방 정리는 되게 안 돼 있는 거 같아. 그리고 또 새로 지은 아파트라 했잖아. 이게 요즘에 새로 지어서 그런가. 아파트가 되게 개성이 넘치더라고. 건물도 막 다 이 모습이 막 다르고. 막 저게 아파트 건물이야 이런 것도 있고. 그리고 처음에 이사 왔을 때 첫날인데 집을 못 찾겠는 거야. 왜냐하면은 보통 아파트 단지가 뭐 몇 호부터 몇 호 1에서 3 3에서 5 이렇게 순서대로 있는데 거기는 막 1에서 3이랑 17에서 19 이렇게 붙어 있고. 막 이상하게 다 붙어 있는 거야. 그래 가지고 처음 이사 갔을 때 그 아파트 단지 안에서 길 잃어 가지고 한 20분 30분 정도 헤맸던 기억이 있어. 너는 만약에 이제 앞으로 회사 다니고 할 거면은 하면은 혼자 살게 되면은 서울에서 계속 살고 싶어? 아니면은 대구? 이게 새로 지은 아파트여 가지고 이게 헬스장이나 도서관 뭐 어린이집 이런 게 입주된다는 얘기만 있고 아직은 인프라가 갖춰지진 못한 거 같아. 그래서 헬스장도 아마 생긴다곤 하는데 어 언제 생길진 잘 모르겠고. 그 아파트 단지 내에 도서관은 지금도 운영하고 있고. 그거 말고도 뭔가 주민들 휴식 공간이라고 하면서 건물이 몇 개 있더라고. 거기서 막 좀 차 같은 거 마시고 막 떠들면서 있는 아줌마들도 있고. 그 빈백 빈백도 있잖아. 그런 것도 아파트 단지 내에 몇 개 깔아둔 거야. 그래 가지고 거기서 좀 누워서 막 떠드는 사람들도 보고 이런 시설이 좀 있었어.,0.014965986394557823,0.02857142857142857,0.013605442176870748,0.0013605442176870747,0.005442176870748299,0.0027210884353741495,0.0027210884353741495,0.02312925170068027,0.0326530612244898,0.02040816326530612,0.004081632653061225,0.0163265306122449,0.0013605442176870747,0.005442176870748299,0.013605442176870748,0.0027210884353741495,0.004081632653061225,0.004081632653061225,0.024489795918367346,0.021768707482993196,0.0013605442176870747,0.0013605442176870747,0.005442176870748299,0.006802721088435374,0.0013605442176870747,0.004081632653061225,0.02040816326530612,0.0013605442176870747,0.0013605442176870747,0.009523809523809525,0.04353741496598639,0.0013605442176870747,0.005442176870748299,0.0013605442176870747,0.010884353741496598,0.005442176870748299,0.0013605442176870747,0.0027210884353741495,0.012244897959183673,0.0013605442176870747,0.0013605442176870747,0.006802721088435374,0.004081632653061225,0.0027210884353741495,0.027210884353741496,0.009523809523809525,0.010884353741496598,0.0013605442176870747,0.006802721088435374,0.024489795918367346,0.010884353741496598,0.0013605442176870747,0.006802721088435374,0.0027210884353741495,0.0013605442176870747,0.005442176870748299,0.0013605442176870747,0.0013605442176870747,0.0013605442176870747,0.006802721088435374,0.0013605442176870747,0.0027210884353741495,0.0013605442176870747,0.0027210884353741495,0.013605442176870748,0.0013605442176870747,0.006802721088435374,0.0013605442176870747,0.02857142857142857,0.0027210884353741495,0.0027210884353741495,0.0027210884353741495,0.005442176870748299,0.0013605442176870747,0.00816326530612245,0.004081632653061225,0.00816326530612245,0.0013605442176870747,0.005442176870748299,0.0027210884353741495,0.0013605442176870747,0.0013605442176870747,0.0027210884353741495,0.0013605442176870747,0.0013605442176870747,0.0013605442176870747,0.005442176870748299,0.0013605442176870747,0.005442176870748299,0.0027210884353741495,0.0013605442176870747,0.0027210884353741495,0.0027210884353741495,0.005442176870748299,0.004081632653061225,0.0013605442176870747,0.0027210884353741495,0.0013605442176870747,0.0013605442176870747,0.0013605442176870747,0.005442176870748299,0.004081632653061225,0.0013605442176870747,0.0013605442176870747,0.0013605442176870747,0.0027210884353741495,0.009523809523809525,0.014965986394557823,0.0013605442176870747,0.0013605442176870747,0.0013605442176870747,0.0027210884353741495,0.0013605442176870747,0.004081632653061225,0.0013605442176870747,0.004081632653061225,0.0013605442176870747,0.0013605442176870747,0.0027210884353741495,0.0027210884353741495,0.0027210884353741495,0.0013605442176870747,0.0013605442176870747,0.0027210884353741495,0.0027210884353741495,0.0013605442176870747,0.0027210884353741495,0.0013605442176870747,0.0027210884353741495,0.0013605442176870747,0.0013605442176870747,0.0013605442176870747,0.0013605442176870747,0.0013605442176870747,0.0013605442176870747,0.0013605442176870747,0.005442176870748299,0.004081632653061225,0.0013605442176870747,0.0013605442176870747,0.0027210884353741495,0.0027210884353741495,0.0013605442176870747,0.0013605442176870747,0.0013605442176870747,0.004081632653061225,0.0013605442176870747,0.0013605442176870747,0.004081632653061225,0.0013605442176870747,0.0027210884353741495,0.005442176870748299,0.0027210884353741495,0.004081632653061225,0.0013605442176870747,0.005442176870748299,0.0027210884353741495,0.0013605442176870747,0.0013605442176870747,0.0013605442176870747,0.0013605442176870747,0.0027210884353741495,0.0013605442176870747,0.0013605442176870747,0.0013605442176870747,0.0013605442176870747,0.0013605442176870747,0.0027210884353741495,0.0027210884353741495,0.0013605442176870747,0.0013605442176870747,0.0013605442176870747,0.0013605442176870747,0.0013605442176870747,0.0013605442176870747,0.0013605442176870747,0.0013605442176870747,0.0013605442176870747,0.0013605442176870747,0.0013605442176870747,0.0027210884353741495,0.0013605442176870747,0.0027210884353741495,0.0013605442176870747,0.0013605442176870747,0.005442176870748299,0.005442176870748299,0.005442176870748299,0.0013605442176870747,0.0013605442176870747,0.0013605442176870747,0.0013605442176870747,0.0013605442176870747,0.0013605442176870747,0.0013605442176870747,0.0027210884353741495,0.0013605442176870747,0.0013605442176870747,0.0013605442176870747,0.0013605442176870747,0.0027210884353741495,0.0013605442176870747,0.0013605442176870747,0.0013605442176870747,0.004081632653061225,0.0013605442176870747,0.0013605442176870747,0.0013605442176870747,0.0013605442176870747,0.0027210884353741495,0.0013605442176870747,0.0013605442176870747,0.0013605442176870747,0.005442176870748299,0.0027210884353741495,0.0013605442176870747,0.0013605442176870747,0.0027210884353741495,0.0013605442176870747,0.0013605442176870747,0.0013605442176870747,0.0013605442176870747,0.0013605442176870747,0.0013605442176870747,0.0013605442176870747,0.0013605442176870747,0.0013605442176870747,0.0013605442176870747,0.0027210884353741495,0.0027210884353741495,0.0013605442176870747,0.0013605442176870747,0.0013605442176870747,0.0013605442176870747,0.0013605442176870747,0.0013605442176870747,0.0013605442176870747,0.0013605442176870747,0.0027210884353741495,0.0013605442176870747,0.0013605442176870747,0.0013605442176870747,0.0013605442176870747,0.0013605442176870747,0.0013605442176870747,0.0013605442176870747,0.0013605442176870747,0.0013605442176870747,0.0013605442176870747,0.0013605442176870747,0.0027210884353741495,0.0013605442176870747,0.0013605442176870747,0.0013605442176870747,0.0013605442176870747,0.0013605442176870747,0.0013605442176870747,0.0013605442176870747,0.0,0.0,0.0,0.0,0.0,0.0,0.0,0.0,0.0,0.0,0.0,0.0,0.0,0.0,0.0,0.0,0.0,0.0,0.0,0.0,0.0,0.0,0.0,0.0,0.0,0.0,0.0,0.0,0.0,0.0,0.0,0.0,0.0,0.0,0.0,0.0,0.0,0.0,0.0,0.0,0.0,0.0,0.0,0.0,0.0,0.0,0.0,0.0,0.0,0.0,0.0,0.0,0.0,0.0,0.0,0.0,0.0,0.0,0.0,0.0,0.0,0.0,0.0,0.0,0.0,0.0,0.0,0.0,0.0,0.0,0.0,0.0,0.0,0.0,0.0,0.0,0.0,0.0,0.0,0.0,0.0,0.0,0.0,0.0,0.0,0.0,0.0,0.0,0.0,0.0,0.0,0.0,0.0,0.0,0.0,0.0,0.0,0.0,0.0,0.0,0.0,0.0,0.0,0.0,0.0,0.0,0.0,0.0,0.0,0.0,0.0,0.0,0.0,0.0,0.0,0.0,0.0,0.0,0.0,0.0,0.0,0.0,0.0,0.0,0.0,0.0,0.0,0.0,0.0,0.0,0.0,0.0,0.0,0.0,0.0,0.0,0.0,0.0,0.0,0.0,0.0,0.0,0.0,0.0,0.0,0.0,0.0,0.0,0.0,0.0,0.0,0.0,0.0,0.0,0.0,0.0,0.0,0.0,0.0,0.0,0.0,0.0,0.0,0.0,0.0,0.0,0.0,0.0,0.0,0.0,0.0,0.0,0.0,0.0,0.0,0.0,0.0,0.0,0.0,0.0,0.0,0.0,0.0,0.0,0.0,0.0,0.0,0.0,0.0,0.0,0.0,0.0,0.0,0.0,0.0,0.0,0.0,0.0,0.0,0.0,0.0,0.0,0.0,0.0,0.0,0.0,0.0,0.0,0.0,0.0,0.0,0.0,0.0,0.0,0.0,0.0,0.0,0.0,0.0,0.0,0.0,0.0,0.0,0.0,0.33404625569173413,0.0,0.0,0.0,0.0,0.0,0.0,0.0,0.0,0.0,0.0,0.0,0.0,0.0,0.0,0.0,0.0,0.0,0.0,0.0,0.0,0.0,0.0,0.0,0.0,0.0,0.0,0.0,0.0,0.0,0.0,0.0,0.0,0.0,0.0,0.0,0.0,0.0,0.0,0.0,0.0,0.0,0.0,0.0,0.0,0.0,0.0,0.0,0.0,0.0,0.0,0.0,0.0,0.0,0.0,0.0,0.0,0.0,0.0,0.0,0.0,0.0,0.0,0.0,0.0,0.0,0.0,0.0,0.0,0.0,0.0,0.0,0.0,0.0,0.0,0.0,0.0,0.0,0.0,0.0,0.0,0.0,0.0,0.0,0.0,0.0,0.0,0.0,0.0,0.0,0.0,0.0,0.0,0.0,0.0,0.0,0.0,0.0,0.0,0.0,0.0,0.0,0.0,0.0,0.0,0.0,0.0,0.0,0.0,0.0,0.0,0.0,0.0,0.0,0.0,0.0,0.0,0.0,0.0,0.0,0.0,0.0,0.0,0.0,0.0,0.0,0.0,0.0,0.0,0.0,0.0,0.0,0.0,0.0,0.0,0.0,0.0,0.0,0.0,0.0,0.0,0.0,0.0,0.0,0.0,0.0,0.0,0.0,0.0,0.0,0.0,0.0,0.0,0.0,0.0,0.0,0.0,0.0,0.0,0.44969858246644534,0.0,0.0,0.0,0.0,0.0,0.0,0.0,0.0,0.0,0.0,0.0,0.0,0.0,0.0,0.0,0.0,0.0,0.0,0.0,0.0,0.0,0.0,0.0,0.0,0.0,0.0,0.0,0.0,0.0,0.0,0.0,0.0,0.0,0.0,0.0,0.0,0.0,0.0,0.0,0.0,0.0,0.0,0.0,0.0,0.0,0.0,0.0,0.0,0.0,0.0,0.0,0.0,0.0,0.0,0.0,0.0,0.0,0.0,0.0,0.0,0.0,0.0,0.0,0.0,0.0,0.0,0.0,0.0,0.0,0.0,0.0,0.0,0.0,0.0,0.0,0.0,0.0,0.0,0.0,0.0,0.0,0.0,0.0,0.0,0.0,0.0,0.0,0.0,0.0,0.0,0.0,0.0,0.0,0.0,0.0,0.0,0.0,0.0,0.0,0.0,0.0,0.0,0.0,0.0,0.0,0.0,0.0,0.0,0.0,0.0,0.0,0.0,0.0,0.0,0.0,0.0,0.0,0.0,0.0,0.0,0.0,0.0,0.0,0.0,0.0,0.0,0.0,0.0,0.0,0.0,0.0,0.0,0.0,0.0,0.0,0.0,0.0,0.0,0.0,0.0,0.0,0.0,0.0,0.0,0.0,0.0,0.0,0.0,0.0,0.0,0.0,0.0,0.0,0.0,0.0,0.0,0.0,0.0,0.0,0.0,0.0,0.0,0.0,0.0,0.0,0.0,0.0,0.0,0.0,0.0,0.0,0.0,0.0,0.0,0.0,0.0,0.0,0.0,0.0,0.0,0.0,0.0,0.0,0.0,0.0,0.0,0.0,0.0,0.0,0.0,0.0,0.0,0.0,0.0,0.0,0.0,0.0,0.0,0.0,0.0,0.0,0.0,0.0,0.0,0.0,0.0,0.0,0.0,0.0,0.0,0.0,0.0,0.0,0.0,0.0,0.0,0.0,0.0,0.0,0.0,0.0,0.0,0.0,0.0,0.0,0.0,0.0,0.0,0.0,0.0,0.0,0.0,0.0,0.0,0.0,0.0,0.0,0.0,0.0,0.0,0.39803608157664966,0.0,0.0,0.0,0.0,0.513688408351361,0.0,0.0,0.0,0.0,0.0,0.0,0.0,0.0,0.0,0.0,0.0,0.0,0.0,0.0,0.0,0.0,0.0,0.0,0.0,0.0,0.0,0.0,0.0,0.0,0.0,0.0,0.0,0.0,0.0,0.0,0.0,0.0,0.0,0.0,0.0,0.0,0.0,0.0,0.0,0.0,0.0,0.0,0.0,0.0,0.0,0.0,0.0,0.0,0.0,0.0,0.0,0.0,0.0,0.0,0.0,0.0,0.0,0.0,0.0,0.0,0.0,0.0,0.0,0.0,0.0,0.0,0.0,0.0,0.0,0.0,0.0,0.0,0.0,0.0,0.0,0.0,0.0,0.0,0.0,0.0,0.0,0.0,0.0,0.0,0.0,0.0,0.0,0.0,0.0,0.0,0.0,0.0,0.0,0.0,0.0,0.0,0.0,0.0,0.513688408351361,0.0,0.0,0.0,0.0,0.0,0.0,0.0,0.0,0.0,0.0,0.0,0.0,0.0,0.0,0.0,0.0,0.0,0.0,0.0,0.0,0.0,0.0,0.0,0.0,0.0,0.0,0.0,0.0,0.0,0.0,0.0,0.0,0.0,0.0,0.0,0.0,0.0,0.0,0.0,0.0,0.0,0.0,0.0,0.0,0.0,0.0,0.0,0.0,0.0,0.0,0.0,0.0,0.0,0.0,0.0,0.0,0.0,0.0,0.0,0.0,0.0,0.0,0.0,0.0,0.0,0.0,0.0,0.0,0.0,0.0,0.0,0.0,0.0,0.0,0.0,0.0,0.0,0.0,0.0,0.0,0.0,0.0,0.0,0.0,0.0,0.0,0.0,0.0,0.0,0.0,0.0,0.0,0.0,0.0,0.0,0.0,0.0,0.0,0.0,0.0,0.0,0.0,0.0,0.0,0.0,0.0,0.0,0.0,0.0,0.0,0.0,0.0,0.0,0.0,0.0,0.0,0.0,0.0,0.0,0.0,0.0,0.0,0.0,0.0,0.0,0.0,0.0,0.0,0.0,0.0,0.0,0.0,0.0,0.0,0.0,0.0,0.0,0.0,0.0,0.0,0.0,0.0,0.0,0.0,0.0,0.0,0.0,0.0,0.0,0.0,0.0,0.0,0.0,0.0,0.0,0.0,0.0,0.0,0.0,0.0,0.0,0.0,0.0,0.0,0.0,0.0,0.0,0.0,0.0,0.0,0.0,0.0,0.0,0.0,0.0,0.0,0.0,0.0,0.0,0.0,0.0,0.0,0.0,0.0,0.0,0.0,0.0,0.0,0.0,0.0,0.0,0.0,0.0
SD2401267,20대,너희 집은 지금 오피스텔이잖아. 그 층간 소음 좀 있는 거 같아? 나 지금 7층 사는데 딱히 층간 소음은 없는 거 같은데 좀 그 아파트에 이상한 사람은 좀 있는 거 같더라. 왜냐하면은 우리가 집에 아무도 없는 상태였는데 갑자기 밑의 집에서 올라온다 아 그 밑의 집인가 어디서 막 신고가 들어왔다는 거야. 이 이 시간이 너무 시끄러웠었다고. 그래 가지고 그게 그게 꼭 밑의 집은 아니고 밑의 층은 아니었던 거 같은데 그런 사람이 좀 있어서 좀 뭐지 좀 조심해야겠다 이런 적은 있었어. 이런 적이 있어. 그리고 너는 지금 자취를 그 1곳에서만 했던 거야 이사 없이? 나도 지금 누나랑 같이 살라고 하면은 절대 못 살 거 같아. 누나랑 진짜 맞는 게 하나도 없단 말이야. 누나도 막 나도 새벽에 전화하면은 누나가 뭐라 하고. 어떨 때 누나가 새벽에 게임하면 또 나한테 이제 내가 이제 스트레스받고. 그래서 이제 만약에 내가 너처럼 그러니까 형제 같이 살라고 하면은 나는 못 살 거 같아. 그리고 그리고 그 이사를 좀 많이 다녔었는데 이사 다닐 때마다 이제 방이 있긴 한데 이게 크기가 이제 큰방 작은방이 있었단 말이야. 그래 가지고 누가 큰방 쓸 거냐 이런 거 때문에 또 엄청 싸운 적 싸웠었고 싸웠었던 거 같아. 그러면 본가도 그러면 지금 살던 데 쭉 계속 살고 있었던 거야 어릴 때부터? 나는 이제 어릴 때부터 정말 많이 다녔었는데 초등학교랑 중학교 때까지는 그래도 한동네 내에서 왔다 갔다 했던 거여서 좀 이제 이사하느라 좀 귀찮고 막 집 바뀌는 게 좀 불편 적응이 안 되 초반에 적응이 안 되는 게 있긴 했어도 이 친구들이랑 멀어진다 이런 거 없어서 괜찮았는데 중학교 3학년에서 이제 고등학교 때 한번 아예 학 그 학 우리 지금 다니는 학교 쪽으로 이사를 왔었단 말이야. 근데 그때 정말 좀 좋았던 친구들인데 완전 멀어지니까 그때 쪼끔 이제 스트레스를 받았었던 경험이 있고. 그래서 또 그래 가지고 이제 고등학교 1학년 때에서부터 2학년 때 또 이사를 가야 되는 상황이 된 거야. 근데 그래서 원래 다니던 고등학교 쪽으로 가려 했었는데 그러진 않고 이제 다시 원래 동네로 돌아갔었던 적이 있어. 나도 그런 전원주택에서 사는 꿈 같은 게 있었던 거 같아. 그 내가 직접 집을 만들고 아 설계해서 막 비밀 공간이나 아 이제 정말 큰 목욕탕이나 아니면 음 어떤 작업실 뭐 이런 걸 만들어 두고 싶다는 생각이 있었어. 만들고 싶다는. 그리 너 근데 지금 자취하고 있잖아. 그러면 그 가전제품 같은 거는 뭐 뭐 있어? 어 이러면 안 되는데. 나는 이제 본가에 살잖아. 어 집안일을 거의 다 안 하고 엄마가 하고 있어. 그러니까 설거지만 이제 내가 먹은 거 설거지하고 이제 그리고 옷 옷이나 분리수거 이런 거는 엄마 아빠가 거의 다 하는 거 같아. 그 자취하면서 이런 설거지나 분리수거 때문에 막 오빠랑 막 싸우거나 그러진 않아? 난 지금 너무 자취를 하고 싶어. 왜냐하면은 일단 난 이제 혼자가 편하단 말이야. 그래 가지고 이제 나만의 일상생활 패턴이 있는데 어쨌든 가족이랑 살면은 아무리 가족이라도 쪼금 지켜야 되는 게 있으니까 그런 게 이제 좀 나한테는 너무 좀 힘들고 내가 하고 싶은 것도 너무 제한이 되는 거 같아서 학교 근처에서 자취하고 싶다는 생각은 있는데 이게 자취도 어쨌든 돈이 많이 깨지니까 쉽사리 하진 못 하고 있고. 음 아마 군대 갔다 와서 자취를 할 수 있으면 하지 않을까 이런 생각이 있어. 음 너는 음 너희 집 인테리어는 혹시 어떻게 돼 있어? 음 우리 집은 이번에 새로 지은 아파트여 가지고 그냥 전체적으로 완전 깔끔한 느낌으로 지금 돼 있는데 이게 아파 이제 방 청소를 쪼끔만 안 해도 이제 옷가 방이 좀 좁아 가지고 옷도 막 의자 위에 올라가 있고 침대 위에 뭉쳐져 있고. 그래 가지고 인테리어는 깔끔한데 방 정리는 되게 안 돼 있는 거 같아. 그리고 또 새로 지은 아파트라 했잖아. 이게 요즘에 새로 지어서 그런가. 아파트가 되게 개성이 넘치더라고. 건물도 막 다 이 모습이 막 다르고. 막 저게 아파트 건물이야 이런 것도 있고. 그리고 처음에 이사 왔을 때 첫날인데 집을 못 찾겠는 거야. 왜냐하면은 보통 아파트 단지가 뭐 몇 호부터 몇 호 1에서 3 3에서 5 이렇게 순서대로 있는데 거기는 막 1에서 3이랑 17에서 19 이렇게 붙어 있고. 막 이상하게 다 붙어 있는 거야. 그래 가지고 처음 이사 갔을 때 그 아파트 단지 안에서 길 잃어 가지고 한 20분 30분 정도 헤맸던 기억이 있어. 너는 만약에 이제 앞으로 회사 다니고 할 거면은 하면은 혼자 살게 되면은 서울에서 계속 살고 싶어? 아니면은 대구? 이게 새로 지은 아파트여 가지고 이게 헬스장이나 도서관 뭐 어린이집 이런 게 입주된다는 얘기만 있고 아직은 인프라가 갖춰지진 못한 거 같아. 그래서 헬스장도 아마 생긴다곤 하는데 어 언제 생길진 잘 모르겠고. 그 아파트 단지 내에 도서관은 지금도 운영하고 있고. 그거 말고도 뭔가 주민들 휴식 공간이라고 하면서 건물이 몇 개 있더라고. 거기서 막 좀 차 같은 거 마시고 막 떠들면서 있는 아줌마들도 있고. 그 빈백 빈백도 있잖아. 그런 것도 아파트 단지 내에 몇 개 깔아둔 거야. 그래 가지고 거기서 좀 누워서 막 떠드는 사람들도 보고 이런 시설이 좀 있었어.,0.014965986394557823,0.02857142857142857,0.013605442176870748,0.0013605442176870747,0.005442176870748299,0.0027210884353741495,0.0027210884353741495,0.02312925170068027,0.0326530612244898,0.02040816326530612,0.004081632653061225,0.0163265306122449,0.0013605442176870747,0.005442176870748299,0.013605442176870748,0.0027210884353741495,0.004081632653061225,0.004081632653061225,0.024489795918367346,0.021768707482993196,0.0013605442176870747,0.0013605442176870747,0.005442176870748299,0.006802721088435374,0.0013605442176870747,0.004081632653061225,0.02040816326530612,0.0013605442176870747,0.0013605442176870747,0.009523809523809525,0.04353741496598639,0.0013605442176870747,0.005442176870748299,0.0013605442176870747,0.010884353741496598,0.005442176870748299,0.0013605442176870747,0.0027210884353741495,0.012244897959183673,0.0013605442176870747,0.0013605442176870747,0.006802721088435374,0.004081632653061225,0.0027210884353741495,0.027210884353741496,0.009523809523809525,0.010884353741496598,0.0013605442176870747,0.006802721088435374,0.024489795918367346,0.010884353741496598,0.0013605442176870747,0.006802721088435374,0.0027210884353741495,0.0013605442176870747,0.005442176870748299,0.0013605442176870747,0.0013605442176870747,0.0013605442176870747,0.006802721088435374,0.0013605442176870747,0.0027210884353741495,0.0013605442176870747,0.0027210884353741495,0.013605442176870748,0.0013605442176870747,0.006802721088435374,0.0013605442176870747,0.02857142857142857,0.0027210884353741495,0.0027210884353741495,0.0027210884353741495,0.005442176870748299,0.0013605442176870747,0.00816326530612245,0.004081632653061225,0.00816326530612245,0.0013605442176870747,0.005442176870748299,0.0027210884353741495,0.0013605442176870747,0.0013605442176870747,0.0027210884353741495,0.0013605442176870747,0.0013605442176870747,0.0013605442176870747,0.005442176870748299,0.0013605442176870747,0.005442176870748299,0.0027210884353741495,0.0013605442176870747,0.0027210884353741495,0.0027210884353741495,0.005442176870748299,0.004081632653061225,0.0013605442176870747,0.0027210884353741495,0.0013605442176870747,0.0013605442176870747,0.0013605442176870747,0.005442176870748299,0.004081632653061225,0.0013605442176870747,0.0013605442176870747,0.0013605442176870747,0.0027210884353741495,0.009523809523809525,0.014965986394557823,0.0013605442176870747,0.0013605442176870747,0.0013605442176870747,0.0027210884353741495,0.0013605442176870747,0.004081632653061225,0.0013605442176870747,0.004081632653061225,0.0013605442176870747,0.0013605442176870747,0.0027210884353741495,0.0027210884353741495,0.0027210884353741495,0.0013605442176870747,0.0013605442176870747,0.0027210884353741495,0.0027210884353741495,0.0013605442176870747,0.0027210884353741495,0.0013605442176870747,0.0027210884353741495,0.0013605442176870747,0.0013605442176870747,0.0013605442176870747,0.0013605442176870747,0.0013605442176870747,0.0013605442176870747,0.0013605442176870747,0.005442176870748299,0.004081632653061225,0.0013605442176870747,0.0013605442176870747,0.0027210884353741495,0.0027210884353741495,0.0013605442176870747,0.0013605442176870747,0.0013605442176870747,0.004081632653061225,0.0013605442176870747,0.0013605442176870747,0.004081632653061225,0.0013605442176870747,0.0027210884353741495,0.005442176870748299,0.0027210884353741495,0.004081632653061225,0.0013605442176870747,0.005442176870748299,0.0027210884353741495,0.0013605442176870747,0.0013605442176870747,0.0013605442176870747,0.0013605442176870747,0.0027210884353741495,0.0013605442176870747,0.0013605442176870747,0.0013605442176870747,0.0013605442176870747,0.0013605442176870747,0.0027210884353741495,0.0027210884353741495,0.0013605442176870747,0.0013605442176870747,0.0013605442176870747,0.0013605442176870747,0.0013605442176870747,0.0013605442176870747,0.0013605442176870747,0.0013605442176870747,0.0013605442176870747,0.0013605442176870747,0.0013605442176870747,0.0027210884353741495,0.0013605442176870747,0.0027210884353741495,0.0013605442176870747,0.0013605442176870747,0.005442176870748299,0.005442176870748299,0.005442176870748299,0.0013605442176870747,0.0013605442176870747,0.0013605442176870747,0.0013605442176870747,0.0013605442176870747,0.0013605442176870747,0.0013605442176870747,0.0027210884353741495,0.0013605442176870747,0.0013605442176870747,0.0013605442176870747,0.0013605442176870747,0.0027210884353741495,0.0013605442176870747,0.0013605442176870747,0.0013605442176870747,0.004081632653061225,0.0013605442176870747,0.0013605442176870747,0.0013605442176870747,0.0013605442176870747,0.0027210884353741495,0.0013605442176870747,0.0013605442176870747,0.0013605442176870747,0.005442176870748299,0.0027210884353741495,0.0013605442176870747,0.0013605442176870747,0.0027210884353741495,0.0013605442176870747,0.0013605442176870747,0.0013605442176870747,0.0013605442176870747,0.0013605442176870747,0.0013605442176870747,0.0013605442176870747,0.0013605442176870747,0.0013605442176870747,0.0013605442176870747,0.0027210884353741495,0.0027210884353741495,0.0013605442176870747,0.0013605442176870747,0.0013605442176870747,0.0013605442176870747,0.0013605442176870747,0.0013605442176870747,0.0013605442176870747,0.0013605442176870747,0.0027210884353741495,0.0013605442176870747,0.0013605442176870747,0.0013605442176870747,0.0013605442176870747,0.0013605442176870747,0.0013605442176870747,0.0013605442176870747,0.0013605442176870747,0.0013605442176870747,0.0013605442176870747,0.0013605442176870747,0.0027210884353741495,0.0013605442176870747,0.0013605442176870747,0.0013605442176870747,0.0013605442176870747,0.0013605442176870747,0.0013605442176870747,0.0013605442176870747,0.0,0.0,0.0,0.0,0.0,0.0,0.0,0.0,0.0,0.0,0.0,0.0,0.0,0.0,0.0,0.0,0.0,0.0,0.0,0.0,0.0,0.0,0.0,0.0,0.0,0.0,0.0,0.0,0.0,0.0,0.0,0.0,0.0,0.0,0.0,0.0,0.0,0.0,0.0,0.0,0.0,0.0,0.0,0.0,0.0,0.0,0.0,0.0,0.0,0.0,0.0,0.0,0.0,0.0,0.0,0.0,0.0,0.0,0.0,0.0,0.0,0.0,0.0,0.0,0.0,0.0,0.0,0.0,0.0,0.0,0.0,0.0,0.0,0.0,0.0,0.0,0.0,0.0,0.0,0.0,0.0,0.0,0.0,0.0,0.0,0.0,0.0,0.0,0.0,0.0,0.0,0.0,0.0,0.0,0.0,0.0,0.0,0.0,0.0,0.0,0.0,0.0,0.0,0.0,0.0,0.0,0.0,0.0,0.0,0.0,0.0,0.0,0.0,0.0,0.0,0.0,0.0,0.0,0.0,0.0,0.0,0.0,0.0,0.0,0.0,0.0,0.0,0.0,0.0,0.0,0.0,0.0,0.0,0.0,0.0,0.0,0.0,0.0,0.0,0.0,0.0,0.0,0.0,0.0,0.0,0.0,0.0,0.0,0.0,0.0,0.0,0.0,0.0,0.0,0.0,0.0,0.0,0.0,0.0,0.0,0.0,0.0,0.0,0.0,0.0,0.0,0.0,0.0,0.0,0.0,0.0,0.0,0.0,0.0,0.0,0.0,0.0,0.0,0.0,0.0,0.0,0.0,0.0,0.0,0.0,0.0,0.0,0.0,0.0,0.0,0.0,0.0,0.0,0.0,0.0,0.0,0.0,0.0,0.0,0.0,0.0,0.0,0.4350932211914472,0.0,0.0,0.0,0.4350932211914472,0.0,0.0,0.0,0.0,0.0,0.0,0.0,0.0,0.0,0.0,0.0,0.0,0.0,0.0,0.0,0.0,0.0,0.0,0.0,0.0,0.0,0.0,0.0,0.0,0.0,0.0,0.0,0.0,0.0,0.0,0.0,0.0,0.0,0.0,0.0,0.0,0.0,0.0,0.0,0.0,0.0,0.0,0.0,0.0,0.0,0.0,0.0,0.0,0.0,0.0,0.0,0.0,0.0,0.0,0.0,0.0,0.0,0.0,0.0,0.0,0.0,0.0,0.0,0.0,0.0,0.0,0.0,0.0,0.0,0.0,0.0,0.0,0.0,0.0,0.0,0.0,0.0,0.0,0.0,0.0,0.0,0.0,0.0,0.0,0.0,0.0,0.0,0.0,0.0,0.0,0.0,0.0,0.0,0.0,0.0,0.0,0.0,0.0,0.0,0.0,0.0,0.0,0.0,0.0,0.0,0.0,0.0,0.4033886775688846,0.0,0.0,0.0,0.0,0.0,0.0,0.0,0.0,0.0,0.0,0.0,0.0,0.0,0.0,0.0,0.0,0.0,0.0,0.0,0.0,0.0,0.0,0.0,0.0,0.0,0.0,0.0,0.0,0.0,0.0,0.0,0.0,0.0,0.0,0.0,0.0,0.0,0.0,0.0,0.0,0.0,0.0,0.0,0.0,0.0,0.0,0.0,0.0,0.0,0.0,0.0,0.0,0.0,0.0,0.0,0.0,0.0,0.0,0.0,0.0,0.0,0.0,0.0,0.0,0.0,0.0,0.0,0.0,0.0,0.0,0.0,0.0,0.0,0.0,0.0,0.0,0.0,0.0,0.0,0.0,0.0,0.0,0.0,0.0,0.0,0.0,0.0,0.0,0.0,0.0,0.0,0.0,0.0,0.0,0.0,0.0,0.0,0.0,0.0,0.0,0.0,0.0,0.0,0.0,0.0,0.0,0.0,0.0,0.0,0.0,0.0,0.0,0.0,0.0,0.0,0.0,0.0,0.0,0.0,0.0,0.0,0.0,0.0,0.0,0.0,0.0,0.0,0.0,0.0,0.0,0.0,0.0,0.0,0.0,0.0,0.0,0.0,0.0,0.0,0.0,0.0,0.0,0.0,0.0,0.0,0.0,0.0,0.0,0.0,0.0,0.0,0.0,0.0,0.0,0.0,0.0,0.0,0.0,0.0,0.0,0.0,0.0,0.0,0.0,0.0,0.0,0.0,0.0,0.0,0.0,0.0,0.0,0.0,0.0,0.0,0.0,0.0,0.0,0.0,0.0,0.0,0.0,0.0,0.0,0.0,0.0,0.0,0.0,0.0,0.0,0.0,0.0,0.0,0.0,0.0,0.0,0.0,0.0,0.0,0.0,0.0,0.0,0.0,0.0,0.0,0.0,0.0,0.0,0.0,0.0,0.0,0.0,0.0,0.0,0.0,0.0,0.0,0.0,0.0,0.0,0.0,0.0,0.0,0.0,0.0,0.0,0.0,0.0,0.0,0.0,0.0,0.0,0.0,0.0,0.0,0.0,0.0,0.0,0.0,0.0,0.0,0.0,0.0,0.0,0.0,0.0,0.0,0.0,0.0,0.0,0.0,0.0,0.0,0.0,0.0,0.0,0.0,0.0,0.0,0.0,0.0,0.0,0.0,0.0,0.0,0.0,0.0,0.0,0.0,0.0,0.0,0.0,0.0,0.0,0.0,0.0,0.0,0.0,0.0,0.0,0.0,0.0,0.0,0.0,0.0,0.0,0.0,0.0,0.0,0.0,0.0,0.0,0.0,0.0,0.0,0.0,0.0,0.0,0.0,0.0,0.0,0.0,0.0,0.0,0.0,0.0,0.0,0.0,0.0,0.0,0.0,0.0,0.0,0.0,0.0,0.0,0.0,0.0,0.0,0.0,0.0,0.0,0.0,0.0,0.0,0.0,0.0,0.0,0.0,0.0,0.0,0.0,0.0,0.0,0.0,0.0,0.0,0.0,0.0,0.0,0.0,0.0,0.0,0.0,0.0,0.0,0.0,0.0,0.0,0.0,0.0,0.0,0.0,0.0,0.0,0.0,0.0,0.0,0.0,0.0,0.0,0.0,0.0,0.0,0.0,0.0,0.0,0.0,0.0,0.0,0.0,0.0,0.0,0.0,0.0,0.0,0.0,0.0,0.0,0.0,0.0,0.0,0.0,0.0,0.0,0.0,0.0,0.0,0.0,0.0,0.0,0.0,0.0,0.0,0.0,0.0,0.0,0.0,0.0,0.0,0.0,0.0,0.0,0.0,0.0,0.0,0.0,0.0,0.0,0.0,0.0,0.0,0.0,0.0,0.0,0.0,0.0,0.0,0.0,0.0,0.0,0.0,0.0,0.0,0.0,0.0,0.2829366188782005,0.0,0.0,0.0,0.0,0.0,0.0,0.0,0.0,0.0,0.0,0.0,0.0,0.0,0.0,0.0,0.0,0.0,0.0,0.0,0.0,0.0,0.0,0.0,0.0,0.0,0.0,0.0,0.0,0.0,0.0,0.0,0.0,0.0,0.0,0.0,0.0,0.4350932211914472,0.0,0.0,0.0,0.0,0.0,0.0,0.0,0.0,0.0,0.0,0.0,0.0,0.0,0.0,0.0,0.0,0.0,0.0,0.0,0.0,0.0,0.0,0.0,0.0,0.0,0.0,0.0,0.0,0.0,0.0,0.0,0.0,0.0,0.0,0.0,0.0,0.0,0.0,0.0,0.0,0.0,0.0,0.0,0.0,0.0,0.0,0.0,0.0,0.0,0.0,0.0,0.0,0.0,0.0,0.0,0.0,0.0,0.0,0.0,0.0,0.0,0.0,0.0,0.0,0.0,0.0,0.0,0.0,0.0,0.0,0.0,0.0,0.0,0.0,0.0,0.0,0.0,0.0,0.0,0.0,0.0,0.0,0.0,0.0,0.0,0.0,0.0,0.0,0.0,0.0,0.0,0.0,0.0,0.0,0.0,0.0,0.0,0.0,0.0,0.0,0.0,0.0,0.0,0.0,0.0,0.0,0.0,0.0,0.0,0.0,0.0,0.0,0.0,0.0,0.0,0.0,0.0,0.0,0.0,0.0,0.4350932211914472,0.0,0.0,0.0,0.0,0.0,0.0,0.0,0.0,0.0,0.0,0.0,0.0,0.0,0.0,0.0,0.0,0.0,0.0,0.0,0.0,0.0,0.0
SD2401267,20대,너희 집은 지금 오피스텔이잖아. 그 층간 소음 좀 있는 거 같아? 나 지금 7층 사는데 딱히 층간 소음은 없는 거 같은데 좀 그 아파트에 이상한 사람은 좀 있는 거 같더라. 왜냐하면은 우리가 집에 아무도 없는 상태였는데 갑자기 밑의 집에서 올라온다 아 그 밑의 집인가 어디서 막 신고가 들어왔다는 거야. 이 이 시간이 너무 시끄러웠었다고. 그래 가지고 그게 그게 꼭 밑의 집은 아니고 밑의 층은 아니었던 거 같은데 그런 사람이 좀 있어서 좀 뭐지 좀 조심해야겠다 이런 적은 있었어. 이런 적이 있어. 그리고 너는 지금 자취를 그 1곳에서만 했던 거야 이사 없이? 나도 지금 누나랑 같이 살라고 하면은 절대 못 살 거 같아. 누나랑 진짜 맞는 게 하나도 없단 말이야. 누나도 막 나도 새벽에 전화하면은 누나가 뭐라 하고. 어떨 때 누나가 새벽에 게임하면 또 나한테 이제 내가 이제 스트레스받고. 그래서 이제 만약에 내가 너처럼 그러니까 형제 같이 살라고 하면은 나는 못 살 거 같아. 그리고 그리고 그 이사를 좀 많이 다녔었는데 이사 다닐 때마다 이제 방이 있긴 한데 이게 크기가 이제 큰방 작은방이 있었단 말이야. 그래 가지고 누가 큰방 쓸 거냐 이런 거 때문에 또 엄청 싸운 적 싸웠었고 싸웠었던 거 같아. 그러면 본가도 그러면 지금 살던 데 쭉 계속 살고 있었던 거야 어릴 때부터? 나는 이제 어릴 때부터 정말 많이 다녔었는데 초등학교랑 중학교 때까지는 그래도 한동네 내에서 왔다 갔다 했던 거여서 좀 이제 이사하느라 좀 귀찮고 막 집 바뀌는 게 좀 불편 적응이 안 되 초반에 적응이 안 되는 게 있긴 했어도 이 친구들이랑 멀어진다 이런 거 없어서 괜찮았는데 중학교 3학년에서 이제 고등학교 때 한번 아예 학 그 학 우리 지금 다니는 학교 쪽으로 이사를 왔었단 말이야. 근데 그때 정말 좀 좋았던 친구들인데 완전 멀어지니까 그때 쪼끔 이제 스트레스를 받았었던 경험이 있고. 그래서 또 그래 가지고 이제 고등학교 1학년 때에서부터 2학년 때 또 이사를 가야 되는 상황이 된 거야. 근데 그래서 원래 다니던 고등학교 쪽으로 가려 했었는데 그러진 않고 이제 다시 원래 동네로 돌아갔었던 적이 있어. 나도 그런 전원주택에서 사는 꿈 같은 게 있었던 거 같아. 그 내가 직접 집을 만들고 아 설계해서 막 비밀 공간이나 아 이제 정말 큰 목욕탕이나 아니면 음 어떤 작업실 뭐 이런 걸 만들어 두고 싶다는 생각이 있었어. 만들고 싶다는. 그리 너 근데 지금 자취하고 있잖아. 그러면 그 가전제품 같은 거는 뭐 뭐 있어? 어 이러면 안 되는데. 나는 이제 본가에 살잖아. 어 집안일을 거의 다 안 하고 엄마가 하고 있어. 그러니까 설거지만 이제 내가 먹은 거 설거지하고 이제 그리고 옷 옷이나 분리수거 이런 거는 엄마 아빠가 거의 다 하는 거 같아. 그 자취하면서 이런 설거지나 분리수거 때문에 막 오빠랑 막 싸우거나 그러진 않아? 난 지금 너무 자취를 하고 싶어. 왜냐하면은 일단 난 이제 혼자가 편하단 말이야. 그래 가지고 이제 나만의 일상생활 패턴이 있는데 어쨌든 가족이랑 살면은 아무리 가족이라도 쪼금 지켜야 되는 게 있으니까 그런 게 이제 좀 나한테는 너무 좀 힘들고 내가 하고 싶은 것도 너무 제한이 되는 거 같아서 학교 근처에서 자취하고 싶다는 생각은 있는데 이게 자취도 어쨌든 돈이 많이 깨지니까 쉽사리 하진 못 하고 있고. 음 아마 군대 갔다 와서 자취를 할 수 있으면 하지 않을까 이런 생각이 있어. 음 너는 음 너희 집 인테리어는 혹시 어떻게 돼 있어? 음 우리 집은 이번에 새로 지은 아파트여 가지고 그냥 전체적으로 완전 깔끔한 느낌으로 지금 돼 있는데 이게 아파 이제 방 청소를 쪼끔만 안 해도 이제 옷가 방이 좀 좁아 가지고 옷도 막 의자 위에 올라가 있고 침대 위에 뭉쳐져 있고. 그래 가지고 인테리어는 깔끔한데 방 정리는 되게 안 돼 있는 거 같아. 그리고 또 새로 지은 아파트라 했잖아. 이게 요즘에 새로 지어서 그런가. 아파트가 되게 개성이 넘치더라고. 건물도 막 다 이 모습이 막 다르고. 막 저게 아파트 건물이야 이런 것도 있고. 그리고 처음에 이사 왔을 때 첫날인데 집을 못 찾겠는 거야. 왜냐하면은 보통 아파트 단지가 뭐 몇 호부터 몇 호 1에서 3 3에서 5 이렇게 순서대로 있는데 거기는 막 1에서 3이랑 17에서 19 이렇게 붙어 있고. 막 이상하게 다 붙어 있는 거야. 그래 가지고 처음 이사 갔을 때 그 아파트 단지 안에서 길 잃어 가지고 한 20분 30분 정도 헤맸던 기억이 있어. 너는 만약에 이제 앞으로 회사 다니고 할 거면은 하면은 혼자 살게 되면은 서울에서 계속 살고 싶어? 아니면은 대구? 이게 새로 지은 아파트여 가지고 이게 헬스장이나 도서관 뭐 어린이집 이런 게 입주된다는 얘기만 있고 아직은 인프라가 갖춰지진 못한 거 같아. 그래서 헬스장도 아마 생긴다곤 하는데 어 언제 생길진 잘 모르겠고. 그 아파트 단지 내에 도서관은 지금도 운영하고 있고. 그거 말고도 뭔가 주민들 휴식 공간이라고 하면서 건물이 몇 개 있더라고. 거기서 막 좀 차 같은 거 마시고 막 떠들면서 있는 아줌마들도 있고. 그 빈백 빈백도 있잖아. 그런 것도 아파트 단지 내에 몇 개 깔아둔 거야. 그래 가지고 거기서 좀 누워서 막 떠드는 사람들도 보고 이런 시설이 좀 있었어.,0.014965986394557823,0.02857142857142857,0.013605442176870748,0.0013605442176870747,0.005442176870748299,0.0027210884353741495,0.0027210884353741495,0.02312925170068027,0.0326530612244898,0.02040816326530612,0.004081632653061225,0.0163265306122449,0.0013605442176870747,0.005442176870748299,0.013605442176870748,0.0027210884353741495,0.004081632653061225,0.004081632653061225,0.024489795918367346,0.021768707482993196,0.0013605442176870747,0.0013605442176870747,0.005442176870748299,0.006802721088435374,0.0013605442176870747,0.004081632653061225,0.02040816326530612,0.0013605442176870747,0.0013605442176870747,0.009523809523809525,0.04353741496598639,0.0013605442176870747,0.005442176870748299,0.0013605442176870747,0.010884353741496598,0.005442176870748299,0.0013605442176870747,0.0027210884353741495,0.012244897959183673,0.0013605442176870747,0.0013605442176870747,0.006802721088435374,0.004081632653061225,0.0027210884353741495,0.027210884353741496,0.009523809523809525,0.010884353741496598,0.0013605442176870747,0.006802721088435374,0.024489795918367346,0.010884353741496598,0.0013605442176870747,0.006802721088435374,0.0027210884353741495,0.0013605442176870747,0.005442176870748299,0.0013605442176870747,0.0013605442176870747,0.0013605442176870747,0.006802721088435374,0.0013605442176870747,0.0027210884353741495,0.0013605442176870747,0.0027210884353741495,0.013605442176870748,0.0013605442176870747,0.006802721088435374,0.0013605442176870747,0.02857142857142857,0.0027210884353741495,0.0027210884353741495,0.0027210884353741495,0.005442176870748299,0.0013605442176870747,0.00816326530612245,0.004081632653061225,0.00816326530612245,0.0013605442176870747,0.005442176870748299,0.0027210884353741495,0.0013605442176870747,0.0013605442176870747,0.0027210884353741495,0.0013605442176870747,0.0013605442176870747,0.0013605442176870747,0.005442176870748299,0.0013605442176870747,0.005442176870748299,0.0027210884353741495,0.0013605442176870747,0.0027210884353741495,0.0027210884353741495,0.005442176870748299,0.004081632653061225,0.0013605442176870747,0.0027210884353741495,0.0013605442176870747,0.0013605442176870747,0.0013605442176870747,0.005442176870748299,0.004081632653061225,0.0013605442176870747,0.0013605442176870747,0.0013605442176870747,0.0027210884353741495,0.009523809523809525,0.014965986394557823,0.0013605442176870747,0.0013605442176870747,0.0013605442176870747,0.0027210884353741495,0.0013605442176870747,0.004081632653061225,0.0013605442176870747,0.004081632653061225,0.0013605442176870747,0.0013605442176870747,0.0027210884353741495,0.0027210884353741495,0.0027210884353741495,0.0013605442176870747,0.0013605442176870747,0.0027210884353741495,0.0027210884353741495,0.0013605442176870747,0.0027210884353741495,0.0013605442176870747,0.0027210884353741495,0.0013605442176870747,0.0013605442176870747,0.0013605442176870747,0.0013605442176870747,0.0013605442176870747,0.0013605442176870747,0.0013605442176870747,0.005442176870748299,0.004081632653061225,0.0013605442176870747,0.0013605442176870747,0.0027210884353741495,0.0027210884353741495,0.0013605442176870747,0.0013605442176870747,0.0013605442176870747,0.004081632653061225,0.0013605442176870747,0.0013605442176870747,0.004081632653061225,0.0013605442176870747,0.0027210884353741495,0.005442176870748299,0.0027210884353741495,0.004081632653061225,0.0013605442176870747,0.005442176870748299,0.0027210884353741495,0.0013605442176870747,0.0013605442176870747,0.0013605442176870747,0.0013605442176870747,0.0027210884353741495,0.0013605442176870747,0.0013605442176870747,0.0013605442176870747,0.0013605442176870747,0.0013605442176870747,0.0027210884353741495,0.0027210884353741495,0.0013605442176870747,0.0013605442176870747,0.0013605442176870747,0.0013605442176870747,0.0013605442176870747,0.0013605442176870747,0.0013605442176870747,0.0013605442176870747,0.0013605442176870747,0.0013605442176870747,0.0013605442176870747,0.0027210884353741495,0.0013605442176870747,0.0027210884353741495,0.0013605442176870747,0.0013605442176870747,0.005442176870748299,0.005442176870748299,0.005442176870748299,0.0013605442176870747,0.0013605442176870747,0.0013605442176870747,0.0013605442176870747,0.0013605442176870747,0.0013605442176870747,0.0013605442176870747,0.0027210884353741495,0.0013605442176870747,0.0013605442176870747,0.0013605442176870747,0.0013605442176870747,0.0027210884353741495,0.0013605442176870747,0.0013605442176870747,0.0013605442176870747,0.004081632653061225,0.0013605442176870747,0.0013605442176870747,0.0013605442176870747,0.0013605442176870747,0.0027210884353741495,0.0013605442176870747,0.0013605442176870747,0.0013605442176870747,0.005442176870748299,0.0027210884353741495,0.0013605442176870747,0.0013605442176870747,0.0027210884353741495,0.0013605442176870747,0.0013605442176870747,0.0013605442176870747,0.0013605442176870747,0.0013605442176870747,0.0013605442176870747,0.0013605442176870747,0.0013605442176870747,0.0013605442176870747,0.0013605442176870747,0.0027210884353741495,0.0027210884353741495,0.0013605442176870747,0.0013605442176870747,0.0013605442176870747,0.0013605442176870747,0.0013605442176870747,0.0013605442176870747,0.0013605442176870747,0.0013605442176870747,0.0027210884353741495,0.0013605442176870747,0.0013605442176870747,0.0013605442176870747,0.0013605442176870747,0.0013605442176870747,0.0013605442176870747,0.0013605442176870747,0.0013605442176870747,0.0013605442176870747,0.0013605442176870747,0.0013605442176870747,0.0027210884353741495,0.0013605442176870747,0.0013605442176870747,0.0013605442176870747,0.0013605442176870747,0.0013605442176870747,0.0013605442176870747,0.0013605442176870747,0.0,0.0,0.0,0.0,0.0,0.0,0.0,0.0,0.0,0.0,0.0,0.0,0.0,0.0,0.0,0.0,0.0,0.0,0.0,0.0,0.0,0.0,0.0,0.0,0.0,0.0,0.0,0.0,0.0,0.0,0.0,0.0,0.0,0.0,0.0,0.0,0.0,0.0,0.0,0.0,0.0,0.0,0.0,0.0,0.0,0.0,0.0,0.0,0.0,0.0,0.0,0.0,0.0,0.0,0.0,0.0,0.0,0.0,0.0,0.0,0.0,0.0,0.0,0.0,0.0,0.0,0.0,0.0,0.0,0.0,0.0,0.0,0.0,0.0,0.0,0.0,0.0,0.0,0.0,0.0,0.0,0.0,0.0,0.0,0.0,0.0,0.0,0.0,0.0,0.0,0.0,0.0,0.0,0.0,0.0,0.0,0.0,0.0,0.0,0.0,0.0,0.0,0.0,0.0,0.0,0.0,0.0,0.0,0.0,0.0,0.0,0.0,0.0,0.0,0.0,0.0,0.0,0.0,0.0,0.0,0.0,0.0,0.0,0.0,0.0,0.0,0.0,0.0,0.0,0.0,0.0,0.0,0.0,0.0,0.0,0.0,0.0,0.0,0.0,0.0,0.0,0.0,0.0,0.0,0.0,0.0,0.0,0.0,0.0,0.0,0.0,0.0,0.0,0.0,0.0,0.0,0.0,0.0,0.0,0.0,0.0,0.0,0.0,0.0,0.0,0.0,0.0,0.0,0.0,0.0,0.0,0.0,0.0,0.0,0.0,0.0,0.0,0.0,0.0,0.0,0.0,0.0,0.0,0.0,0.0,0.0,0.0,0.0,0.0,0.0,0.0,0.0,0.0,0.0,0.0,0.0,0.0,0.0,0.0,0.0,0.0,0.0,0.0,0.0,0.0,0.0,0.0,0.0,0.0,0.0,0.0,0.0,0.0,0.0,0.0,0.0,0.0,0.0,0.0,0.0,0.0,0.0,0.0,0.0,0.0,0.0,0.0,0.0,0.0,0.0,0.0,0.0,0.0,0.0,0.0,0.0,0.0,0.0,0.0,0.0,0.0,0.0,0.0,0.0,0.0,0.0,0.33446062077462485,0.0,0.0,0.0,0.0,0.0,0.0,0.0,0.0,0.0,0.0,0.0,0.0,0.0,0.0,0.0,0.0,0.0,0.0,0.0,0.0,0.0,0.0,0.0,0.0,0.0,0.0,0.0,0.0,0.0,0.0,0.0,0.0,0.0,0.0,0.0,0.0,0.0,0.0,0.0,0.0,0.0,0.0,0.0,0.0,0.0,0.0,0.0,0.0,0.0,0.0,0.0,0.0,0.0,0.0,0.0,0.0,0.0,0.0,0.0,0.0,0.0,0.0,0.0,0.0,0.0,0.0,0.0,0.0,0.0,0.0,0.0,0.0,0.0,0.0,0.0,0.0,0.0,0.0,0.0,0.0,0.0,0.0,0.0,0.0,0.0,0.0,0.0,0.0,0.0,0.0,0.0,0.0,0.0,0.0,0.0,0.0,0.0,0.0,0.0,0.0,0.23199199631494413,0.0,0.0,0.0,0.0,0.0,0.0,0.0,0.0,0.0,0.0,0.0,0.0,0.0,0.0,0.0,0.0,0.0,0.0,0.0,0.0,0.0,0.0,0.0,0.0,0.0,0.0,0.3100890129790793,0.0,0.0,0.0,0.0,0.0,0.0,0.0,0.0,0.0,0.0,0.0,0.0,0.0,0.0,0.0,0.0,0.0,0.0,0.0,0.0,0.0,0.0,0.0,0.0,0.0,0.0,0.0,0.0,0.0,0.0,0.0,0.33446062077462485,0.0,0.0,0.0,0.0,0.0,0.0,0.0,0.0,0.0,0.0,0.0,0.0,0.0,0.0,0.0,0.0,0.0,0.0,0.0,0.0,0.0,0.0,0.0,0.0,0.0,0.0,0.0,0.0,0.0,0.0,0.0,0.0,0.0,0.0,0.0,0.0,0.0,0.0,0.3100890129790793,0.0,0.0,0.0,0.0,0.0,0.0,0.0,0.0,0.0,0.0,0.0,0.0,0.0,0.0,0.0,0.0,0.0,0.0,0.0,0.0,0.0,0.0,0.0,0.0,0.0,0.0,0.0,0.0,0.0,0.0,0.0,0.0,0.0,0.0,0.0,0.0,0.0,0.0,0.0,0.0,0.0,0.0,0.0,0.0,0.0,0.0,0.0,0.0,0.0,0.0,0.0,0.0,0.0,0.0,0.0,0.0,0.0,0.0,0.0,0.0,0.0,0.0,0.0,0.0,0.0,0.0,0.0,0.0,0.0,0.0,0.0,0.0,0.0,0.0,0.0,0.0,0.0,0.0,0.0,0.0,0.0,0.33446062077462485,0.0,0.0,0.0,0.0,0.0,0.0,0.0,0.0,0.0,0.0,0.0,0.0,0.0,0.0,0.0,0.0,0.0,0.0,0.0,0.0,0.0,0.0,0.0,0.0,0.0,0.0,0.0,0.0,0.0,0.0,0.0,0.0,0.0,0.0,0.0,0.0,0.0,0.0,0.0,0.0,0.0,0.0,0.0,0.0,0.0,0.0,0.0,0.0,0.0,0.0,0.0,0.0,0.0,0.0,0.0,0.0,0.0,0.0,0.0,0.0,0.0,0.0,0.0,0.0,0.0,0.0,0.0,0.0,0.0,0.0,0.0,0.0,0.0,0.0,0.0,0.0,0.0,0.0,0.0,0.0,0.0,0.0,0.0,0.0,0.0,0.0,0.0,0.0,0.0,0.0,0.0,0.0,0.0,0.0,0.0,0.0,0.0,0.0,0.0,0.0,0.0,0.0,0.0,0.0,0.0,0.0,0.0,0.33446062077462485,0.0,0.0,0.0,0.0,0.0,0.0,0.0,0.0,0.0,0.0,0.0,0.0,0.0,0.0,0.0,0.0,0.0,0.0,0.0,0.0,0.0,0.0,0.0,0.0,0.0,0.0,0.0,0.0,0.0,0.0,0.0,0.0,0.0,0.0,0.0,0.0,0.0,0.0,0.0,0.0,0.0,0.0,0.0,0.0,0.0,0.0,0.0,0.0,0.0,0.0,0.0,0.0,0.0,0.0,0.0,0.0,0.0,0.0,0.0,0.0,0.0,0.0,0.0,0.0,0.0,0.0,0.0,0.0,0.0,0.0,0.0,0.0,0.0,0.0,0.0,0.0,0.0,0.0,0.0,0.0,0.0,0.0,0.0,0.196057340985257,0.0,0.0,0.0,0.0,0.0,0.0,0.0,0.0,0.0,0.0,0.0,0.0,0.0,0.0,0.0,0.0,0.0,0.0,0.0,0.0,0.0,0.0,0.0,0.0,0.0,0.0,0.0,0.0,0.0,0.0,0.0,0.0,0.0,0.0,0.0,0.0,0.0,0.0,0.0,0.0,0.0,0.0,0.0,0.0,0.0,0.0,0.0,0.0,0.0,0.0,0.0,0.0,0.0,0.0,0.0,0.0,0.0,0.0,0.0,0.0,0.0,0.0,0.0,0.0,0.0,0.0,0.0,0.0,0.0,0.0,0.0,0.0,0.0,0.0,0.0,0.0,0.0,0.0,0.0,0.0,0.0,0.0,0.0,0.0,0.0,0.0,0.0,0.0,0.0,0.0,0.0,0.0,0.0,0.0,0.0,0.0,0.0,0.0,0.0,0.0,0.0,0.0,0.0,0.0,0.0,0.0,0.0,0.0,0.0,0.0,0.0,0.0,0.0,0.0,0.0,0.0,0.0,0.0,0.0,0.0,0.0,0.0,0.0,0.0,0.0,0.0,0.0,0.0,0.0,0.0,0.0,0.0,0.0,0.0,0.0,0.0,0.0,0.0,0.0,0.0,0.0,0.0,0.0,0.0,0.0,0.0,0.0,0.0,0.0,0.0,0.0,0.0,0.0,0.0,0.0,0.0,0.0,0.0,0.27938441841500533,0.0,0.0,0.0,0.0,0.0,0.0,0.0,0.0,0.0,0.0,0.0,0.0,0.0,0.0,0.0,0.0,0.0,0.0,0.0,0.0,0.0,0.0,0.0,0.0,0.0,0.0,0.0,0.0,0.27938441841500533,0.0,0.0,0.0,0.0,0.33446062077462485,0.0,0.0,0.0,0.0,0.0,0.0,0.0,0.0,0.0
SD2401267,20대,너희 집은 지금 오피스텔이잖아. 그 층간 소음 좀 있는 거 같아? 나 지금 7층 사는데 딱히 층간 소음은 없는 거 같은데 좀 그 아파트에 이상한 사람은 좀 있는 거 같더라. 왜냐하면은 우리가 집에 아무도 없는 상태였는데 갑자기 밑의 집에서 올라온다 아 그 밑의 집인가 어디서 막 신고가 들어왔다는 거야. 이 이 시간이 너무 시끄러웠었다고. 그래 가지고 그게 그게 꼭 밑의 집은 아니고 밑의 층은 아니었던 거 같은데 그런 사람이 좀 있어서 좀 뭐지 좀 조심해야겠다 이런 적은 있었어. 이런 적이 있어. 그리고 너는 지금 자취를 그 1곳에서만 했던 거야 이사 없이? 나도 지금 누나랑 같이 살라고 하면은 절대 못 살 거 같아. 누나랑 진짜 맞는 게 하나도 없단 말이야. 누나도 막 나도 새벽에 전화하면은 누나가 뭐라 하고. 어떨 때 누나가 새벽에 게임하면 또 나한테 이제 내가 이제 스트레스받고. 그래서 이제 만약에 내가 너처럼 그러니까 형제 같이 살라고 하면은 나는 못 살 거 같아. 그리고 그리고 그 이사를 좀 많이 다녔었는데 이사 다닐 때마다 이제 방이 있긴 한데 이게 크기가 이제 큰방 작은방이 있었단 말이야. 그래 가지고 누가 큰방 쓸 거냐 이런 거 때문에 또 엄청 싸운 적 싸웠었고 싸웠었던 거 같아. 그러면 본가도 그러면 지금 살던 데 쭉 계속 살고 있었던 거야 어릴 때부터? 나는 이제 어릴 때부터 정말 많이 다녔었는데 초등학교랑 중학교 때까지는 그래도 한동네 내에서 왔다 갔다 했던 거여서 좀 이제 이사하느라 좀 귀찮고 막 집 바뀌는 게 좀 불편 적응이 안 되 초반에 적응이 안 되는 게 있긴 했어도 이 친구들이랑 멀어진다 이런 거 없어서 괜찮았는데 중학교 3학년에서 이제 고등학교 때 한번 아예 학 그 학 우리 지금 다니는 학교 쪽으로 이사를 왔었단 말이야. 근데 그때 정말 좀 좋았던 친구들인데 완전 멀어지니까 그때 쪼끔 이제 스트레스를 받았었던 경험이 있고. 그래서 또 그래 가지고 이제 고등학교 1학년 때에서부터 2학년 때 또 이사를 가야 되는 상황이 된 거야. 근데 그래서 원래 다니던 고등학교 쪽으로 가려 했었는데 그러진 않고 이제 다시 원래 동네로 돌아갔었던 적이 있어. 나도 그런 전원주택에서 사는 꿈 같은 게 있었던 거 같아. 그 내가 직접 집을 만들고 아 설계해서 막 비밀 공간이나 아 이제 정말 큰 목욕탕이나 아니면 음 어떤 작업실 뭐 이런 걸 만들어 두고 싶다는 생각이 있었어. 만들고 싶다는. 그리 너 근데 지금 자취하고 있잖아. 그러면 그 가전제품 같은 거는 뭐 뭐 있어? 어 이러면 안 되는데. 나는 이제 본가에 살잖아. 어 집안일을 거의 다 안 하고 엄마가 하고 있어. 그러니까 설거지만 이제 내가 먹은 거 설거지하고 이제 그리고 옷 옷이나 분리수거 이런 거는 엄마 아빠가 거의 다 하는 거 같아. 그 자취하면서 이런 설거지나 분리수거 때문에 막 오빠랑 막 싸우거나 그러진 않아? 난 지금 너무 자취를 하고 싶어. 왜냐하면은 일단 난 이제 혼자가 편하단 말이야. 그래 가지고 이제 나만의 일상생활 패턴이 있는데 어쨌든 가족이랑 살면은 아무리 가족이라도 쪼금 지켜야 되는 게 있으니까 그런 게 이제 좀 나한테는 너무 좀 힘들고 내가 하고 싶은 것도 너무 제한이 되는 거 같아서 학교 근처에서 자취하고 싶다는 생각은 있는데 이게 자취도 어쨌든 돈이 많이 깨지니까 쉽사리 하진 못 하고 있고. 음 아마 군대 갔다 와서 자취를 할 수 있으면 하지 않을까 이런 생각이 있어. 음 너는 음 너희 집 인테리어는 혹시 어떻게 돼 있어? 음 우리 집은 이번에 새로 지은 아파트여 가지고 그냥 전체적으로 완전 깔끔한 느낌으로 지금 돼 있는데 이게 아파 이제 방 청소를 쪼끔만 안 해도 이제 옷가 방이 좀 좁아 가지고 옷도 막 의자 위에 올라가 있고 침대 위에 뭉쳐져 있고. 그래 가지고 인테리어는 깔끔한데 방 정리는 되게 안 돼 있는 거 같아. 그리고 또 새로 지은 아파트라 했잖아. 이게 요즘에 새로 지어서 그런가. 아파트가 되게 개성이 넘치더라고. 건물도 막 다 이 모습이 막 다르고. 막 저게 아파트 건물이야 이런 것도 있고. 그리고 처음에 이사 왔을 때 첫날인데 집을 못 찾겠는 거야. 왜냐하면은 보통 아파트 단지가 뭐 몇 호부터 몇 호 1에서 3 3에서 5 이렇게 순서대로 있는데 거기는 막 1에서 3이랑 17에서 19 이렇게 붙어 있고. 막 이상하게 다 붙어 있는 거야. 그래 가지고 처음 이사 갔을 때 그 아파트 단지 안에서 길 잃어 가지고 한 20분 30분 정도 헤맸던 기억이 있어. 너는 만약에 이제 앞으로 회사 다니고 할 거면은 하면은 혼자 살게 되면은 서울에서 계속 살고 싶어? 아니면은 대구? 이게 새로 지은 아파트여 가지고 이게 헬스장이나 도서관 뭐 어린이집 이런 게 입주된다는 얘기만 있고 아직은 인프라가 갖춰지진 못한 거 같아. 그래서 헬스장도 아마 생긴다곤 하는데 어 언제 생길진 잘 모르겠고. 그 아파트 단지 내에 도서관은 지금도 운영하고 있고. 그거 말고도 뭔가 주민들 휴식 공간이라고 하면서 건물이 몇 개 있더라고. 거기서 막 좀 차 같은 거 마시고 막 떠들면서 있는 아줌마들도 있고. 그 빈백 빈백도 있잖아. 그런 것도 아파트 단지 내에 몇 개 깔아둔 거야. 그래 가지고 거기서 좀 누워서 막 떠드는 사람들도 보고 이런 시설이 좀 있었어.,0.014965986394557823,0.02857142857142857,0.013605442176870748,0.0013605442176870747,0.005442176870748299,0.0027210884353741495,0.0027210884353741495,0.02312925170068027,0.0326530612244898,0.02040816326530612,0.004081632653061225,0.0163265306122449,0.0013605442176870747,0.005442176870748299,0.013605442176870748,0.0027210884353741495,0.004081632653061225,0.004081632653061225,0.024489795918367346,0.021768707482993196,0.0013605442176870747,0.0013605442176870747,0.005442176870748299,0.006802721088435374,0.0013605442176870747,0.004081632653061225,0.02040816326530612,0.0013605442176870747,0.0013605442176870747,0.009523809523809525,0.04353741496598639,0.0013605442176870747,0.005442176870748299,0.0013605442176870747,0.010884353741496598,0.005442176870748299,0.0013605442176870747,0.0027210884353741495,0.012244897959183673,0.0013605442176870747,0.0013605442176870747,0.006802721088435374,0.004081632653061225,0.0027210884353741495,0.027210884353741496,0.009523809523809525,0.010884353741496598,0.0013605442176870747,0.006802721088435374,0.024489795918367346,0.010884353741496598,0.0013605442176870747,0.006802721088435374,0.0027210884353741495,0.0013605442176870747,0.005442176870748299,0.0013605442176870747,0.0013605442176870747,0.0013605442176870747,0.006802721088435374,0.0013605442176870747,0.0027210884353741495,0.0013605442176870747,0.0027210884353741495,0.013605442176870748,0.0013605442176870747,0.006802721088435374,0.0013605442176870747,0.02857142857142857,0.0027210884353741495,0.0027210884353741495,0.0027210884353741495,0.005442176870748299,0.0013605442176870747,0.00816326530612245,0.004081632653061225,0.00816326530612245,0.0013605442176870747,0.005442176870748299,0.0027210884353741495,0.0013605442176870747,0.0013605442176870747,0.0027210884353741495,0.0013605442176870747,0.0013605442176870747,0.0013605442176870747,0.005442176870748299,0.0013605442176870747,0.005442176870748299,0.0027210884353741495,0.0013605442176870747,0.0027210884353741495,0.0027210884353741495,0.005442176870748299,0.004081632653061225,0.0013605442176870747,0.0027210884353741495,0.0013605442176870747,0.0013605442176870747,0.0013605442176870747,0.005442176870748299,0.004081632653061225,0.0013605442176870747,0.0013605442176870747,0.0013605442176870747,0.0027210884353741495,0.009523809523809525,0.014965986394557823,0.0013605442176870747,0.0013605442176870747,0.0013605442176870747,0.0027210884353741495,0.0013605442176870747,0.004081632653061225,0.0013605442176870747,0.004081632653061225,0.0013605442176870747,0.0013605442176870747,0.0027210884353741495,0.0027210884353741495,0.0027210884353741495,0.0013605442176870747,0.0013605442176870747,0.0027210884353741495,0.0027210884353741495,0.0013605442176870747,0.0027210884353741495,0.0013605442176870747,0.0027210884353741495,0.0013605442176870747,0.0013605442176870747,0.0013605442176870747,0.0013605442176870747,0.0013605442176870747,0.0013605442176870747,0.0013605442176870747,0.005442176870748299,0.004081632653061225,0.0013605442176870747,0.0013605442176870747,0.0027210884353741495,0.0027210884353741495,0.0013605442176870747,0.0013605442176870747,0.0013605442176870747,0.004081632653061225,0.0013605442176870747,0.0013605442176870747,0.004081632653061225,0.0013605442176870747,0.0027210884353741495,0.005442176870748299,0.0027210884353741495,0.004081632653061225,0.0013605442176870747,0.005442176870748299,0.0027210884353741495,0.0013605442176870747,0.0013605442176870747,0.0013605442176870747,0.0013605442176870747,0.0027210884353741495,0.0013605442176870747,0.0013605442176870747,0.0013605442176870747,0.0013605442176870747,0.0013605442176870747,0.0027210884353741495,0.0027210884353741495,0.0013605442176870747,0.0013605442176870747,0.0013605442176870747,0.0013605442176870747,0.0013605442176870747,0.0013605442176870747,0.0013605442176870747,0.0013605442176870747,0.0013605442176870747,0.0013605442176870747,0.0013605442176870747,0.0027210884353741495,0.0013605442176870747,0.0027210884353741495,0.0013605442176870747,0.0013605442176870747,0.005442176870748299,0.005442176870748299,0.005442176870748299,0.0013605442176870747,0.0013605442176870747,0.0013605442176870747,0.0013605442176870747,0.0013605442176870747,0.0013605442176870747,0.0013605442176870747,0.0027210884353741495,0.0013605442176870747,0.0013605442176870747,0.0013605442176870747,0.0013605442176870747,0.0027210884353741495,0.0013605442176870747,0.0013605442176870747,0.0013605442176870747,0.004081632653061225,0.0013605442176870747,0.0013605442176870747,0.0013605442176870747,0.0013605442176870747,0.0027210884353741495,0.0013605442176870747,0.0013605442176870747,0.0013605442176870747,0.005442176870748299,0.0027210884353741495,0.0013605442176870747,0.0013605442176870747,0.0027210884353741495,0.0013605442176870747,0.0013605442176870747,0.0013605442176870747,0.0013605442176870747,0.0013605442176870747,0.0013605442176870747,0.0013605442176870747,0.0013605442176870747,0.0013605442176870747,0.0013605442176870747,0.0027210884353741495,0.0027210884353741495,0.0013605442176870747,0.0013605442176870747,0.0013605442176870747,0.0013605442176870747,0.0013605442176870747,0.0013605442176870747,0.0013605442176870747,0.0013605442176870747,0.0027210884353741495,0.0013605442176870747,0.0013605442176870747,0.0013605442176870747,0.0013605442176870747,0.0013605442176870747,0.0013605442176870747,0.0013605442176870747,0.0013605442176870747,0.0013605442176870747,0.0013605442176870747,0.0013605442176870747,0.0027210884353741495,0.0013605442176870747,0.0013605442176870747,0.0013605442176870747,0.0013605442176870747,0.0013605442176870747,0.0013605442176870747,0.0013605442176870747,0.0,0.0,0.0,0.0,0.0,0.0,0.0,0.0,0.0,0.0,0.0,0.0,0.0,0.0,0.0,0.0,0.0,0.0,0.0,0.0,0.0,0.0,0.0,0.0,0.0,0.0,0.0,0.0,0.0,0.0,0.0,0.0,0.0,0.0,0.0,0.0,0.0,0.0,0.0,0.0,0.0,0.0,0.0,0.0,0.0,0.0,0.0,0.0,0.0,0.0,0.0,0.0,0.0,0.0,0.0,0.0,0.0,0.0,0.0,0.0,0.0,0.0,0.0,0.0,0.0,0.0,0.0,0.0,0.0,0.0,0.0,0.0,0.0,0.0,0.0,0.0,0.0,0.0,0.0,0.0,0.0,0.0,0.0,0.0,0.0,0.0,0.0,0.0,0.0,0.0,0.0,0.0,0.0,0.0,0.0,0.0,0.0,0.0,0.0,0.0,0.0,0.0,0.0,0.0,0.0,0.0,0.0,0.0,0.0,0.0,0.0,0.0,0.0,0.0,0.0,0.0,0.0,0.0,0.0,0.0,0.0,0.0,0.0,0.0,0.0,0.0,0.0,0.0,0.0,0.0,0.0,0.0,0.0,0.0,0.0,0.0,0.0,0.0,0.0,0.0,0.0,0.0,0.0,0.0,0.0,0.0,0.0,0.0,0.0,0.0,0.0,0.0,0.0,0.0,0.0,0.0,0.0,0.0,0.0,0.0,0.0,0.0,0.0,0.0,0.0,0.0,0.0,0.0,0.0,0.0,0.0,0.0,0.0,0.0,0.0,0.0,0.0,0.0,0.0,0.0,0.0,0.0,0.0,0.0,0.0,0.0,0.0,0.0,0.0,0.0,0.0,0.0,0.0,0.0,0.0,0.0,0.0,0.0,0.0,0.0,0.0,0.0,0.0,0.0,0.0,0.0,0.0,0.0,0.0,0.0,0.0,0.0,0.0,0.0,0.0,0.0,0.0,0.0,0.0,0.0,0.0,0.0,0.0,0.0,0.0,0.0,0.0,0.0,0.0,0.0,0.0,0.0,0.0,0.0,0.0,0.0,0.0,0.0,0.0,0.0,0.0,0.0,0.0,0.0,0.0,0.0,0.0,0.0,0.0,0.0,0.0,0.0,0.0,0.0,0.0,0.0,0.0,0.0,0.0,0.0,0.5087892183526161,0.0,0.0,0.0,0.0,0.0,0.0,0.0,0.0,0.0,0.0,0.0,0.0,0.0,0.0,0.0,0.0,0.0,0.0,0.0,0.0,0.0,0.0,0.0,0.0,0.0,0.0,0.0,0.0,0.0,0.0,0.0,0.0,0.0,0.0,0.0,0.0,0.0,0.0,0.0,0.0,0.0,0.0,0.0,0.0,0.0,0.0,0.0,0.0,0.0,0.0,0.0,0.0,0.0,0.0,0.0,0.0,0.0,0.0,0.0,0.0,0.0,0.0,0.0,0.0,0.0,0.0,0.0,0.0,0.0,0.0,0.0,0.0,0.0,0.0,0.0,0.0,0.0,0.0,0.0,0.0,0.0,0.0,0.0,0.0,0.0,0.0,0.0,0.0,0.0,0.0,0.0,0.0,0.0,0.0,0.0,0.0,0.0,0.0,0.0,0.0,0.0,0.0,0.0,0.0,0.0,0.0,0.0,0.0,0.0,0.0,0.0,0.0,0.0,0.0,0.0,0.0,0.0,0.0,0.0,0.0,0.0,0.0,0.0,0.0,0.0,0.0,0.0,0.0,0.0,0.0,0.0,0.0,0.0,0.0,0.0,0.0,0.0,0.0,0.0,0.0,0.0,0.0,0.0,0.0,0.0,0.0,0.0,0.0,0.0,0.0,0.0,0.0,0.0,0.0,0.0,0.0,0.0,0.0,0.0,0.0,0.0,0.0,0.0,0.0,0.0,0.0,0.0,0.0,0.0,0.0,0.0,0.0,0.0,0.0,0.0,0.0,0.0,0.0,0.0,0.0,0.0,0.0,0.0,0.0,0.0,0.0,0.0,0.0,0.0,0.0,0.0,0.0,0.0,0.0,0.0,0.0,0.0,0.0,0.0,0.0,0.0,0.0,0.0,0.0,0.0,0.0,0.0,0.0,0.0,0.0,0.0,0.0,0.0,0.0,0.0,0.0,0.0,0.0,0.0,0.0,0.0,0.0,0.0,0.0,0.0,0.0,0.0,0.0,0.0,0.0,0.0,0.0,0.0,0.0,0.0,0.0,0.0,0.0,0.0,0.0,0.0,0.0,0.0,0.0,0.0,0.0,0.0,0.0,0.0,0.0,0.0,0.0,0.0,0.0,0.0,0.0,0.0,0.0,0.0,0.0,0.0,0.0,0.0,0.0,0.0,0.0,0.0,0.4041962942184583,0.0,0.0,0.0,0.0,0.0,0.0,0.0,0.0,0.0,0.0,0.0,0.0,0.0,0.0,0.0,0.0,0.0,0.0,0.0,0.0,0.0,0.0,0.0,0.0,0.0,0.0,0.0,0.0,0.0,0.5087892183526161,0.0,0.0,0.0,0.0,0.0,0.0,0.0,0.0,0.0,0.0,0.0,0.0,0.0,0.0,0.0,0.0,0.0,0.0,0.0,0.0,0.0,0.0,0.0,0.0,0.0,0.0,0.0,0.0,0.0,0.5647056032273216,0.0,0.0,0.0,0.0,0.0,0.0,0.0,0.0,0.0,0.0,0.0,0.0,0.0,0.0,0.0,0.0,0.0,0.0,0.0,0.0,0.0,0.0,0.0,0.0,0.0,0.0,0.0,0.0,0.0,0.0,0.0,0.0,0.0,0.0,0.0,0.0,0.0,0.0,0.0,0.0,0.0,0.0,0.0,0.0,0.0,0.0,0.0,0.0,0.0,0.0,0.0,0.0,0.0,0.0,0.0,0.0,0.0,0.0,0.0,0.0,0.0,0.0,0.0,0.0,0.0,0.0,0.0,0.0,0.0,0.0,0.0,0.0,0.0,0.0,0.0,0.0,0.0,0.0,0.0,0.0,0.0,0.0,0.0,0.0,0.0,0.0,0.0,0.0,0.0,0.0,0.0,0.0,0.0,0.0,0.0,0.0,0.0,0.0,0.0,0.0,0.0,0.0,0.0,0.0,0.0,0.0,0.0,0.0,0.0,0.0,0.0,0.0,0.0,0.0,0.0,0.0,0.0,0.0,0.0,0.0,0.0,0.0,0.0,0.0,0.0,0.0,0.0,0.0,0.0,0.0,0.0,0.0,0.0,0.0,0.0,0.0,0.0,0.0,0.0,0.0,0.0,0.0,0.0,0.0,0.0,0.0,0.0,0.0,0.0,0.0,0.0,0.0,0.0,0.0,0.0,0.0,0.0,0.0,0.0,0.0,0.0,0.0,0.0,0.0,0.0,0.0,0.0,0.0,0.0,0.0,0.0,0.0,0.0,0.0,0.0,0.0,0.0,0.0,0.0,0.0,0.0,0.0,0.0,0.0,0.0,0.0,0.0,0.0,0.0,0.0,0.0,0.0,0.0,0.0,0.0,0.0,0.0,0.0,0.0,0.0,0.0,0.0,0.0,0.0,0.0,0.0,0.0,0.0,0.0,0.0,0.0,0.0,0.0,0.0,0.0,0.0,0.0,0.0,0.0,0.0,0.0,0.0,0.0,0.0,0.0,0.0,0.0,0.0,0.0,0.0,0.0,0.0,0.0,0.0,0.0,0.0,0.0,0.0,0.0,0.0,0.0,0.0,0.0,0.0,0.0,0.0,0.0,0.0,0.0,0.0,0.0,0.0,0.0,0.0,0.0,0.0,0.0,0.0,0.0,0.0,0.0,0.0,0.0,0.0,0.0,0.0,0.0,0.0,0.0,0.0,0.0,0.0,0.0,0.0,0.0,0.0,0.0,0.0,0.0,0.0,0.0,0.0,0.0,0.0,0.0,0.0,0.0,0.0,0.0,0.0,0.0,0.0,0.0,0.0,0.0,0.0,0.0,0.0,0.0,0.0,0.0,0.0,0.0,0.0,0.0,0.0,0.0,0.0,0.0,0.0,0.0,0.0,0.0,0.0,0.0,0.0,0.0,0.0,0.0,0.0,0.0,0.0,0.0,0.0,0.0,0.0,0.0,0.0,0.0,0.0,0.0,0.0,0.0
SD2401267,20대,너희 집은 지금 오피스텔이잖아. 그 층간 소음 좀 있는 거 같아? 나 지금 7층 사는데 딱히 층간 소음은 없는 거 같은데 좀 그 아파트에 이상한 사람은 좀 있는 거 같더라. 왜냐하면은 우리가 집에 아무도 없는 상태였는데 갑자기 밑의 집에서 올라온다 아 그 밑의 집인가 어디서 막 신고가 들어왔다는 거야. 이 이 시간이 너무 시끄러웠었다고. 그래 가지고 그게 그게 꼭 밑의 집은 아니고 밑의 층은 아니었던 거 같은데 그런 사람이 좀 있어서 좀 뭐지 좀 조심해야겠다 이런 적은 있었어. 이런 적이 있어. 그리고 너는 지금 자취를 그 1곳에서만 했던 거야 이사 없이? 나도 지금 누나랑 같이 살라고 하면은 절대 못 살 거 같아. 누나랑 진짜 맞는 게 하나도 없단 말이야. 누나도 막 나도 새벽에 전화하면은 누나가 뭐라 하고. 어떨 때 누나가 새벽에 게임하면 또 나한테 이제 내가 이제 스트레스받고. 그래서 이제 만약에 내가 너처럼 그러니까 형제 같이 살라고 하면은 나는 못 살 거 같아. 그리고 그리고 그 이사를 좀 많이 다녔었는데 이사 다닐 때마다 이제 방이 있긴 한데 이게 크기가 이제 큰방 작은방이 있었단 말이야. 그래 가지고 누가 큰방 쓸 거냐 이런 거 때문에 또 엄청 싸운 적 싸웠었고 싸웠었던 거 같아. 그러면 본가도 그러면 지금 살던 데 쭉 계속 살고 있었던 거야 어릴 때부터? 나는 이제 어릴 때부터 정말 많이 다녔었는데 초등학교랑 중학교 때까지는 그래도 한동네 내에서 왔다 갔다 했던 거여서 좀 이제 이사하느라 좀 귀찮고 막 집 바뀌는 게 좀 불편 적응이 안 되 초반에 적응이 안 되는 게 있긴 했어도 이 친구들이랑 멀어진다 이런 거 없어서 괜찮았는데 중학교 3학년에서 이제 고등학교 때 한번 아예 학 그 학 우리 지금 다니는 학교 쪽으로 이사를 왔었단 말이야. 근데 그때 정말 좀 좋았던 친구들인데 완전 멀어지니까 그때 쪼끔 이제 스트레스를 받았었던 경험이 있고. 그래서 또 그래 가지고 이제 고등학교 1학년 때에서부터 2학년 때 또 이사를 가야 되는 상황이 된 거야. 근데 그래서 원래 다니던 고등학교 쪽으로 가려 했었는데 그러진 않고 이제 다시 원래 동네로 돌아갔었던 적이 있어. 나도 그런 전원주택에서 사는 꿈 같은 게 있었던 거 같아. 그 내가 직접 집을 만들고 아 설계해서 막 비밀 공간이나 아 이제 정말 큰 목욕탕이나 아니면 음 어떤 작업실 뭐 이런 걸 만들어 두고 싶다는 생각이 있었어. 만들고 싶다는. 그리 너 근데 지금 자취하고 있잖아. 그러면 그 가전제품 같은 거는 뭐 뭐 있어? 어 이러면 안 되는데. 나는 이제 본가에 살잖아. 어 집안일을 거의 다 안 하고 엄마가 하고 있어. 그러니까 설거지만 이제 내가 먹은 거 설거지하고 이제 그리고 옷 옷이나 분리수거 이런 거는 엄마 아빠가 거의 다 하는 거 같아. 그 자취하면서 이런 설거지나 분리수거 때문에 막 오빠랑 막 싸우거나 그러진 않아? 난 지금 너무 자취를 하고 싶어. 왜냐하면은 일단 난 이제 혼자가 편하단 말이야. 그래 가지고 이제 나만의 일상생활 패턴이 있는데 어쨌든 가족이랑 살면은 아무리 가족이라도 쪼금 지켜야 되는 게 있으니까 그런 게 이제 좀 나한테는 너무 좀 힘들고 내가 하고 싶은 것도 너무 제한이 되는 거 같아서 학교 근처에서 자취하고 싶다는 생각은 있는데 이게 자취도 어쨌든 돈이 많이 깨지니까 쉽사리 하진 못 하고 있고. 음 아마 군대 갔다 와서 자취를 할 수 있으면 하지 않을까 이런 생각이 있어. 음 너는 음 너희 집 인테리어는 혹시 어떻게 돼 있어? 음 우리 집은 이번에 새로 지은 아파트여 가지고 그냥 전체적으로 완전 깔끔한 느낌으로 지금 돼 있는데 이게 아파 이제 방 청소를 쪼끔만 안 해도 이제 옷가 방이 좀 좁아 가지고 옷도 막 의자 위에 올라가 있고 침대 위에 뭉쳐져 있고. 그래 가지고 인테리어는 깔끔한데 방 정리는 되게 안 돼 있는 거 같아. 그리고 또 새로 지은 아파트라 했잖아. 이게 요즘에 새로 지어서 그런가. 아파트가 되게 개성이 넘치더라고. 건물도 막 다 이 모습이 막 다르고. 막 저게 아파트 건물이야 이런 것도 있고. 그리고 처음에 이사 왔을 때 첫날인데 집을 못 찾겠는 거야. 왜냐하면은 보통 아파트 단지가 뭐 몇 호부터 몇 호 1에서 3 3에서 5 이렇게 순서대로 있는데 거기는 막 1에서 3이랑 17에서 19 이렇게 붙어 있고. 막 이상하게 다 붙어 있는 거야. 그래 가지고 처음 이사 갔을 때 그 아파트 단지 안에서 길 잃어 가지고 한 20분 30분 정도 헤맸던 기억이 있어. 너는 만약에 이제 앞으로 회사 다니고 할 거면은 하면은 혼자 살게 되면은 서울에서 계속 살고 싶어? 아니면은 대구? 이게 새로 지은 아파트여 가지고 이게 헬스장이나 도서관 뭐 어린이집 이런 게 입주된다는 얘기만 있고 아직은 인프라가 갖춰지진 못한 거 같아. 그래서 헬스장도 아마 생긴다곤 하는데 어 언제 생길진 잘 모르겠고. 그 아파트 단지 내에 도서관은 지금도 운영하고 있고. 그거 말고도 뭔가 주민들 휴식 공간이라고 하면서 건물이 몇 개 있더라고. 거기서 막 좀 차 같은 거 마시고 막 떠들면서 있는 아줌마들도 있고. 그 빈백 빈백도 있잖아. 그런 것도 아파트 단지 내에 몇 개 깔아둔 거야. 그래 가지고 거기서 좀 누워서 막 떠드는 사람들도 보고 이런 시설이 좀 있었어.,0.014965986394557823,0.02857142857142857,0.013605442176870748,0.0013605442176870747,0.005442176870748299,0.0027210884353741495,0.0027210884353741495,0.02312925170068027,0.0326530612244898,0.02040816326530612,0.004081632653061225,0.0163265306122449,0.0013605442176870747,0.005442176870748299,0.013605442176870748,0.0027210884353741495,0.004081632653061225,0.004081632653061225,0.024489795918367346,0.021768707482993196,0.0013605442176870747,0.0013605442176870747,0.005442176870748299,0.006802721088435374,0.0013605442176870747,0.004081632653061225,0.02040816326530612,0.0013605442176870747,0.0013605442176870747,0.009523809523809525,0.04353741496598639,0.0013605442176870747,0.005442176870748299,0.0013605442176870747,0.010884353741496598,0.005442176870748299,0.0013605442176870747,0.0027210884353741495,0.012244897959183673,0.0013605442176870747,0.0013605442176870747,0.006802721088435374,0.004081632653061225,0.0027210884353741495,0.027210884353741496,0.009523809523809525,0.010884353741496598,0.0013605442176870747,0.006802721088435374,0.024489795918367346,0.010884353741496598,0.0013605442176870747,0.006802721088435374,0.0027210884353741495,0.0013605442176870747,0.005442176870748299,0.0013605442176870747,0.0013605442176870747,0.0013605442176870747,0.006802721088435374,0.0013605442176870747,0.0027210884353741495,0.0013605442176870747,0.0027210884353741495,0.013605442176870748,0.0013605442176870747,0.006802721088435374,0.0013605442176870747,0.02857142857142857,0.0027210884353741495,0.0027210884353741495,0.0027210884353741495,0.005442176870748299,0.0013605442176870747,0.00816326530612245,0.004081632653061225,0.00816326530612245,0.0013605442176870747,0.005442176870748299,0.0027210884353741495,0.0013605442176870747,0.0013605442176870747,0.0027210884353741495,0.0013605442176870747,0.0013605442176870747,0.0013605442176870747,0.005442176870748299,0.0013605442176870747,0.005442176870748299,0.0027210884353741495,0.0013605442176870747,0.0027210884353741495,0.0027210884353741495,0.005442176870748299,0.004081632653061225,0.0013605442176870747,0.0027210884353741495,0.0013605442176870747,0.0013605442176870747,0.0013605442176870747,0.005442176870748299,0.004081632653061225,0.0013605442176870747,0.0013605442176870747,0.0013605442176870747,0.0027210884353741495,0.009523809523809525,0.014965986394557823,0.0013605442176870747,0.0013605442176870747,0.0013605442176870747,0.0027210884353741495,0.0013605442176870747,0.004081632653061225,0.0013605442176870747,0.004081632653061225,0.0013605442176870747,0.0013605442176870747,0.0027210884353741495,0.0027210884353741495,0.0027210884353741495,0.0013605442176870747,0.0013605442176870747,0.0027210884353741495,0.0027210884353741495,0.0013605442176870747,0.0027210884353741495,0.0013605442176870747,0.0027210884353741495,0.0013605442176870747,0.0013605442176870747,0.0013605442176870747,0.0013605442176870747,0.0013605442176870747,0.0013605442176870747,0.0013605442176870747,0.005442176870748299,0.004081632653061225,0.0013605442176870747,0.0013605442176870747,0.0027210884353741495,0.0027210884353741495,0.0013605442176870747,0.0013605442176870747,0.0013605442176870747,0.004081632653061225,0.0013605442176870747,0.0013605442176870747,0.004081632653061225,0.0013605442176870747,0.0027210884353741495,0.005442176870748299,0.0027210884353741495,0.004081632653061225,0.0013605442176870747,0.005442176870748299,0.0027210884353741495,0.0013605442176870747,0.0013605442176870747,0.0013605442176870747,0.0013605442176870747,0.0027210884353741495,0.0013605442176870747,0.0013605442176870747,0.0013605442176870747,0.0013605442176870747,0.0013605442176870747,0.0027210884353741495,0.0027210884353741495,0.0013605442176870747,0.0013605442176870747,0.0013605442176870747,0.0013605442176870747,0.0013605442176870747,0.0013605442176870747,0.0013605442176870747,0.0013605442176870747,0.0013605442176870747,0.0013605442176870747,0.0013605442176870747,0.0027210884353741495,0.0013605442176870747,0.0027210884353741495,0.0013605442176870747,0.0013605442176870747,0.005442176870748299,0.005442176870748299,0.005442176870748299,0.0013605442176870747,0.0013605442176870747,0.0013605442176870747,0.0013605442176870747,0.0013605442176870747,0.0013605442176870747,0.0013605442176870747,0.0027210884353741495,0.0013605442176870747,0.0013605442176870747,0.0013605442176870747,0.0013605442176870747,0.0027210884353741495,0.0013605442176870747,0.0013605442176870747,0.0013605442176870747,0.004081632653061225,0.0013605442176870747,0.0013605442176870747,0.0013605442176870747,0.0013605442176870747,0.0027210884353741495,0.0013605442176870747,0.0013605442176870747,0.0013605442176870747,0.005442176870748299,0.0027210884353741495,0.0013605442176870747,0.0013605442176870747,0.0027210884353741495,0.0013605442176870747,0.0013605442176870747,0.0013605442176870747,0.0013605442176870747,0.0013605442176870747,0.0013605442176870747,0.0013605442176870747,0.0013605442176870747,0.0013605442176870747,0.0013605442176870747,0.0027210884353741495,0.0027210884353741495,0.0013605442176870747,0.0013605442176870747,0.0013605442176870747,0.0013605442176870747,0.0013605442176870747,0.0013605442176870747,0.0013605442176870747,0.0013605442176870747,0.0027210884353741495,0.0013605442176870747,0.0013605442176870747,0.0013605442176870747,0.0013605442176870747,0.0013605442176870747,0.0013605442176870747,0.0013605442176870747,0.0013605442176870747,0.0013605442176870747,0.0013605442176870747,0.0013605442176870747,0.0027210884353741495,0.0013605442176870747,0.0013605442176870747,0.0013605442176870747,0.0013605442176870747,0.0013605442176870747,0.0013605442176870747,0.0013605442176870747,0.0,0.0,0.0,0.0,0.0,0.0,0.0,0.0,0.0,0.0,0.0,0.0,0.0,0.0,0.0,0.0,0.0,0.0,0.0,0.0,0.0,0.0,0.0,0.0,0.0,0.0,0.0,0.0,0.0,0.0,0.0,0.0,0.0,0.0,0.0,0.0,0.0,0.0,0.0,0.0,0.0,0.0,0.0,0.0,0.0,0.0,0.0,0.0,0.0,0.0,0.0,0.0,0.0,0.0,0.0,0.0,0.0,0.0,0.0,0.0,0.0,0.0,0.0,0.0,0.0,0.0,0.0,0.0,0.0,0.0,0.0,0.0,0.0,0.0,0.0,0.0,0.0,0.0,0.0,0.0,0.0,0.0,0.0,0.0,0.0,0.0,0.0,0.0,0.0,0.0,0.0,0.0,0.0,0.0,0.0,0.0,0.0,0.0,0.0,0.0,0.0,0.0,0.0,0.0,0.0,0.0,0.0,0.0,0.0,0.0,0.0,0.0,0.0,0.0,0.0,0.0,0.0,0.0,0.0,0.0,0.0,0.0,0.0,0.0,0.0,0.0,0.0,0.0,0.0,0.0,0.0,0.0,0.0,0.0,0.0,0.0,0.0,0.0,0.0,0.0,0.0,0.0,0.0,0.0,0.0,0.0,0.0,0.0,0.0,0.0,0.0,0.0,0.0,0.0,0.0,0.0,0.0,0.0,0.0,0.0,0.0,0.0,0.0,0.0,0.0,0.0,0.0,0.0,0.0,0.0,0.0,0.0,0.0,0.0,0.0,0.0,0.0,0.0,0.0,0.0,0.0,0.0,0.0,0.0,0.0,0.0,0.0,0.0,0.0,0.0,0.0,0.0,0.0,0.0,0.0,0.0,0.0,0.0,0.0,0.0,0.0,0.0,0.0,0.0,0.0,0.0,0.0,0.0,0.0,0.0,0.0,0.0,0.0,0.0,0.0,0.0,0.0,0.0,0.0,0.0,0.0,0.0,0.0,0.0,0.0,0.0,0.0,0.0,0.0,0.0,0.0,0.0,0.0,0.0,0.0,0.0,0.0,0.0,0.0,0.0,0.0,0.0,0.0,0.0,0.0,0.0,0.0,0.0,0.0,0.0,0.0,0.0,0.0,0.0,0.0,0.0,0.0,0.0,0.0,0.0,0.0,0.0,0.0,0.0,0.0,0.0,0.0,0.0,0.0,0.0,0.0,0.0,0.0,0.0,0.0,0.0,0.0,0.0,0.0,0.0,0.0,0.0,0.0,0.0,0.0,0.0,0.0,0.0,0.0,0.0,0.0,0.0,0.0,0.0,0.0,0.0,0.0,0.0,0.0,0.0,0.0,0.0,0.0,0.0,0.0,0.0,0.0,0.0,0.0,0.0,0.0,0.0,0.0,0.0,0.0,0.0,0.0,0.0,0.0,0.0,0.0,0.0,0.0,0.0,0.0,0.0,0.0,0.0,0.0,0.0,0.0,0.0,0.0,0.0,0.0,0.0,0.0,0.0,0.0,0.0,0.0,0.0,0.0,0.0,0.0,0.0,0.0,0.0,0.0,0.0,0.0,0.0,0.0,0.0,0.0,0.0,0.0,0.0,0.0,0.0,0.0,0.0,0.0,0.0,0.0,0.0,0.0,0.0,0.0,0.0,0.0,0.0,0.0,0.0,0.0,0.0,0.0,0.0,0.0,0.0,0.0,0.0,0.0,0.0,0.0,0.0,0.7071067811865475,0.0,0.0,0.0,0.0,0.0,0.0,0.0,0.0,0.0,0.0,0.0,0.0,0.0,0.0,0.0,0.0,0.0,0.0,0.0,0.0,0.0,0.0,0.0,0.0,0.0,0.0,0.0,0.0,0.0,0.0,0.0,0.0,0.0,0.0,0.0,0.0,0.0,0.0,0.0,0.0,0.0,0.0,0.0,0.0,0.0,0.0,0.0,0.0,0.0,0.0,0.0,0.0,0.0,0.0,0.0,0.0,0.0,0.0,0.0,0.0,0.0,0.0,0.0,0.0,0.0,0.0,0.0,0.0,0.0,0.0,0.0,0.0,0.0,0.0,0.0,0.0,0.0,0.0,0.0,0.0,0.0,0.0,0.0,0.0,0.0,0.0,0.0,0.0,0.0,0.0,0.0,0.0,0.0,0.0,0.0,0.0,0.0,0.0,0.0,0.0,0.0,0.0,0.0,0.0,0.0,0.0,0.0,0.0,0.0,0.0,0.0,0.0,0.0,0.0,0.0,0.0,0.0,0.0,0.0,0.0,0.0,0.0,0.0,0.0,0.0,0.0,0.0,0.0,0.0,0.0,0.0,0.0,0.0,0.0,0.0,0.0,0.0,0.0,0.0,0.0,0.0,0.0,0.0,0.0,0.0,0.0,0.0,0.0,0.0,0.0,0.0,0.0,0.0,0.0,0.0,0.0,0.0,0.0,0.0,0.0,0.0,0.0,0.0,0.0,0.0,0.0,0.0,0.0,0.0,0.0,0.0,0.0,0.0,0.0,0.0,0.0,0.0,0.0,0.0,0.0,0.0,0.0,0.0,0.0,0.0,0.0,0.0,0.0,0.0,0.0,0.0,0.0,0.0,0.0,0.0,0.0,0.0,0.0,0.0,0.0,0.0,0.0,0.0,0.0,0.0,0.0,0.0,0.0,0.0,0.0,0.0,0.0,0.0,0.0,0.0,0.0,0.0,0.0,0.0,0.0,0.0,0.0,0.0,0.7071067811865475,0.0,0.0,0.0,0.0,0.0,0.0,0.0,0.0,0.0,0.0,0.0,0.0,0.0,0.0,0.0,0.0,0.0,0.0,0.0,0.0,0.0,0.0,0.0,0.0,0.0,0.0,0.0,0.0,0.0,0.0,0.0,0.0,0.0,0.0,0.0,0.0,0.0,0.0,0.0,0.0,0.0,0.0,0.0,0.0,0.0,0.0,0.0,0.0,0.0,0.0,0.0,0.0,0.0,0.0,0.0,0.0,0.0,0.0,0.0,0.0,0.0,0.0,0.0,0.0,0.0,0.0,0.0,0.0,0.0,0.0,0.0,0.0,0.0,0.0,0.0,0.0,0.0,0.0,0.0,0.0,0.0,0.0,0.0,0.0,0.0,0.0,0.0,0.0,0.0,0.0,0.0,0.0,0.0,0.0,0.0,0.0,0.0,0.0,0.0,0.0,0.0,0.0,0.0,0.0,0.0,0.0,0.0,0.0,0.0,0.0,0.0,0.0,0.0,0.0,0.0,0.0,0.0,0.0,0.0,0.0,0.0,0.0,0.0,0.0,0.0,0.0,0.0,0.0,0.0,0.0,0.0,0.0,0.0,0.0,0.0,0.0,0.0,0.0,0.0,0.0,0.0,0.0,0.0,0.0,0.0,0.0,0.0,0.0,0.0,0.0,0.0,0.0,0.0,0.0,0.0,0.0,0.0,0.0,0.0,0.0,0.0,0.0,0.0,0.0,0.0,0.0,0.0,0.0,0.0,0.0,0.0,0.0,0.0,0.0,0.0,0.0,0.0,0.0,0.0,0.0,0.0,0.0,0.0,0.0,0.0,0.0,0.0,0.0,0.0,0.0,0.0,0.0,0.0,0.0,0.0,0.0,0.0,0.0,0.0,0.0,0.0,0.0,0.0,0.0,0.0,0.0,0.0,0.0,0.0,0.0,0.0,0.0,0.0,0.0,0.0,0.0,0.0,0.0,0.0,0.0,0.0,0.0,0.0,0.0,0.0,0.0,0.0,0.0,0.0,0.0,0.0,0.0,0.0,0.0,0.0,0.0,0.0,0.0,0.0,0.0,0.0,0.0,0.0,0.0,0.0,0.0,0.0,0.0,0.0,0.0,0.0,0.0,0.0,0.0,0.0,0.0,0.0,0.0,0.0,0.0,0.0,0.0,0.0,0.0,0.0,0.0,0.0,0.0,0.0,0.0,0.0,0.0,0.0,0.0,0.0,0.0,0.0,0.0,0.0,0.0,0.0,0.0,0.0,0.0,0.0,0.0,0.0,0.0,0.0,0.0,0.0,0.0,0.0,0.0,0.0,0.0,0.0,0.0,0.0,0.0,0.0,0.0,0.0,0.0,0.0,0.0,0.0,0.0,0.0,0.0,0.0
SD2401267,20대,너희 집은 지금 오피스텔이잖아. 그 층간 소음 좀 있는 거 같아? 나 지금 7층 사는데 딱히 층간 소음은 없는 거 같은데 좀 그 아파트에 이상한 사람은 좀 있는 거 같더라. 왜냐하면은 우리가 집에 아무도 없는 상태였는데 갑자기 밑의 집에서 올라온다 아 그 밑의 집인가 어디서 막 신고가 들어왔다는 거야. 이 이 시간이 너무 시끄러웠었다고. 그래 가지고 그게 그게 꼭 밑의 집은 아니고 밑의 층은 아니었던 거 같은데 그런 사람이 좀 있어서 좀 뭐지 좀 조심해야겠다 이런 적은 있었어. 이런 적이 있어. 그리고 너는 지금 자취를 그 1곳에서만 했던 거야 이사 없이? 나도 지금 누나랑 같이 살라고 하면은 절대 못 살 거 같아. 누나랑 진짜 맞는 게 하나도 없단 말이야. 누나도 막 나도 새벽에 전화하면은 누나가 뭐라 하고. 어떨 때 누나가 새벽에 게임하면 또 나한테 이제 내가 이제 스트레스받고. 그래서 이제 만약에 내가 너처럼 그러니까 형제 같이 살라고 하면은 나는 못 살 거 같아. 그리고 그리고 그 이사를 좀 많이 다녔었는데 이사 다닐 때마다 이제 방이 있긴 한데 이게 크기가 이제 큰방 작은방이 있었단 말이야. 그래 가지고 누가 큰방 쓸 거냐 이런 거 때문에 또 엄청 싸운 적 싸웠었고 싸웠었던 거 같아. 그러면 본가도 그러면 지금 살던 데 쭉 계속 살고 있었던 거야 어릴 때부터? 나는 이제 어릴 때부터 정말 많이 다녔었는데 초등학교랑 중학교 때까지는 그래도 한동네 내에서 왔다 갔다 했던 거여서 좀 이제 이사하느라 좀 귀찮고 막 집 바뀌는 게 좀 불편 적응이 안 되 초반에 적응이 안 되는 게 있긴 했어도 이 친구들이랑 멀어진다 이런 거 없어서 괜찮았는데 중학교 3학년에서 이제 고등학교 때 한번 아예 학 그 학 우리 지금 다니는 학교 쪽으로 이사를 왔었단 말이야. 근데 그때 정말 좀 좋았던 친구들인데 완전 멀어지니까 그때 쪼끔 이제 스트레스를 받았었던 경험이 있고. 그래서 또 그래 가지고 이제 고등학교 1학년 때에서부터 2학년 때 또 이사를 가야 되는 상황이 된 거야. 근데 그래서 원래 다니던 고등학교 쪽으로 가려 했었는데 그러진 않고 이제 다시 원래 동네로 돌아갔었던 적이 있어. 나도 그런 전원주택에서 사는 꿈 같은 게 있었던 거 같아. 그 내가 직접 집을 만들고 아 설계해서 막 비밀 공간이나 아 이제 정말 큰 목욕탕이나 아니면 음 어떤 작업실 뭐 이런 걸 만들어 두고 싶다는 생각이 있었어. 만들고 싶다는. 그리 너 근데 지금 자취하고 있잖아. 그러면 그 가전제품 같은 거는 뭐 뭐 있어? 어 이러면 안 되는데. 나는 이제 본가에 살잖아. 어 집안일을 거의 다 안 하고 엄마가 하고 있어. 그러니까 설거지만 이제 내가 먹은 거 설거지하고 이제 그리고 옷 옷이나 분리수거 이런 거는 엄마 아빠가 거의 다 하는 거 같아. 그 자취하면서 이런 설거지나 분리수거 때문에 막 오빠랑 막 싸우거나 그러진 않아? 난 지금 너무 자취를 하고 싶어. 왜냐하면은 일단 난 이제 혼자가 편하단 말이야. 그래 가지고 이제 나만의 일상생활 패턴이 있는데 어쨌든 가족이랑 살면은 아무리 가족이라도 쪼금 지켜야 되는 게 있으니까 그런 게 이제 좀 나한테는 너무 좀 힘들고 내가 하고 싶은 것도 너무 제한이 되는 거 같아서 학교 근처에서 자취하고 싶다는 생각은 있는데 이게 자취도 어쨌든 돈이 많이 깨지니까 쉽사리 하진 못 하고 있고. 음 아마 군대 갔다 와서 자취를 할 수 있으면 하지 않을까 이런 생각이 있어. 음 너는 음 너희 집 인테리어는 혹시 어떻게 돼 있어? 음 우리 집은 이번에 새로 지은 아파트여 가지고 그냥 전체적으로 완전 깔끔한 느낌으로 지금 돼 있는데 이게 아파 이제 방 청소를 쪼끔만 안 해도 이제 옷가 방이 좀 좁아 가지고 옷도 막 의자 위에 올라가 있고 침대 위에 뭉쳐져 있고. 그래 가지고 인테리어는 깔끔한데 방 정리는 되게 안 돼 있는 거 같아. 그리고 또 새로 지은 아파트라 했잖아. 이게 요즘에 새로 지어서 그런가. 아파트가 되게 개성이 넘치더라고. 건물도 막 다 이 모습이 막 다르고. 막 저게 아파트 건물이야 이런 것도 있고. 그리고 처음에 이사 왔을 때 첫날인데 집을 못 찾겠는 거야. 왜냐하면은 보통 아파트 단지가 뭐 몇 호부터 몇 호 1에서 3 3에서 5 이렇게 순서대로 있는데 거기는 막 1에서 3이랑 17에서 19 이렇게 붙어 있고. 막 이상하게 다 붙어 있는 거야. 그래 가지고 처음 이사 갔을 때 그 아파트 단지 안에서 길 잃어 가지고 한 20분 30분 정도 헤맸던 기억이 있어. 너는 만약에 이제 앞으로 회사 다니고 할 거면은 하면은 혼자 살게 되면은 서울에서 계속 살고 싶어? 아니면은 대구? 이게 새로 지은 아파트여 가지고 이게 헬스장이나 도서관 뭐 어린이집 이런 게 입주된다는 얘기만 있고 아직은 인프라가 갖춰지진 못한 거 같아. 그래서 헬스장도 아마 생긴다곤 하는데 어 언제 생길진 잘 모르겠고. 그 아파트 단지 내에 도서관은 지금도 운영하고 있고. 그거 말고도 뭔가 주민들 휴식 공간이라고 하면서 건물이 몇 개 있더라고. 거기서 막 좀 차 같은 거 마시고 막 떠들면서 있는 아줌마들도 있고. 그 빈백 빈백도 있잖아. 그런 것도 아파트 단지 내에 몇 개 깔아둔 거야. 그래 가지고 거기서 좀 누워서 막 떠드는 사람들도 보고 이런 시설이 좀 있었어.,0.014965986394557823,0.02857142857142857,0.013605442176870748,0.0013605442176870747,0.005442176870748299,0.0027210884353741495,0.0027210884353741495,0.02312925170068027,0.0326530612244898,0.02040816326530612,0.004081632653061225,0.0163265306122449,0.0013605442176870747,0.005442176870748299,0.013605442176870748,0.0027210884353741495,0.004081632653061225,0.004081632653061225,0.024489795918367346,0.021768707482993196,0.0013605442176870747,0.0013605442176870747,0.005442176870748299,0.006802721088435374,0.0013605442176870747,0.004081632653061225,0.02040816326530612,0.0013605442176870747,0.0013605442176870747,0.009523809523809525,0.04353741496598639,0.0013605442176870747,0.005442176870748299,0.0013605442176870747,0.010884353741496598,0.005442176870748299,0.0013605442176870747,0.0027210884353741495,0.012244897959183673,0.0013605442176870747,0.0013605442176870747,0.006802721088435374,0.004081632653061225,0.0027210884353741495,0.027210884353741496,0.009523809523809525,0.010884353741496598,0.0013605442176870747,0.006802721088435374,0.024489795918367346,0.010884353741496598,0.0013605442176870747,0.006802721088435374,0.0027210884353741495,0.0013605442176870747,0.005442176870748299,0.0013605442176870747,0.0013605442176870747,0.0013605442176870747,0.006802721088435374,0.0013605442176870747,0.0027210884353741495,0.0013605442176870747,0.0027210884353741495,0.013605442176870748,0.0013605442176870747,0.006802721088435374,0.0013605442176870747,0.02857142857142857,0.0027210884353741495,0.0027210884353741495,0.0027210884353741495,0.005442176870748299,0.0013605442176870747,0.00816326530612245,0.004081632653061225,0.00816326530612245,0.0013605442176870747,0.005442176870748299,0.0027210884353741495,0.0013605442176870747,0.0013605442176870747,0.0027210884353741495,0.0013605442176870747,0.0013605442176870747,0.0013605442176870747,0.005442176870748299,0.0013605442176870747,0.005442176870748299,0.0027210884353741495,0.0013605442176870747,0.0027210884353741495,0.0027210884353741495,0.005442176870748299,0.004081632653061225,0.0013605442176870747,0.0027210884353741495,0.0013605442176870747,0.0013605442176870747,0.0013605442176870747,0.005442176870748299,0.004081632653061225,0.0013605442176870747,0.0013605442176870747,0.0013605442176870747,0.0027210884353741495,0.009523809523809525,0.014965986394557823,0.0013605442176870747,0.0013605442176870747,0.0013605442176870747,0.0027210884353741495,0.0013605442176870747,0.004081632653061225,0.0013605442176870747,0.004081632653061225,0.0013605442176870747,0.0013605442176870747,0.0027210884353741495,0.0027210884353741495,0.0027210884353741495,0.0013605442176870747,0.0013605442176870747,0.0027210884353741495,0.0027210884353741495,0.0013605442176870747,0.0027210884353741495,0.0013605442176870747,0.0027210884353741495,0.0013605442176870747,0.0013605442176870747,0.0013605442176870747,0.0013605442176870747,0.0013605442176870747,0.0013605442176870747,0.0013605442176870747,0.005442176870748299,0.004081632653061225,0.0013605442176870747,0.0013605442176870747,0.0027210884353741495,0.0027210884353741495,0.0013605442176870747,0.0013605442176870747,0.0013605442176870747,0.004081632653061225,0.0013605442176870747,0.0013605442176870747,0.004081632653061225,0.0013605442176870747,0.0027210884353741495,0.005442176870748299,0.0027210884353741495,0.004081632653061225,0.0013605442176870747,0.005442176870748299,0.0027210884353741495,0.0013605442176870747,0.0013605442176870747,0.0013605442176870747,0.0013605442176870747,0.0027210884353741495,0.0013605442176870747,0.0013605442176870747,0.0013605442176870747,0.0013605442176870747,0.0013605442176870747,0.0027210884353741495,0.0027210884353741495,0.0013605442176870747,0.0013605442176870747,0.0013605442176870747,0.0013605442176870747,0.0013605442176870747,0.0013605442176870747,0.0013605442176870747,0.0013605442176870747,0.0013605442176870747,0.0013605442176870747,0.0013605442176870747,0.0027210884353741495,0.0013605442176870747,0.0027210884353741495,0.0013605442176870747,0.0013605442176870747,0.005442176870748299,0.005442176870748299,0.005442176870748299,0.0013605442176870747,0.0013605442176870747,0.0013605442176870747,0.0013605442176870747,0.0013605442176870747,0.0013605442176870747,0.0013605442176870747,0.0027210884353741495,0.0013605442176870747,0.0013605442176870747,0.0013605442176870747,0.0013605442176870747,0.0027210884353741495,0.0013605442176870747,0.0013605442176870747,0.0013605442176870747,0.004081632653061225,0.0013605442176870747,0.0013605442176870747,0.0013605442176870747,0.0013605442176870747,0.0027210884353741495,0.0013605442176870747,0.0013605442176870747,0.0013605442176870747,0.005442176870748299,0.0027210884353741495,0.0013605442176870747,0.0013605442176870747,0.0027210884353741495,0.0013605442176870747,0.0013605442176870747,0.0013605442176870747,0.0013605442176870747,0.0013605442176870747,0.0013605442176870747,0.0013605442176870747,0.0013605442176870747,0.0013605442176870747,0.0013605442176870747,0.0027210884353741495,0.0027210884353741495,0.0013605442176870747,0.0013605442176870747,0.0013605442176870747,0.0013605442176870747,0.0013605442176870747,0.0013605442176870747,0.0013605442176870747,0.0013605442176870747,0.0027210884353741495,0.0013605442176870747,0.0013605442176870747,0.0013605442176870747,0.0013605442176870747,0.0013605442176870747,0.0013605442176870747,0.0013605442176870747,0.0013605442176870747,0.0013605442176870747,0.0013605442176870747,0.0013605442176870747,0.0027210884353741495,0.0013605442176870747,0.0013605442176870747,0.0013605442176870747,0.0013605442176870747,0.0013605442176870747,0.0013605442176870747,0.0013605442176870747,0.0,0.0,0.0,0.0,0.0,0.0,0.0,0.0,0.0,0.0,0.0,0.0,0.0,0.0,0.0,0.0,0.0,0.0,0.0,0.0,0.0,0.0,0.0,0.0,0.0,0.0,0.0,0.0,0.0,0.0,0.0,0.0,0.0,0.0,0.0,0.0,0.0,0.0,0.0,0.0,0.0,0.0,0.0,0.0,0.0,0.0,0.0,0.0,0.0,0.0,0.0,0.0,0.0,0.0,0.0,0.0,0.0,0.0,0.0,0.0,0.0,0.0,0.0,0.0,0.0,0.0,0.0,0.0,0.0,0.0,0.0,0.0,0.0,0.0,0.0,0.0,0.0,0.0,0.0,0.0,0.0,0.0,0.0,0.0,0.0,0.0,0.0,0.0,0.0,0.0,0.0,0.0,0.0,0.0,0.0,0.0,0.0,0.0,0.0,0.0,0.0,0.0,0.0,0.0,0.0,0.0,0.0,0.0,0.0,0.0,0.0,0.0,0.0,0.0,0.0,0.0,0.0,0.0,0.0,0.0,0.0,0.0,0.0,0.0,0.0,0.0,0.0,0.0,0.0,0.0,0.0,0.0,0.0,0.0,0.0,0.0,0.0,0.0,0.0,0.0,0.0,0.0,0.0,0.0,0.0,0.0,0.0,0.0,0.0,0.0,0.0,0.0,0.0,0.0,0.0,0.0,0.0,0.0,0.0,0.0,0.0,0.0,0.0,0.0,0.0,0.0,0.0,0.0,0.0,0.0,0.0,0.0,0.0,0.0,0.0,0.0,0.0,0.0,0.0,0.0,0.0,0.0,0.0,0.0,0.0,0.0,0.0,0.0,0.0,0.0,0.0,0.0,0.0,0.0,0.0,0.0,0.0,0.0,0.0,0.0,0.0,0.0,0.0,0.0,0.0,0.0,0.0,0.0,0.0,0.0,0.0,0.0,0.0,0.0,0.0,0.0,0.0,0.0,0.0,0.0,0.0,0.0,0.0,0.0,0.19552571951077652,0.0,0.0,0.0,0.0,0.0,0.0,0.0,0.0,0.0,0.0,0.0,0.0,0.0,0.0,0.0,0.0,0.0,0.0,0.0,0.0,0.0,0.0,0.0,0.0,0.0,0.0,0.0,0.0,0.0,0.0,0.0,0.0,0.0,0.0,0.0,0.0,0.0,0.0,0.0,0.0,0.0,0.0,0.0,0.0,0.0,0.0,0.0,0.0,0.0,0.0,0.0,0.0,0.0,0.0,0.0,0.0,0.0,0.0,0.0,0.0,0.0,0.0,0.0,0.0,0.0,0.0,0.0,0.0,0.0,0.0,0.0,0.0,0.0,0.0,0.0,0.0,0.0,0.0,0.0,0.0,0.0,0.0,0.0,0.0,0.0,0.0,0.0,0.0,0.0,0.0,0.0,0.0,0.0,0.0,0.0,0.0,0.0,0.0,0.0,0.0,0.0,0.0,0.0,0.0,0.0,0.0,0.0,0.0,0.0,0.0,0.0,0.0,0.0,0.0,0.0,0.0,0.0,0.0,0.0,0.0,0.0,0.0,0.0,0.0,0.0,0.0,0.0,0.0,0.0,0.0,0.0,0.0,0.0,0.0,0.0,0.0,0.0,0.0,0.0,0.0,0.0,0.0,0.0,0.0,0.0,0.0,0.0,0.0,0.0,0.0,0.0,0.0,0.0,0.0,0.0,0.0,0.0,0.0,0.0,0.0,0.0,0.0,0.0,0.0,0.0,0.0,0.0,0.0,0.0,0.30067481355017256,0.0,0.0,0.0,0.0,0.0,0.0,0.0,0.0,0.0,0.0,0.0,0.0,0.0,0.0,0.0,0.0,0.0,0.0,0.0,0.0,0.0,0.0,0.0,0.0,0.0,0.0,0.0,0.0,0.0,0.0,0.0,0.0,0.0,0.0,0.0,0.0,0.0,0.0,0.0,0.0,0.0,0.0,0.0,0.0,0.0,0.0,0.0,0.0,0.0,0.0,0.0,0.0,0.0,0.0,0.0,0.0,0.0,0.0,0.0,0.0,0.0,0.0,0.0,0.0,0.0,0.0,0.0,0.0,0.0,0.0,0.0,0.0,0.0,0.0,0.0,0.0,0.0,0.0,0.0,0.0,0.0,0.0,0.0,0.0,0.0,0.0,0.0,0.0,0.0,0.0,0.0,0.0,0.0,0.0,0.0,0.0,0.0,0.0,0.0,0.0,0.0,0.0,0.0,0.0,0.0,0.0,0.0,0.0,0.0,0.0,0.0,0.0,0.0,0.0,0.0,0.0,0.0,0.0,0.0,0.0,0.0,0.0,0.0,0.0,0.0,0.0,0.0,0.0,0.0,0.0,0.0,0.0,0.0,0.0,0.0,0.0,0.0,0.0,0.0,0.0,0.0,0.0,0.0,0.0,0.0,0.0,0.0,0.0,0.23298058252550666,0.0,0.0,0.0,0.0,0.0,0.0,0.0,0.0,0.0,0.0,0.0,0.0,0.0,0.0,0.0,0.0,0.0,0.0,0.0,0.0,0.0,0.0,0.0,0.0,0.0,0.0,0.0,0.0,0.0,0.0,0.0,0.0,0.0,0.0,0.0,0.0,0.0,0.0,0.0,0.0,0.0,0.0,0.0,0.0,0.0,0.0,0.0,0.0,0.0,0.0,0.0,0.0,0.0,0.0,0.0,0.0,0.0,0.0,0.0,0.0,0.0,0.0,0.0,0.0,0.0,0.0,0.0,0.0,0.0,0.0,0.0,0.0,0.0,0.0,0.0,0.0,0.0,0.0,0.0,0.0,0.0,0.0,0.0,0.0,0.2787651232169076,0.0,0.0,0.0,0.0,0.0,0.0,0.0,0.0,0.0,0.30067481355017256,0.0,0.0,0.0,0.0,0.0,0.0,0.30067481355017256,0.0,0.0,0.0,0.0,0.0,0.0,0.0,0.0,0.0,0.0,0.0,0.0,0.0,0.0,0.0,0.0,0.0,0.0,0.0,0.0,0.0,0.0,0.0,0.0,0.0,0.0,0.0,0.0,0.0,0.0,0.0,0.0,0.0,0.0,0.0,0.0,0.0,0.0,0.0,0.0,0.0,0.0,0.0,0.0,0.0,0.0,0.0,0.0,0.0,0.0,0.0,0.0,0.0,0.0,0.0,0.0,0.0,0.0,0.0,0.0,0.0,0.0,0.482620520404355,0.0,0.0,0.1790241334523699,0.0,0.0,0.0,0.0,0.0,0.0,0.0,0.0,0.0,0.0,0.0,0.0,0.0,0.0,0.0,0.0,0.0,0.0,0.30067481355017256,0.0,0.2085571391800165,0.0,0.0,0.0,0.0,0.0,0.0,0.0,0.0,0.0,0.0,0.0,0.0,0.0,0.0,0.0,0.0,0.0,0.0,0.0,0.0,0.0,0.0,0.0,0.0,0.0,0.0,0.0,0.0,0.0,0.0,0.0,0.0,0.0,0.0,0.0,0.0,0.0,0.0,0.0,0.0,0.0,0.0,0.0,0.0,0.0,0.0,0.0,0.0,0.0,0.0,0.0,0.0,0.0,0.0,0.0,0.0,0.0,0.0,0.0,0.0,0.0,0.0,0.0,0.0,0.0,0.0,0.0,0.0,0.0,0.0,0.0,0.0,0.0,0.0,0.0,0.0,0.0,0.2632199505354424,0.0,0.0,0.0,0.0,0.0,0.0,0.0,0.0,0.0,0.0,0.0,0.0,0.0,0.0,0.0,0.0,0.0,0.0,0.0,0.0,0.0,0.0,0.0,0.0,0.0,0.0,0.0,0.0,0.0,0.0,0.0,0.0,0.0,0.0,0.0,0.0,0.0,0.0,0.0,0.0,0.0,0.0,0.0,0.0,0.0,0.0,0.0,0.0,0.0,0.0,0.0,0.0,0.0,0.0,0.0,0.0,0.0,0.0,0.0,0.0,0.0,0.0,0.0,0.0,0.0,0.0,0.0,0.0,0.0,0.0,0.0,0.0,0.0,0.0,0.0,0.0,0.0,0.0,0.0,0.0,0.0,0.0,0.0,0.0,0.0,0.0,0.0,0.0,0.0,0.0,0.0,0.0,0.30067481355017256,0.0,0.0,0.0,0.0,0.0,0.0,0.0,0.0,0.0,0.0,0.0,0.0,0.0,0.0,0.0,0.0,0.0,0.0
SD2401267,20대,너희 집은 지금 오피스텔이잖아. 그 층간 소음 좀 있는 거 같아? 나 지금 7층 사는데 딱히 층간 소음은 없는 거 같은데 좀 그 아파트에 이상한 사람은 좀 있는 거 같더라. 왜냐하면은 우리가 집에 아무도 없는 상태였는데 갑자기 밑의 집에서 올라온다 아 그 밑의 집인가 어디서 막 신고가 들어왔다는 거야. 이 이 시간이 너무 시끄러웠었다고. 그래 가지고 그게 그게 꼭 밑의 집은 아니고 밑의 층은 아니었던 거 같은데 그런 사람이 좀 있어서 좀 뭐지 좀 조심해야겠다 이런 적은 있었어. 이런 적이 있어. 그리고 너는 지금 자취를 그 1곳에서만 했던 거야 이사 없이? 나도 지금 누나랑 같이 살라고 하면은 절대 못 살 거 같아. 누나랑 진짜 맞는 게 하나도 없단 말이야. 누나도 막 나도 새벽에 전화하면은 누나가 뭐라 하고. 어떨 때 누나가 새벽에 게임하면 또 나한테 이제 내가 이제 스트레스받고. 그래서 이제 만약에 내가 너처럼 그러니까 형제 같이 살라고 하면은 나는 못 살 거 같아. 그리고 그리고 그 이사를 좀 많이 다녔었는데 이사 다닐 때마다 이제 방이 있긴 한데 이게 크기가 이제 큰방 작은방이 있었단 말이야. 그래 가지고 누가 큰방 쓸 거냐 이런 거 때문에 또 엄청 싸운 적 싸웠었고 싸웠었던 거 같아. 그러면 본가도 그러면 지금 살던 데 쭉 계속 살고 있었던 거야 어릴 때부터? 나는 이제 어릴 때부터 정말 많이 다녔었는데 초등학교랑 중학교 때까지는 그래도 한동네 내에서 왔다 갔다 했던 거여서 좀 이제 이사하느라 좀 귀찮고 막 집 바뀌는 게 좀 불편 적응이 안 되 초반에 적응이 안 되는 게 있긴 했어도 이 친구들이랑 멀어진다 이런 거 없어서 괜찮았는데 중학교 3학년에서 이제 고등학교 때 한번 아예 학 그 학 우리 지금 다니는 학교 쪽으로 이사를 왔었단 말이야. 근데 그때 정말 좀 좋았던 친구들인데 완전 멀어지니까 그때 쪼끔 이제 스트레스를 받았었던 경험이 있고. 그래서 또 그래 가지고 이제 고등학교 1학년 때에서부터 2학년 때 또 이사를 가야 되는 상황이 된 거야. 근데 그래서 원래 다니던 고등학교 쪽으로 가려 했었는데 그러진 않고 이제 다시 원래 동네로 돌아갔었던 적이 있어. 나도 그런 전원주택에서 사는 꿈 같은 게 있었던 거 같아. 그 내가 직접 집을 만들고 아 설계해서 막 비밀 공간이나 아 이제 정말 큰 목욕탕이나 아니면 음 어떤 작업실 뭐 이런 걸 만들어 두고 싶다는 생각이 있었어. 만들고 싶다는. 그리 너 근데 지금 자취하고 있잖아. 그러면 그 가전제품 같은 거는 뭐 뭐 있어? 어 이러면 안 되는데. 나는 이제 본가에 살잖아. 어 집안일을 거의 다 안 하고 엄마가 하고 있어. 그러니까 설거지만 이제 내가 먹은 거 설거지하고 이제 그리고 옷 옷이나 분리수거 이런 거는 엄마 아빠가 거의 다 하는 거 같아. 그 자취하면서 이런 설거지나 분리수거 때문에 막 오빠랑 막 싸우거나 그러진 않아? 난 지금 너무 자취를 하고 싶어. 왜냐하면은 일단 난 이제 혼자가 편하단 말이야. 그래 가지고 이제 나만의 일상생활 패턴이 있는데 어쨌든 가족이랑 살면은 아무리 가족이라도 쪼금 지켜야 되는 게 있으니까 그런 게 이제 좀 나한테는 너무 좀 힘들고 내가 하고 싶은 것도 너무 제한이 되는 거 같아서 학교 근처에서 자취하고 싶다는 생각은 있는데 이게 자취도 어쨌든 돈이 많이 깨지니까 쉽사리 하진 못 하고 있고. 음 아마 군대 갔다 와서 자취를 할 수 있으면 하지 않을까 이런 생각이 있어. 음 너는 음 너희 집 인테리어는 혹시 어떻게 돼 있어? 음 우리 집은 이번에 새로 지은 아파트여 가지고 그냥 전체적으로 완전 깔끔한 느낌으로 지금 돼 있는데 이게 아파 이제 방 청소를 쪼끔만 안 해도 이제 옷가 방이 좀 좁아 가지고 옷도 막 의자 위에 올라가 있고 침대 위에 뭉쳐져 있고. 그래 가지고 인테리어는 깔끔한데 방 정리는 되게 안 돼 있는 거 같아. 그리고 또 새로 지은 아파트라 했잖아. 이게 요즘에 새로 지어서 그런가. 아파트가 되게 개성이 넘치더라고. 건물도 막 다 이 모습이 막 다르고. 막 저게 아파트 건물이야 이런 것도 있고. 그리고 처음에 이사 왔을 때 첫날인데 집을 못 찾겠는 거야. 왜냐하면은 보통 아파트 단지가 뭐 몇 호부터 몇 호 1에서 3 3에서 5 이렇게 순서대로 있는데 거기는 막 1에서 3이랑 17에서 19 이렇게 붙어 있고. 막 이상하게 다 붙어 있는 거야. 그래 가지고 처음 이사 갔을 때 그 아파트 단지 안에서 길 잃어 가지고 한 20분 30분 정도 헤맸던 기억이 있어. 너는 만약에 이제 앞으로 회사 다니고 할 거면은 하면은 혼자 살게 되면은 서울에서 계속 살고 싶어? 아니면은 대구? 이게 새로 지은 아파트여 가지고 이게 헬스장이나 도서관 뭐 어린이집 이런 게 입주된다는 얘기만 있고 아직은 인프라가 갖춰지진 못한 거 같아. 그래서 헬스장도 아마 생긴다곤 하는데 어 언제 생길진 잘 모르겠고. 그 아파트 단지 내에 도서관은 지금도 운영하고 있고. 그거 말고도 뭔가 주민들 휴식 공간이라고 하면서 건물이 몇 개 있더라고. 거기서 막 좀 차 같은 거 마시고 막 떠들면서 있는 아줌마들도 있고. 그 빈백 빈백도 있잖아. 그런 것도 아파트 단지 내에 몇 개 깔아둔 거야. 그래 가지고 거기서 좀 누워서 막 떠드는 사람들도 보고 이런 시설이 좀 있었어.,0.014965986394557823,0.02857142857142857,0.013605442176870748,0.0013605442176870747,0.005442176870748299,0.0027210884353741495,0.0027210884353741495,0.02312925170068027,0.0326530612244898,0.02040816326530612,0.004081632653061225,0.0163265306122449,0.0013605442176870747,0.005442176870748299,0.013605442176870748,0.0027210884353741495,0.004081632653061225,0.004081632653061225,0.024489795918367346,0.021768707482993196,0.0013605442176870747,0.0013605442176870747,0.005442176870748299,0.006802721088435374,0.0013605442176870747,0.004081632653061225,0.02040816326530612,0.0013605442176870747,0.0013605442176870747,0.009523809523809525,0.04353741496598639,0.0013605442176870747,0.005442176870748299,0.0013605442176870747,0.010884353741496598,0.005442176870748299,0.0013605442176870747,0.0027210884353741495,0.012244897959183673,0.0013605442176870747,0.0013605442176870747,0.006802721088435374,0.004081632653061225,0.0027210884353741495,0.027210884353741496,0.009523809523809525,0.010884353741496598,0.0013605442176870747,0.006802721088435374,0.024489795918367346,0.010884353741496598,0.0013605442176870747,0.006802721088435374,0.0027210884353741495,0.0013605442176870747,0.005442176870748299,0.0013605442176870747,0.0013605442176870747,0.0013605442176870747,0.006802721088435374,0.0013605442176870747,0.0027210884353741495,0.0013605442176870747,0.0027210884353741495,0.013605442176870748,0.0013605442176870747,0.006802721088435374,0.0013605442176870747,0.02857142857142857,0.0027210884353741495,0.0027210884353741495,0.0027210884353741495,0.005442176870748299,0.0013605442176870747,0.00816326530612245,0.004081632653061225,0.00816326530612245,0.0013605442176870747,0.005442176870748299,0.0027210884353741495,0.0013605442176870747,0.0013605442176870747,0.0027210884353741495,0.0013605442176870747,0.0013605442176870747,0.0013605442176870747,0.005442176870748299,0.0013605442176870747,0.005442176870748299,0.0027210884353741495,0.0013605442176870747,0.0027210884353741495,0.0027210884353741495,0.005442176870748299,0.004081632653061225,0.0013605442176870747,0.0027210884353741495,0.0013605442176870747,0.0013605442176870747,0.0013605442176870747,0.005442176870748299,0.004081632653061225,0.0013605442176870747,0.0013605442176870747,0.0013605442176870747,0.0027210884353741495,0.009523809523809525,0.014965986394557823,0.0013605442176870747,0.0013605442176870747,0.0013605442176870747,0.0027210884353741495,0.0013605442176870747,0.004081632653061225,0.0013605442176870747,0.004081632653061225,0.0013605442176870747,0.0013605442176870747,0.0027210884353741495,0.0027210884353741495,0.0027210884353741495,0.0013605442176870747,0.0013605442176870747,0.0027210884353741495,0.0027210884353741495,0.0013605442176870747,0.0027210884353741495,0.0013605442176870747,0.0027210884353741495,0.0013605442176870747,0.0013605442176870747,0.0013605442176870747,0.0013605442176870747,0.0013605442176870747,0.0013605442176870747,0.0013605442176870747,0.005442176870748299,0.004081632653061225,0.0013605442176870747,0.0013605442176870747,0.0027210884353741495,0.0027210884353741495,0.0013605442176870747,0.0013605442176870747,0.0013605442176870747,0.004081632653061225,0.0013605442176870747,0.0013605442176870747,0.004081632653061225,0.0013605442176870747,0.0027210884353741495,0.005442176870748299,0.0027210884353741495,0.004081632653061225,0.0013605442176870747,0.005442176870748299,0.0027210884353741495,0.0013605442176870747,0.0013605442176870747,0.0013605442176870747,0.0013605442176870747,0.0027210884353741495,0.0013605442176870747,0.0013605442176870747,0.0013605442176870747,0.0013605442176870747,0.0013605442176870747,0.0027210884353741495,0.0027210884353741495,0.0013605442176870747,0.0013605442176870747,0.0013605442176870747,0.0013605442176870747,0.0013605442176870747,0.0013605442176870747,0.0013605442176870747,0.0013605442176870747,0.0013605442176870747,0.0013605442176870747,0.0013605442176870747,0.0027210884353741495,0.0013605442176870747,0.0027210884353741495,0.0013605442176870747,0.0013605442176870747,0.005442176870748299,0.005442176870748299,0.005442176870748299,0.0013605442176870747,0.0013605442176870747,0.0013605442176870747,0.0013605442176870747,0.0013605442176870747,0.0013605442176870747,0.0013605442176870747,0.0027210884353741495,0.0013605442176870747,0.0013605442176870747,0.0013605442176870747,0.0013605442176870747,0.0027210884353741495,0.0013605442176870747,0.0013605442176870747,0.0013605442176870747,0.004081632653061225,0.0013605442176870747,0.0013605442176870747,0.0013605442176870747,0.0013605442176870747,0.0027210884353741495,0.0013605442176870747,0.0013605442176870747,0.0013605442176870747,0.005442176870748299,0.0027210884353741495,0.0013605442176870747,0.0013605442176870747,0.0027210884353741495,0.0013605442176870747,0.0013605442176870747,0.0013605442176870747,0.0013605442176870747,0.0013605442176870747,0.0013605442176870747,0.0013605442176870747,0.0013605442176870747,0.0013605442176870747,0.0013605442176870747,0.0027210884353741495,0.0027210884353741495,0.0013605442176870747,0.0013605442176870747,0.0013605442176870747,0.0013605442176870747,0.0013605442176870747,0.0013605442176870747,0.0013605442176870747,0.0013605442176870747,0.0027210884353741495,0.0013605442176870747,0.0013605442176870747,0.0013605442176870747,0.0013605442176870747,0.0013605442176870747,0.0013605442176870747,0.0013605442176870747,0.0013605442176870747,0.0013605442176870747,0.0013605442176870747,0.0013605442176870747,0.0027210884353741495,0.0013605442176870747,0.0013605442176870747,0.0013605442176870747,0.0013605442176870747,0.0013605442176870747,0.0013605442176870747,0.0013605442176870747,0.0,0.0,0.0,0.0,0.0,0.0,0.0,0.0,0.0,0.0,0.0,0.0,0.0,0.0,0.0,0.0,0.0,0.0,0.0,0.0,0.0,0.0,0.0,0.0,0.0,0.0,0.0,0.0,0.0,0.0,0.0,0.0,0.0,0.0,0.0,0.0,0.0,0.0,0.0,0.0,0.0,0.0,0.0,0.0,0.0,0.0,0.0,0.0,0.0,0.0,0.0,0.0,0.0,0.0,0.0,0.0,0.0,0.0,0.0,0.0,0.0,0.0,0.0,0.0,0.0,0.0,0.0,0.0,0.0,0.0,0.0,0.0,0.0,0.0,0.0,0.0,0.0,0.0,0.0,0.0,0.0,0.0,0.0,0.0,0.0,0.0,0.0,0.0,0.0,0.0,0.0,0.0,0.0,0.0,0.0,0.0,0.0,0.0,0.0,0.0,0.0,0.0,0.0,0.0,0.0,0.0,0.0,0.0,0.0,0.0,0.0,0.0,0.0,0.0,0.0,0.0,0.0,0.0,0.0,0.0,0.0,0.0,0.0,0.0,0.0,0.0,0.0,0.0,0.0,0.0,0.0,0.0,0.0,0.0,0.0,0.0,0.0,0.0,0.0,0.0,0.0,0.0,0.0,0.0,0.0,0.0,0.0,0.0,0.0,0.0,0.0,0.0,0.0,0.0,0.0,0.0,0.0,0.0,0.0,0.0,0.0,0.0,0.0,0.0,0.0,0.0,0.0,0.0,0.0,0.0,0.0,0.0,0.0,0.0,0.0,0.0,0.0,0.0,0.0,0.0,0.0,0.0,0.0,0.0,0.0,0.0,0.0,0.0,0.0,0.0,0.0,0.0,0.0,0.0,0.0,0.0,0.0,0.0,0.0,0.0,0.0,0.0,0.0,0.0,0.0,0.0,0.0,0.0,0.0,0.0,0.0,0.0,0.0,0.0,0.0,0.0,0.0,0.0,0.0,0.0,0.0,0.0,0.0,0.0,0.0,0.0,0.0,0.0,0.0,0.47921491963715496,0.0,0.0,0.0,0.2853283077239627,0.0,0.0,0.0,0.0,0.0,0.0,0.0,0.0,0.0,0.0,0.0,0.0,0.0,0.0,0.0,0.0,0.0,0.0,0.0,0.0,0.0,0.0,0.0,0.0,0.0,0.0,0.0,0.0,0.0,0.0,0.0,0.0,0.0,0.0,0.0,0.0,0.0,0.0,0.0,0.0,0.0,0.0,0.0,0.0,0.0,0.0,0.0,0.0,0.0,0.0,0.0,0.0,0.0,0.0,0.0,0.0,0.0,0.0,0.0,0.0,0.0,0.0,0.0,0.0,0.0,0.0,0.0,0.0,0.0,0.0,0.0,0.0,0.0,0.0,0.0,0.0,0.0,0.0,0.0,0.0,0.0,0.0,0.0,0.0,0.0,0.0,0.0,0.0,0.0,0.0,0.0,0.0,0.0,0.0,0.0,0.0,0.0,0.0,0.0,0.0,0.0,0.0,0.0,0.0,0.0,0.0,0.0,0.0,0.0,0.0,0.0,0.0,0.0,0.0,0.0,0.0,0.0,0.0,0.0,0.0,0.0,0.0,0.0,0.0,0.0,0.0,0.0,0.0,0.0,0.0,0.0,0.0,0.0,0.0,0.0,0.0,0.0,0.0,0.0,0.0,0.0,0.0,0.0,0.0,0.0,0.0,0.0,0.0,0.0,0.0,0.0,0.0,0.0,0.0,0.0,0.0,0.0,0.0,0.0,0.0,0.0,0.0,0.0,0.0,0.0,0.0,0.0,0.0,0.0,0.0,0.0,0.0,0.0,0.0,0.0,0.0,0.0,0.0,0.0,0.0,0.0,0.0,0.0,0.0,0.0,0.0,0.0,0.0,0.0,0.0,0.0,0.0,0.0,0.0,0.0,0.0,0.0,0.0,0.0,0.0,0.0,0.0,0.0,0.0,0.0,0.0,0.0,0.0,0.0,0.0,0.0,0.0,0.0,0.0,0.0,0.0,0.0,0.0,0.0,0.0,0.0,0.0,0.0,0.0,0.0,0.0,0.0,0.0,0.0,0.0,0.0,0.0,0.0,0.47921491963715496,0.0,0.0,0.0,0.0,0.0,0.0,0.0,0.0,0.0,0.0,0.0,0.0,0.0,0.0,0.0,0.0,0.0,0.0,0.0,0.0,0.0,0.0,0.0,0.0,0.0,0.0,0.0,0.0,0.0,0.0,0.0,0.0,0.0,0.0,0.0,0.0,0.0,0.0,0.0,0.0,0.0,0.0,0.0,0.0,0.0,0.0,0.0,0.0,0.0,0.0,0.0,0.0,0.0,0.0,0.0,0.0,0.0,0.0,0.0,0.0,0.0,0.0,0.0,0.0,0.0,0.0,0.0,0.0,0.0,0.0,0.0,0.0,0.0,0.0,0.0,0.0,0.0,0.0,0.0,0.0,0.0,0.0,0.0,0.0,0.0,0.0,0.0,0.0,0.0,0.0,0.0,0.0,0.0,0.0,0.0,0.0,0.0,0.0,0.0,0.0,0.0,0.0,0.0,0.0,0.0,0.0,0.0,0.0,0.0,0.0,0.0,0.0,0.0,0.0,0.0,0.0,0.0,0.0,0.0,0.0,0.0,0.0,0.0,0.0,0.0,0.0,0.0,0.0,0.0,0.0,0.0,0.0,0.0,0.0,0.0,0.0,0.0,0.0,0.0,0.0,0.0,0.0,0.0,0.0,0.0,0.0,0.0,0.0,0.0,0.0,0.0,0.0,0.0,0.0,0.47921491963715496,0.0,0.0,0.0,0.0,0.0,0.0,0.0,0.0,0.0,0.0,0.0,0.0,0.0,0.0,0.0,0.0,0.0,0.0,0.0,0.0,0.0,0.0,0.0,0.0,0.0,0.0,0.0,0.0,0.0,0.0,0.0,0.0,0.0,0.0,0.0,0.0,0.0,0.0,0.0,0.0,0.0,0.0,0.0,0.0,0.0,0.0,0.0,0.0,0.0,0.0,0.0,0.0,0.0,0.0,0.0,0.0,0.0,0.0,0.0,0.0,0.0,0.0,0.0,0.0,0.0,0.0,0.0,0.0,0.0,0.0,0.0,0.0,0.0,0.0,0.0,0.0,0.0,0.0,0.0,0.0,0.0,0.0,0.0,0.0,0.0,0.0,0.0,0.0,0.0,0.0,0.0,0.0,0.0,0.0,0.0,0.0,0.0,0.0,0.0,0.0,0.0,0.0,0.47921491963715496,0.0,0.0,0.0,0.0,0.0,0.0,0.0,0.0,0.0,0.0,0.0,0.0,0.0,0.0,0.0,0.0,0.0,0.0,0.0,0.0,0.0,0.0,0.0,0.0,0.0,0.0,0.0,0.0,0.0,0.0,0.0,0.0,0.0,0.0,0.0,0.0,0.0,0.0,0.0,0.0,0.0,0.0,0.0,0.0,0.0,0.0,0.0,0.0,0.0,0.0,0.0,0.0,0.0,0.0,0.0,0.0,0.0,0.0,0.0,0.0,0.0,0.0,0.0,0.0,0.0,0.0,0.0,0.0,0.0,0.0,0.0,0.0,0.0,0.0,0.0,0.0,0.0,0.0,0.0,0.0,0.0,0.0,0.0,0.0,0.0,0.0,0.0,0.0,0.0,0.0,0.0,0.0,0.0,0.0,0.0,0.0,0.0,0.0,0.0,0.0,0.0,0.0,0.0,0.0,0.0,0.0,0.0,0.0,0.0,0.0,0.0,0.0,0.0,0.0,0.0,0.0,0.0,0.0,0.0,0.0,0.0,0.0,0.0,0.0,0.0,0.0,0.0,0.0,0.0,0.0,0.0,0.0,0.0,0.0,0.0,0.0,0.0,0.0,0.0,0.0,0.0,0.0,0.0,0.0,0.0,0.0,0.0,0.0,0.0,0.0,0.0,0.0,0.0,0.0,0.0,0.0,0.0,0.0,0.0,0.0,0.0,0.0,0.0,0.0,0.0,0.0,0.0,0.0,0.0,0.0,0.0,0.0,0.0,0.0,0.0,0.0,0.0,0.0,0.0,0.0,0.0,0.0,0.0,0.0,0.0,0.0,0.0,0.0,0.0,0.0,0.0,0.0,0.0,0.0,0.0,0.0
SD2401267,20대,너희 집은 지금 오피스텔이잖아. 그 층간 소음 좀 있는 거 같아? 나 지금 7층 사는데 딱히 층간 소음은 없는 거 같은데 좀 그 아파트에 이상한 사람은 좀 있는 거 같더라. 왜냐하면은 우리가 집에 아무도 없는 상태였는데 갑자기 밑의 집에서 올라온다 아 그 밑의 집인가 어디서 막 신고가 들어왔다는 거야. 이 이 시간이 너무 시끄러웠었다고. 그래 가지고 그게 그게 꼭 밑의 집은 아니고 밑의 층은 아니었던 거 같은데 그런 사람이 좀 있어서 좀 뭐지 좀 조심해야겠다 이런 적은 있었어. 이런 적이 있어. 그리고 너는 지금 자취를 그 1곳에서만 했던 거야 이사 없이? 나도 지금 누나랑 같이 살라고 하면은 절대 못 살 거 같아. 누나랑 진짜 맞는 게 하나도 없단 말이야. 누나도 막 나도 새벽에 전화하면은 누나가 뭐라 하고. 어떨 때 누나가 새벽에 게임하면 또 나한테 이제 내가 이제 스트레스받고. 그래서 이제 만약에 내가 너처럼 그러니까 형제 같이 살라고 하면은 나는 못 살 거 같아. 그리고 그리고 그 이사를 좀 많이 다녔었는데 이사 다닐 때마다 이제 방이 있긴 한데 이게 크기가 이제 큰방 작은방이 있었단 말이야. 그래 가지고 누가 큰방 쓸 거냐 이런 거 때문에 또 엄청 싸운 적 싸웠었고 싸웠었던 거 같아. 그러면 본가도 그러면 지금 살던 데 쭉 계속 살고 있었던 거야 어릴 때부터? 나는 이제 어릴 때부터 정말 많이 다녔었는데 초등학교랑 중학교 때까지는 그래도 한동네 내에서 왔다 갔다 했던 거여서 좀 이제 이사하느라 좀 귀찮고 막 집 바뀌는 게 좀 불편 적응이 안 되 초반에 적응이 안 되는 게 있긴 했어도 이 친구들이랑 멀어진다 이런 거 없어서 괜찮았는데 중학교 3학년에서 이제 고등학교 때 한번 아예 학 그 학 우리 지금 다니는 학교 쪽으로 이사를 왔었단 말이야. 근데 그때 정말 좀 좋았던 친구들인데 완전 멀어지니까 그때 쪼끔 이제 스트레스를 받았었던 경험이 있고. 그래서 또 그래 가지고 이제 고등학교 1학년 때에서부터 2학년 때 또 이사를 가야 되는 상황이 된 거야. 근데 그래서 원래 다니던 고등학교 쪽으로 가려 했었는데 그러진 않고 이제 다시 원래 동네로 돌아갔었던 적이 있어. 나도 그런 전원주택에서 사는 꿈 같은 게 있었던 거 같아. 그 내가 직접 집을 만들고 아 설계해서 막 비밀 공간이나 아 이제 정말 큰 목욕탕이나 아니면 음 어떤 작업실 뭐 이런 걸 만들어 두고 싶다는 생각이 있었어. 만들고 싶다는. 그리 너 근데 지금 자취하고 있잖아. 그러면 그 가전제품 같은 거는 뭐 뭐 있어? 어 이러면 안 되는데. 나는 이제 본가에 살잖아. 어 집안일을 거의 다 안 하고 엄마가 하고 있어. 그러니까 설거지만 이제 내가 먹은 거 설거지하고 이제 그리고 옷 옷이나 분리수거 이런 거는 엄마 아빠가 거의 다 하는 거 같아. 그 자취하면서 이런 설거지나 분리수거 때문에 막 오빠랑 막 싸우거나 그러진 않아? 난 지금 너무 자취를 하고 싶어. 왜냐하면은 일단 난 이제 혼자가 편하단 말이야. 그래 가지고 이제 나만의 일상생활 패턴이 있는데 어쨌든 가족이랑 살면은 아무리 가족이라도 쪼금 지켜야 되는 게 있으니까 그런 게 이제 좀 나한테는 너무 좀 힘들고 내가 하고 싶은 것도 너무 제한이 되는 거 같아서 학교 근처에서 자취하고 싶다는 생각은 있는데 이게 자취도 어쨌든 돈이 많이 깨지니까 쉽사리 하진 못 하고 있고. 음 아마 군대 갔다 와서 자취를 할 수 있으면 하지 않을까 이런 생각이 있어. 음 너는 음 너희 집 인테리어는 혹시 어떻게 돼 있어? 음 우리 집은 이번에 새로 지은 아파트여 가지고 그냥 전체적으로 완전 깔끔한 느낌으로 지금 돼 있는데 이게 아파 이제 방 청소를 쪼끔만 안 해도 이제 옷가 방이 좀 좁아 가지고 옷도 막 의자 위에 올라가 있고 침대 위에 뭉쳐져 있고. 그래 가지고 인테리어는 깔끔한데 방 정리는 되게 안 돼 있는 거 같아. 그리고 또 새로 지은 아파트라 했잖아. 이게 요즘에 새로 지어서 그런가. 아파트가 되게 개성이 넘치더라고. 건물도 막 다 이 모습이 막 다르고. 막 저게 아파트 건물이야 이런 것도 있고. 그리고 처음에 이사 왔을 때 첫날인데 집을 못 찾겠는 거야. 왜냐하면은 보통 아파트 단지가 뭐 몇 호부터 몇 호 1에서 3 3에서 5 이렇게 순서대로 있는데 거기는 막 1에서 3이랑 17에서 19 이렇게 붙어 있고. 막 이상하게 다 붙어 있는 거야. 그래 가지고 처음 이사 갔을 때 그 아파트 단지 안에서 길 잃어 가지고 한 20분 30분 정도 헤맸던 기억이 있어. 너는 만약에 이제 앞으로 회사 다니고 할 거면은 하면은 혼자 살게 되면은 서울에서 계속 살고 싶어? 아니면은 대구? 이게 새로 지은 아파트여 가지고 이게 헬스장이나 도서관 뭐 어린이집 이런 게 입주된다는 얘기만 있고 아직은 인프라가 갖춰지진 못한 거 같아. 그래서 헬스장도 아마 생긴다곤 하는데 어 언제 생길진 잘 모르겠고. 그 아파트 단지 내에 도서관은 지금도 운영하고 있고. 그거 말고도 뭔가 주민들 휴식 공간이라고 하면서 건물이 몇 개 있더라고. 거기서 막 좀 차 같은 거 마시고 막 떠들면서 있는 아줌마들도 있고. 그 빈백 빈백도 있잖아. 그런 것도 아파트 단지 내에 몇 개 깔아둔 거야. 그래 가지고 거기서 좀 누워서 막 떠드는 사람들도 보고 이런 시설이 좀 있었어.,0.014965986394557823,0.02857142857142857,0.013605442176870748,0.0013605442176870747,0.005442176870748299,0.0027210884353741495,0.0027210884353741495,0.02312925170068027,0.0326530612244898,0.02040816326530612,0.004081632653061225,0.0163265306122449,0.0013605442176870747,0.005442176870748299,0.013605442176870748,0.0027210884353741495,0.004081632653061225,0.004081632653061225,0.024489795918367346,0.021768707482993196,0.0013605442176870747,0.0013605442176870747,0.005442176870748299,0.006802721088435374,0.0013605442176870747,0.004081632653061225,0.02040816326530612,0.0013605442176870747,0.0013605442176870747,0.009523809523809525,0.04353741496598639,0.0013605442176870747,0.005442176870748299,0.0013605442176870747,0.010884353741496598,0.005442176870748299,0.0013605442176870747,0.0027210884353741495,0.012244897959183673,0.0013605442176870747,0.0013605442176870747,0.006802721088435374,0.004081632653061225,0.0027210884353741495,0.027210884353741496,0.009523809523809525,0.010884353741496598,0.0013605442176870747,0.006802721088435374,0.024489795918367346,0.010884353741496598,0.0013605442176870747,0.006802721088435374,0.0027210884353741495,0.0013605442176870747,0.005442176870748299,0.0013605442176870747,0.0013605442176870747,0.0013605442176870747,0.006802721088435374,0.0013605442176870747,0.0027210884353741495,0.0013605442176870747,0.0027210884353741495,0.013605442176870748,0.0013605442176870747,0.006802721088435374,0.0013605442176870747,0.02857142857142857,0.0027210884353741495,0.0027210884353741495,0.0027210884353741495,0.005442176870748299,0.0013605442176870747,0.00816326530612245,0.004081632653061225,0.00816326530612245,0.0013605442176870747,0.005442176870748299,0.0027210884353741495,0.0013605442176870747,0.0013605442176870747,0.0027210884353741495,0.0013605442176870747,0.0013605442176870747,0.0013605442176870747,0.005442176870748299,0.0013605442176870747,0.005442176870748299,0.0027210884353741495,0.0013605442176870747,0.0027210884353741495,0.0027210884353741495,0.005442176870748299,0.004081632653061225,0.0013605442176870747,0.0027210884353741495,0.0013605442176870747,0.0013605442176870747,0.0013605442176870747,0.005442176870748299,0.004081632653061225,0.0013605442176870747,0.0013605442176870747,0.0013605442176870747,0.0027210884353741495,0.009523809523809525,0.014965986394557823,0.0013605442176870747,0.0013605442176870747,0.0013605442176870747,0.0027210884353741495,0.0013605442176870747,0.004081632653061225,0.0013605442176870747,0.004081632653061225,0.0013605442176870747,0.0013605442176870747,0.0027210884353741495,0.0027210884353741495,0.0027210884353741495,0.0013605442176870747,0.0013605442176870747,0.0027210884353741495,0.0027210884353741495,0.0013605442176870747,0.0027210884353741495,0.0013605442176870747,0.0027210884353741495,0.0013605442176870747,0.0013605442176870747,0.0013605442176870747,0.0013605442176870747,0.0013605442176870747,0.0013605442176870747,0.0013605442176870747,0.005442176870748299,0.004081632653061225,0.0013605442176870747,0.0013605442176870747,0.0027210884353741495,0.0027210884353741495,0.0013605442176870747,0.0013605442176870747,0.0013605442176870747,0.004081632653061225,0.0013605442176870747,0.0013605442176870747,0.004081632653061225,0.0013605442176870747,0.0027210884353741495,0.005442176870748299,0.0027210884353741495,0.004081632653061225,0.0013605442176870747,0.005442176870748299,0.0027210884353741495,0.0013605442176870747,0.0013605442176870747,0.0013605442176870747,0.0013605442176870747,0.0027210884353741495,0.0013605442176870747,0.0013605442176870747,0.0013605442176870747,0.0013605442176870747,0.0013605442176870747,0.0027210884353741495,0.0027210884353741495,0.0013605442176870747,0.0013605442176870747,0.0013605442176870747,0.0013605442176870747,0.0013605442176870747,0.0013605442176870747,0.0013605442176870747,0.0013605442176870747,0.0013605442176870747,0.0013605442176870747,0.0013605442176870747,0.0027210884353741495,0.0013605442176870747,0.0027210884353741495,0.0013605442176870747,0.0013605442176870747,0.005442176870748299,0.005442176870748299,0.005442176870748299,0.0013605442176870747,0.0013605442176870747,0.0013605442176870747,0.0013605442176870747,0.0013605442176870747,0.0013605442176870747,0.0013605442176870747,0.0027210884353741495,0.0013605442176870747,0.0013605442176870747,0.0013605442176870747,0.0013605442176870747,0.0027210884353741495,0.0013605442176870747,0.0013605442176870747,0.0013605442176870747,0.004081632653061225,0.0013605442176870747,0.0013605442176870747,0.0013605442176870747,0.0013605442176870747,0.0027210884353741495,0.0013605442176870747,0.0013605442176870747,0.0013605442176870747,0.005442176870748299,0.0027210884353741495,0.0013605442176870747,0.0013605442176870747,0.0027210884353741495,0.0013605442176870747,0.0013605442176870747,0.0013605442176870747,0.0013605442176870747,0.0013605442176870747,0.0013605442176870747,0.0013605442176870747,0.0013605442176870747,0.0013605442176870747,0.0013605442176870747,0.0027210884353741495,0.0027210884353741495,0.0013605442176870747,0.0013605442176870747,0.0013605442176870747,0.0013605442176870747,0.0013605442176870747,0.0013605442176870747,0.0013605442176870747,0.0013605442176870747,0.0027210884353741495,0.0013605442176870747,0.0013605442176870747,0.0013605442176870747,0.0013605442176870747,0.0013605442176870747,0.0013605442176870747,0.0013605442176870747,0.0013605442176870747,0.0013605442176870747,0.0013605442176870747,0.0013605442176870747,0.0027210884353741495,0.0013605442176870747,0.0013605442176870747,0.0013605442176870747,0.0013605442176870747,0.0013605442176870747,0.0013605442176870747,0.0013605442176870747,0.0,0.0,0.0,0.0,0.0,0.0,0.0,0.0,0.0,0.0,0.0,0.0,0.0,0.0,0.0,0.0,0.0,0.0,0.0,0.0,0.0,0.0,0.0,0.0,0.0,0.0,0.0,0.0,0.0,0.0,0.0,0.0,0.0,0.0,0.0,0.0,0.0,0.0,0.0,0.0,0.0,0.0,0.0,0.0,0.0,0.0,0.0,0.0,0.0,0.0,0.0,0.0,0.0,0.0,0.0,0.0,0.0,0.0,0.0,0.0,0.0,0.0,0.0,0.0,0.0,0.0,0.0,0.0,0.0,0.0,0.0,0.0,0.0,0.0,0.0,0.0,0.0,0.0,0.0,0.0,0.0,0.0,0.0,0.0,0.0,0.0,0.0,0.0,0.0,0.0,0.0,0.0,0.0,0.0,0.0,0.0,0.0,0.0,0.0,0.0,0.0,0.0,0.0,0.0,0.0,0.0,0.0,0.0,0.0,0.0,0.0,0.0,0.0,0.0,0.0,0.0,0.0,0.0,0.0,0.0,0.0,0.0,0.0,0.0,0.0,0.0,0.0,0.0,0.0,0.0,0.0,0.0,0.0,0.0,0.0,0.0,0.0,0.0,0.0,0.0,0.0,0.0,0.0,0.0,0.0,0.0,0.0,0.0,0.0,0.0,0.0,0.0,0.0,0.0,0.0,0.0,0.0,0.0,0.0,0.0,0.0,0.0,0.0,0.0,0.0,0.0,0.0,0.0,0.0,0.0,0.0,0.0,0.0,0.0,0.0,0.0,0.0,0.0,0.0,0.0,0.0,0.0,0.0,0.0,0.0,0.0,0.0,0.0,0.0,0.0,0.0,0.0,0.0,0.0,0.0,0.0,0.0,0.0,0.0,0.0,0.0,0.0,0.0,0.0,0.0,0.0,0.0,0.0,0.0,0.0,0.0,0.0,0.0,0.0,0.0,0.0,0.0,0.0,0.0,0.0,0.0,0.0,0.0,0.0,0.0,0.0,0.0,0.0,0.0,0.0,0.0,0.0,0.0,0.0,0.0,0.0,0.0,0.0,0.0,0.0,0.0,0.0,0.0,0.0,0.0,0.0,0.0,0.0,0.0,0.0,0.0,0.0,0.0,0.0,0.0,0.0,0.0,0.0,0.0,0.0,0.0,0.0,0.0,0.0,0.0,0.0,0.0,0.0,0.0,0.0,0.0,0.0,0.0,0.0,0.0,0.0,0.0,0.0,0.0,0.0,0.0,0.0,0.0,0.0,0.0,0.0,0.0,0.0,0.0,0.3177155123614259,0.0,0.0,0.0,0.0,0.0,0.0,0.0,0.0,0.0,0.0,0.0,0.0,0.0,0.0,0.0,0.0,0.0,0.0,0.0,0.0,0.0,0.0,0.0,0.0,0.0,0.0,0.0,0.0,0.0,0.0,0.0,0.0,0.0,0.0,0.0,0.0,0.0,0.0,0.0,0.0,0.0,0.0,0.0,0.0,0.0,0.0,0.0,0.0,0.0,0.0,0.0,0.0,0.0,0.0,0.0,0.0,0.0,0.0,0.0,0.0,0.0,0.0,0.0,0.0,0.0,0.0,0.0,0.0,0.0,0.0,0.0,0.0,0.0,0.0,0.0,0.0,0.0,0.0,0.0,0.0,0.0,0.0,0.0,0.0,0.0,0.0,0.0,0.0,0.0,0.0,0.0,0.0,0.0,0.0,0.0,0.0,0.0,0.0,0.0,0.0,0.0,0.0,0.0,0.0,0.0,0.0,0.0,0.0,0.0,0.0,0.0,0.0,0.0,0.0,0.0,0.0,0.0,0.0,0.0,0.0,0.0,0.0,0.0,0.0,0.0,0.0,0.0,0.0,0.0,0.0,0.0,0.0,0.0,0.0,0.0,0.0,0.0,0.0,0.0,0.0,0.0,0.0,0.0,0.0,0.0,0.0,0.0,0.0,0.0,0.0,0.0,0.0,0.0,0.0,0.0,0.0,0.0,0.0,0.0,0.0,0.0,0.0,0.0,0.0,0.0,0.0,0.0,0.0,0.0,0.0,0.0,0.0,0.0,0.0,0.0,0.0,0.0,0.0,0.0,0.0,0.0,0.0,0.0,0.0,0.0,0.0,0.0,0.0,0.0,0.0,0.0,0.0,0.0,0.0,0.0,0.0,0.0,0.0,0.0,0.0,0.0,0.0,0.0,0.0,0.0,0.0,0.0,0.0,0.0,0.0,0.0,0.0,0.0,0.0,0.0,0.0,0.0,0.0,0.0,0.0,0.0,0.0,0.0,0.0,0.0,0.0,0.0,0.0,0.0,0.0,0.0,0.0,0.0,0.0,0.0,0.0,0.0,0.0,0.0,0.0,0.0,0.0,0.0,0.0,0.0,0.0,0.0,0.0,0.0,0.0,0.0,0.0,0.0,0.0,0.0,0.0,0.0,0.0,0.0,0.0,0.0,0.48857537862687234,0.0,0.0,0.0,0.0,0.0,0.0,0.0,0.0,0.0,0.0,0.0,0.0,0.0,0.0,0.0,0.0,0.0,0.0,0.0,0.0,0.0,0.0,0.0,0.0,0.0,0.0,0.0,0.0,0.0,0.0,0.0,0.0,0.0,0.0,0.0,0.0,0.0,0.0,0.0,0.0,0.0,0.0,0.0,0.0,0.0,0.0,0.0,0.0,0.0,0.0,0.0,0.0,0.0,0.0,0.0,0.0,0.0,0.0,0.0,0.0,0.4277138662748048,0.0,0.0,0.0,0.0,0.0,0.0,0.0,0.0,0.0,0.0,0.0,0.0,0.0,0.0,0.0,0.0,0.0,0.0,0.0,0.0,0.0,0.0,0.0,0.0,0.0,0.0,0.0,0.0,0.0,0.0,0.0,0.0,0.0,0.0,0.0,0.0,0.0,0.0,0.0,0.0,0.0,0.0,0.0,0.0,0.0,0.0,0.0,0.0,0.0,0.0,0.0,0.0,0.0,0.0,0.0,0.0,0.0,0.0,0.0,0.0,0.0,0.0,0.0,0.0,0.0,0.0,0.0,0.0,0.0,0.0,0.0,0.0,0.0,0.0,0.0,0.0,0.0,0.0,0.0,0.0,0.0,0.0,0.0,0.0,0.0,0.0,0.0,0.0,0.0,0.0,0.0,0.0,0.0,0.0,0.0,0.0,0.0,0.0,0.0,0.0,0.0,0.0,0.0,0.0,0.0,0.0,0.0,0.0,0.0,0.0,0.0,0.0,0.0,0.0,0.0,0.0,0.0,0.0,0.0,0.0,0.0,0.0,0.0,0.0,0.0,0.0,0.0,0.0,0.0,0.0,0.0,0.0,0.0,0.0,0.0,0.0,0.0,0.0,0.0,0.0,0.0,0.0,0.0,0.0,0.0,0.0,0.0,0.0,0.0,0.0,0.0,0.0,0.0,0.0,0.0,0.0,0.0,0.0,0.0,0.0,0.0,0.0,0.0,0.0,0.0,0.0,0.0,0.0,0.0,0.0,0.0,0.0,0.0,0.0,0.0,0.0,0.0,0.0,0.0,0.0,0.0,0.0,0.0,0.0,0.0,0.0,0.0,0.0,0.0,0.0,0.0,0.0,0.0,0.0,0.0,0.0,0.0,0.0,0.0,0.0,0.0,0.0,0.0,0.0,0.0,0.0,0.0,0.0,0.0,0.0,0.0,0.0,0.0,0.0,0.0,0.0,0.0,0.0,0.0,0.0,0.0,0.0,0.0,0.0,0.0,0.0,0.0,0.0,0.0,0.0,0.0,0.0,0.0,0.0,0.0,0.0,0.0,0.0,0.0,0.0,0.0,0.0,0.0,0.0,0.0,0.0,0.0,0.0,0.0,0.0,0.0,0.0,0.0,0.0,0.0,0.0,0.0,0.0,0.48857537862687234,0.0,0.0,0.0,0.0,0.0,0.0,0.0,0.0,0.0,0.0,0.0,0.0,0.0,0.0,0.0,0.0,0.0,0.0,0.0,0.0,0.0,0.0,0.0,0.0,0.0,0.0,0.0,0.0,0.48857537862687234,0.0,0.0,0.0,0.0,0.0,0.0,0.0,0.0,0.0,0.0,0.0,0.0,0.0,0.0,0.0,0.0,0.0,0.0,0.0,0.0,0.0
SD2401267,20대,너희 집은 지금 오피스텔이잖아. 그 층간 소음 좀 있는 거 같아? 나 지금 7층 사는데 딱히 층간 소음은 없는 거 같은데 좀 그 아파트에 이상한 사람은 좀 있는 거 같더라. 왜냐하면은 우리가 집에 아무도 없는 상태였는데 갑자기 밑의 집에서 올라온다 아 그 밑의 집인가 어디서 막 신고가 들어왔다는 거야. 이 이 시간이 너무 시끄러웠었다고. 그래 가지고 그게 그게 꼭 밑의 집은 아니고 밑의 층은 아니었던 거 같은데 그런 사람이 좀 있어서 좀 뭐지 좀 조심해야겠다 이런 적은 있었어. 이런 적이 있어. 그리고 너는 지금 자취를 그 1곳에서만 했던 거야 이사 없이? 나도 지금 누나랑 같이 살라고 하면은 절대 못 살 거 같아. 누나랑 진짜 맞는 게 하나도 없단 말이야. 누나도 막 나도 새벽에 전화하면은 누나가 뭐라 하고. 어떨 때 누나가 새벽에 게임하면 또 나한테 이제 내가 이제 스트레스받고. 그래서 이제 만약에 내가 너처럼 그러니까 형제 같이 살라고 하면은 나는 못 살 거 같아. 그리고 그리고 그 이사를 좀 많이 다녔었는데 이사 다닐 때마다 이제 방이 있긴 한데 이게 크기가 이제 큰방 작은방이 있었단 말이야. 그래 가지고 누가 큰방 쓸 거냐 이런 거 때문에 또 엄청 싸운 적 싸웠었고 싸웠었던 거 같아. 그러면 본가도 그러면 지금 살던 데 쭉 계속 살고 있었던 거야 어릴 때부터? 나는 이제 어릴 때부터 정말 많이 다녔었는데 초등학교랑 중학교 때까지는 그래도 한동네 내에서 왔다 갔다 했던 거여서 좀 이제 이사하느라 좀 귀찮고 막 집 바뀌는 게 좀 불편 적응이 안 되 초반에 적응이 안 되는 게 있긴 했어도 이 친구들이랑 멀어진다 이런 거 없어서 괜찮았는데 중학교 3학년에서 이제 고등학교 때 한번 아예 학 그 학 우리 지금 다니는 학교 쪽으로 이사를 왔었단 말이야. 근데 그때 정말 좀 좋았던 친구들인데 완전 멀어지니까 그때 쪼끔 이제 스트레스를 받았었던 경험이 있고. 그래서 또 그래 가지고 이제 고등학교 1학년 때에서부터 2학년 때 또 이사를 가야 되는 상황이 된 거야. 근데 그래서 원래 다니던 고등학교 쪽으로 가려 했었는데 그러진 않고 이제 다시 원래 동네로 돌아갔었던 적이 있어. 나도 그런 전원주택에서 사는 꿈 같은 게 있었던 거 같아. 그 내가 직접 집을 만들고 아 설계해서 막 비밀 공간이나 아 이제 정말 큰 목욕탕이나 아니면 음 어떤 작업실 뭐 이런 걸 만들어 두고 싶다는 생각이 있었어. 만들고 싶다는. 그리 너 근데 지금 자취하고 있잖아. 그러면 그 가전제품 같은 거는 뭐 뭐 있어? 어 이러면 안 되는데. 나는 이제 본가에 살잖아. 어 집안일을 거의 다 안 하고 엄마가 하고 있어. 그러니까 설거지만 이제 내가 먹은 거 설거지하고 이제 그리고 옷 옷이나 분리수거 이런 거는 엄마 아빠가 거의 다 하는 거 같아. 그 자취하면서 이런 설거지나 분리수거 때문에 막 오빠랑 막 싸우거나 그러진 않아? 난 지금 너무 자취를 하고 싶어. 왜냐하면은 일단 난 이제 혼자가 편하단 말이야. 그래 가지고 이제 나만의 일상생활 패턴이 있는데 어쨌든 가족이랑 살면은 아무리 가족이라도 쪼금 지켜야 되는 게 있으니까 그런 게 이제 좀 나한테는 너무 좀 힘들고 내가 하고 싶은 것도 너무 제한이 되는 거 같아서 학교 근처에서 자취하고 싶다는 생각은 있는데 이게 자취도 어쨌든 돈이 많이 깨지니까 쉽사리 하진 못 하고 있고. 음 아마 군대 갔다 와서 자취를 할 수 있으면 하지 않을까 이런 생각이 있어. 음 너는 음 너희 집 인테리어는 혹시 어떻게 돼 있어? 음 우리 집은 이번에 새로 지은 아파트여 가지고 그냥 전체적으로 완전 깔끔한 느낌으로 지금 돼 있는데 이게 아파 이제 방 청소를 쪼끔만 안 해도 이제 옷가 방이 좀 좁아 가지고 옷도 막 의자 위에 올라가 있고 침대 위에 뭉쳐져 있고. 그래 가지고 인테리어는 깔끔한데 방 정리는 되게 안 돼 있는 거 같아. 그리고 또 새로 지은 아파트라 했잖아. 이게 요즘에 새로 지어서 그런가. 아파트가 되게 개성이 넘치더라고. 건물도 막 다 이 모습이 막 다르고. 막 저게 아파트 건물이야 이런 것도 있고. 그리고 처음에 이사 왔을 때 첫날인데 집을 못 찾겠는 거야. 왜냐하면은 보통 아파트 단지가 뭐 몇 호부터 몇 호 1에서 3 3에서 5 이렇게 순서대로 있는데 거기는 막 1에서 3이랑 17에서 19 이렇게 붙어 있고. 막 이상하게 다 붙어 있는 거야. 그래 가지고 처음 이사 갔을 때 그 아파트 단지 안에서 길 잃어 가지고 한 20분 30분 정도 헤맸던 기억이 있어. 너는 만약에 이제 앞으로 회사 다니고 할 거면은 하면은 혼자 살게 되면은 서울에서 계속 살고 싶어? 아니면은 대구? 이게 새로 지은 아파트여 가지고 이게 헬스장이나 도서관 뭐 어린이집 이런 게 입주된다는 얘기만 있고 아직은 인프라가 갖춰지진 못한 거 같아. 그래서 헬스장도 아마 생긴다곤 하는데 어 언제 생길진 잘 모르겠고. 그 아파트 단지 내에 도서관은 지금도 운영하고 있고. 그거 말고도 뭔가 주민들 휴식 공간이라고 하면서 건물이 몇 개 있더라고. 거기서 막 좀 차 같은 거 마시고 막 떠들면서 있는 아줌마들도 있고. 그 빈백 빈백도 있잖아. 그런 것도 아파트 단지 내에 몇 개 깔아둔 거야. 그래 가지고 거기서 좀 누워서 막 떠드는 사람들도 보고 이런 시설이 좀 있었어.,0.014965986394557823,0.02857142857142857,0.013605442176870748,0.0013605442176870747,0.005442176870748299,0.0027210884353741495,0.0027210884353741495,0.02312925170068027,0.0326530612244898,0.02040816326530612,0.004081632653061225,0.0163265306122449,0.0013605442176870747,0.005442176870748299,0.013605442176870748,0.0027210884353741495,0.004081632653061225,0.004081632653061225,0.024489795918367346,0.021768707482993196,0.0013605442176870747,0.0013605442176870747,0.005442176870748299,0.006802721088435374,0.0013605442176870747,0.004081632653061225,0.02040816326530612,0.0013605442176870747,0.0013605442176870747,0.009523809523809525,0.04353741496598639,0.0013605442176870747,0.005442176870748299,0.0013605442176870747,0.010884353741496598,0.005442176870748299,0.0013605442176870747,0.0027210884353741495,0.012244897959183673,0.0013605442176870747,0.0013605442176870747,0.006802721088435374,0.004081632653061225,0.0027210884353741495,0.027210884353741496,0.009523809523809525,0.010884353741496598,0.0013605442176870747,0.006802721088435374,0.024489795918367346,0.010884353741496598,0.0013605442176870747,0.006802721088435374,0.0027210884353741495,0.0013605442176870747,0.005442176870748299,0.0013605442176870747,0.0013605442176870747,0.0013605442176870747,0.006802721088435374,0.0013605442176870747,0.0027210884353741495,0.0013605442176870747,0.0027210884353741495,0.013605442176870748,0.0013605442176870747,0.006802721088435374,0.0013605442176870747,0.02857142857142857,0.0027210884353741495,0.0027210884353741495,0.0027210884353741495,0.005442176870748299,0.0013605442176870747,0.00816326530612245,0.004081632653061225,0.00816326530612245,0.0013605442176870747,0.005442176870748299,0.0027210884353741495,0.0013605442176870747,0.0013605442176870747,0.0027210884353741495,0.0013605442176870747,0.0013605442176870747,0.0013605442176870747,0.005442176870748299,0.0013605442176870747,0.005442176870748299,0.0027210884353741495,0.0013605442176870747,0.0027210884353741495,0.0027210884353741495,0.005442176870748299,0.004081632653061225,0.0013605442176870747,0.0027210884353741495,0.0013605442176870747,0.0013605442176870747,0.0013605442176870747,0.005442176870748299,0.004081632653061225,0.0013605442176870747,0.0013605442176870747,0.0013605442176870747,0.0027210884353741495,0.009523809523809525,0.014965986394557823,0.0013605442176870747,0.0013605442176870747,0.0013605442176870747,0.0027210884353741495,0.0013605442176870747,0.004081632653061225,0.0013605442176870747,0.004081632653061225,0.0013605442176870747,0.0013605442176870747,0.0027210884353741495,0.0027210884353741495,0.0027210884353741495,0.0013605442176870747,0.0013605442176870747,0.0027210884353741495,0.0027210884353741495,0.0013605442176870747,0.0027210884353741495,0.0013605442176870747,0.0027210884353741495,0.0013605442176870747,0.0013605442176870747,0.0013605442176870747,0.0013605442176870747,0.0013605442176870747,0.0013605442176870747,0.0013605442176870747,0.005442176870748299,0.004081632653061225,0.0013605442176870747,0.0013605442176870747,0.0027210884353741495,0.0027210884353741495,0.0013605442176870747,0.0013605442176870747,0.0013605442176870747,0.004081632653061225,0.0013605442176870747,0.0013605442176870747,0.004081632653061225,0.0013605442176870747,0.0027210884353741495,0.005442176870748299,0.0027210884353741495,0.004081632653061225,0.0013605442176870747,0.005442176870748299,0.0027210884353741495,0.0013605442176870747,0.0013605442176870747,0.0013605442176870747,0.0013605442176870747,0.0027210884353741495,0.0013605442176870747,0.0013605442176870747,0.0013605442176870747,0.0013605442176870747,0.0013605442176870747,0.0027210884353741495,0.0027210884353741495,0.0013605442176870747,0.0013605442176870747,0.0013605442176870747,0.0013605442176870747,0.0013605442176870747,0.0013605442176870747,0.0013605442176870747,0.0013605442176870747,0.0013605442176870747,0.0013605442176870747,0.0013605442176870747,0.0027210884353741495,0.0013605442176870747,0.0027210884353741495,0.0013605442176870747,0.0013605442176870747,0.005442176870748299,0.005442176870748299,0.005442176870748299,0.0013605442176870747,0.0013605442176870747,0.0013605442176870747,0.0013605442176870747,0.0013605442176870747,0.0013605442176870747,0.0013605442176870747,0.0027210884353741495,0.0013605442176870747,0.0013605442176870747,0.0013605442176870747,0.0013605442176870747,0.0027210884353741495,0.0013605442176870747,0.0013605442176870747,0.0013605442176870747,0.004081632653061225,0.0013605442176870747,0.0013605442176870747,0.0013605442176870747,0.0013605442176870747,0.0027210884353741495,0.0013605442176870747,0.0013605442176870747,0.0013605442176870747,0.005442176870748299,0.0027210884353741495,0.0013605442176870747,0.0013605442176870747,0.0027210884353741495,0.0013605442176870747,0.0013605442176870747,0.0013605442176870747,0.0013605442176870747,0.0013605442176870747,0.0013605442176870747,0.0013605442176870747,0.0013605442176870747,0.0013605442176870747,0.0013605442176870747,0.0027210884353741495,0.0027210884353741495,0.0013605442176870747,0.0013605442176870747,0.0013605442176870747,0.0013605442176870747,0.0013605442176870747,0.0013605442176870747,0.0013605442176870747,0.0013605442176870747,0.0027210884353741495,0.0013605442176870747,0.0013605442176870747,0.0013605442176870747,0.0013605442176870747,0.0013605442176870747,0.0013605442176870747,0.0013605442176870747,0.0013605442176870747,0.0013605442176870747,0.0013605442176870747,0.0013605442176870747,0.0027210884353741495,0.0013605442176870747,0.0013605442176870747,0.0013605442176870747,0.0013605442176870747,0.0013605442176870747,0.0013605442176870747,0.0013605442176870747,0.0,0.0,0.0,0.0,0.0,0.0,0.0,0.0,0.0,0.0,0.0,0.0,0.0,0.0,0.0,0.0,0.0,0.0,0.0,0.0,0.0,0.0,0.0,0.0,0.0,0.0,0.0,0.0,0.0,0.0,0.0,0.0,0.0,0.0,0.0,0.0,0.0,0.0,0.0,0.0,0.0,0.0,0.0,0.0,0.0,0.0,0.0,0.0,0.0,0.0,0.0,0.0,0.0,0.0,0.0,0.0,0.0,0.0,0.0,0.0,0.0,0.0,0.0,0.0,0.0,0.0,0.0,0.0,0.0,0.0,0.0,0.0,0.0,0.0,0.0,0.0,0.0,0.0,0.0,0.0,0.0,0.0,0.0,0.0,0.0,0.0,0.0,0.0,0.0,0.0,0.0,0.0,0.0,0.0,0.0,0.0,0.0,0.0,0.0,0.0,0.0,0.0,0.0,0.0,0.0,0.0,0.0,0.0,0.0,0.0,0.0,0.0,0.0,0.0,0.0,0.0,0.0,0.0,0.0,0.0,0.0,0.0,0.0,0.0,0.0,0.0,0.0,0.0,0.0,0.0,0.0,0.0,0.0,0.0,0.0,0.0,0.0,0.0,0.0,0.0,0.0,0.0,0.0,0.0,0.0,0.0,0.0,0.0,0.0,0.0,0.0,0.0,0.0,0.0,0.0,0.0,0.0,0.0,0.0,0.0,0.0,0.0,0.0,0.0,0.0,0.0,0.0,0.0,0.0,0.0,0.0,0.0,0.0,0.0,0.0,0.0,0.0,0.0,0.0,0.0,0.0,0.0,0.0,0.0,0.0,0.0,0.0,0.0,0.0,0.0,0.0,0.0,0.0,0.0,0.0,0.0,0.0,0.0,0.0,0.0,0.0,0.0,0.0,0.0,0.0,0.0,0.0,0.0,0.0,0.0,0.0,0.0,0.0,0.0,0.0,0.0,0.0,0.0,0.0,0.0,0.0,0.0,0.0,0.0,0.0,0.0,0.0,0.0,0.0,0.0,0.0,0.0,0.0,0.0,0.0,0.0,0.0,0.0,0.0,0.0,0.0,0.0,0.0,0.0,0.0,0.0,0.0,0.0,0.0,0.0,0.0,0.0,0.0,0.0,0.0,0.0,0.0,0.0,0.0,0.0,0.0,0.0,0.0,0.0,0.0,0.0,0.0,0.0,0.0,0.0,0.0,0.0,0.0,0.0,0.0,0.0,0.0,0.0,0.0,0.0,0.0,0.0,0.0,0.0,0.0,0.0,0.0,0.0,0.0,0.0,0.0,0.0,0.0,0.0,0.0,0.0,0.0,0.0,0.0,0.0,0.0,0.0,0.0,0.0,0.0,0.0,0.0,0.0,0.0,0.0,0.0,0.0,0.0,0.0,0.0,0.0,0.0,0.0,0.0,0.0,0.0,0.0,0.0,0.0,0.0,0.0,0.0,0.0,0.0,0.0,0.0,0.0,0.0,0.0,0.0,0.0,0.0,0.0,0.0,0.0,0.0,0.0,0.0,0.0,0.0,0.0,0.0,0.0,0.0,0.0,0.0,0.0,0.0,0.0,0.0,0.0,0.0,0.0,0.0,0.0,0.0,0.0,0.0,0.0,0.0,0.0,0.0,0.0,0.0,0.0,0.0,0.0,0.0,0.0,0.0,0.0,0.0,0.0,0.0,0.0,0.0,0.0,0.0,0.0,0.0,0.0,0.0,0.0,0.0,0.0,0.0,0.0,0.0,0.0,0.0,0.0,0.0,0.0,0.0,0.0,0.0,0.0,0.0,0.0,0.0,0.0,0.0,0.0,0.0,0.0,0.0,0.0,0.0,0.0,0.0,0.0,0.0,0.0,0.0,0.0,0.0,0.0,0.0,0.0,0.0,0.0,0.0,0.0,0.0,0.0,0.0,0.0,0.0,0.0,0.0,0.0,0.0,0.0,0.0,0.0,0.0,0.0,0.0,0.0,0.0,0.0,0.0,0.0,0.0,0.0,0.0,0.0,0.0,0.0,0.0,0.0,0.0,0.0,0.0,0.0,0.0,0.0,0.0,0.0,0.5773502691896257,0.0,0.0,0.0,0.0,0.0,0.0,0.0,0.0,0.0,0.0,0.0,0.0,0.0,0.0,0.0,0.0,0.0,0.0,0.0,0.0,0.0,0.0,0.0,0.0,0.0,0.0,0.0,0.0,0.0,0.0,0.0,0.0,0.0,0.0,0.0,0.0,0.0,0.0,0.0,0.0,0.0,0.0,0.0,0.0,0.0,0.0,0.0,0.0,0.0,0.0,0.0,0.0,0.0,0.0,0.0,0.0,0.0,0.0,0.0,0.0,0.0,0.0,0.0,0.0,0.0,0.0,0.0,0.0,0.0,0.0,0.0,0.0,0.0,0.0,0.0,0.0,0.0,0.0,0.0,0.0,0.0,0.0,0.0,0.0,0.0,0.0,0.0,0.5773502691896257,0.0,0.0,0.0,0.0,0.0,0.0,0.0,0.0,0.0,0.0,0.0,0.0,0.0,0.0,0.0,0.0,0.0,0.0,0.0,0.0,0.0,0.0,0.0,0.0,0.0,0.0,0.0,0.0,0.0,0.0,0.0,0.0,0.0,0.0,0.0,0.0,0.0,0.0,0.0,0.0,0.0,0.0,0.0,0.0,0.0,0.0,0.0,0.0,0.0,0.0,0.0,0.0,0.0,0.0,0.0,0.0,0.0,0.0,0.0,0.0,0.0,0.0,0.0,0.0,0.0,0.0,0.0,0.0,0.0,0.0,0.0,0.0,0.0,0.0,0.0,0.0,0.0,0.0,0.0,0.0,0.0,0.0,0.0,0.0,0.0,0.0,0.0,0.0,0.0,0.0,0.0,0.0,0.0,0.0,0.0,0.5773502691896257,0.0,0.0,0.0,0.0,0.0,0.0,0.0,0.0,0.0,0.0,0.0,0.0,0.0,0.0,0.0,0.0,0.0,0.0,0.0,0.0,0.0,0.0,0.0,0.0,0.0,0.0,0.0,0.0,0.0,0.0,0.0,0.0,0.0,0.0,0.0,0.0,0.0,0.0,0.0,0.0,0.0,0.0,0.0,0.0,0.0,0.0,0.0,0.0,0.0,0.0,0.0,0.0,0.0,0.0,0.0,0.0,0.0,0.0,0.0,0.0,0.0,0.0,0.0,0.0,0.0,0.0,0.0,0.0,0.0,0.0,0.0,0.0,0.0,0.0,0.0,0.0,0.0,0.0,0.0,0.0,0.0,0.0,0.0,0.0,0.0,0.0,0.0,0.0,0.0,0.0,0.0,0.0,0.0,0.0,0.0,0.0,0.0,0.0,0.0,0.0,0.0,0.0,0.0,0.0,0.0,0.0,0.0,0.0,0.0,0.0,0.0,0.0,0.0,0.0,0.0,0.0,0.0,0.0,0.0,0.0,0.0,0.0,0.0,0.0,0.0,0.0,0.0,0.0,0.0,0.0,0.0,0.0,0.0,0.0,0.0,0.0,0.0,0.0,0.0,0.0,0.0,0.0,0.0,0.0,0.0,0.0,0.0,0.0,0.0,0.0,0.0,0.0,0.0,0.0,0.0,0.0,0.0,0.0,0.0,0.0,0.0,0.0,0.0,0.0,0.0,0.0,0.0,0.0,0.0,0.0,0.0,0.0,0.0,0.0,0.0,0.0,0.0,0.0,0.0,0.0,0.0,0.0,0.0,0.0,0.0,0.0,0.0,0.0,0.0,0.0,0.0,0.0,0.0,0.0,0.0,0.0,0.0,0.0,0.0,0.0,0.0,0.0,0.0,0.0,0.0,0.0,0.0,0.0,0.0,0.0,0.0,0.0,0.0,0.0,0.0,0.0,0.0,0.0,0.0,0.0,0.0,0.0,0.0,0.0,0.0,0.0,0.0,0.0,0.0,0.0,0.0,0.0,0.0,0.0,0.0,0.0,0.0,0.0,0.0,0.0,0.0,0.0,0.0,0.0,0.0,0.0,0.0,0.0,0.0,0.0,0.0,0.0,0.0,0.0,0.0,0.0,0.0,0.0,0.0,0.0,0.0,0.0,0.0,0.0,0.0,0.0,0.0,0.0,0.0,0.0,0.0,0.0,0.0
SD2401267,20대,너희 집은 지금 오피스텔이잖아. 그 층간 소음 좀 있는 거 같아? 나 지금 7층 사는데 딱히 층간 소음은 없는 거 같은데 좀 그 아파트에 이상한 사람은 좀 있는 거 같더라. 왜냐하면은 우리가 집에 아무도 없는 상태였는데 갑자기 밑의 집에서 올라온다 아 그 밑의 집인가 어디서 막 신고가 들어왔다는 거야. 이 이 시간이 너무 시끄러웠었다고. 그래 가지고 그게 그게 꼭 밑의 집은 아니고 밑의 층은 아니었던 거 같은데 그런 사람이 좀 있어서 좀 뭐지 좀 조심해야겠다 이런 적은 있었어. 이런 적이 있어. 그리고 너는 지금 자취를 그 1곳에서만 했던 거야 이사 없이? 나도 지금 누나랑 같이 살라고 하면은 절대 못 살 거 같아. 누나랑 진짜 맞는 게 하나도 없단 말이야. 누나도 막 나도 새벽에 전화하면은 누나가 뭐라 하고. 어떨 때 누나가 새벽에 게임하면 또 나한테 이제 내가 이제 스트레스받고. 그래서 이제 만약에 내가 너처럼 그러니까 형제 같이 살라고 하면은 나는 못 살 거 같아. 그리고 그리고 그 이사를 좀 많이 다녔었는데 이사 다닐 때마다 이제 방이 있긴 한데 이게 크기가 이제 큰방 작은방이 있었단 말이야. 그래 가지고 누가 큰방 쓸 거냐 이런 거 때문에 또 엄청 싸운 적 싸웠었고 싸웠었던 거 같아. 그러면 본가도 그러면 지금 살던 데 쭉 계속 살고 있었던 거야 어릴 때부터? 나는 이제 어릴 때부터 정말 많이 다녔었는데 초등학교랑 중학교 때까지는 그래도 한동네 내에서 왔다 갔다 했던 거여서 좀 이제 이사하느라 좀 귀찮고 막 집 바뀌는 게 좀 불편 적응이 안 되 초반에 적응이 안 되는 게 있긴 했어도 이 친구들이랑 멀어진다 이런 거 없어서 괜찮았는데 중학교 3학년에서 이제 고등학교 때 한번 아예 학 그 학 우리 지금 다니는 학교 쪽으로 이사를 왔었단 말이야. 근데 그때 정말 좀 좋았던 친구들인데 완전 멀어지니까 그때 쪼끔 이제 스트레스를 받았었던 경험이 있고. 그래서 또 그래 가지고 이제 고등학교 1학년 때에서부터 2학년 때 또 이사를 가야 되는 상황이 된 거야. 근데 그래서 원래 다니던 고등학교 쪽으로 가려 했었는데 그러진 않고 이제 다시 원래 동네로 돌아갔었던 적이 있어. 나도 그런 전원주택에서 사는 꿈 같은 게 있었던 거 같아. 그 내가 직접 집을 만들고 아 설계해서 막 비밀 공간이나 아 이제 정말 큰 목욕탕이나 아니면 음 어떤 작업실 뭐 이런 걸 만들어 두고 싶다는 생각이 있었어. 만들고 싶다는. 그리 너 근데 지금 자취하고 있잖아. 그러면 그 가전제품 같은 거는 뭐 뭐 있어? 어 이러면 안 되는데. 나는 이제 본가에 살잖아. 어 집안일을 거의 다 안 하고 엄마가 하고 있어. 그러니까 설거지만 이제 내가 먹은 거 설거지하고 이제 그리고 옷 옷이나 분리수거 이런 거는 엄마 아빠가 거의 다 하는 거 같아. 그 자취하면서 이런 설거지나 분리수거 때문에 막 오빠랑 막 싸우거나 그러진 않아? 난 지금 너무 자취를 하고 싶어. 왜냐하면은 일단 난 이제 혼자가 편하단 말이야. 그래 가지고 이제 나만의 일상생활 패턴이 있는데 어쨌든 가족이랑 살면은 아무리 가족이라도 쪼금 지켜야 되는 게 있으니까 그런 게 이제 좀 나한테는 너무 좀 힘들고 내가 하고 싶은 것도 너무 제한이 되는 거 같아서 학교 근처에서 자취하고 싶다는 생각은 있는데 이게 자취도 어쨌든 돈이 많이 깨지니까 쉽사리 하진 못 하고 있고. 음 아마 군대 갔다 와서 자취를 할 수 있으면 하지 않을까 이런 생각이 있어. 음 너는 음 너희 집 인테리어는 혹시 어떻게 돼 있어? 음 우리 집은 이번에 새로 지은 아파트여 가지고 그냥 전체적으로 완전 깔끔한 느낌으로 지금 돼 있는데 이게 아파 이제 방 청소를 쪼끔만 안 해도 이제 옷가 방이 좀 좁아 가지고 옷도 막 의자 위에 올라가 있고 침대 위에 뭉쳐져 있고. 그래 가지고 인테리어는 깔끔한데 방 정리는 되게 안 돼 있는 거 같아. 그리고 또 새로 지은 아파트라 했잖아. 이게 요즘에 새로 지어서 그런가. 아파트가 되게 개성이 넘치더라고. 건물도 막 다 이 모습이 막 다르고. 막 저게 아파트 건물이야 이런 것도 있고. 그리고 처음에 이사 왔을 때 첫날인데 집을 못 찾겠는 거야. 왜냐하면은 보통 아파트 단지가 뭐 몇 호부터 몇 호 1에서 3 3에서 5 이렇게 순서대로 있는데 거기는 막 1에서 3이랑 17에서 19 이렇게 붙어 있고. 막 이상하게 다 붙어 있는 거야. 그래 가지고 처음 이사 갔을 때 그 아파트 단지 안에서 길 잃어 가지고 한 20분 30분 정도 헤맸던 기억이 있어. 너는 만약에 이제 앞으로 회사 다니고 할 거면은 하면은 혼자 살게 되면은 서울에서 계속 살고 싶어? 아니면은 대구? 이게 새로 지은 아파트여 가지고 이게 헬스장이나 도서관 뭐 어린이집 이런 게 입주된다는 얘기만 있고 아직은 인프라가 갖춰지진 못한 거 같아. 그래서 헬스장도 아마 생긴다곤 하는데 어 언제 생길진 잘 모르겠고. 그 아파트 단지 내에 도서관은 지금도 운영하고 있고. 그거 말고도 뭔가 주민들 휴식 공간이라고 하면서 건물이 몇 개 있더라고. 거기서 막 좀 차 같은 거 마시고 막 떠들면서 있는 아줌마들도 있고. 그 빈백 빈백도 있잖아. 그런 것도 아파트 단지 내에 몇 개 깔아둔 거야. 그래 가지고 거기서 좀 누워서 막 떠드는 사람들도 보고 이런 시설이 좀 있었어.,0.014965986394557823,0.02857142857142857,0.013605442176870748,0.0013605442176870747,0.005442176870748299,0.0027210884353741495,0.0027210884353741495,0.02312925170068027,0.0326530612244898,0.02040816326530612,0.004081632653061225,0.0163265306122449,0.0013605442176870747,0.005442176870748299,0.013605442176870748,0.0027210884353741495,0.004081632653061225,0.004081632653061225,0.024489795918367346,0.021768707482993196,0.0013605442176870747,0.0013605442176870747,0.005442176870748299,0.006802721088435374,0.0013605442176870747,0.004081632653061225,0.02040816326530612,0.0013605442176870747,0.0013605442176870747,0.009523809523809525,0.04353741496598639,0.0013605442176870747,0.005442176870748299,0.0013605442176870747,0.010884353741496598,0.005442176870748299,0.0013605442176870747,0.0027210884353741495,0.012244897959183673,0.0013605442176870747,0.0013605442176870747,0.006802721088435374,0.004081632653061225,0.0027210884353741495,0.027210884353741496,0.009523809523809525,0.010884353741496598,0.0013605442176870747,0.006802721088435374,0.024489795918367346,0.010884353741496598,0.0013605442176870747,0.006802721088435374,0.0027210884353741495,0.0013605442176870747,0.005442176870748299,0.0013605442176870747,0.0013605442176870747,0.0013605442176870747,0.006802721088435374,0.0013605442176870747,0.0027210884353741495,0.0013605442176870747,0.0027210884353741495,0.013605442176870748,0.0013605442176870747,0.006802721088435374,0.0013605442176870747,0.02857142857142857,0.0027210884353741495,0.0027210884353741495,0.0027210884353741495,0.005442176870748299,0.0013605442176870747,0.00816326530612245,0.004081632653061225,0.00816326530612245,0.0013605442176870747,0.005442176870748299,0.0027210884353741495,0.0013605442176870747,0.0013605442176870747,0.0027210884353741495,0.0013605442176870747,0.0013605442176870747,0.0013605442176870747,0.005442176870748299,0.0013605442176870747,0.005442176870748299,0.0027210884353741495,0.0013605442176870747,0.0027210884353741495,0.0027210884353741495,0.005442176870748299,0.004081632653061225,0.0013605442176870747,0.0027210884353741495,0.0013605442176870747,0.0013605442176870747,0.0013605442176870747,0.005442176870748299,0.004081632653061225,0.0013605442176870747,0.0013605442176870747,0.0013605442176870747,0.0027210884353741495,0.009523809523809525,0.014965986394557823,0.0013605442176870747,0.0013605442176870747,0.0013605442176870747,0.0027210884353741495,0.0013605442176870747,0.004081632653061225,0.0013605442176870747,0.004081632653061225,0.0013605442176870747,0.0013605442176870747,0.0027210884353741495,0.0027210884353741495,0.0027210884353741495,0.0013605442176870747,0.0013605442176870747,0.0027210884353741495,0.0027210884353741495,0.0013605442176870747,0.0027210884353741495,0.0013605442176870747,0.0027210884353741495,0.0013605442176870747,0.0013605442176870747,0.0013605442176870747,0.0013605442176870747,0.0013605442176870747,0.0013605442176870747,0.0013605442176870747,0.005442176870748299,0.004081632653061225,0.0013605442176870747,0.0013605442176870747,0.0027210884353741495,0.0027210884353741495,0.0013605442176870747,0.0013605442176870747,0.0013605442176870747,0.004081632653061225,0.0013605442176870747,0.0013605442176870747,0.004081632653061225,0.0013605442176870747,0.0027210884353741495,0.005442176870748299,0.0027210884353741495,0.004081632653061225,0.0013605442176870747,0.005442176870748299,0.0027210884353741495,0.0013605442176870747,0.0013605442176870747,0.0013605442176870747,0.0013605442176870747,0.0027210884353741495,0.0013605442176870747,0.0013605442176870747,0.0013605442176870747,0.0013605442176870747,0.0013605442176870747,0.0027210884353741495,0.0027210884353741495,0.0013605442176870747,0.0013605442176870747,0.0013605442176870747,0.0013605442176870747,0.0013605442176870747,0.0013605442176870747,0.0013605442176870747,0.0013605442176870747,0.0013605442176870747,0.0013605442176870747,0.0013605442176870747,0.0027210884353741495,0.0013605442176870747,0.0027210884353741495,0.0013605442176870747,0.0013605442176870747,0.005442176870748299,0.005442176870748299,0.005442176870748299,0.0013605442176870747,0.0013605442176870747,0.0013605442176870747,0.0013605442176870747,0.0013605442176870747,0.0013605442176870747,0.0013605442176870747,0.0027210884353741495,0.0013605442176870747,0.0013605442176870747,0.0013605442176870747,0.0013605442176870747,0.0027210884353741495,0.0013605442176870747,0.0013605442176870747,0.0013605442176870747,0.004081632653061225,0.0013605442176870747,0.0013605442176870747,0.0013605442176870747,0.0013605442176870747,0.0027210884353741495,0.0013605442176870747,0.0013605442176870747,0.0013605442176870747,0.005442176870748299,0.0027210884353741495,0.0013605442176870747,0.0013605442176870747,0.0027210884353741495,0.0013605442176870747,0.0013605442176870747,0.0013605442176870747,0.0013605442176870747,0.0013605442176870747,0.0013605442176870747,0.0013605442176870747,0.0013605442176870747,0.0013605442176870747,0.0013605442176870747,0.0027210884353741495,0.0027210884353741495,0.0013605442176870747,0.0013605442176870747,0.0013605442176870747,0.0013605442176870747,0.0013605442176870747,0.0013605442176870747,0.0013605442176870747,0.0013605442176870747,0.0027210884353741495,0.0013605442176870747,0.0013605442176870747,0.0013605442176870747,0.0013605442176870747,0.0013605442176870747,0.0013605442176870747,0.0013605442176870747,0.0013605442176870747,0.0013605442176870747,0.0013605442176870747,0.0013605442176870747,0.0027210884353741495,0.0013605442176870747,0.0013605442176870747,0.0013605442176870747,0.0013605442176870747,0.0013605442176870747,0.0013605442176870747,0.0013605442176870747,0.0,0.0,0.0,0.0,0.0,0.0,0.0,0.0,0.0,0.0,0.0,0.0,0.0,0.0,0.0,0.0,0.0,0.0,0.0,0.0,0.0,0.0,0.0,0.0,0.0,0.0,0.0,0.0,0.0,0.0,0.0,0.0,0.0,0.0,0.0,0.0,0.0,0.0,0.0,0.0,0.0,0.0,0.0,0.0,0.0,0.0,0.0,0.0,0.0,0.0,0.0,0.0,0.0,0.0,0.0,0.0,0.0,0.0,0.0,0.0,0.0,0.0,0.0,0.0,0.0,0.0,0.0,0.0,0.0,0.0,0.0,0.0,0.0,0.0,0.0,0.0,0.0,0.0,0.0,0.0,0.0,0.0,0.0,0.0,0.0,0.0,0.0,0.0,0.0,0.0,0.0,0.0,0.0,0.0,0.0,0.0,0.0,0.0,0.0,0.0,0.0,0.0,0.0,0.0,0.0,0.0,0.0,0.0,0.0,0.0,0.0,0.0,0.0,0.0,0.0,0.0,0.0,0.0,0.0,0.0,0.0,0.0,0.0,0.0,0.0,0.0,0.0,0.0,0.0,0.0,0.0,0.0,0.0,0.0,0.0,0.0,0.0,0.0,0.0,0.0,0.0,0.0,0.0,0.0,0.0,0.0,0.0,0.0,0.0,0.0,0.0,0.0,0.0,0.0,0.0,0.0,0.0,0.0,0.0,0.0,0.0,0.0,0.0,0.0,0.0,0.0,0.0,0.0,0.0,0.0,0.0,0.0,0.0,0.0,0.0,0.0,0.0,0.0,0.0,0.0,0.0,0.0,0.0,0.0,0.0,0.0,0.0,0.0,0.0,0.0,0.0,0.0,0.0,0.0,0.0,0.0,0.0,0.0,0.0,0.0,0.0,0.0,0.0,0.0,0.0,0.0,0.0,0.0,0.0,0.0,0.0,0.0,0.0,0.0,0.0,0.0,0.0,0.0,0.0,0.0,0.0,0.0,0.0,0.0,0.0,0.0,0.0,0.0,0.0,0.0,0.0,0.0,0.0,0.0,0.0,0.0,0.0,0.0,0.0,0.0,0.0,0.0,0.0,0.0,0.0,0.0,0.0,0.0,0.0,0.0,0.0,0.0,0.0,0.0,0.0,0.0,0.0,0.0,0.0,0.0,0.0,0.0,0.0,0.0,0.0,0.0,0.0,0.0,0.0,0.0,0.0,0.0,0.0,0.0,0.0,0.0,0.0,0.0,0.0,0.0,0.0,0.0,0.0,0.0,0.0,0.0,0.0,0.0,0.0,0.0,0.0,0.0,0.0,0.0,0.0,0.0,0.0,0.0,0.0,0.0,0.0,0.0,0.0,0.0,0.0,0.0,0.0,0.0,0.0,0.0,0.0,0.0,0.0,0.0,0.0,0.0,0.0,0.0,0.0,0.0,0.0,0.0,0.0,0.0,0.0,0.0,0.0,0.0,0.0,0.0,0.0,0.0,0.0,0.0,0.0,0.0,0.0,0.0,0.0,0.0,0.0,0.3880781060608369,0.0,0.0,0.0,0.0,0.0,0.0,0.0,0.0,0.0,0.0,0.0,0.0,0.0,0.0,0.0,0.0,0.0,0.0,0.0,0.0,0.0,0.0,0.0,0.0,0.0,0.0,0.0,0.0,0.0,0.0,0.0,0.0,0.0,0.0,0.0,0.0,0.0,0.0,0.0,0.0,0.0,0.366437159363507,0.0,0.0,0.0,0.0,0.0,0.0,0.0,0.0,0.0,0.0,0.0,0.418579307325878,0.0,0.0,0.0,0.0,0.0,0.0,0.0,0.0,0.0,0.0,0.0,0.0,0.0,0.0,0.0,0.0,0.0,0.0,0.0,0.0,0.0,0.0,0.0,0.0,0.0,0.0,0.0,0.0,0.0,0.0,0.0,0.0,0.0,0.0,0.0,0.0,0.0,0.0,0.0,0.0,0.0,0.0,0.0,0.0,0.0,0.0,0.0,0.0,0.0,0.0,0.0,0.0,0.0,0.0,0.0,0.0,0.0,0.0,0.0,0.0,0.0,0.0,0.0,0.0,0.0,0.0,0.0,0.0,0.0,0.0,0.0,0.0,0.0,0.0,0.0,0.0,0.0,0.0,0.0,0.0,0.0,0.0,0.0,0.0,0.0,0.0,0.0,0.0,0.0,0.0,0.0,0.0,0.0,0.0,0.0,0.0,0.0,0.0,0.0,0.0,0.0,0.0,0.0,0.0,0.0,0.0,0.0,0.0,0.0,0.0,0.0,0.0,0.0,0.0,0.0,0.0,0.0,0.0,0.0,0.0,0.0,0.0,0.0,0.0,0.0,0.0,0.0,0.0,0.0,0.0,0.0,0.0,0.0,0.0,0.0,0.0,0.0,0.0,0.0,0.0,0.0,0.0,0.0,0.0,0.0,0.0,0.0,0.0,0.0,0.0,0.0,0.0,0.0,0.0,0.0,0.0,0.0,0.0,0.0,0.0,0.0,0.0,0.0,0.0,0.0,0.0,0.0,0.0,0.0,0.0,0.0,0.0,0.0,0.0,0.0,0.0,0.0,0.0,0.0,0.0,0.0,0.0,0.0,0.0,0.0,0.0,0.0,0.0,0.0,0.0,0.0,0.0,0.0,0.0,0.0,0.0,0.0,0.0,0.0,0.0,0.0,0.0,0.0,0.0,0.0,0.0,0.0,0.0,0.0,0.0,0.0,0.0,0.0,0.0,0.0,0.0,0.0,0.0,0.0,0.0,0.0,0.0,0.0,0.0,0.0,0.0,0.0,0.0,0.32433993955943097,0.0,0.0,0.0,0.0,0.0,0.0,0.0,0.0,0.0,0.0,0.0,0.0,0.0,0.0,0.0,0.0,0.0,0.0,0.0,0.0,0.0,0.0,0.0,0.0,0.0,0.0,0.0,0.0,0.0,0.0,0.0,0.0,0.0,0.0,0.0,0.0,0.0,0.0,0.0,0.0,0.0,0.0,0.0,0.0,0.0,0.0,0.0,0.0,0.0,0.0,0.0,0.0,0.0,0.0,0.0,0.0,0.0,0.0,0.0,0.0,0.0,0.0,0.0,0.0,0.0,0.0,0.0,0.0,0.0,0.0,0.0,0.418579307325878,0.0,0.0,0.0,0.0,0.0,0.0,0.0,0.0,0.0,0.0,0.0,0.0,0.0,0.0,0.0,0.0,0.0,0.0,0.0,0.0,0.0,0.0,0.0,0.0,0.0,0.0,0.0,0.0,0.0,0.0,0.0,0.0,0.0,0.0,0.0,0.2903392599635585,0.0,0.0,0.0,0.0,0.0,0.0,0.0,0.0,0.0,0.0,0.0,0.0,0.0,0.0,0.0,0.0,0.0,0.0,0.0,0.0,0.0,0.0,0.0,0.0,0.0,0.0,0.0,0.0,0.0,0.0,0.0,0.0,0.0,0.0,0.0,0.0,0.0,0.0,0.0,0.0,0.0,0.0,0.0,0.0,0.0,0.0,0.0,0.0,0.0,0.0,0.0,0.0,0.0,0.0,0.0,0.0,0.0,0.0,0.0,0.0,0.0,0.0,0.0,0.0,0.0,0.0,0.0,0.0,0.0,0.0,0.0,0.0,0.0,0.0,0.418579307325878,0.0,0.0,0.0,0.0,0.0,0.0,0.0,0.0,0.0,0.0,0.0,0.0,0.0,0.0,0.0,0.0,0.0,0.0,0.0,0.0,0.0,0.0,0.0,0.0,0.0,0.0,0.0,0.0,0.0,0.0,0.0,0.0,0.0,0.0,0.0,0.0,0.0,0.0,0.0,0.0,0.0,0.0,0.0,0.0,0.0,0.0,0.0,0.0,0.0,0.0,0.0,0.0,0.0,0.0,0.0,0.0,0.0,0.0,0.0,0.0,0.0,0.0,0.0,0.0,0.0,0.0,0.0,0.0,0.0,0.0,0.0,0.0,0.0,0.0,0.0,0.0,0.0,0.0,0.0,0.0,0.0,0.0,0.0,0.0,0.0,0.0,0.0,0.0,0.0,0.0,0.0,0.0,0.0,0.0,0.0,0.0,0.0,0.0,0.0,0.0,0.0,0.0,0.0,0.0,0.0,0.0,0.0,0.0,0.0,0.0,0.0,0.0,0.0,0.0
SD2401267,20대,너희 집은 지금 오피스텔이잖아. 그 층간 소음 좀 있는 거 같아? 나 지금 7층 사는데 딱히 층간 소음은 없는 거 같은데 좀 그 아파트에 이상한 사람은 좀 있는 거 같더라. 왜냐하면은 우리가 집에 아무도 없는 상태였는데 갑자기 밑의 집에서 올라온다 아 그 밑의 집인가 어디서 막 신고가 들어왔다는 거야. 이 이 시간이 너무 시끄러웠었다고. 그래 가지고 그게 그게 꼭 밑의 집은 아니고 밑의 층은 아니었던 거 같은데 그런 사람이 좀 있어서 좀 뭐지 좀 조심해야겠다 이런 적은 있었어. 이런 적이 있어. 그리고 너는 지금 자취를 그 1곳에서만 했던 거야 이사 없이? 나도 지금 누나랑 같이 살라고 하면은 절대 못 살 거 같아. 누나랑 진짜 맞는 게 하나도 없단 말이야. 누나도 막 나도 새벽에 전화하면은 누나가 뭐라 하고. 어떨 때 누나가 새벽에 게임하면 또 나한테 이제 내가 이제 스트레스받고. 그래서 이제 만약에 내가 너처럼 그러니까 형제 같이 살라고 하면은 나는 못 살 거 같아. 그리고 그리고 그 이사를 좀 많이 다녔었는데 이사 다닐 때마다 이제 방이 있긴 한데 이게 크기가 이제 큰방 작은방이 있었단 말이야. 그래 가지고 누가 큰방 쓸 거냐 이런 거 때문에 또 엄청 싸운 적 싸웠었고 싸웠었던 거 같아. 그러면 본가도 그러면 지금 살던 데 쭉 계속 살고 있었던 거야 어릴 때부터? 나는 이제 어릴 때부터 정말 많이 다녔었는데 초등학교랑 중학교 때까지는 그래도 한동네 내에서 왔다 갔다 했던 거여서 좀 이제 이사하느라 좀 귀찮고 막 집 바뀌는 게 좀 불편 적응이 안 되 초반에 적응이 안 되는 게 있긴 했어도 이 친구들이랑 멀어진다 이런 거 없어서 괜찮았는데 중학교 3학년에서 이제 고등학교 때 한번 아예 학 그 학 우리 지금 다니는 학교 쪽으로 이사를 왔었단 말이야. 근데 그때 정말 좀 좋았던 친구들인데 완전 멀어지니까 그때 쪼끔 이제 스트레스를 받았었던 경험이 있고. 그래서 또 그래 가지고 이제 고등학교 1학년 때에서부터 2학년 때 또 이사를 가야 되는 상황이 된 거야. 근데 그래서 원래 다니던 고등학교 쪽으로 가려 했었는데 그러진 않고 이제 다시 원래 동네로 돌아갔었던 적이 있어. 나도 그런 전원주택에서 사는 꿈 같은 게 있었던 거 같아. 그 내가 직접 집을 만들고 아 설계해서 막 비밀 공간이나 아 이제 정말 큰 목욕탕이나 아니면 음 어떤 작업실 뭐 이런 걸 만들어 두고 싶다는 생각이 있었어. 만들고 싶다는. 그리 너 근데 지금 자취하고 있잖아. 그러면 그 가전제품 같은 거는 뭐 뭐 있어? 어 이러면 안 되는데. 나는 이제 본가에 살잖아. 어 집안일을 거의 다 안 하고 엄마가 하고 있어. 그러니까 설거지만 이제 내가 먹은 거 설거지하고 이제 그리고 옷 옷이나 분리수거 이런 거는 엄마 아빠가 거의 다 하는 거 같아. 그 자취하면서 이런 설거지나 분리수거 때문에 막 오빠랑 막 싸우거나 그러진 않아? 난 지금 너무 자취를 하고 싶어. 왜냐하면은 일단 난 이제 혼자가 편하단 말이야. 그래 가지고 이제 나만의 일상생활 패턴이 있는데 어쨌든 가족이랑 살면은 아무리 가족이라도 쪼금 지켜야 되는 게 있으니까 그런 게 이제 좀 나한테는 너무 좀 힘들고 내가 하고 싶은 것도 너무 제한이 되는 거 같아서 학교 근처에서 자취하고 싶다는 생각은 있는데 이게 자취도 어쨌든 돈이 많이 깨지니까 쉽사리 하진 못 하고 있고. 음 아마 군대 갔다 와서 자취를 할 수 있으면 하지 않을까 이런 생각이 있어. 음 너는 음 너희 집 인테리어는 혹시 어떻게 돼 있어? 음 우리 집은 이번에 새로 지은 아파트여 가지고 그냥 전체적으로 완전 깔끔한 느낌으로 지금 돼 있는데 이게 아파 이제 방 청소를 쪼끔만 안 해도 이제 옷가 방이 좀 좁아 가지고 옷도 막 의자 위에 올라가 있고 침대 위에 뭉쳐져 있고. 그래 가지고 인테리어는 깔끔한데 방 정리는 되게 안 돼 있는 거 같아. 그리고 또 새로 지은 아파트라 했잖아. 이게 요즘에 새로 지어서 그런가. 아파트가 되게 개성이 넘치더라고. 건물도 막 다 이 모습이 막 다르고. 막 저게 아파트 건물이야 이런 것도 있고. 그리고 처음에 이사 왔을 때 첫날인데 집을 못 찾겠는 거야. 왜냐하면은 보통 아파트 단지가 뭐 몇 호부터 몇 호 1에서 3 3에서 5 이렇게 순서대로 있는데 거기는 막 1에서 3이랑 17에서 19 이렇게 붙어 있고. 막 이상하게 다 붙어 있는 거야. 그래 가지고 처음 이사 갔을 때 그 아파트 단지 안에서 길 잃어 가지고 한 20분 30분 정도 헤맸던 기억이 있어. 너는 만약에 이제 앞으로 회사 다니고 할 거면은 하면은 혼자 살게 되면은 서울에서 계속 살고 싶어? 아니면은 대구? 이게 새로 지은 아파트여 가지고 이게 헬스장이나 도서관 뭐 어린이집 이런 게 입주된다는 얘기만 있고 아직은 인프라가 갖춰지진 못한 거 같아. 그래서 헬스장도 아마 생긴다곤 하는데 어 언제 생길진 잘 모르겠고. 그 아파트 단지 내에 도서관은 지금도 운영하고 있고. 그거 말고도 뭔가 주민들 휴식 공간이라고 하면서 건물이 몇 개 있더라고. 거기서 막 좀 차 같은 거 마시고 막 떠들면서 있는 아줌마들도 있고. 그 빈백 빈백도 있잖아. 그런 것도 아파트 단지 내에 몇 개 깔아둔 거야. 그래 가지고 거기서 좀 누워서 막 떠드는 사람들도 보고 이런 시설이 좀 있었어.,0.014965986394557823,0.02857142857142857,0.013605442176870748,0.0013605442176870747,0.005442176870748299,0.0027210884353741495,0.0027210884353741495,0.02312925170068027,0.0326530612244898,0.02040816326530612,0.004081632653061225,0.0163265306122449,0.0013605442176870747,0.005442176870748299,0.013605442176870748,0.0027210884353741495,0.004081632653061225,0.004081632653061225,0.024489795918367346,0.021768707482993196,0.0013605442176870747,0.0013605442176870747,0.005442176870748299,0.006802721088435374,0.0013605442176870747,0.004081632653061225,0.02040816326530612,0.0013605442176870747,0.0013605442176870747,0.009523809523809525,0.04353741496598639,0.0013605442176870747,0.005442176870748299,0.0013605442176870747,0.010884353741496598,0.005442176870748299,0.0013605442176870747,0.0027210884353741495,0.012244897959183673,0.0013605442176870747,0.0013605442176870747,0.006802721088435374,0.004081632653061225,0.0027210884353741495,0.027210884353741496,0.009523809523809525,0.010884353741496598,0.0013605442176870747,0.006802721088435374,0.024489795918367346,0.010884353741496598,0.0013605442176870747,0.006802721088435374,0.0027210884353741495,0.0013605442176870747,0.005442176870748299,0.0013605442176870747,0.0013605442176870747,0.0013605442176870747,0.006802721088435374,0.0013605442176870747,0.0027210884353741495,0.0013605442176870747,0.0027210884353741495,0.013605442176870748,0.0013605442176870747,0.006802721088435374,0.0013605442176870747,0.02857142857142857,0.0027210884353741495,0.0027210884353741495,0.0027210884353741495,0.005442176870748299,0.0013605442176870747,0.00816326530612245,0.004081632653061225,0.00816326530612245,0.0013605442176870747,0.005442176870748299,0.0027210884353741495,0.0013605442176870747,0.0013605442176870747,0.0027210884353741495,0.0013605442176870747,0.0013605442176870747,0.0013605442176870747,0.005442176870748299,0.0013605442176870747,0.005442176870748299,0.0027210884353741495,0.0013605442176870747,0.0027210884353741495,0.0027210884353741495,0.005442176870748299,0.004081632653061225,0.0013605442176870747,0.0027210884353741495,0.0013605442176870747,0.0013605442176870747,0.0013605442176870747,0.005442176870748299,0.004081632653061225,0.0013605442176870747,0.0013605442176870747,0.0013605442176870747,0.0027210884353741495,0.009523809523809525,0.014965986394557823,0.0013605442176870747,0.0013605442176870747,0.0013605442176870747,0.0027210884353741495,0.0013605442176870747,0.004081632653061225,0.0013605442176870747,0.004081632653061225,0.0013605442176870747,0.0013605442176870747,0.0027210884353741495,0.0027210884353741495,0.0027210884353741495,0.0013605442176870747,0.0013605442176870747,0.0027210884353741495,0.0027210884353741495,0.0013605442176870747,0.0027210884353741495,0.0013605442176870747,0.0027210884353741495,0.0013605442176870747,0.0013605442176870747,0.0013605442176870747,0.0013605442176870747,0.0013605442176870747,0.0013605442176870747,0.0013605442176870747,0.005442176870748299,0.004081632653061225,0.0013605442176870747,0.0013605442176870747,0.0027210884353741495,0.0027210884353741495,0.0013605442176870747,0.0013605442176870747,0.0013605442176870747,0.004081632653061225,0.0013605442176870747,0.0013605442176870747,0.004081632653061225,0.0013605442176870747,0.0027210884353741495,0.005442176870748299,0.0027210884353741495,0.004081632653061225,0.0013605442176870747,0.005442176870748299,0.0027210884353741495,0.0013605442176870747,0.0013605442176870747,0.0013605442176870747,0.0013605442176870747,0.0027210884353741495,0.0013605442176870747,0.0013605442176870747,0.0013605442176870747,0.0013605442176870747,0.0013605442176870747,0.0027210884353741495,0.0027210884353741495,0.0013605442176870747,0.0013605442176870747,0.0013605442176870747,0.0013605442176870747,0.0013605442176870747,0.0013605442176870747,0.0013605442176870747,0.0013605442176870747,0.0013605442176870747,0.0013605442176870747,0.0013605442176870747,0.0027210884353741495,0.0013605442176870747,0.0027210884353741495,0.0013605442176870747,0.0013605442176870747,0.005442176870748299,0.005442176870748299,0.005442176870748299,0.0013605442176870747,0.0013605442176870747,0.0013605442176870747,0.0013605442176870747,0.0013605442176870747,0.0013605442176870747,0.0013605442176870747,0.0027210884353741495,0.0013605442176870747,0.0013605442176870747,0.0013605442176870747,0.0013605442176870747,0.0027210884353741495,0.0013605442176870747,0.0013605442176870747,0.0013605442176870747,0.004081632653061225,0.0013605442176870747,0.0013605442176870747,0.0013605442176870747,0.0013605442176870747,0.0027210884353741495,0.0013605442176870747,0.0013605442176870747,0.0013605442176870747,0.005442176870748299,0.0027210884353741495,0.0013605442176870747,0.0013605442176870747,0.0027210884353741495,0.0013605442176870747,0.0013605442176870747,0.0013605442176870747,0.0013605442176870747,0.0013605442176870747,0.0013605442176870747,0.0013605442176870747,0.0013605442176870747,0.0013605442176870747,0.0013605442176870747,0.0027210884353741495,0.0027210884353741495,0.0013605442176870747,0.0013605442176870747,0.0013605442176870747,0.0013605442176870747,0.0013605442176870747,0.0013605442176870747,0.0013605442176870747,0.0013605442176870747,0.0027210884353741495,0.0013605442176870747,0.0013605442176870747,0.0013605442176870747,0.0013605442176870747,0.0013605442176870747,0.0013605442176870747,0.0013605442176870747,0.0013605442176870747,0.0013605442176870747,0.0013605442176870747,0.0013605442176870747,0.0027210884353741495,0.0013605442176870747,0.0013605442176870747,0.0013605442176870747,0.0013605442176870747,0.0013605442176870747,0.0013605442176870747,0.0013605442176870747,0.0,0.0,0.0,0.0,0.0,0.0,0.0,0.0,0.0,0.0,0.0,0.0,0.0,0.0,0.0,0.0,0.0,0.0,0.0,0.0,0.0,0.0,0.0,0.0,0.0,0.0,0.0,0.0,0.0,0.0,0.0,0.0,0.0,0.0,0.0,0.0,0.0,0.0,0.0,0.0,0.0,0.0,0.0,0.0,0.0,0.0,0.0,0.0,0.0,0.0,0.0,0.0,0.0,0.0,0.0,0.0,0.0,0.0,0.0,0.0,0.0,0.0,0.0,0.0,0.0,0.0,0.0,0.0,0.0,0.0,0.0,0.0,0.0,0.0,0.0,0.0,0.0,0.0,0.0,0.0,0.0,0.0,0.0,0.0,0.0,0.0,0.0,0.0,0.0,0.0,0.0,0.0,0.0,0.0,0.0,0.0,0.0,0.0,0.0,0.0,0.0,0.0,0.0,0.0,0.0,0.0,0.0,0.0,0.0,0.0,0.0,0.0,0.0,0.0,0.0,0.0,0.0,0.0,0.0,0.0,0.0,0.0,0.0,0.0,0.0,0.0,0.0,0.0,0.0,0.0,0.0,0.0,0.0,0.0,0.0,0.0,0.0,0.0,0.0,0.0,0.0,0.0,0.0,0.0,0.0,0.0,0.0,0.0,0.0,0.0,0.0,0.0,0.0,0.0,0.0,0.0,0.0,0.0,0.0,0.0,0.0,0.0,0.0,0.0,0.0,0.0,0.0,0.0,0.0,0.0,0.0,0.0,0.0,0.0,0.0,0.0,0.0,0.0,0.0,0.0,0.0,0.0,0.0,0.0,0.0,0.0,0.0,0.0,0.0,0.0,0.0,0.0,0.0,0.0,0.0,0.0,0.0,0.0,0.0,0.0,0.0,0.0,0.0,0.0,0.0,0.0,0.0,0.0,0.0,0.0,0.0,0.0,0.0,0.0,0.0,0.0,0.0,0.0,0.0,0.0,0.0,0.0,0.0,0.0,0.0,0.0,0.0,0.0,0.0,0.0,0.0,0.0,0.0,0.0,0.0,0.0,0.0,0.0,0.0,0.0,0.0,0.0,0.0,0.0,0.0,0.0,0.0,0.0,0.0,0.0,0.0,0.0,0.0,0.35157901601934716,0.0,0.0,0.0,0.0,0.0,0.0,0.0,0.0,0.0,0.0,0.0,0.0,0.0,0.0,0.0,0.0,0.35157901601934716,0.0,0.0,0.0,0.0,0.0,0.0,0.0,0.0,0.0,0.3077830501106133,0.0,0.0,0.0,0.0,0.0,0.0,0.0,0.0,0.0,0.0,0.0,0.0,0.0,0.0,0.0,0.0,0.0,0.0,0.0,0.0,0.0,0.0,0.0,0.0,0.0,0.0,0.0,0.0,0.0,0.0,0.0,0.0,0.0,0.0,0.0,0.0,0.0,0.0,0.0,0.0,0.0,0.0,0.0,0.0,0.0,0.0,0.0,0.0,0.0,0.0,0.0,0.0,0.0,0.0,0.0,0.0,0.0,0.0,0.0,0.0,0.0,0.0,0.0,0.0,0.0,0.0,0.0,0.0,0.0,0.0,0.0,0.0,0.0,0.0,0.0,0.0,0.0,0.0,0.0,0.0,0.0,0.0,0.0,0.0,0.0,0.0,0.0,0.0,0.0,0.0,0.0,0.0,0.0,0.0,0.0,0.0,0.0,0.0,0.0,0.0,0.0,0.0,0.0,0.0,0.0,0.0,0.0,0.0,0.0,0.0,0.0,0.0,0.0,0.0,0.0,0.0,0.0,0.0,0.0,0.0,0.0,0.0,0.0,0.0,0.0,0.0,0.0,0.0,0.0,0.0,0.0,0.0,0.0,0.0,0.0,0.0,0.0,0.0,0.0,0.0,0.0,0.0,0.0,0.0,0.0,0.0,0.0,0.0,0.0,0.0,0.0,0.0,0.0,0.0,0.0,0.0,0.0,0.0,0.0,0.0,0.0,0.0,0.0,0.0,0.0,0.0,0.0,0.0,0.0,0.0,0.32596001827987564,0.0,0.0,0.0,0.0,0.0,0.0,0.0,0.0,0.0,0.0,0.0,0.0,0.0,0.0,0.0,0.0,0.0,0.0,0.0,0.0,0.0,0.0,0.2936838982418627,0.0,0.0,0.0,0.0,0.0,0.0,0.0,0.0,0.0,0.0,0.0,0.0,0.0,0.0,0.0,0.0,0.0,0.0,0.0,0.0,0.0,0.0,0.0,0.0,0.0,0.0,0.0,0.0,0.0,0.0,0.0,0.0,0.0,0.0,0.0,0.0,0.0,0.0,0.0,0.0,0.0,0.0,0.0,0.0,0.0,0.0,0.0,0.0,0.0,0.0,0.0,0.0,0.0,0.0,0.0,0.0,0.0,0.0,0.0,0.0,0.0,0.0,0.0,0.0,0.0,0.0,0.0,0.0,0.0,0.0,0.0,0.0,0.0,0.0,0.0,0.0,0.0,0.0,0.0,0.0,0.0,0.0,0.0,0.0,0.0,0.0,0.0,0.0,0.0,0.0,0.0,0.0,0.0,0.0,0.0,0.0,0.0,0.0,0.0,0.0,0.0,0.0,0.0,0.0,0.0,0.0,0.0,0.0,0.0,0.0,0.0,0.0,0.0,0.0,0.0,0.0,0.0,0.0,0.0,0.0,0.0,0.0,0.0,0.0,0.0,0.0,0.0,0.0,0.0,0.0,0.0,0.0,0.0,0.0,0.0,0.0,0.0,0.0,0.0,0.0,0.0,0.0,0.0,0.0,0.0,0.0,0.0,0.0,0.0,0.0,0.0,0.0,0.0,0.0,0.0,0.0,0.0,0.0,0.0,0.0,0.0,0.0,0.0,0.0,0.0,0.0,0.0,0.0,0.0,0.0,0.0,0.0,0.0,0.0,0.0,0.0,0.0,0.0,0.0,0.0,0.0,0.0,0.0,0.0,0.0,0.0,0.0,0.0,0.0,0.0,0.0,0.0,0.0,0.0,0.0,0.0,0.0,0.0,0.0,0.0,0.0,0.0,0.0,0.0,0.0,0.0,0.0,0.0,0.0,0.0,0.0,0.0,0.0,0.0,0.0,0.0,0.0,0.0,0.0,0.0,0.0,0.0,0.0,0.0,0.0,0.0,0.0,0.0,0.0,0.0,0.0,0.0,0.0,0.0,0.0,0.0,0.0,0.0,0.0,0.0,0.0,0.0,0.0,0.0,0.0,0.0,0.0,0.0,0.0,0.0,0.0,0.0,0.0,0.0,0.0,0.0,0.0,0.0,0.0,0.0,0.0,0.0,0.0,0.0,0.0,0.3077830501106133,0.0,0.0,0.0,0.0,0.0,0.0,0.0,0.0,0.0,0.0,0.0,0.0,0.0,0.0,0.0,0.0,0.0,0.0,0.0,0.0,0.0,0.0,0.0,0.0,0.0,0.0,0.0,0.0,0.0,0.0,0.0,0.0,0.0,0.0,0.0,0.0,0.0,0.0,0.0,0.0,0.0,0.0,0.0,0.0,0.0,0.0,0.0,0.0,0.0,0.0,0.0,0.0,0.0,0.0,0.0,0.35157901601934716,0.0,0.0,0.0,0.0,0.0,0.0,0.0,0.0,0.0,0.0,0.0,0.0,0.0,0.0,0.0,0.0,0.0,0.0,0.0,0.0,0.0,0.0,0.0,0.0,0.0,0.0,0.0,0.0,0.0,0.0,0.0,0.0,0.0,0.0,0.0,0.0,0.0,0.0,0.0,0.0,0.0,0.0,0.0,0.0,0.0,0.0,0.0,0.0,0.0,0.0,0.0,0.0,0.0,0.0,0.0,0.0,0.0,0.0,0.0,0.0,0.0,0.0,0.0,0.0,0.0,0.0,0.0,0.0,0.0,0.0,0.0,0.0,0.0,0.0,0.0,0.0,0.0,0.0,0.0,0.0,0.35157901601934716,0.0,0.0,0.0,0.0,0.0,0.0,0.0,0.0,0.0,0.0,0.0,0.0,0.0,0.0,0.0,0.0,0.0,0.0,0.0,0.0,0.0,0.0,0.0,0.0,0.0,0.0,0.0,0.0,0.0,0.0,0.0,0.0,0.0,0.0,0.0,0.0,0.35157901601934716,0.0,0.0,0.0,0.0,0.0,0.0,0.0
SD2401267,20대,너희 집은 지금 오피스텔이잖아. 그 층간 소음 좀 있는 거 같아? 나 지금 7층 사는데 딱히 층간 소음은 없는 거 같은데 좀 그 아파트에 이상한 사람은 좀 있는 거 같더라. 왜냐하면은 우리가 집에 아무도 없는 상태였는데 갑자기 밑의 집에서 올라온다 아 그 밑의 집인가 어디서 막 신고가 들어왔다는 거야. 이 이 시간이 너무 시끄러웠었다고. 그래 가지고 그게 그게 꼭 밑의 집은 아니고 밑의 층은 아니었던 거 같은데 그런 사람이 좀 있어서 좀 뭐지 좀 조심해야겠다 이런 적은 있었어. 이런 적이 있어. 그리고 너는 지금 자취를 그 1곳에서만 했던 거야 이사 없이? 나도 지금 누나랑 같이 살라고 하면은 절대 못 살 거 같아. 누나랑 진짜 맞는 게 하나도 없단 말이야. 누나도 막 나도 새벽에 전화하면은 누나가 뭐라 하고. 어떨 때 누나가 새벽에 게임하면 또 나한테 이제 내가 이제 스트레스받고. 그래서 이제 만약에 내가 너처럼 그러니까 형제 같이 살라고 하면은 나는 못 살 거 같아. 그리고 그리고 그 이사를 좀 많이 다녔었는데 이사 다닐 때마다 이제 방이 있긴 한데 이게 크기가 이제 큰방 작은방이 있었단 말이야. 그래 가지고 누가 큰방 쓸 거냐 이런 거 때문에 또 엄청 싸운 적 싸웠었고 싸웠었던 거 같아. 그러면 본가도 그러면 지금 살던 데 쭉 계속 살고 있었던 거야 어릴 때부터? 나는 이제 어릴 때부터 정말 많이 다녔었는데 초등학교랑 중학교 때까지는 그래도 한동네 내에서 왔다 갔다 했던 거여서 좀 이제 이사하느라 좀 귀찮고 막 집 바뀌는 게 좀 불편 적응이 안 되 초반에 적응이 안 되는 게 있긴 했어도 이 친구들이랑 멀어진다 이런 거 없어서 괜찮았는데 중학교 3학년에서 이제 고등학교 때 한번 아예 학 그 학 우리 지금 다니는 학교 쪽으로 이사를 왔었단 말이야. 근데 그때 정말 좀 좋았던 친구들인데 완전 멀어지니까 그때 쪼끔 이제 스트레스를 받았었던 경험이 있고. 그래서 또 그래 가지고 이제 고등학교 1학년 때에서부터 2학년 때 또 이사를 가야 되는 상황이 된 거야. 근데 그래서 원래 다니던 고등학교 쪽으로 가려 했었는데 그러진 않고 이제 다시 원래 동네로 돌아갔었던 적이 있어. 나도 그런 전원주택에서 사는 꿈 같은 게 있었던 거 같아. 그 내가 직접 집을 만들고 아 설계해서 막 비밀 공간이나 아 이제 정말 큰 목욕탕이나 아니면 음 어떤 작업실 뭐 이런 걸 만들어 두고 싶다는 생각이 있었어. 만들고 싶다는. 그리 너 근데 지금 자취하고 있잖아. 그러면 그 가전제품 같은 거는 뭐 뭐 있어? 어 이러면 안 되는데. 나는 이제 본가에 살잖아. 어 집안일을 거의 다 안 하고 엄마가 하고 있어. 그러니까 설거지만 이제 내가 먹은 거 설거지하고 이제 그리고 옷 옷이나 분리수거 이런 거는 엄마 아빠가 거의 다 하는 거 같아. 그 자취하면서 이런 설거지나 분리수거 때문에 막 오빠랑 막 싸우거나 그러진 않아? 난 지금 너무 자취를 하고 싶어. 왜냐하면은 일단 난 이제 혼자가 편하단 말이야. 그래 가지고 이제 나만의 일상생활 패턴이 있는데 어쨌든 가족이랑 살면은 아무리 가족이라도 쪼금 지켜야 되는 게 있으니까 그런 게 이제 좀 나한테는 너무 좀 힘들고 내가 하고 싶은 것도 너무 제한이 되는 거 같아서 학교 근처에서 자취하고 싶다는 생각은 있는데 이게 자취도 어쨌든 돈이 많이 깨지니까 쉽사리 하진 못 하고 있고. 음 아마 군대 갔다 와서 자취를 할 수 있으면 하지 않을까 이런 생각이 있어. 음 너는 음 너희 집 인테리어는 혹시 어떻게 돼 있어? 음 우리 집은 이번에 새로 지은 아파트여 가지고 그냥 전체적으로 완전 깔끔한 느낌으로 지금 돼 있는데 이게 아파 이제 방 청소를 쪼끔만 안 해도 이제 옷가 방이 좀 좁아 가지고 옷도 막 의자 위에 올라가 있고 침대 위에 뭉쳐져 있고. 그래 가지고 인테리어는 깔끔한데 방 정리는 되게 안 돼 있는 거 같아. 그리고 또 새로 지은 아파트라 했잖아. 이게 요즘에 새로 지어서 그런가. 아파트가 되게 개성이 넘치더라고. 건물도 막 다 이 모습이 막 다르고. 막 저게 아파트 건물이야 이런 것도 있고. 그리고 처음에 이사 왔을 때 첫날인데 집을 못 찾겠는 거야. 왜냐하면은 보통 아파트 단지가 뭐 몇 호부터 몇 호 1에서 3 3에서 5 이렇게 순서대로 있는데 거기는 막 1에서 3이랑 17에서 19 이렇게 붙어 있고. 막 이상하게 다 붙어 있는 거야. 그래 가지고 처음 이사 갔을 때 그 아파트 단지 안에서 길 잃어 가지고 한 20분 30분 정도 헤맸던 기억이 있어. 너는 만약에 이제 앞으로 회사 다니고 할 거면은 하면은 혼자 살게 되면은 서울에서 계속 살고 싶어? 아니면은 대구? 이게 새로 지은 아파트여 가지고 이게 헬스장이나 도서관 뭐 어린이집 이런 게 입주된다는 얘기만 있고 아직은 인프라가 갖춰지진 못한 거 같아. 그래서 헬스장도 아마 생긴다곤 하는데 어 언제 생길진 잘 모르겠고. 그 아파트 단지 내에 도서관은 지금도 운영하고 있고. 그거 말고도 뭔가 주민들 휴식 공간이라고 하면서 건물이 몇 개 있더라고. 거기서 막 좀 차 같은 거 마시고 막 떠들면서 있는 아줌마들도 있고. 그 빈백 빈백도 있잖아. 그런 것도 아파트 단지 내에 몇 개 깔아둔 거야. 그래 가지고 거기서 좀 누워서 막 떠드는 사람들도 보고 이런 시설이 좀 있었어.,0.014965986394557823,0.02857142857142857,0.013605442176870748,0.0013605442176870747,0.005442176870748299,0.0027210884353741495,0.0027210884353741495,0.02312925170068027,0.0326530612244898,0.02040816326530612,0.004081632653061225,0.0163265306122449,0.0013605442176870747,0.005442176870748299,0.013605442176870748,0.0027210884353741495,0.004081632653061225,0.004081632653061225,0.024489795918367346,0.021768707482993196,0.0013605442176870747,0.0013605442176870747,0.005442176870748299,0.006802721088435374,0.0013605442176870747,0.004081632653061225,0.02040816326530612,0.0013605442176870747,0.0013605442176870747,0.009523809523809525,0.04353741496598639,0.0013605442176870747,0.005442176870748299,0.0013605442176870747,0.010884353741496598,0.005442176870748299,0.0013605442176870747,0.0027210884353741495,0.012244897959183673,0.0013605442176870747,0.0013605442176870747,0.006802721088435374,0.004081632653061225,0.0027210884353741495,0.027210884353741496,0.009523809523809525,0.010884353741496598,0.0013605442176870747,0.006802721088435374,0.024489795918367346,0.010884353741496598,0.0013605442176870747,0.006802721088435374,0.0027210884353741495,0.0013605442176870747,0.005442176870748299,0.0013605442176870747,0.0013605442176870747,0.0013605442176870747,0.006802721088435374,0.0013605442176870747,0.0027210884353741495,0.0013605442176870747,0.0027210884353741495,0.013605442176870748,0.0013605442176870747,0.006802721088435374,0.0013605442176870747,0.02857142857142857,0.0027210884353741495,0.0027210884353741495,0.0027210884353741495,0.005442176870748299,0.0013605442176870747,0.00816326530612245,0.004081632653061225,0.00816326530612245,0.0013605442176870747,0.005442176870748299,0.0027210884353741495,0.0013605442176870747,0.0013605442176870747,0.0027210884353741495,0.0013605442176870747,0.0013605442176870747,0.0013605442176870747,0.005442176870748299,0.0013605442176870747,0.005442176870748299,0.0027210884353741495,0.0013605442176870747,0.0027210884353741495,0.0027210884353741495,0.005442176870748299,0.004081632653061225,0.0013605442176870747,0.0027210884353741495,0.0013605442176870747,0.0013605442176870747,0.0013605442176870747,0.005442176870748299,0.004081632653061225,0.0013605442176870747,0.0013605442176870747,0.0013605442176870747,0.0027210884353741495,0.009523809523809525,0.014965986394557823,0.0013605442176870747,0.0013605442176870747,0.0013605442176870747,0.0027210884353741495,0.0013605442176870747,0.004081632653061225,0.0013605442176870747,0.004081632653061225,0.0013605442176870747,0.0013605442176870747,0.0027210884353741495,0.0027210884353741495,0.0027210884353741495,0.0013605442176870747,0.0013605442176870747,0.0027210884353741495,0.0027210884353741495,0.0013605442176870747,0.0027210884353741495,0.0013605442176870747,0.0027210884353741495,0.0013605442176870747,0.0013605442176870747,0.0013605442176870747,0.0013605442176870747,0.0013605442176870747,0.0013605442176870747,0.0013605442176870747,0.005442176870748299,0.004081632653061225,0.0013605442176870747,0.0013605442176870747,0.0027210884353741495,0.0027210884353741495,0.0013605442176870747,0.0013605442176870747,0.0013605442176870747,0.004081632653061225,0.0013605442176870747,0.0013605442176870747,0.004081632653061225,0.0013605442176870747,0.0027210884353741495,0.005442176870748299,0.0027210884353741495,0.004081632653061225,0.0013605442176870747,0.005442176870748299,0.0027210884353741495,0.0013605442176870747,0.0013605442176870747,0.0013605442176870747,0.0013605442176870747,0.0027210884353741495,0.0013605442176870747,0.0013605442176870747,0.0013605442176870747,0.0013605442176870747,0.0013605442176870747,0.0027210884353741495,0.0027210884353741495,0.0013605442176870747,0.0013605442176870747,0.0013605442176870747,0.0013605442176870747,0.0013605442176870747,0.0013605442176870747,0.0013605442176870747,0.0013605442176870747,0.0013605442176870747,0.0013605442176870747,0.0013605442176870747,0.0027210884353741495,0.0013605442176870747,0.0027210884353741495,0.0013605442176870747,0.0013605442176870747,0.005442176870748299,0.005442176870748299,0.005442176870748299,0.0013605442176870747,0.0013605442176870747,0.0013605442176870747,0.0013605442176870747,0.0013605442176870747,0.0013605442176870747,0.0013605442176870747,0.0027210884353741495,0.0013605442176870747,0.0013605442176870747,0.0013605442176870747,0.0013605442176870747,0.0027210884353741495,0.0013605442176870747,0.0013605442176870747,0.0013605442176870747,0.004081632653061225,0.0013605442176870747,0.0013605442176870747,0.0013605442176870747,0.0013605442176870747,0.0027210884353741495,0.0013605442176870747,0.0013605442176870747,0.0013605442176870747,0.005442176870748299,0.0027210884353741495,0.0013605442176870747,0.0013605442176870747,0.0027210884353741495,0.0013605442176870747,0.0013605442176870747,0.0013605442176870747,0.0013605442176870747,0.0013605442176870747,0.0013605442176870747,0.0013605442176870747,0.0013605442176870747,0.0013605442176870747,0.0013605442176870747,0.0027210884353741495,0.0027210884353741495,0.0013605442176870747,0.0013605442176870747,0.0013605442176870747,0.0013605442176870747,0.0013605442176870747,0.0013605442176870747,0.0013605442176870747,0.0013605442176870747,0.0027210884353741495,0.0013605442176870747,0.0013605442176870747,0.0013605442176870747,0.0013605442176870747,0.0013605442176870747,0.0013605442176870747,0.0013605442176870747,0.0013605442176870747,0.0013605442176870747,0.0013605442176870747,0.0013605442176870747,0.0027210884353741495,0.0013605442176870747,0.0013605442176870747,0.0013605442176870747,0.0013605442176870747,0.0013605442176870747,0.0013605442176870747,0.0013605442176870747,0.0,0.0,0.0,0.0,0.0,0.0,0.0,0.0,0.0,0.0,0.0,0.0,0.0,0.0,0.0,0.0,0.0,0.0,0.0,0.0,0.0,0.0,0.0,0.0,0.0,0.0,0.0,0.0,0.0,0.0,0.0,0.0,0.0,0.0,0.0,0.0,0.0,0.0,0.0,0.0,0.0,0.0,0.0,0.0,0.0,0.0,0.0,0.0,0.0,0.0,0.0,0.0,0.0,0.0,0.0,0.0,0.0,0.0,0.0,0.0,0.0,0.0,0.0,0.0,0.0,0.0,0.0,0.0,0.0,0.0,0.0,0.0,0.0,0.0,0.0,0.0,0.0,0.0,0.0,0.0,0.0,0.0,0.0,0.0,0.0,0.0,0.0,0.0,0.0,0.0,0.0,0.0,0.0,0.0,0.0,0.0,0.0,0.0,0.0,0.0,0.0,0.0,0.0,0.0,0.0,0.0,0.0,0.0,0.0,0.0,0.0,0.0,0.0,0.0,0.0,0.0,0.0,0.0,0.0,0.0,0.0,0.0,0.0,0.0,0.0,0.0,0.0,0.0,0.0,0.0,0.0,0.0,0.0,0.0,0.0,0.0,0.0,0.0,0.0,0.0,0.0,0.0,0.0,0.0,0.0,0.0,0.0,0.0,0.0,0.0,0.0,0.0,0.0,0.0,0.0,0.0,0.0,0.0,0.0,0.0,0.0,0.0,0.0,0.0,0.0,0.0,0.0,0.0,0.0,0.0,0.0,0.0,0.0,0.0,0.0,0.0,0.0,0.0,0.0,0.0,0.0,0.0,0.0,0.0,0.0,0.0,0.0,0.0,0.0,0.0,0.0,0.0,0.0,0.0,0.0,0.0,0.0,0.0,0.0,0.0,0.0,0.0,0.0,0.0,0.0,0.0,0.0,0.0,0.0,0.0,0.0,0.0,0.0,0.0,0.0,0.0,0.0,0.0,0.0,0.0,0.0,0.0,0.0,0.0,0.0,0.0,0.0,0.0,0.0,0.0,0.0,0.0,0.0,0.0,0.0,0.2858434922599014,0.0,0.0,0.0,0.0,0.0,0.0,0.3848072268026226,0.0,0.0,0.0,0.0,0.0,0.0,0.0,0.0,0.0,0.0,0.0,0.0,0.0,0.0,0.0,0.0,0.0,0.0,0.0,0.0,0.0,0.0,0.0,0.0,0.0,0.0,0.0,0.0,0.0,0.0,0.0,0.0,0.0,0.0,0.0,0.0,0.0,0.0,0.0,0.0,0.0,0.0,0.0,0.0,0.0,0.0,0.0,0.0,0.0,0.0,0.0,0.0,0.0,0.0,0.0,0.0,0.0,0.0,0.0,0.0,0.0,0.0,0.0,0.0,0.0,0.0,0.0,0.0,0.0,0.0,0.0,0.0,0.0,0.0,0.0,0.0,0.0,0.0,0.0,0.0,0.0,0.0,0.0,0.0,0.0,0.0,0.0,0.0,0.0,0.0,0.0,0.0,0.0,0.0,0.0,0.0,0.0,0.0,0.0,0.0,0.0,0.0,0.0,0.0,0.0,0.0,0.0,0.0,0.0,0.0,0.0,0.0,0.0,0.0,0.0,0.0,0.0,0.0,0.0,0.0,0.0,0.0,0.0,0.0,0.0,0.0,0.0,0.0,0.0,0.0,0.0,0.0,0.0,0.0,0.0,0.0,0.0,0.0,0.0,0.0,0.0,0.0,0.0,0.0,0.0,0.0,0.0,0.0,0.0,0.0,0.0,0.0,0.0,0.0,0.0,0.0,0.0,0.0,0.0,0.0,0.0,0.0,0.0,0.0,0.0,0.0,0.0,0.0,0.0,0.0,0.0,0.0,0.0,0.0,0.0,0.0,0.0,0.0,0.0,0.0,0.0,0.0,0.0,0.0,0.0,0.0,0.0,0.0,0.0,0.0,0.0,0.43956334212614456,0.0,0.0,0.0,0.0,0.0,0.0,0.43956334212614456,0.0,0.0,0.0,0.0,0.0,0.0,0.0,0.0,0.0,0.0,0.0,0.0,0.0,0.0,0.0,0.0,0.0,0.0,0.0,0.0,0.0,0.0,0.0,0.0,0.0,0.0,0.0,0.0,0.0,0.0,0.0,0.0,0.0,0.0,0.0,0.0,0.0,0.0,0.0,0.0,0.0,0.0,0.0,0.0,0.0,0.0,0.0,0.0,0.0,0.0,0.0,0.0,0.0,0.0,0.0,0.0,0.0,0.0,0.0,0.0,0.0,0.0,0.0,0.0,0.0,0.0,0.0,0.0,0.0,0.0,0.0,0.0,0.0,0.0,0.0,0.0,0.0,0.0,0.0,0.0,0.0,0.0,0.0,0.0,0.0,0.0,0.0,0.0,0.0,0.0,0.0,0.0,0.0,0.0,0.0,0.0,0.0,0.0,0.0,0.0,0.0,0.0,0.0,0.0,0.0,0.0,0.0,0.0,0.0,0.0,0.0,0.0,0.0,0.0,0.0,0.0,0.0,0.0,0.0,0.0,0.0,0.0,0.0,0.0,0.0,0.0,0.0,0.0,0.0,0.0,0.0,0.0,0.0,0.0,0.0,0.0,0.0,0.0,0.0,0.0,0.0,0.0,0.0,0.0,0.0,0.0,0.0,0.0,0.0,0.0,0.0,0.0,0.0,0.0,0.0,0.0,0.0,0.0,0.0,0.0,0.0,0.0,0.0,0.0,0.0,0.0,0.0,0.0,0.0,0.0,0.0,0.0,0.0,0.0,0.0,0.0,0.0,0.0,0.0,0.43956334212614456,0.0,0.0,0.0,0.0,0.0,0.0,0.0,0.0,0.0,0.0,0.0,0.0,0.0,0.0,0.0,0.0,0.0,0.0,0.0,0.0,0.0,0.0,0.0,0.0,0.0,0.0,0.0,0.0,0.0,0.0,0.0,0.0,0.0,0.0,0.0,0.0,0.0,0.0,0.0,0.0,0.0,0.0,0.0,0.0,0.0,0.0,0.0,0.0,0.0,0.0,0.0,0.0,0.0,0.0,0.0,0.0,0.0,0.0,0.0,0.0,0.0,0.0,0.0,0.0,0.0,0.0,0.0,0.0,0.0,0.0,0.0,0.0,0.0,0.0,0.0,0.0,0.0,0.0,0.0,0.0,0.0,0.0,0.0,0.0,0.0,0.0,0.0,0.0,0.0,0.0,0.0,0.0,0.0,0.0,0.0,0.0,0.0,0.0,0.0,0.0,0.0,0.0,0.0,0.0,0.0,0.0,0.0,0.0,0.0,0.0,0.30489442078572443,0.0,0.3124235795895665,0.0,0.0,0.0,0.0,0.0,0.0,0.0,0.0,0.0,0.0,0.0,0.0,0.0,0.0,0.0,0.0,0.0,0.0,0.0,0.0,0.0,0.0,0.0,0.0,0.0,0.0,0.0,0.0,0.0,0.0,0.0,0.0,0.0,0.0,0.0,0.0,0.0,0.0,0.0,0.0,0.0,0.0,0.0,0.0,0.0,0.0,0.0,0.0,0.0,0.0,0.0,0.0,0.0,0.0,0.0,0.0,0.0,0.0,0.0,0.0,0.0,0.0,0.0,0.0,0.0,0.0,0.0,0.0,0.0,0.0,0.0,0.0,0.0,0.0,0.0,0.0,0.0,0.0,0.0,0.0,0.0,0.0,0.0,0.0,0.0,0.0,0.0,0.0,0.0,0.0,0.0,0.0,0.0,0.0,0.0,0.0,0.0,0.0,0.0,0.0,0.0,0.0,0.0,0.0,0.0,0.0,0.0,0.0,0.0,0.0,0.0,0.0,0.0,0.0,0.0,0.0,0.0,0.0,0.0,0.0,0.0,0.0,0.0,0.0,0.0,0.0,0.0,0.0,0.0,0.0,0.0,0.0,0.0,0.0,0.0,0.0,0.0,0.0,0.0,0.0,0.0,0.0,0.0,0.0,0.0,0.0,0.0,0.0,0.0,0.0,0.0,0.0,0.0,0.0,0.0,0.0,0.0,0.0,0.0,0.0,0.0,0.0,0.0,0.0,0.0,0.0,0.0,0.0,0.0,0.0,0.0,0.0,0.0,0.0,0.0,0.0,0.0,0.0,0.0,0.0,0.0,0.0,0.0,0.0,0.0,0.0,0.0
SD2401267,20대,너희 집은 지금 오피스텔이잖아. 그 층간 소음 좀 있는 거 같아? 나 지금 7층 사는데 딱히 층간 소음은 없는 거 같은데 좀 그 아파트에 이상한 사람은 좀 있는 거 같더라. 왜냐하면은 우리가 집에 아무도 없는 상태였는데 갑자기 밑의 집에서 올라온다 아 그 밑의 집인가 어디서 막 신고가 들어왔다는 거야. 이 이 시간이 너무 시끄러웠었다고. 그래 가지고 그게 그게 꼭 밑의 집은 아니고 밑의 층은 아니었던 거 같은데 그런 사람이 좀 있어서 좀 뭐지 좀 조심해야겠다 이런 적은 있었어. 이런 적이 있어. 그리고 너는 지금 자취를 그 1곳에서만 했던 거야 이사 없이? 나도 지금 누나랑 같이 살라고 하면은 절대 못 살 거 같아. 누나랑 진짜 맞는 게 하나도 없단 말이야. 누나도 막 나도 새벽에 전화하면은 누나가 뭐라 하고. 어떨 때 누나가 새벽에 게임하면 또 나한테 이제 내가 이제 스트레스받고. 그래서 이제 만약에 내가 너처럼 그러니까 형제 같이 살라고 하면은 나는 못 살 거 같아. 그리고 그리고 그 이사를 좀 많이 다녔었는데 이사 다닐 때마다 이제 방이 있긴 한데 이게 크기가 이제 큰방 작은방이 있었단 말이야. 그래 가지고 누가 큰방 쓸 거냐 이런 거 때문에 또 엄청 싸운 적 싸웠었고 싸웠었던 거 같아. 그러면 본가도 그러면 지금 살던 데 쭉 계속 살고 있었던 거야 어릴 때부터? 나는 이제 어릴 때부터 정말 많이 다녔었는데 초등학교랑 중학교 때까지는 그래도 한동네 내에서 왔다 갔다 했던 거여서 좀 이제 이사하느라 좀 귀찮고 막 집 바뀌는 게 좀 불편 적응이 안 되 초반에 적응이 안 되는 게 있긴 했어도 이 친구들이랑 멀어진다 이런 거 없어서 괜찮았는데 중학교 3학년에서 이제 고등학교 때 한번 아예 학 그 학 우리 지금 다니는 학교 쪽으로 이사를 왔었단 말이야. 근데 그때 정말 좀 좋았던 친구들인데 완전 멀어지니까 그때 쪼끔 이제 스트레스를 받았었던 경험이 있고. 그래서 또 그래 가지고 이제 고등학교 1학년 때에서부터 2학년 때 또 이사를 가야 되는 상황이 된 거야. 근데 그래서 원래 다니던 고등학교 쪽으로 가려 했었는데 그러진 않고 이제 다시 원래 동네로 돌아갔었던 적이 있어. 나도 그런 전원주택에서 사는 꿈 같은 게 있었던 거 같아. 그 내가 직접 집을 만들고 아 설계해서 막 비밀 공간이나 아 이제 정말 큰 목욕탕이나 아니면 음 어떤 작업실 뭐 이런 걸 만들어 두고 싶다는 생각이 있었어. 만들고 싶다는. 그리 너 근데 지금 자취하고 있잖아. 그러면 그 가전제품 같은 거는 뭐 뭐 있어? 어 이러면 안 되는데. 나는 이제 본가에 살잖아. 어 집안일을 거의 다 안 하고 엄마가 하고 있어. 그러니까 설거지만 이제 내가 먹은 거 설거지하고 이제 그리고 옷 옷이나 분리수거 이런 거는 엄마 아빠가 거의 다 하는 거 같아. 그 자취하면서 이런 설거지나 분리수거 때문에 막 오빠랑 막 싸우거나 그러진 않아? 난 지금 너무 자취를 하고 싶어. 왜냐하면은 일단 난 이제 혼자가 편하단 말이야. 그래 가지고 이제 나만의 일상생활 패턴이 있는데 어쨌든 가족이랑 살면은 아무리 가족이라도 쪼금 지켜야 되는 게 있으니까 그런 게 이제 좀 나한테는 너무 좀 힘들고 내가 하고 싶은 것도 너무 제한이 되는 거 같아서 학교 근처에서 자취하고 싶다는 생각은 있는데 이게 자취도 어쨌든 돈이 많이 깨지니까 쉽사리 하진 못 하고 있고. 음 아마 군대 갔다 와서 자취를 할 수 있으면 하지 않을까 이런 생각이 있어. 음 너는 음 너희 집 인테리어는 혹시 어떻게 돼 있어? 음 우리 집은 이번에 새로 지은 아파트여 가지고 그냥 전체적으로 완전 깔끔한 느낌으로 지금 돼 있는데 이게 아파 이제 방 청소를 쪼끔만 안 해도 이제 옷가 방이 좀 좁아 가지고 옷도 막 의자 위에 올라가 있고 침대 위에 뭉쳐져 있고. 그래 가지고 인테리어는 깔끔한데 방 정리는 되게 안 돼 있는 거 같아. 그리고 또 새로 지은 아파트라 했잖아. 이게 요즘에 새로 지어서 그런가. 아파트가 되게 개성이 넘치더라고. 건물도 막 다 이 모습이 막 다르고. 막 저게 아파트 건물이야 이런 것도 있고. 그리고 처음에 이사 왔을 때 첫날인데 집을 못 찾겠는 거야. 왜냐하면은 보통 아파트 단지가 뭐 몇 호부터 몇 호 1에서 3 3에서 5 이렇게 순서대로 있는데 거기는 막 1에서 3이랑 17에서 19 이렇게 붙어 있고. 막 이상하게 다 붙어 있는 거야. 그래 가지고 처음 이사 갔을 때 그 아파트 단지 안에서 길 잃어 가지고 한 20분 30분 정도 헤맸던 기억이 있어. 너는 만약에 이제 앞으로 회사 다니고 할 거면은 하면은 혼자 살게 되면은 서울에서 계속 살고 싶어? 아니면은 대구? 이게 새로 지은 아파트여 가지고 이게 헬스장이나 도서관 뭐 어린이집 이런 게 입주된다는 얘기만 있고 아직은 인프라가 갖춰지진 못한 거 같아. 그래서 헬스장도 아마 생긴다곤 하는데 어 언제 생길진 잘 모르겠고. 그 아파트 단지 내에 도서관은 지금도 운영하고 있고. 그거 말고도 뭔가 주민들 휴식 공간이라고 하면서 건물이 몇 개 있더라고. 거기서 막 좀 차 같은 거 마시고 막 떠들면서 있는 아줌마들도 있고. 그 빈백 빈백도 있잖아. 그런 것도 아파트 단지 내에 몇 개 깔아둔 거야. 그래 가지고 거기서 좀 누워서 막 떠드는 사람들도 보고 이런 시설이 좀 있었어.,0.014965986394557823,0.02857142857142857,0.013605442176870748,0.0013605442176870747,0.005442176870748299,0.0027210884353741495,0.0027210884353741495,0.02312925170068027,0.0326530612244898,0.02040816326530612,0.004081632653061225,0.0163265306122449,0.0013605442176870747,0.005442176870748299,0.013605442176870748,0.0027210884353741495,0.004081632653061225,0.004081632653061225,0.024489795918367346,0.021768707482993196,0.0013605442176870747,0.0013605442176870747,0.005442176870748299,0.006802721088435374,0.0013605442176870747,0.004081632653061225,0.02040816326530612,0.0013605442176870747,0.0013605442176870747,0.009523809523809525,0.04353741496598639,0.0013605442176870747,0.005442176870748299,0.0013605442176870747,0.010884353741496598,0.005442176870748299,0.0013605442176870747,0.0027210884353741495,0.012244897959183673,0.0013605442176870747,0.0013605442176870747,0.006802721088435374,0.004081632653061225,0.0027210884353741495,0.027210884353741496,0.009523809523809525,0.010884353741496598,0.0013605442176870747,0.006802721088435374,0.024489795918367346,0.010884353741496598,0.0013605442176870747,0.006802721088435374,0.0027210884353741495,0.0013605442176870747,0.005442176870748299,0.0013605442176870747,0.0013605442176870747,0.0013605442176870747,0.006802721088435374,0.0013605442176870747,0.0027210884353741495,0.0013605442176870747,0.0027210884353741495,0.013605442176870748,0.0013605442176870747,0.006802721088435374,0.0013605442176870747,0.02857142857142857,0.0027210884353741495,0.0027210884353741495,0.0027210884353741495,0.005442176870748299,0.0013605442176870747,0.00816326530612245,0.004081632653061225,0.00816326530612245,0.0013605442176870747,0.005442176870748299,0.0027210884353741495,0.0013605442176870747,0.0013605442176870747,0.0027210884353741495,0.0013605442176870747,0.0013605442176870747,0.0013605442176870747,0.005442176870748299,0.0013605442176870747,0.005442176870748299,0.0027210884353741495,0.0013605442176870747,0.0027210884353741495,0.0027210884353741495,0.005442176870748299,0.004081632653061225,0.0013605442176870747,0.0027210884353741495,0.0013605442176870747,0.0013605442176870747,0.0013605442176870747,0.005442176870748299,0.004081632653061225,0.0013605442176870747,0.0013605442176870747,0.0013605442176870747,0.0027210884353741495,0.009523809523809525,0.014965986394557823,0.0013605442176870747,0.0013605442176870747,0.0013605442176870747,0.0027210884353741495,0.0013605442176870747,0.004081632653061225,0.0013605442176870747,0.004081632653061225,0.0013605442176870747,0.0013605442176870747,0.0027210884353741495,0.0027210884353741495,0.0027210884353741495,0.0013605442176870747,0.0013605442176870747,0.0027210884353741495,0.0027210884353741495,0.0013605442176870747,0.0027210884353741495,0.0013605442176870747,0.0027210884353741495,0.0013605442176870747,0.0013605442176870747,0.0013605442176870747,0.0013605442176870747,0.0013605442176870747,0.0013605442176870747,0.0013605442176870747,0.005442176870748299,0.004081632653061225,0.0013605442176870747,0.0013605442176870747,0.0027210884353741495,0.0027210884353741495,0.0013605442176870747,0.0013605442176870747,0.0013605442176870747,0.004081632653061225,0.0013605442176870747,0.0013605442176870747,0.004081632653061225,0.0013605442176870747,0.0027210884353741495,0.005442176870748299,0.0027210884353741495,0.004081632653061225,0.0013605442176870747,0.005442176870748299,0.0027210884353741495,0.0013605442176870747,0.0013605442176870747,0.0013605442176870747,0.0013605442176870747,0.0027210884353741495,0.0013605442176870747,0.0013605442176870747,0.0013605442176870747,0.0013605442176870747,0.0013605442176870747,0.0027210884353741495,0.0027210884353741495,0.0013605442176870747,0.0013605442176870747,0.0013605442176870747,0.0013605442176870747,0.0013605442176870747,0.0013605442176870747,0.0013605442176870747,0.0013605442176870747,0.0013605442176870747,0.0013605442176870747,0.0013605442176870747,0.0027210884353741495,0.0013605442176870747,0.0027210884353741495,0.0013605442176870747,0.0013605442176870747,0.005442176870748299,0.005442176870748299,0.005442176870748299,0.0013605442176870747,0.0013605442176870747,0.0013605442176870747,0.0013605442176870747,0.0013605442176870747,0.0013605442176870747,0.0013605442176870747,0.0027210884353741495,0.0013605442176870747,0.0013605442176870747,0.0013605442176870747,0.0013605442176870747,0.0027210884353741495,0.0013605442176870747,0.0013605442176870747,0.0013605442176870747,0.004081632653061225,0.0013605442176870747,0.0013605442176870747,0.0013605442176870747,0.0013605442176870747,0.0027210884353741495,0.0013605442176870747,0.0013605442176870747,0.0013605442176870747,0.005442176870748299,0.0027210884353741495,0.0013605442176870747,0.0013605442176870747,0.0027210884353741495,0.0013605442176870747,0.0013605442176870747,0.0013605442176870747,0.0013605442176870747,0.0013605442176870747,0.0013605442176870747,0.0013605442176870747,0.0013605442176870747,0.0013605442176870747,0.0013605442176870747,0.0027210884353741495,0.0027210884353741495,0.0013605442176870747,0.0013605442176870747,0.0013605442176870747,0.0013605442176870747,0.0013605442176870747,0.0013605442176870747,0.0013605442176870747,0.0013605442176870747,0.0027210884353741495,0.0013605442176870747,0.0013605442176870747,0.0013605442176870747,0.0013605442176870747,0.0013605442176870747,0.0013605442176870747,0.0013605442176870747,0.0013605442176870747,0.0013605442176870747,0.0013605442176870747,0.0013605442176870747,0.0027210884353741495,0.0013605442176870747,0.0013605442176870747,0.0013605442176870747,0.0013605442176870747,0.0013605442176870747,0.0013605442176870747,0.0013605442176870747,0.0,0.0,0.0,0.0,0.0,0.0,0.0,0.0,0.0,0.0,0.0,0.0,0.0,0.0,0.0,0.0,0.0,0.0,0.0,0.0,0.0,0.0,0.0,0.0,0.0,0.0,0.0,0.0,0.0,0.0,0.0,0.0,0.0,0.0,0.0,0.0,0.0,0.0,0.0,0.0,0.0,0.0,0.0,0.0,0.0,0.0,0.0,0.0,0.0,0.0,0.0,0.0,0.0,0.0,0.0,0.0,0.0,0.0,0.0,0.0,0.0,0.0,0.0,0.0,0.0,0.0,0.0,0.0,0.0,0.0,0.0,0.0,0.0,0.0,0.0,0.0,0.0,0.0,0.0,0.0,0.0,0.0,0.0,0.0,0.0,0.0,0.0,0.0,0.0,0.0,0.0,0.0,0.0,0.0,0.0,0.0,0.0,0.0,0.0,0.0,0.0,0.0,0.0,0.0,0.0,0.0,0.0,0.0,0.0,0.0,0.0,0.0,0.0,0.0,0.0,0.0,0.0,0.0,0.0,0.0,0.0,0.0,0.0,0.0,0.0,0.0,0.0,0.0,0.0,0.0,0.0,0.0,0.0,0.0,0.0,0.0,0.0,0.0,0.0,0.0,0.0,0.0,0.0,0.0,0.0,0.0,0.0,0.0,0.0,0.0,0.0,0.0,0.0,0.0,0.0,0.0,0.0,0.0,0.0,0.0,0.0,0.0,0.0,0.0,0.0,0.0,0.0,0.0,0.0,0.0,0.0,0.0,0.0,0.0,0.0,0.0,0.0,0.0,0.0,0.0,0.0,0.0,0.0,0.0,0.0,0.0,0.0,0.0,0.0,0.0,0.0,0.0,0.0,0.0,0.0,0.0,0.0,0.0,0.0,0.0,0.0,0.0,0.0,0.0,0.0,0.0,0.0,0.0,0.0,0.0,0.0,0.0,0.0,0.0,0.0,0.0,0.0,0.0,0.0,0.0,0.0,0.0,0.0,0.0,0.0,0.0,0.0,0.0,0.0,0.0,0.0,0.0,0.0,0.0,0.0,0.0,0.0,0.0,0.0,0.0,0.0,0.0,0.0,0.0,0.0,0.0,0.0,0.0,0.0,0.0,0.0,0.0,0.0,0.0,0.0,0.0,0.0,0.0,0.0,0.0,0.0,0.0,0.0,0.0,0.0,0.0,0.0,0.0,0.0,0.0,0.0,0.0,0.0,0.0,0.0,0.0,0.0,0.0,0.0,0.0,0.0,0.0,0.0,0.0,0.0,0.0,0.0,0.0,0.0,0.0,0.0,0.0,0.0,0.0,0.0,0.0,0.0,0.0,0.0,0.0,0.0,0.0,0.0,0.0,0.0,0.0,0.0,0.0,0.0,0.0,0.0,0.0,0.0,0.0,0.0,0.0,0.0,0.0,0.0,0.0,0.0,0.0,0.0,0.0,0.0,0.0,0.0,0.0,0.0,0.0,0.0,0.0,0.0,0.0,0.0,0.0,0.0,0.0,0.0,0.0,0.0,0.0,0.0,0.0,0.0,0.0,0.0,0.0,0.0,0.0,0.0,0.0,0.0,0.0,0.0,0.0,0.0,0.0,0.0,0.0,0.0,0.0,0.0,0.0,0.0,0.0,0.0,0.0,0.0,0.0,0.0,0.0,0.0,0.0,0.0,0.0,0.0,0.0,0.0,0.0,0.0,0.0,0.0,0.0,0.0,0.0,0.0,0.0,0.0,0.0,0.0,0.0,0.0,0.0,0.0,0.0,0.0,0.0,0.0,0.0,0.0,0.0,0.0,0.0,0.0,0.0,0.0,0.0,0.0,0.0,0.0,0.0,0.0,0.0,0.0,0.0,0.0,0.0,0.0,0.0,0.0,0.0,0.0,0.0,0.0,0.0,0.0,0.0,0.0,0.0,0.0,0.0,0.0,0.0,0.0,0.0,0.0,0.0,0.0,0.0,0.0,0.0,0.0,0.0,0.0,0.0,0.0,0.0,0.0,0.0,0.0,0.0,0.0,0.0,0.0,0.0,0.0,0.0,0.0,0.0,0.0,0.0,0.0,0.0,0.0,0.0,0.0,0.0,0.0,0.0,0.0,0.0,0.0,0.0,0.0,0.0,0.0,0.0,0.0,0.0,0.0,0.0,0.0,0.0,0.0,0.0,0.0,0.0,0.0,0.0,0.0,0.0,0.0,0.0,0.0,0.0,0.0,0.0,0.0,0.0,0.0,0.0,0.0,0.0,0.0,0.0,0.0,0.0,0.0,0.0,0.0,0.0,0.0,0.0,0.0,0.0,0.0,0.5913565407900779,0.5913565407900779,0.0,0.0,0.0,0.0,0.0,0.0,0.0,0.0,0.0,0.0,0.0,0.0,0.0,0.0,0.0,0.0,0.0,0.0,0.0,0.0,0.0,0.0,0.0,0.0,0.0,0.0,0.0,0.0,0.0,0.0,0.0,0.0,0.0,0.0,0.0,0.0,0.0,0.0,0.0,0.0,0.0,0.0,0.0,0.0,0.0,0.0,0.0,0.0,0.0,0.0,0.0,0.0,0.0,0.0,0.0,0.0,0.0,0.0,0.0,0.0,0.0,0.0,0.0,0.0,0.0,0.0,0.0,0.0,0.0,0.0,0.0,0.0,0.0,0.0,0.0,0.0,0.0,0.0,0.0,0.0,0.0,0.0,0.0,0.0,0.0,0.0,0.0,0.0,0.0,0.0,0.0,0.0,0.0,0.0,0.0,0.0,0.0,0.0,0.0,0.0,0.0,0.0,0.0,0.0,0.0,0.0,0.0,0.0,0.0,0.0,0.0,0.0,0.0,0.0,0.0,0.0,0.0,0.0,0.0,0.0,0.0,0.0,0.0,0.0,0.0,0.0,0.0,0.0,0.0,0.0,0.0,0.0,0.0,0.0,0.0,0.0,0.0,0.0,0.0,0.0,0.0,0.0,0.0,0.0,0.0,0.0,0.0,0.0,0.0,0.0,0.0,0.0,0.0,0.0,0.0,0.0,0.0,0.0,0.0,0.0,0.0,0.0,0.0,0.0,0.0,0.0,0.0,0.0,0.0,0.0,0.0,0.0,0.0,0.0,0.0,0.0,0.0,0.0,0.0,0.0,0.0,0.0,0.0,0.0,0.0,0.0,0.0,0.0,0.0,0.0,0.0,0.0,0.0,0.0,0.0,0.0,0.0,0.0,0.0,0.0,0.0,0.0,0.0,0.0,0.0,0.0,0.0,0.0,0.0,0.0,0.0,0.0,0.0,0.0,0.0,0.0,0.0,0.0,0.0,0.0,0.0,0.0,0.0,0.0,0.0,0.0,0.0,0.0,0.0,0.0,0.5482653402592448,0.0,0.0,0.0,0.0,0.0,0.0,0.0,0.0,0.0,0.0,0.0,0.0,0.0,0.0,0.0,0.0,0.0,0.0,0.0,0.0,0.0,0.0,0.0,0.0,0.0,0.0,0.0,0.0,0.0,0.0,0.0,0.0,0.0,0.0,0.0,0.0,0.0,0.0,0.0,0.0,0.0,0.0,0.0,0.0,0.0,0.0,0.0,0.0,0.0,0.0,0.0,0.0,0.0,0.0,0.0,0.0,0.0,0.0,0.0,0.0,0.0,0.0,0.0,0.0,0.0,0.0,0.0,0.0,0.0,0.0,0.0,0.0,0.0,0.0,0.0,0.0,0.0,0.0,0.0,0.0,0.0,0.0,0.0,0.0,0.0,0.0,0.0,0.0,0.0,0.0,0.0,0.0,0.0,0.0,0.0,0.0,0.0,0.0,0.0,0.0,0.0,0.0,0.0,0.0,0.0,0.0,0.0,0.0,0.0,0.0,0.0,0.0,0.0,0.0,0.0,0.0,0.0,0.0,0.0,0.0,0.0,0.0,0.0,0.0,0.0,0.0,0.0,0.0,0.0,0.0,0.0,0.0,0.0,0.0,0.0,0.0,0.0,0.0,0.0,0.0,0.0,0.0,0.0,0.0,0.0,0.0,0.0,0.0,0.0,0.0,0.0,0.0,0.0,0.0,0.0,0.0,0.0,0.0,0.0,0.0,0.0,0.0,0.0,0.0,0.0,0.0,0.0,0.0,0.0,0.0,0.0,0.0
SD2401267,20대,너희 집은 지금 오피스텔이잖아. 그 층간 소음 좀 있는 거 같아? 나 지금 7층 사는데 딱히 층간 소음은 없는 거 같은데 좀 그 아파트에 이상한 사람은 좀 있는 거 같더라. 왜냐하면은 우리가 집에 아무도 없는 상태였는데 갑자기 밑의 집에서 올라온다 아 그 밑의 집인가 어디서 막 신고가 들어왔다는 거야. 이 이 시간이 너무 시끄러웠었다고. 그래 가지고 그게 그게 꼭 밑의 집은 아니고 밑의 층은 아니었던 거 같은데 그런 사람이 좀 있어서 좀 뭐지 좀 조심해야겠다 이런 적은 있었어. 이런 적이 있어. 그리고 너는 지금 자취를 그 1곳에서만 했던 거야 이사 없이? 나도 지금 누나랑 같이 살라고 하면은 절대 못 살 거 같아. 누나랑 진짜 맞는 게 하나도 없단 말이야. 누나도 막 나도 새벽에 전화하면은 누나가 뭐라 하고. 어떨 때 누나가 새벽에 게임하면 또 나한테 이제 내가 이제 스트레스받고. 그래서 이제 만약에 내가 너처럼 그러니까 형제 같이 살라고 하면은 나는 못 살 거 같아. 그리고 그리고 그 이사를 좀 많이 다녔었는데 이사 다닐 때마다 이제 방이 있긴 한데 이게 크기가 이제 큰방 작은방이 있었단 말이야. 그래 가지고 누가 큰방 쓸 거냐 이런 거 때문에 또 엄청 싸운 적 싸웠었고 싸웠었던 거 같아. 그러면 본가도 그러면 지금 살던 데 쭉 계속 살고 있었던 거야 어릴 때부터? 나는 이제 어릴 때부터 정말 많이 다녔었는데 초등학교랑 중학교 때까지는 그래도 한동네 내에서 왔다 갔다 했던 거여서 좀 이제 이사하느라 좀 귀찮고 막 집 바뀌는 게 좀 불편 적응이 안 되 초반에 적응이 안 되는 게 있긴 했어도 이 친구들이랑 멀어진다 이런 거 없어서 괜찮았는데 중학교 3학년에서 이제 고등학교 때 한번 아예 학 그 학 우리 지금 다니는 학교 쪽으로 이사를 왔었단 말이야. 근데 그때 정말 좀 좋았던 친구들인데 완전 멀어지니까 그때 쪼끔 이제 스트레스를 받았었던 경험이 있고. 그래서 또 그래 가지고 이제 고등학교 1학년 때에서부터 2학년 때 또 이사를 가야 되는 상황이 된 거야. 근데 그래서 원래 다니던 고등학교 쪽으로 가려 했었는데 그러진 않고 이제 다시 원래 동네로 돌아갔었던 적이 있어. 나도 그런 전원주택에서 사는 꿈 같은 게 있었던 거 같아. 그 내가 직접 집을 만들고 아 설계해서 막 비밀 공간이나 아 이제 정말 큰 목욕탕이나 아니면 음 어떤 작업실 뭐 이런 걸 만들어 두고 싶다는 생각이 있었어. 만들고 싶다는. 그리 너 근데 지금 자취하고 있잖아. 그러면 그 가전제품 같은 거는 뭐 뭐 있어? 어 이러면 안 되는데. 나는 이제 본가에 살잖아. 어 집안일을 거의 다 안 하고 엄마가 하고 있어. 그러니까 설거지만 이제 내가 먹은 거 설거지하고 이제 그리고 옷 옷이나 분리수거 이런 거는 엄마 아빠가 거의 다 하는 거 같아. 그 자취하면서 이런 설거지나 분리수거 때문에 막 오빠랑 막 싸우거나 그러진 않아? 난 지금 너무 자취를 하고 싶어. 왜냐하면은 일단 난 이제 혼자가 편하단 말이야. 그래 가지고 이제 나만의 일상생활 패턴이 있는데 어쨌든 가족이랑 살면은 아무리 가족이라도 쪼금 지켜야 되는 게 있으니까 그런 게 이제 좀 나한테는 너무 좀 힘들고 내가 하고 싶은 것도 너무 제한이 되는 거 같아서 학교 근처에서 자취하고 싶다는 생각은 있는데 이게 자취도 어쨌든 돈이 많이 깨지니까 쉽사리 하진 못 하고 있고. 음 아마 군대 갔다 와서 자취를 할 수 있으면 하지 않을까 이런 생각이 있어. 음 너는 음 너희 집 인테리어는 혹시 어떻게 돼 있어? 음 우리 집은 이번에 새로 지은 아파트여 가지고 그냥 전체적으로 완전 깔끔한 느낌으로 지금 돼 있는데 이게 아파 이제 방 청소를 쪼끔만 안 해도 이제 옷가 방이 좀 좁아 가지고 옷도 막 의자 위에 올라가 있고 침대 위에 뭉쳐져 있고. 그래 가지고 인테리어는 깔끔한데 방 정리는 되게 안 돼 있는 거 같아. 그리고 또 새로 지은 아파트라 했잖아. 이게 요즘에 새로 지어서 그런가. 아파트가 되게 개성이 넘치더라고. 건물도 막 다 이 모습이 막 다르고. 막 저게 아파트 건물이야 이런 것도 있고. 그리고 처음에 이사 왔을 때 첫날인데 집을 못 찾겠는 거야. 왜냐하면은 보통 아파트 단지가 뭐 몇 호부터 몇 호 1에서 3 3에서 5 이렇게 순서대로 있는데 거기는 막 1에서 3이랑 17에서 19 이렇게 붙어 있고. 막 이상하게 다 붙어 있는 거야. 그래 가지고 처음 이사 갔을 때 그 아파트 단지 안에서 길 잃어 가지고 한 20분 30분 정도 헤맸던 기억이 있어. 너는 만약에 이제 앞으로 회사 다니고 할 거면은 하면은 혼자 살게 되면은 서울에서 계속 살고 싶어? 아니면은 대구? 이게 새로 지은 아파트여 가지고 이게 헬스장이나 도서관 뭐 어린이집 이런 게 입주된다는 얘기만 있고 아직은 인프라가 갖춰지진 못한 거 같아. 그래서 헬스장도 아마 생긴다곤 하는데 어 언제 생길진 잘 모르겠고. 그 아파트 단지 내에 도서관은 지금도 운영하고 있고. 그거 말고도 뭔가 주민들 휴식 공간이라고 하면서 건물이 몇 개 있더라고. 거기서 막 좀 차 같은 거 마시고 막 떠들면서 있는 아줌마들도 있고. 그 빈백 빈백도 있잖아. 그런 것도 아파트 단지 내에 몇 개 깔아둔 거야. 그래 가지고 거기서 좀 누워서 막 떠드는 사람들도 보고 이런 시설이 좀 있었어.,0.014965986394557823,0.02857142857142857,0.013605442176870748,0.0013605442176870747,0.005442176870748299,0.0027210884353741495,0.0027210884353741495,0.02312925170068027,0.0326530612244898,0.02040816326530612,0.004081632653061225,0.0163265306122449,0.0013605442176870747,0.005442176870748299,0.013605442176870748,0.0027210884353741495,0.004081632653061225,0.004081632653061225,0.024489795918367346,0.021768707482993196,0.0013605442176870747,0.0013605442176870747,0.005442176870748299,0.006802721088435374,0.0013605442176870747,0.004081632653061225,0.02040816326530612,0.0013605442176870747,0.0013605442176870747,0.009523809523809525,0.04353741496598639,0.0013605442176870747,0.005442176870748299,0.0013605442176870747,0.010884353741496598,0.005442176870748299,0.0013605442176870747,0.0027210884353741495,0.012244897959183673,0.0013605442176870747,0.0013605442176870747,0.006802721088435374,0.004081632653061225,0.0027210884353741495,0.027210884353741496,0.009523809523809525,0.010884353741496598,0.0013605442176870747,0.006802721088435374,0.024489795918367346,0.010884353741496598,0.0013605442176870747,0.006802721088435374,0.0027210884353741495,0.0013605442176870747,0.005442176870748299,0.0013605442176870747,0.0013605442176870747,0.0013605442176870747,0.006802721088435374,0.0013605442176870747,0.0027210884353741495,0.0013605442176870747,0.0027210884353741495,0.013605442176870748,0.0013605442176870747,0.006802721088435374,0.0013605442176870747,0.02857142857142857,0.0027210884353741495,0.0027210884353741495,0.0027210884353741495,0.005442176870748299,0.0013605442176870747,0.00816326530612245,0.004081632653061225,0.00816326530612245,0.0013605442176870747,0.005442176870748299,0.0027210884353741495,0.0013605442176870747,0.0013605442176870747,0.0027210884353741495,0.0013605442176870747,0.0013605442176870747,0.0013605442176870747,0.005442176870748299,0.0013605442176870747,0.005442176870748299,0.0027210884353741495,0.0013605442176870747,0.0027210884353741495,0.0027210884353741495,0.005442176870748299,0.004081632653061225,0.0013605442176870747,0.0027210884353741495,0.0013605442176870747,0.0013605442176870747,0.0013605442176870747,0.005442176870748299,0.004081632653061225,0.0013605442176870747,0.0013605442176870747,0.0013605442176870747,0.0027210884353741495,0.009523809523809525,0.014965986394557823,0.0013605442176870747,0.0013605442176870747,0.0013605442176870747,0.0027210884353741495,0.0013605442176870747,0.004081632653061225,0.0013605442176870747,0.004081632653061225,0.0013605442176870747,0.0013605442176870747,0.0027210884353741495,0.0027210884353741495,0.0027210884353741495,0.0013605442176870747,0.0013605442176870747,0.0027210884353741495,0.0027210884353741495,0.0013605442176870747,0.0027210884353741495,0.0013605442176870747,0.0027210884353741495,0.0013605442176870747,0.0013605442176870747,0.0013605442176870747,0.0013605442176870747,0.0013605442176870747,0.0013605442176870747,0.0013605442176870747,0.005442176870748299,0.004081632653061225,0.0013605442176870747,0.0013605442176870747,0.0027210884353741495,0.0027210884353741495,0.0013605442176870747,0.0013605442176870747,0.0013605442176870747,0.004081632653061225,0.0013605442176870747,0.0013605442176870747,0.004081632653061225,0.0013605442176870747,0.0027210884353741495,0.005442176870748299,0.0027210884353741495,0.004081632653061225,0.0013605442176870747,0.005442176870748299,0.0027210884353741495,0.0013605442176870747,0.0013605442176870747,0.0013605442176870747,0.0013605442176870747,0.0027210884353741495,0.0013605442176870747,0.0013605442176870747,0.0013605442176870747,0.0013605442176870747,0.0013605442176870747,0.0027210884353741495,0.0027210884353741495,0.0013605442176870747,0.0013605442176870747,0.0013605442176870747,0.0013605442176870747,0.0013605442176870747,0.0013605442176870747,0.0013605442176870747,0.0013605442176870747,0.0013605442176870747,0.0013605442176870747,0.0013605442176870747,0.0027210884353741495,0.0013605442176870747,0.0027210884353741495,0.0013605442176870747,0.0013605442176870747,0.005442176870748299,0.005442176870748299,0.005442176870748299,0.0013605442176870747,0.0013605442176870747,0.0013605442176870747,0.0013605442176870747,0.0013605442176870747,0.0013605442176870747,0.0013605442176870747,0.0027210884353741495,0.0013605442176870747,0.0013605442176870747,0.0013605442176870747,0.0013605442176870747,0.0027210884353741495,0.0013605442176870747,0.0013605442176870747,0.0013605442176870747,0.004081632653061225,0.0013605442176870747,0.0013605442176870747,0.0013605442176870747,0.0013605442176870747,0.0027210884353741495,0.0013605442176870747,0.0013605442176870747,0.0013605442176870747,0.005442176870748299,0.0027210884353741495,0.0013605442176870747,0.0013605442176870747,0.0027210884353741495,0.0013605442176870747,0.0013605442176870747,0.0013605442176870747,0.0013605442176870747,0.0013605442176870747,0.0013605442176870747,0.0013605442176870747,0.0013605442176870747,0.0013605442176870747,0.0013605442176870747,0.0027210884353741495,0.0027210884353741495,0.0013605442176870747,0.0013605442176870747,0.0013605442176870747,0.0013605442176870747,0.0013605442176870747,0.0013605442176870747,0.0013605442176870747,0.0013605442176870747,0.0027210884353741495,0.0013605442176870747,0.0013605442176870747,0.0013605442176870747,0.0013605442176870747,0.0013605442176870747,0.0013605442176870747,0.0013605442176870747,0.0013605442176870747,0.0013605442176870747,0.0013605442176870747,0.0013605442176870747,0.0027210884353741495,0.0013605442176870747,0.0013605442176870747,0.0013605442176870747,0.0013605442176870747,0.0013605442176870747,0.0013605442176870747,0.0013605442176870747,0.0,0.0,0.0,0.0,0.0,0.0,0.0,0.0,0.0,0.0,0.0,0.0,0.0,0.0,0.0,0.0,0.0,0.0,0.0,0.0,0.0,0.0,0.0,0.0,0.0,0.0,0.0,0.0,0.0,0.0,0.0,0.0,0.0,0.0,0.0,0.0,0.0,0.0,0.0,0.0,0.0,0.0,0.0,0.0,0.0,0.0,0.0,0.0,0.0,0.0,0.0,0.0,0.0,0.0,0.0,0.0,0.0,0.0,0.0,0.0,0.0,0.0,0.0,0.0,0.0,0.0,0.0,0.0,0.0,0.0,0.0,0.0,0.0,0.0,0.0,0.0,0.0,0.0,0.0,0.0,0.0,0.0,0.0,0.0,0.0,0.0,0.0,0.0,0.0,0.0,0.0,0.0,0.0,0.0,0.0,0.0,0.0,0.0,0.0,0.0,0.0,0.0,0.0,0.0,0.0,0.0,0.0,0.0,0.0,0.0,0.0,0.0,0.0,0.0,0.0,0.0,0.0,0.0,0.0,0.0,0.0,0.0,0.0,0.0,0.0,0.0,0.0,0.0,0.0,0.0,0.0,0.0,0.0,0.0,0.0,0.0,0.0,0.0,0.0,0.0,0.0,0.0,0.0,0.0,0.0,0.0,0.0,0.0,0.0,0.0,0.0,0.0,0.0,0.0,0.0,0.0,0.0,0.0,0.0,0.0,0.0,0.0,0.0,0.0,0.0,0.0,0.0,0.0,0.0,0.0,0.0,0.0,0.0,0.0,0.0,0.0,0.0,0.0,0.0,0.0,0.0,0.0,0.0,0.0,0.0,0.0,0.0,0.0,0.0,0.0,0.0,0.0,0.0,0.0,0.0,0.0,0.0,0.0,0.0,0.0,0.0,0.0,0.0,0.0,0.0,0.0,0.0,0.0,0.0,0.0,0.0,0.0,0.0,0.0,0.0,0.0,0.0,0.0,0.0,0.0,0.0,0.0,0.0,0.0,0.0,0.0,0.0,0.0,0.0,0.0,0.0,0.0,0.0,0.0,0.0,0.0,0.0,0.0,0.0,0.0,0.0,0.0,0.0,0.0,0.0,0.0,0.0,0.0,0.3184663098932957,0.0,0.0,0.0,0.0,0.0,0.0,0.3684802563370701,0.0,0.0,0.0,0.0,0.0,0.0,0.0,0.0,0.0,0.0,0.0,0.0,0.0,0.0,0.0,0.0,0.0,0.0,0.0,0.0,0.0,0.0,0.0,0.0,0.0,0.0,0.0,0.0,0.0,0.0,0.0,0.0,0.0,0.0,0.0,0.0,0.0,0.0,0.0,0.0,0.0,0.0,0.28754931406032835,0.0,0.0,0.0,0.0,0.0,0.0,0.0,0.0,0.0,0.0,0.0,0.0,0.0,0.0,0.0,0.0,0.0,0.0,0.0,0.45912980359079064,0.0,0.0,0.0,0.0,0.0,0.0,0.0,0.0,0.0,0.0,0.0,0.0,0.0,0.0,0.0,0.0,0.0,0.0,0.0,0.0,0.0,0.0,0.42567375284722414,0.0,0.0,0.0,0.0,0.0,0.0,0.0,0.0,0.0,0.0,0.0,0.0,0.0,0.0,0.0,0.0,0.0,0.0,0.0,0.0,0.0,0.0,0.0,0.0,0.0,0.0,0.0,0.0,0.0,0.0,0.0,0.0,0.0,0.0,0.0,0.0,0.0,0.0,0.0,0.0,0.0,0.4019363070806365,0.0,0.0,0.0,0.0,0.0,0.0,0.0,0.0,0.0,0.0,0.0,0.0,0.0,0.0,0.0,0.0,0.0,0.0,0.0,0.0,0.0,0.0,0.0,0.0,0.0,0.0,0.0,0.0,0.0,0.0,0.0,0.0,0.0,0.0,0.0,0.0,0.0,0.0,0.0,0.0,0.0,0.0,0.0,0.0,0.0,0.0,0.0,0.0,0.0,0.0,0.0,0.0,0.0,0.0,0.0,0.0,0.0,0.0,0.0,0.0,0.0,0.0,0.0,0.0,0.0,0.0,0.0,0.0,0.0,0.0,0.0,0.0,0.0,0.0,0.0,0.0,0.0,0.0,0.0,0.0,0.0,0.0,0.0,0.0,0.0,0.0,0.0,0.0,0.0,0.0,0.0,0.0,0.0,0.0,0.0,0.0,0.0,0.0,0.0,0.0,0.0,0.0,0.0,0.0,0.0,0.0,0.0,0.0,0.0,0.0,0.0,0.0,0.0,0.0,0.0,0.0,0.0,0.0,0.0,0.0,0.0,0.0,0.0,0.0,0.0,0.0,0.0,0.0,0.0,0.0,0.0,0.0,0.0,0.0,0.0,0.0,0.0,0.0,0.0,0.0,0.0,0.0,0.0,0.0,0.0,0.0,0.0,0.0,0.0,0.0,0.0,0.0,0.0,0.0,0.0,0.0,0.0,0.0,0.0,0.0,0.0,0.0,0.0,0.0,0.0,0.0,0.0,0.0,0.0,0.0,0.0,0.0,0.0,0.0,0.0,0.0,0.0,0.0,0.0,0.0,0.0,0.0,0.0,0.0,0.0,0.0,0.0,0.0,0.0,0.0,0.0,0.0,0.0,0.0,0.0,0.0,0.0,0.0,0.0,0.0,0.0,0.0,0.0,0.0,0.0,0.0,0.0,0.0,0.0,0.0,0.0,0.0,0.0,0.0,0.0,0.0,0.0,0.0,0.0,0.0,0.0,0.0,0.0,0.0,0.0,0.0,0.0,0.0,0.0,0.0,0.0,0.0,0.0,0.0,0.0,0.0,0.0,0.0,0.0,0.0,0.3557608561634792,0.0,0.0,0.0,0.0,0.0,0.0,0.0,0.0,0.0,0.0,0.0,0.0,0.0,0.0,0.0,0.0,0.0,0.0,0.0,0.0,0.0,0.0,0.0,0.0,0.0,0.0,0.0,0.0,0.0,0.0,0.0,0.0,0.0,0.0,0.0,0.0,0.0,0.0,0.0,0.0,0.0,0.0,0.0,0.0,0.0,0.0,0.0,0.0,0.0,0.0,0.0,0.0,0.0,0.0,0.0,0.0,0.0,0.0,0.0,0.0,0.0,0.0,0.0,0.0,0.0,0.0,0.0,0.0,0.0,0.0,0.0,0.0,0.0,0.0,0.0,0.0,0.0,0.0,0.0,0.0,0.0,0.0,0.0,0.0,0.0,0.0,0.0,0.0,0.0,0.0,0.0,0.0,0.0,0.0,0.0,0.0,0.0,0.0,0.0,0.0,0.0,0.0,0.0,0.0,0.0,0.0,0.0,0.0,0.0,0.0,0.0,0.0,0.0,0.0,0.0,0.0,0.0,0.0,0.0,0.0,0.0,0.0,0.0,0.0,0.0,0.0,0.0,0.0,0.0,0.0,0.0,0.0,0.0,0.0,0.0,0.0,0.0,0.0,0.0,0.0,0.0,0.0,0.0,0.0,0.0,0.0,0.0,0.0,0.0,0.0,0.0,0.0,0.0,0.0,0.0,0.0,0.0,0.0,0.0,0.0,0.0,0.0,0.0,0.0,0.0,0.0,0.0,0.0,0.0,0.0,0.0,0.0,0.0,0.0,0.0,0.0,0.0,0.0,0.0,0.0,0.0,0.0,0.0,0.0,0.0,0.0,0.0,0.0,0.0,0.0,0.0,0.0,0.0,0.0,0.0,0.0,0.0,0.0,0.0,0.0,0.0,0.0,0.0,0.0,0.0,0.0,0.0,0.0,0.0,0.0,0.0,0.0,0.0,0.0,0.0,0.0,0.0,0.0,0.0,0.0,0.0,0.0,0.0,0.0,0.0,0.0,0.0,0.0,0.0,0.0,0.0,0.0,0.0,0.0,0.0,0.0,0.0,0.0,0.0,0.0,0.0,0.0,0.0,0.0,0.0,0.0,0.0,0.0,0.0,0.0,0.0,0.0,0.0,0.0,0.0,0.0,0.0,0.0,0.0,0.0,0.0,0.0,0.0,0.0,0.0,0.0,0.0,0.0,0.0,0.0,0.0,0.0,0.0,0.0,0.0,0.0,0.0,0.0,0.0,0.0,0.0,0.0,0.0,0.0,0.0,0.0,0.0,0.0,0.0,0.0,0.0,0.0,0.0,0.0,0.0,0.0,0.0
SD2401267,20대,너희 집은 지금 오피스텔이잖아. 그 층간 소음 좀 있는 거 같아? 나 지금 7층 사는데 딱히 층간 소음은 없는 거 같은데 좀 그 아파트에 이상한 사람은 좀 있는 거 같더라. 왜냐하면은 우리가 집에 아무도 없는 상태였는데 갑자기 밑의 집에서 올라온다 아 그 밑의 집인가 어디서 막 신고가 들어왔다는 거야. 이 이 시간이 너무 시끄러웠었다고. 그래 가지고 그게 그게 꼭 밑의 집은 아니고 밑의 층은 아니었던 거 같은데 그런 사람이 좀 있어서 좀 뭐지 좀 조심해야겠다 이런 적은 있었어. 이런 적이 있어. 그리고 너는 지금 자취를 그 1곳에서만 했던 거야 이사 없이? 나도 지금 누나랑 같이 살라고 하면은 절대 못 살 거 같아. 누나랑 진짜 맞는 게 하나도 없단 말이야. 누나도 막 나도 새벽에 전화하면은 누나가 뭐라 하고. 어떨 때 누나가 새벽에 게임하면 또 나한테 이제 내가 이제 스트레스받고. 그래서 이제 만약에 내가 너처럼 그러니까 형제 같이 살라고 하면은 나는 못 살 거 같아. 그리고 그리고 그 이사를 좀 많이 다녔었는데 이사 다닐 때마다 이제 방이 있긴 한데 이게 크기가 이제 큰방 작은방이 있었단 말이야. 그래 가지고 누가 큰방 쓸 거냐 이런 거 때문에 또 엄청 싸운 적 싸웠었고 싸웠었던 거 같아. 그러면 본가도 그러면 지금 살던 데 쭉 계속 살고 있었던 거야 어릴 때부터? 나는 이제 어릴 때부터 정말 많이 다녔었는데 초등학교랑 중학교 때까지는 그래도 한동네 내에서 왔다 갔다 했던 거여서 좀 이제 이사하느라 좀 귀찮고 막 집 바뀌는 게 좀 불편 적응이 안 되 초반에 적응이 안 되는 게 있긴 했어도 이 친구들이랑 멀어진다 이런 거 없어서 괜찮았는데 중학교 3학년에서 이제 고등학교 때 한번 아예 학 그 학 우리 지금 다니는 학교 쪽으로 이사를 왔었단 말이야. 근데 그때 정말 좀 좋았던 친구들인데 완전 멀어지니까 그때 쪼끔 이제 스트레스를 받았었던 경험이 있고. 그래서 또 그래 가지고 이제 고등학교 1학년 때에서부터 2학년 때 또 이사를 가야 되는 상황이 된 거야. 근데 그래서 원래 다니던 고등학교 쪽으로 가려 했었는데 그러진 않고 이제 다시 원래 동네로 돌아갔었던 적이 있어. 나도 그런 전원주택에서 사는 꿈 같은 게 있었던 거 같아. 그 내가 직접 집을 만들고 아 설계해서 막 비밀 공간이나 아 이제 정말 큰 목욕탕이나 아니면 음 어떤 작업실 뭐 이런 걸 만들어 두고 싶다는 생각이 있었어. 만들고 싶다는. 그리 너 근데 지금 자취하고 있잖아. 그러면 그 가전제품 같은 거는 뭐 뭐 있어? 어 이러면 안 되는데. 나는 이제 본가에 살잖아. 어 집안일을 거의 다 안 하고 엄마가 하고 있어. 그러니까 설거지만 이제 내가 먹은 거 설거지하고 이제 그리고 옷 옷이나 분리수거 이런 거는 엄마 아빠가 거의 다 하는 거 같아. 그 자취하면서 이런 설거지나 분리수거 때문에 막 오빠랑 막 싸우거나 그러진 않아? 난 지금 너무 자취를 하고 싶어. 왜냐하면은 일단 난 이제 혼자가 편하단 말이야. 그래 가지고 이제 나만의 일상생활 패턴이 있는데 어쨌든 가족이랑 살면은 아무리 가족이라도 쪼금 지켜야 되는 게 있으니까 그런 게 이제 좀 나한테는 너무 좀 힘들고 내가 하고 싶은 것도 너무 제한이 되는 거 같아서 학교 근처에서 자취하고 싶다는 생각은 있는데 이게 자취도 어쨌든 돈이 많이 깨지니까 쉽사리 하진 못 하고 있고. 음 아마 군대 갔다 와서 자취를 할 수 있으면 하지 않을까 이런 생각이 있어. 음 너는 음 너희 집 인테리어는 혹시 어떻게 돼 있어? 음 우리 집은 이번에 새로 지은 아파트여 가지고 그냥 전체적으로 완전 깔끔한 느낌으로 지금 돼 있는데 이게 아파 이제 방 청소를 쪼끔만 안 해도 이제 옷가 방이 좀 좁아 가지고 옷도 막 의자 위에 올라가 있고 침대 위에 뭉쳐져 있고. 그래 가지고 인테리어는 깔끔한데 방 정리는 되게 안 돼 있는 거 같아. 그리고 또 새로 지은 아파트라 했잖아. 이게 요즘에 새로 지어서 그런가. 아파트가 되게 개성이 넘치더라고. 건물도 막 다 이 모습이 막 다르고. 막 저게 아파트 건물이야 이런 것도 있고. 그리고 처음에 이사 왔을 때 첫날인데 집을 못 찾겠는 거야. 왜냐하면은 보통 아파트 단지가 뭐 몇 호부터 몇 호 1에서 3 3에서 5 이렇게 순서대로 있는데 거기는 막 1에서 3이랑 17에서 19 이렇게 붙어 있고. 막 이상하게 다 붙어 있는 거야. 그래 가지고 처음 이사 갔을 때 그 아파트 단지 안에서 길 잃어 가지고 한 20분 30분 정도 헤맸던 기억이 있어. 너는 만약에 이제 앞으로 회사 다니고 할 거면은 하면은 혼자 살게 되면은 서울에서 계속 살고 싶어? 아니면은 대구? 이게 새로 지은 아파트여 가지고 이게 헬스장이나 도서관 뭐 어린이집 이런 게 입주된다는 얘기만 있고 아직은 인프라가 갖춰지진 못한 거 같아. 그래서 헬스장도 아마 생긴다곤 하는데 어 언제 생길진 잘 모르겠고. 그 아파트 단지 내에 도서관은 지금도 운영하고 있고. 그거 말고도 뭔가 주민들 휴식 공간이라고 하면서 건물이 몇 개 있더라고. 거기서 막 좀 차 같은 거 마시고 막 떠들면서 있는 아줌마들도 있고. 그 빈백 빈백도 있잖아. 그런 것도 아파트 단지 내에 몇 개 깔아둔 거야. 그래 가지고 거기서 좀 누워서 막 떠드는 사람들도 보고 이런 시설이 좀 있었어.,0.014965986394557823,0.02857142857142857,0.013605442176870748,0.0013605442176870747,0.005442176870748299,0.0027210884353741495,0.0027210884353741495,0.02312925170068027,0.0326530612244898,0.02040816326530612,0.004081632653061225,0.0163265306122449,0.0013605442176870747,0.005442176870748299,0.013605442176870748,0.0027210884353741495,0.004081632653061225,0.004081632653061225,0.024489795918367346,0.021768707482993196,0.0013605442176870747,0.0013605442176870747,0.005442176870748299,0.006802721088435374,0.0013605442176870747,0.004081632653061225,0.02040816326530612,0.0013605442176870747,0.0013605442176870747,0.009523809523809525,0.04353741496598639,0.0013605442176870747,0.005442176870748299,0.0013605442176870747,0.010884353741496598,0.005442176870748299,0.0013605442176870747,0.0027210884353741495,0.012244897959183673,0.0013605442176870747,0.0013605442176870747,0.006802721088435374,0.004081632653061225,0.0027210884353741495,0.027210884353741496,0.009523809523809525,0.010884353741496598,0.0013605442176870747,0.006802721088435374,0.024489795918367346,0.010884353741496598,0.0013605442176870747,0.006802721088435374,0.0027210884353741495,0.0013605442176870747,0.005442176870748299,0.0013605442176870747,0.0013605442176870747,0.0013605442176870747,0.006802721088435374,0.0013605442176870747,0.0027210884353741495,0.0013605442176870747,0.0027210884353741495,0.013605442176870748,0.0013605442176870747,0.006802721088435374,0.0013605442176870747,0.02857142857142857,0.0027210884353741495,0.0027210884353741495,0.0027210884353741495,0.005442176870748299,0.0013605442176870747,0.00816326530612245,0.004081632653061225,0.00816326530612245,0.0013605442176870747,0.005442176870748299,0.0027210884353741495,0.0013605442176870747,0.0013605442176870747,0.0027210884353741495,0.0013605442176870747,0.0013605442176870747,0.0013605442176870747,0.005442176870748299,0.0013605442176870747,0.005442176870748299,0.0027210884353741495,0.0013605442176870747,0.0027210884353741495,0.0027210884353741495,0.005442176870748299,0.004081632653061225,0.0013605442176870747,0.0027210884353741495,0.0013605442176870747,0.0013605442176870747,0.0013605442176870747,0.005442176870748299,0.004081632653061225,0.0013605442176870747,0.0013605442176870747,0.0013605442176870747,0.0027210884353741495,0.009523809523809525,0.014965986394557823,0.0013605442176870747,0.0013605442176870747,0.0013605442176870747,0.0027210884353741495,0.0013605442176870747,0.004081632653061225,0.0013605442176870747,0.004081632653061225,0.0013605442176870747,0.0013605442176870747,0.0027210884353741495,0.0027210884353741495,0.0027210884353741495,0.0013605442176870747,0.0013605442176870747,0.0027210884353741495,0.0027210884353741495,0.0013605442176870747,0.0027210884353741495,0.0013605442176870747,0.0027210884353741495,0.0013605442176870747,0.0013605442176870747,0.0013605442176870747,0.0013605442176870747,0.0013605442176870747,0.0013605442176870747,0.0013605442176870747,0.005442176870748299,0.004081632653061225,0.0013605442176870747,0.0013605442176870747,0.0027210884353741495,0.0027210884353741495,0.0013605442176870747,0.0013605442176870747,0.0013605442176870747,0.004081632653061225,0.0013605442176870747,0.0013605442176870747,0.004081632653061225,0.0013605442176870747,0.0027210884353741495,0.005442176870748299,0.0027210884353741495,0.004081632653061225,0.0013605442176870747,0.005442176870748299,0.0027210884353741495,0.0013605442176870747,0.0013605442176870747,0.0013605442176870747,0.0013605442176870747,0.0027210884353741495,0.0013605442176870747,0.0013605442176870747,0.0013605442176870747,0.0013605442176870747,0.0013605442176870747,0.0027210884353741495,0.0027210884353741495,0.0013605442176870747,0.0013605442176870747,0.0013605442176870747,0.0013605442176870747,0.0013605442176870747,0.0013605442176870747,0.0013605442176870747,0.0013605442176870747,0.0013605442176870747,0.0013605442176870747,0.0013605442176870747,0.0027210884353741495,0.0013605442176870747,0.0027210884353741495,0.0013605442176870747,0.0013605442176870747,0.005442176870748299,0.005442176870748299,0.005442176870748299,0.0013605442176870747,0.0013605442176870747,0.0013605442176870747,0.0013605442176870747,0.0013605442176870747,0.0013605442176870747,0.0013605442176870747,0.0027210884353741495,0.0013605442176870747,0.0013605442176870747,0.0013605442176870747,0.0013605442176870747,0.0027210884353741495,0.0013605442176870747,0.0013605442176870747,0.0013605442176870747,0.004081632653061225,0.0013605442176870747,0.0013605442176870747,0.0013605442176870747,0.0013605442176870747,0.0027210884353741495,0.0013605442176870747,0.0013605442176870747,0.0013605442176870747,0.005442176870748299,0.0027210884353741495,0.0013605442176870747,0.0013605442176870747,0.0027210884353741495,0.0013605442176870747,0.0013605442176870747,0.0013605442176870747,0.0013605442176870747,0.0013605442176870747,0.0013605442176870747,0.0013605442176870747,0.0013605442176870747,0.0013605442176870747,0.0013605442176870747,0.0027210884353741495,0.0027210884353741495,0.0013605442176870747,0.0013605442176870747,0.0013605442176870747,0.0013605442176870747,0.0013605442176870747,0.0013605442176870747,0.0013605442176870747,0.0013605442176870747,0.0027210884353741495,0.0013605442176870747,0.0013605442176870747,0.0013605442176870747,0.0013605442176870747,0.0013605442176870747,0.0013605442176870747,0.0013605442176870747,0.0013605442176870747,0.0013605442176870747,0.0013605442176870747,0.0013605442176870747,0.0027210884353741495,0.0013605442176870747,0.0013605442176870747,0.0013605442176870747,0.0013605442176870747,0.0013605442176870747,0.0013605442176870747,0.0013605442176870747,0.0,0.0,0.0,0.0,0.0,0.0,0.0,0.0,0.0,0.0,0.0,0.0,0.0,0.0,0.0,0.0,0.0,0.0,0.0,0.0,0.0,0.0,0.0,0.0,0.0,0.0,0.0,0.0,0.0,0.0,0.0,0.0,0.0,0.0,0.0,0.0,0.0,0.0,0.0,0.0,0.0,0.0,0.0,0.0,0.0,0.0,0.0,0.0,0.0,0.0,0.0,0.0,0.0,0.0,0.0,0.0,0.0,0.0,0.0,0.0,0.0,0.0,0.0,0.0,0.0,0.0,0.0,0.0,0.0,0.0,0.0,0.0,0.0,0.0,0.0,0.0,0.0,0.0,0.0,0.0,0.0,0.0,0.0,0.0,0.0,0.0,0.0,0.0,0.0,0.0,0.0,0.0,0.0,0.0,0.0,0.0,0.0,0.0,0.0,0.0,0.0,0.0,0.0,0.0,0.0,0.0,0.0,0.0,0.0,0.0,0.0,0.0,0.0,0.0,0.0,0.0,0.0,0.0,0.0,0.0,0.0,0.0,0.0,0.0,0.0,0.0,0.0,0.0,0.0,0.0,0.0,0.0,0.0,0.0,0.0,0.0,0.0,0.0,0.0,0.0,0.0,0.0,0.0,0.0,0.0,0.0,0.0,0.0,0.0,0.0,0.0,0.0,0.0,0.0,0.0,0.0,0.0,0.0,0.0,0.0,0.0,0.0,0.0,0.0,0.0,0.0,0.0,0.0,0.0,0.0,0.0,0.0,0.0,0.0,0.0,0.0,0.0,0.0,0.0,0.0,0.0,0.0,0.0,0.0,0.0,0.0,0.0,0.0,0.0,0.0,0.0,0.0,0.0,0.0,0.0,0.0,0.0,0.0,0.0,0.0,0.0,0.0,0.0,0.0,0.0,0.0,0.0,0.0,0.0,0.0,0.0,0.0,0.0,0.0,0.0,0.0,0.0,0.0,0.0,0.0,0.0,0.0,0.0,0.0,0.2767960219003564,0.0,0.0,0.0,0.0,0.0,0.0,0.0,0.0,0.0,0.0,0.0,0.0,0.0,0.0,0.0,0.0,0.0,0.3726273728863757,0.0,0.0,0.0,0.0,0.0,0.0,0.0,0.0,0.0,0.0,0.0,0.0,0.0,0.0,0.0,0.0,0.0,0.0,0.0,0.0,0.0,0.0,0.0,0.0,0.0,0.0,0.0,0.0,0.0,0.0,0.0,0.0,0.0,0.0,0.0,0.0,0.0,0.0,0.0,0.0,0.0,0.0,0.0,0.0,0.31960438895750853,0.0,0.0,0.0,0.0,0.0,0.0,0.0,0.0,0.0,0.0,0.0,0.0,0.0,0.0,0.0,0.0,0.0,0.0,0.0,0.0,0.0,0.0,0.0,0.0,0.0,0.0,0.0,0.0,0.0,0.0,0.0,0.0,0.0,0.0,0.0,0.0,0.0,0.0,0.0,0.0,0.0,0.0,0.0,0.0,0.0,0.0,0.0,0.0,0.0,0.0,0.0,0.0,0.0,0.0,0.0,0.0,0.0,0.0,0.0,0.0,0.0,0.0,0.0,0.0,0.0,0.0,0.0,0.0,0.0,0.0,0.0,0.0,0.0,0.0,0.0,0.0,0.0,0.0,0.0,0.0,0.42565035681524294,0.0,0.0,0.0,0.0,0.0,0.0,0.0,0.0,0.0,0.0,0.0,0.0,0.0,0.0,0.0,0.0,0.0,0.0,0.0,0.0,0.0,0.0,0.0,0.0,0.0,0.0,0.0,0.0,0.0,0.0,0.0,0.0,0.0,0.0,0.0,0.0,0.0,0.0,0.0,0.0,0.0,0.0,0.0,0.0,0.0,0.0,0.0,0.0,0.0,0.0,0.0,0.0,0.0,0.0,0.0,0.0,0.0,0.0,0.0,0.0,0.0,0.0,0.0,0.0,0.42565035681524294,0.0,0.0,0.0,0.0,0.0,0.0,0.0,0.0,0.0,0.0,0.0,0.0,0.0,0.0,0.0,0.0,0.0,0.0,0.0,0.0,0.0,0.0,0.0,0.0,0.0,0.0,0.0,0.0,0.0,0.0,0.0,0.0,0.0,0.0,0.0,0.0,0.0,0.0,0.0,0.0,0.0,0.0,0.0,0.0,0.0,0.0,0.0,0.0,0.0,0.0,0.0,0.0,0.0,0.0,0.0,0.0,0.0,0.0,0.0,0.0,0.0,0.3726273728863757,0.0,0.0,0.0,0.0,0.0,0.0,0.0,0.0,0.0,0.0,0.0,0.0,0.0,0.0,0.0,0.0,0.0,0.0,0.0,0.0,0.0,0.0,0.0,0.0,0.0,0.0,0.0,0.42565035681524294,0.0,0.0,0.0,0.0,0.0,0.0,0.0,0.0,0.0,0.0,0.0,0.0,0.0,0.0,0.0,0.0,0.0,0.0,0.0,0.0,0.0,0.0,0.0,0.0,0.0,0.0,0.0,0.0,0.0,0.0,0.0,0.0,0.0,0.0,0.0,0.0,0.0,0.0,0.0,0.0,0.0,0.0,0.0,0.0,0.0,0.0,0.0,0.0,0.0,0.0,0.0,0.0,0.0,0.0,0.0,0.0,0.0,0.0,0.0,0.0,0.0,0.0,0.0,0.0,0.0,0.0,0.0,0.0,0.0,0.0,0.0,0.0,0.0,0.0,0.0,0.0,0.0,0.0,0.0,0.0,0.0,0.0,0.0,0.0,0.0,0.0,0.0,0.0,0.0,0.0,0.0,0.0,0.0,0.0,0.0,0.0,0.0,0.0,0.0,0.0,0.0,0.0,0.0,0.0,0.0,0.0,0.0,0.0,0.0,0.0,0.0,0.0,0.0,0.0,0.0,0.0,0.0,0.0,0.0,0.0,0.0,0.0,0.0,0.0,0.0,0.0,0.0,0.0,0.0,0.0,0.0,0.0,0.0,0.0,0.0,0.0,0.0,0.0,0.0,0.0,0.0,0.0,0.0,0.0,0.0,0.0,0.0,0.0,0.0,0.0,0.0,0.0,0.0,0.0,0.0,0.0,0.0,0.0,0.0,0.0,0.0,0.0,0.0,0.0,0.0,0.0,0.0,0.0,0.0,0.0,0.0,0.0,0.0,0.0,0.0,0.0,0.0,0.0,0.0,0.0,0.0,0.0,0.0,0.0,0.0,0.0,0.0,0.0,0.0,0.0,0.0,0.0,0.0,0.0,0.0,0.0,0.0,0.0,0.0,0.0,0.0,0.0,0.0,0.0,0.0,0.0,0.0,0.0,0.0,0.0,0.0,0.0,0.0,0.0,0.0,0.0,0.0,0.0,0.0,0.0,0.0,0.0,0.0,0.0,0.0,0.0,0.0,0.0,0.0,0.0,0.0,0.0,0.0,0.0,0.0,0.0,0.0,0.0,0.0,0.0,0.0,0.0,0.0,0.0,0.0,0.0,0.0,0.0,0.0,0.0,0.0,0.0,0.0,0.0,0.0,0.0,0.0,0.0,0.0,0.0,0.0,0.0,0.0,0.0,0.0,0.0,0.0,0.0,0.0,0.0,0.0,0.0,0.0,0.0,0.0,0.0,0.0,0.0,0.0,0.0,0.0,0.0,0.0,0.0,0.0,0.0,0.0,0.0,0.0,0.0,0.0,0.0,0.0,0.0,0.0,0.0,0.0,0.0,0.0,0.0,0.0,0.0,0.0,0.0,0.0,0.0,0.0,0.0,0.0,0.0,0.0,0.0,0.0,0.0,0.0,0.0,0.0,0.0,0.0,0.0,0.0,0.0,0.0,0.0,0.0,0.0,0.0,0.0,0.0,0.0,0.0,0.0,0.0,0.0,0.0,0.0,0.0,0.0,0.0,0.0,0.0,0.0,0.0,0.0,0.0,0.0,0.0,0.0,0.0,0.0,0.0,0.0,0.0,0.0,0.0,0.0,0.0,0.0,0.0,0.0,0.0,0.0,0.0,0.0,0.0,0.0,0.0,0.0,0.0,0.0,0.0,0.0,0.0,0.0,0.0,0.0,0.0,0.0,0.0,0.0,0.0,0.0,0.0,0.0,0.0,0.0,0.0,0.0,0.0,0.0,0.0,0.0,0.0,0.0,0.0,0.0,0.0,0.0
SD2401267,20대,너희 집은 지금 오피스텔이잖아. 그 층간 소음 좀 있는 거 같아? 나 지금 7층 사는데 딱히 층간 소음은 없는 거 같은데 좀 그 아파트에 이상한 사람은 좀 있는 거 같더라. 왜냐하면은 우리가 집에 아무도 없는 상태였는데 갑자기 밑의 집에서 올라온다 아 그 밑의 집인가 어디서 막 신고가 들어왔다는 거야. 이 이 시간이 너무 시끄러웠었다고. 그래 가지고 그게 그게 꼭 밑의 집은 아니고 밑의 층은 아니었던 거 같은데 그런 사람이 좀 있어서 좀 뭐지 좀 조심해야겠다 이런 적은 있었어. 이런 적이 있어. 그리고 너는 지금 자취를 그 1곳에서만 했던 거야 이사 없이? 나도 지금 누나랑 같이 살라고 하면은 절대 못 살 거 같아. 누나랑 진짜 맞는 게 하나도 없단 말이야. 누나도 막 나도 새벽에 전화하면은 누나가 뭐라 하고. 어떨 때 누나가 새벽에 게임하면 또 나한테 이제 내가 이제 스트레스받고. 그래서 이제 만약에 내가 너처럼 그러니까 형제 같이 살라고 하면은 나는 못 살 거 같아. 그리고 그리고 그 이사를 좀 많이 다녔었는데 이사 다닐 때마다 이제 방이 있긴 한데 이게 크기가 이제 큰방 작은방이 있었단 말이야. 그래 가지고 누가 큰방 쓸 거냐 이런 거 때문에 또 엄청 싸운 적 싸웠었고 싸웠었던 거 같아. 그러면 본가도 그러면 지금 살던 데 쭉 계속 살고 있었던 거야 어릴 때부터? 나는 이제 어릴 때부터 정말 많이 다녔었는데 초등학교랑 중학교 때까지는 그래도 한동네 내에서 왔다 갔다 했던 거여서 좀 이제 이사하느라 좀 귀찮고 막 집 바뀌는 게 좀 불편 적응이 안 되 초반에 적응이 안 되는 게 있긴 했어도 이 친구들이랑 멀어진다 이런 거 없어서 괜찮았는데 중학교 3학년에서 이제 고등학교 때 한번 아예 학 그 학 우리 지금 다니는 학교 쪽으로 이사를 왔었단 말이야. 근데 그때 정말 좀 좋았던 친구들인데 완전 멀어지니까 그때 쪼끔 이제 스트레스를 받았었던 경험이 있고. 그래서 또 그래 가지고 이제 고등학교 1학년 때에서부터 2학년 때 또 이사를 가야 되는 상황이 된 거야. 근데 그래서 원래 다니던 고등학교 쪽으로 가려 했었는데 그러진 않고 이제 다시 원래 동네로 돌아갔었던 적이 있어. 나도 그런 전원주택에서 사는 꿈 같은 게 있었던 거 같아. 그 내가 직접 집을 만들고 아 설계해서 막 비밀 공간이나 아 이제 정말 큰 목욕탕이나 아니면 음 어떤 작업실 뭐 이런 걸 만들어 두고 싶다는 생각이 있었어. 만들고 싶다는. 그리 너 근데 지금 자취하고 있잖아. 그러면 그 가전제품 같은 거는 뭐 뭐 있어? 어 이러면 안 되는데. 나는 이제 본가에 살잖아. 어 집안일을 거의 다 안 하고 엄마가 하고 있어. 그러니까 설거지만 이제 내가 먹은 거 설거지하고 이제 그리고 옷 옷이나 분리수거 이런 거는 엄마 아빠가 거의 다 하는 거 같아. 그 자취하면서 이런 설거지나 분리수거 때문에 막 오빠랑 막 싸우거나 그러진 않아? 난 지금 너무 자취를 하고 싶어. 왜냐하면은 일단 난 이제 혼자가 편하단 말이야. 그래 가지고 이제 나만의 일상생활 패턴이 있는데 어쨌든 가족이랑 살면은 아무리 가족이라도 쪼금 지켜야 되는 게 있으니까 그런 게 이제 좀 나한테는 너무 좀 힘들고 내가 하고 싶은 것도 너무 제한이 되는 거 같아서 학교 근처에서 자취하고 싶다는 생각은 있는데 이게 자취도 어쨌든 돈이 많이 깨지니까 쉽사리 하진 못 하고 있고. 음 아마 군대 갔다 와서 자취를 할 수 있으면 하지 않을까 이런 생각이 있어. 음 너는 음 너희 집 인테리어는 혹시 어떻게 돼 있어? 음 우리 집은 이번에 새로 지은 아파트여 가지고 그냥 전체적으로 완전 깔끔한 느낌으로 지금 돼 있는데 이게 아파 이제 방 청소를 쪼끔만 안 해도 이제 옷가 방이 좀 좁아 가지고 옷도 막 의자 위에 올라가 있고 침대 위에 뭉쳐져 있고. 그래 가지고 인테리어는 깔끔한데 방 정리는 되게 안 돼 있는 거 같아. 그리고 또 새로 지은 아파트라 했잖아. 이게 요즘에 새로 지어서 그런가. 아파트가 되게 개성이 넘치더라고. 건물도 막 다 이 모습이 막 다르고. 막 저게 아파트 건물이야 이런 것도 있고. 그리고 처음에 이사 왔을 때 첫날인데 집을 못 찾겠는 거야. 왜냐하면은 보통 아파트 단지가 뭐 몇 호부터 몇 호 1에서 3 3에서 5 이렇게 순서대로 있는데 거기는 막 1에서 3이랑 17에서 19 이렇게 붙어 있고. 막 이상하게 다 붙어 있는 거야. 그래 가지고 처음 이사 갔을 때 그 아파트 단지 안에서 길 잃어 가지고 한 20분 30분 정도 헤맸던 기억이 있어. 너는 만약에 이제 앞으로 회사 다니고 할 거면은 하면은 혼자 살게 되면은 서울에서 계속 살고 싶어? 아니면은 대구? 이게 새로 지은 아파트여 가지고 이게 헬스장이나 도서관 뭐 어린이집 이런 게 입주된다는 얘기만 있고 아직은 인프라가 갖춰지진 못한 거 같아. 그래서 헬스장도 아마 생긴다곤 하는데 어 언제 생길진 잘 모르겠고. 그 아파트 단지 내에 도서관은 지금도 운영하고 있고. 그거 말고도 뭔가 주민들 휴식 공간이라고 하면서 건물이 몇 개 있더라고. 거기서 막 좀 차 같은 거 마시고 막 떠들면서 있는 아줌마들도 있고. 그 빈백 빈백도 있잖아. 그런 것도 아파트 단지 내에 몇 개 깔아둔 거야. 그래 가지고 거기서 좀 누워서 막 떠드는 사람들도 보고 이런 시설이 좀 있었어.,0.014965986394557823,0.02857142857142857,0.013605442176870748,0.0013605442176870747,0.005442176870748299,0.0027210884353741495,0.0027210884353741495,0.02312925170068027,0.0326530612244898,0.02040816326530612,0.004081632653061225,0.0163265306122449,0.0013605442176870747,0.005442176870748299,0.013605442176870748,0.0027210884353741495,0.004081632653061225,0.004081632653061225,0.024489795918367346,0.021768707482993196,0.0013605442176870747,0.0013605442176870747,0.005442176870748299,0.006802721088435374,0.0013605442176870747,0.004081632653061225,0.02040816326530612,0.0013605442176870747,0.0013605442176870747,0.009523809523809525,0.04353741496598639,0.0013605442176870747,0.005442176870748299,0.0013605442176870747,0.010884353741496598,0.005442176870748299,0.0013605442176870747,0.0027210884353741495,0.012244897959183673,0.0013605442176870747,0.0013605442176870747,0.006802721088435374,0.004081632653061225,0.0027210884353741495,0.027210884353741496,0.009523809523809525,0.010884353741496598,0.0013605442176870747,0.006802721088435374,0.024489795918367346,0.010884353741496598,0.0013605442176870747,0.006802721088435374,0.0027210884353741495,0.0013605442176870747,0.005442176870748299,0.0013605442176870747,0.0013605442176870747,0.0013605442176870747,0.006802721088435374,0.0013605442176870747,0.0027210884353741495,0.0013605442176870747,0.0027210884353741495,0.013605442176870748,0.0013605442176870747,0.006802721088435374,0.0013605442176870747,0.02857142857142857,0.0027210884353741495,0.0027210884353741495,0.0027210884353741495,0.005442176870748299,0.0013605442176870747,0.00816326530612245,0.004081632653061225,0.00816326530612245,0.0013605442176870747,0.005442176870748299,0.0027210884353741495,0.0013605442176870747,0.0013605442176870747,0.0027210884353741495,0.0013605442176870747,0.0013605442176870747,0.0013605442176870747,0.005442176870748299,0.0013605442176870747,0.005442176870748299,0.0027210884353741495,0.0013605442176870747,0.0027210884353741495,0.0027210884353741495,0.005442176870748299,0.004081632653061225,0.0013605442176870747,0.0027210884353741495,0.0013605442176870747,0.0013605442176870747,0.0013605442176870747,0.005442176870748299,0.004081632653061225,0.0013605442176870747,0.0013605442176870747,0.0013605442176870747,0.0027210884353741495,0.009523809523809525,0.014965986394557823,0.0013605442176870747,0.0013605442176870747,0.0013605442176870747,0.0027210884353741495,0.0013605442176870747,0.004081632653061225,0.0013605442176870747,0.004081632653061225,0.0013605442176870747,0.0013605442176870747,0.0027210884353741495,0.0027210884353741495,0.0027210884353741495,0.0013605442176870747,0.0013605442176870747,0.0027210884353741495,0.0027210884353741495,0.0013605442176870747,0.0027210884353741495,0.0013605442176870747,0.0027210884353741495,0.0013605442176870747,0.0013605442176870747,0.0013605442176870747,0.0013605442176870747,0.0013605442176870747,0.0013605442176870747,0.0013605442176870747,0.005442176870748299,0.004081632653061225,0.0013605442176870747,0.0013605442176870747,0.0027210884353741495,0.0027210884353741495,0.0013605442176870747,0.0013605442176870747,0.0013605442176870747,0.004081632653061225,0.0013605442176870747,0.0013605442176870747,0.004081632653061225,0.0013605442176870747,0.0027210884353741495,0.005442176870748299,0.0027210884353741495,0.004081632653061225,0.0013605442176870747,0.005442176870748299,0.0027210884353741495,0.0013605442176870747,0.0013605442176870747,0.0013605442176870747,0.0013605442176870747,0.0027210884353741495,0.0013605442176870747,0.0013605442176870747,0.0013605442176870747,0.0013605442176870747,0.0013605442176870747,0.0027210884353741495,0.0027210884353741495,0.0013605442176870747,0.0013605442176870747,0.0013605442176870747,0.0013605442176870747,0.0013605442176870747,0.0013605442176870747,0.0013605442176870747,0.0013605442176870747,0.0013605442176870747,0.0013605442176870747,0.0013605442176870747,0.0027210884353741495,0.0013605442176870747,0.0027210884353741495,0.0013605442176870747,0.0013605442176870747,0.005442176870748299,0.005442176870748299,0.005442176870748299,0.0013605442176870747,0.0013605442176870747,0.0013605442176870747,0.0013605442176870747,0.0013605442176870747,0.0013605442176870747,0.0013605442176870747,0.0027210884353741495,0.0013605442176870747,0.0013605442176870747,0.0013605442176870747,0.0013605442176870747,0.0027210884353741495,0.0013605442176870747,0.0013605442176870747,0.0013605442176870747,0.004081632653061225,0.0013605442176870747,0.0013605442176870747,0.0013605442176870747,0.0013605442176870747,0.0027210884353741495,0.0013605442176870747,0.0013605442176870747,0.0013605442176870747,0.005442176870748299,0.0027210884353741495,0.0013605442176870747,0.0013605442176870747,0.0027210884353741495,0.0013605442176870747,0.0013605442176870747,0.0013605442176870747,0.0013605442176870747,0.0013605442176870747,0.0013605442176870747,0.0013605442176870747,0.0013605442176870747,0.0013605442176870747,0.0013605442176870747,0.0027210884353741495,0.0027210884353741495,0.0013605442176870747,0.0013605442176870747,0.0013605442176870747,0.0013605442176870747,0.0013605442176870747,0.0013605442176870747,0.0013605442176870747,0.0013605442176870747,0.0027210884353741495,0.0013605442176870747,0.0013605442176870747,0.0013605442176870747,0.0013605442176870747,0.0013605442176870747,0.0013605442176870747,0.0013605442176870747,0.0013605442176870747,0.0013605442176870747,0.0013605442176870747,0.0013605442176870747,0.0027210884353741495,0.0013605442176870747,0.0013605442176870747,0.0013605442176870747,0.0013605442176870747,0.0013605442176870747,0.0013605442176870747,0.0013605442176870747,0.0,0.0,0.0,0.0,0.0,0.0,0.0,0.0,0.0,0.0,0.0,0.0,0.0,0.0,0.0,0.0,0.0,0.0,0.0,0.0,0.0,0.0,0.0,0.0,0.0,0.0,0.0,0.0,0.0,0.0,0.0,0.0,0.0,0.0,0.0,0.0,0.0,0.0,0.0,0.0,0.0,0.0,0.0,0.0,0.0,0.0,0.0,0.0,0.0,0.0,0.0,0.0,0.0,0.0,0.0,0.0,0.0,0.0,0.0,0.0,0.0,0.0,0.0,0.0,0.0,0.0,0.0,0.0,0.0,0.0,0.0,0.0,0.0,0.0,0.0,0.0,0.0,0.0,0.0,0.0,0.0,0.0,0.0,0.0,0.0,0.0,0.0,0.0,0.0,0.0,0.0,0.0,0.0,0.0,0.0,0.0,0.0,0.0,0.0,0.0,0.0,0.0,0.0,0.0,0.0,0.0,0.0,0.0,0.0,0.0,0.0,0.0,0.0,0.0,0.0,0.0,0.0,0.0,0.0,0.0,0.0,0.0,0.0,0.0,0.0,0.0,0.0,0.0,0.0,0.0,0.0,0.0,0.0,0.0,0.0,0.0,0.0,0.0,0.0,0.0,0.0,0.0,0.0,0.0,0.0,0.0,0.0,0.0,0.0,0.0,0.0,0.0,0.0,0.0,0.0,0.0,0.0,0.0,0.0,0.0,0.0,0.0,0.0,0.0,0.0,0.0,0.0,0.0,0.0,0.0,0.0,0.0,0.0,0.0,0.0,0.0,0.0,0.0,0.0,0.0,0.0,0.0,0.0,0.0,0.0,0.0,0.0,0.0,0.0,0.0,0.0,0.0,0.0,0.0,0.0,0.0,0.0,0.0,0.0,0.0,0.0,0.0,0.0,0.0,0.0,0.0,0.0,0.0,0.0,0.0,0.0,0.0,0.0,0.0,0.0,0.0,0.0,0.0,0.0,0.0,0.0,0.0,0.0,0.0,0.0,0.0,0.0,0.0,0.0,0.0,0.0,0.0,0.0,0.0,0.0,0.0,0.0,0.0,0.0,0.0,0.0,0.0,0.0,0.0,0.0,0.0,0.0,0.0,0.0,0.0,0.0,0.0,0.0,0.0,0.0,0.0,0.0,0.0,0.0,0.0,0.0,0.0,0.0,0.0,0.0,0.0,0.0,0.0,0.0,0.0,0.0,0.0,0.0,0.0,0.0,0.0,0.0,0.0,0.0,0.0,0.0,0.0,0.0,0.0,0.0,0.0,0.0,0.0,0.0,0.0,0.0,0.0,0.0,0.0,0.0,0.0,0.0,0.0,0.0,0.0,0.0,0.0,0.0,0.0,0.0,0.0,0.0,0.0,0.0,0.0,0.0,0.0,0.0,0.0,0.0,0.0,0.0,0.0,0.0,0.0,0.0,0.0,0.0,0.0,0.0,0.0,0.0,0.0,0.0,0.0,0.0,0.0,0.0,0.0,0.0,0.0,0.0,0.0,0.0,0.0,0.0,0.0,0.0,0.0,0.0,0.0,0.0,0.0,0.0,0.0,0.0,0.0,0.0,0.0,0.0,0.0,0.0,0.0,0.0,0.0,0.0,0.0,0.0,0.0,0.0,0.0,0.0,0.0,0.0,0.0,0.0,0.0,0.0,0.0,0.0,0.0,0.0,0.0,0.0,0.0,0.0,0.0,0.0,0.0,0.0,0.0,0.0,0.0,0.0,0.0,0.0,0.0,0.0,0.0,0.0,0.0,0.0,0.0,0.0,0.0,0.0,0.0,0.0,0.0,0.0,0.0,0.0,0.0,0.0,0.0,0.0,0.0,0.0,0.0,0.0,0.0,0.0,0.0,0.0,0.0,0.0,0.0,0.0,0.0,0.0,0.0,0.0,0.0,0.0,0.0,0.0,0.0,0.0,0.0,0.0,0.0,0.0,0.0,0.0,0.0,0.0,0.0,0.0,0.0,0.0,0.0,0.0,0.0,0.0,0.0,0.0,0.0,0.0,0.0,0.0,0.0,0.0,0.0,0.0,0.0,0.0,0.0,0.0,0.0,0.0,0.0,0.0,0.0,0.0,0.0,0.0,0.0,0.0,0.0,0.0,0.0,0.0,0.0,0.0,0.0,0.0,0.0,0.0,0.0,0.0,0.0,0.0,0.0,0.0,0.0,0.0,0.0,0.0,0.0,0.0,0.0,0.0,0.0,0.0,0.0,0.0,0.0,0.0,0.0,0.0,0.0,0.0,0.0,0.0,0.0,0.0,0.0,0.0,0.0,0.0,0.0,0.0,0.0,0.0,0.0,0.0,0.0,0.0,0.0,0.0,0.0,0.0,0.0,0.0,0.0,0.0,0.0,0.0,0.0,0.0,0.0,0.0,0.0,0.0,0.0,0.0,0.0,0.0,0.0,0.0,0.0,0.0,0.0,0.0,0.0,0.0,0.0,0.0,0.0,0.0,0.0,0.0,0.0,0.0,0.0,0.0,0.0,0.0,0.0,0.0,0.0,0.0,0.0,0.0,0.0,0.0,0.0,0.0,0.0,0.0,0.0,0.0,0.0,0.0,0.6866588136997938,0.0,0.0,0.0,0.0,0.0,0.0,0.0,0.0,0.0,0.0,0.0,0.0,0.0,0.0,0.0,0.0,0.0,0.0,0.0,0.0,0.0,0.0,0.0,0.0,0.0,0.0,0.0,0.0,0.0,0.0,0.0,0.0,0.0,0.0,0.0,0.0,0.0,0.0,0.0,0.0,0.0,0.0,0.0,0.0,0.0,0.0,0.0,0.0,0.0,0.0,0.0,0.0,0.0,0.0,0.0,0.0,0.0,0.0,0.0,0.0,0.0,0.0,0.0,0.0,0.0,0.0,0.0,0.0,0.0,0.0,0.0,0.0,0.0,0.0,0.0,0.0,0.0,0.0,0.0,0.0,0.0,0.0,0.0,0.0,0.0,0.0,0.0,0.0,0.0,0.0,0.0,0.0,0.0,0.0,0.0,0.0,0.0,0.0,0.0,0.0,0.0,0.0,0.0,0.0,0.0,0.0,0.0,0.0,0.0,0.0,0.0,0.0,0.0,0.0,0.0,0.0,0.0,0.0,0.0,0.0,0.0,0.0,0.0,0.0,0.0,0.0,0.0,0.0,0.0,0.0,0.0,0.4088420232096535,0.0,0.0,0.0,0.0,0.0,0.0,0.0,0.0,0.0,0.0,0.0,0.0,0.0,0.0,0.0,0.0,0.0,0.0,0.0,0.0,0.0,0.0,0.0,0.0,0.0,0.0,0.0,0.0,0.0,0.0,0.0,0.0,0.0,0.0,0.6011221786178157,0.0,0.0,0.0,0.0,0.0,0.0,0.0,0.0,0.0,0.0,0.0,0.0,0.0,0.0,0.0,0.0,0.0,0.0,0.0,0.0,0.0,0.0,0.0,0.0,0.0,0.0,0.0,0.0,0.0,0.0,0.0,0.0,0.0,0.0,0.0,0.0,0.0,0.0,0.0,0.0,0.0,0.0,0.0,0.0,0.0,0.0,0.0,0.0,0.0,0.0,0.0,0.0,0.0,0.0,0.0,0.0,0.0,0.0,0.0,0.0,0.0,0.0,0.0,0.0,0.0,0.0,0.0,0.0,0.0,0.0,0.0,0.0,0.0,0.0,0.0,0.0,0.0,0.0,0.0,0.0,0.0,0.0,0.0,0.0,0.0,0.0,0.0,0.0,0.0,0.0,0.0,0.0,0.0,0.0,0.0,0.0,0.0,0.0,0.0,0.0,0.0,0.0,0.0,0.0,0.0,0.0,0.0,0.0,0.0,0.0,0.0,0.0,0.0,0.0,0.0,0.0,0.0,0.0,0.0,0.0,0.0,0.0,0.0,0.0,0.0,0.0,0.0,0.0,0.0,0.0,0.0,0.0,0.0,0.0,0.0,0.0,0.0,0.0,0.0,0.0,0.0,0.0,0.0,0.0,0.0,0.0,0.0,0.0,0.0,0.0,0.0,0.0,0.0,0.0,0.0,0.0,0.0,0.0,0.0,0.0,0.0,0.0,0.0,0.0,0.0,0.0,0.0,0.0,0.0,0.0,0.0,0.0,0.0,0.0,0.0
SD2401268,20대,음 근데 우리집이 꼭대기 층이라 그런지 좀 괜찮은 거 같은데. 층간 소음은 없는데 벽간 소음이 쪼금 있는 거 같아. 방이 그 방음이 잘 안 돼서 옆 문 그 첫 입구 문에만 서도 옆의 방이 뭐 유튜브 뭐 듣고 있는지 무슨 대화하고 있는지가 너무 잘 들려서 쪼끔 부담스럽긴 해. 근데 위에는 아무도 사람이 안 사니까 내가 살기에는 어 소음이 없어서 되게 좋은 거 같아. 그거 말고도 본가 살 때는 위층이 아빠 지인이 살았었는데 그래서 막 소음이 나도 뭐라 하기가 좀 그랬던 경험이 있어. 너는 지금 몇 층 정도에 살아? 층간 소음은 없어? 음 그 학 학교 들어오고 나서부터 2년 동안 여기 살고 올해 새로 계약해서 똑같은 데 연장해서 거기서 살고 있어. 아마 내년에는 교환 학생을 가서 없으니까 오빠가 혼자 살 거 같아 지금 같이 살고 있으니까. 그리고 사실 나는 올해 딱 계약 연장할 때쯤에 새로 구해서 따로따로 살고 싶었는데 아무래도 서울 뭐 월세가 비싸다 보니까 그냥 한집에서 해서 전세로 사는 게 낫겠다 싶어서 같이 살고 있는데. 어 아무래도 생활 패턴이나 그런 집안일 하는 거가 좀 안 맞아서 좀 그게 제일 힘들어서 따로 살고 싶었던 거 같아. 뭐 혼자 늦게 자고 그런 건 상관없는데 오빠가 게임을 하니까 늦게까지 게임하는 소리 계속 들려 오 들려 오고 하니까 나 자는 데 방에 돼서 그랬던 거 같아. 너는 그런 적은 없어? 어 중3 때까지 1곳에서 살았고 그 주 중3 이후에 약간 신도시 분양 그런 청약 담 당첨 돼 가지고 1번 이사를 갔었어. 근데 그 중3 때까지 계속 같은 지역에 살다 보니까 거기 유치원 초등학교 중학교 나오고 고등학교도 그쪽을 가려고 했는데 이사를 가게 돼서 혼자 떨어진 곳을 가니까 친구들이랑도 멀어지고 그러 그 뭐 원래 놀던 데에서도 못 놀고 이런 게 쪼끔 아쉽고 힘들긴 하더라고. 근데 집이 넓어서 되게 좋았던 거 같아. 나는 이사를 많이 안 해 봐서 막 해 보고 싶었다 이런 게 좀 컸었는데 주변에 이사 많이 다니는 사람은 안 그렇더라고. 이사를 그만 다니고 싶다 그러더라. 혹시 너도 그런 편이야? 음 나는 이사 간 다음에 우 이 이사 간 아파트 앞에 막 전원주택 같은 게 있는 거야. 그래서 나중에 이 또 이사를 가게 된다면은 저런 데에서 살고 싶다. 저런 데에서 마당에서 막 식물 키우고 동물 키우고 막 나만의 정원을 가꾸면서 2층 바 다락방에서 살고 싶다 막 이런 생각을 했었는데. 근데 막상 거기에 살면은 관리하는 게 되게 힘들어 보이더라고. 할머니 집도 그런 전원주택인데 조금만 뭘 관리를 안 해 줘도 잡초 자라고 먼지가 끼고 더러워지고 막 그런 게 많아서 관리가 힘들다고 하더라고. 근데 그럼에도 한 약간 한번쯤은 전원주택에 살고 싶다 이런 생각이 있는데. 너는 그런 어디에 살고 싶다 이런 로망 같은 게 있어? 어 전자레인지랑 냉장고 세탁기 이 이 정도는 원래 있었던 거 같고. 밥솥이랑 응 어 그 오븐 같은 거 뭐라고 하지. 그 아 에어프라이어는 사 왔고. 최근에 여름 되니까 벌레가 너무 많이 생기잖아. 특히 음식물에 벌레가 많이 생기는데 그래서 버리기가 너무 힘들어서 미생물로 분해해 주는 기계 그런 게 있더라고. 오빠가 인스타그램에서 찾아와서 막 우 이거 쓰자 막 그러면서 찾아왔던 기억이 있어. 그래서 그거를 지금 살까 고민 중에 있어. 그게 음식물 쓰레기를 넣으면은 미생물들이 분해를 해서 흙으로 바로 만들어 준대. 근데 그게 하루 만에 다 만들어 주고 냄새도 안 나서 좋다고 하더라고. 너는 혹시 집안일 같은 거는 어떻게 하는 편이야? 어 가끔 아니 자주 좀 싸운 싸우진 않고 이런 거에 대해 짜증을 내는 거 같긴 한데 내 방이 쓰레기 그 분리수거 하는 데 바로 앞에 있단 말이야. 그래서 오빠는 좀 멀어서 쓰레기 같은 걸 거기 내면 그만인데 나는 내고 나서 그게 분리수거가 잘 안 되어 있거나 막 더러운 게 섞여 있거나 하면은 냄새가 바로 내 방으로 들어온단 말이야. 그거 때문에 오빠한테 뭐라 한 적도 많았던 거 같고. 약간 분담 같은 게 예전에는 막 뭐 냉장고 청소 네가 1번 하면 내가 화장실 청소 1번 하고 이런 식으로 번갈아서 하자라고 말은 했는데 어느 순간 보니까 내가 다 하고 있더라고. 그래서 그거에 대해서 쌓아 놨다가 화내기 직전에 딱 말하면은 오빠가 또 눈치는 빨라 가지고 그제서야 부랴부랴 치우고 막 이래서 어 싸우지는 않았던 거 같아. 근데 자취를 하니까 확실히 본가 살 때는 엄마가 다 해 주고 그러는데 내가 다 해야 되니까 그게 힘든 거 같긴 해. 너는 자취하고 싶다는 생각은 없어? 아 나 처음에 집 들어올 때 막 냉장고랑 기본 가구에 막 여 연두색 띠가 막 둘러져 있는 거야. 기본 색깔로 막 있는 거야. 그래서 그걸 보고 아 진짜 별로다. 여기 살기 싫다 했었는데 막상 들어가 보니까 그런 거 별로 티도 안 나고 깔끔해 보이고 좋더라고. 그래서 그렇게 쓰고 있고. 뭔가 인테리어 아 그 자취하면 내 방식대로 바 집을 꾸미고 막 이렇게 써야지라는 생각은 있었는데 막상 있으니까 짐을 그 넣을 짐도 너무 많고 근데 그거에 비해 공간은 안 나오고 하니까 인테리어라고 할 것도 없이 그냥 짐을 넣어 놓은 거 같아. 내 방이 너무 작아서 옷장 같은 게 들어갈 공간이 안 나서 거실에다가 행거 설치해서 바로 옷 놓아두고. 그래서 뭔가 꾸미기도 애매하고 그랬던 거 같아. 너는 집 인테리어 어떤 편이야? 서울에서 살 수 있으면 좋을 거 같은데. 왜냐하면 여가 생활 같은 것도 훨씬 더 많이 할 수 있고 이제 거의 내 친구들이나 생활 반경이 서울에 중심에 맞춰져 있다 보니까 서울에서 생활하는 게 편하긴 한데 가끔씩 여기가 사람이 너무 많아서 내려가고 싶다라는 생각이 들긴 해. 근데 직장을 얻고 뭔가 더 발전을 하려면은 서울에서 사는 게 맞는 거 같아. 나는 그 본가 살 때는 지하에 헬스장이 있어서 그거를 썼단 말이야. 근데 자취를 하니까 그런 여가 시설 시 그 아무튼 시설들이 없어서 막 주변에서 주변 다른 헬스장을 등록해 놨단 말이야. 근데 너는 지금 어쨌든 본가에 살잖아. 큰 아파트에 사는데 그러면 거기에 막 여가 시설 같은 게 와 잘 마련되어 있어?,0.005747126436781609,0.017241379310344827,0.004597701149425287,0.0,0.005747126436781609,0.0034482758620689655,0.005747126436781609,0.008045977011494253,0.01839080459770115,0.029885057471264367,0.004597701149425287,0.027586206896551724,0.0,0.008045977011494253,0.0022988505747126436,0.0,0.0034482758620689655,0.0011494252873563218,0.03218390804597701,0.013793103448275862,0.0,0.0,0.0,0.0022988505747126436,0.0,0.004597701149425287,0.021839080459770115,0.0,0.0034482758620689655,0.0034482758620689655,0.04367816091954023,0.0,0.006896551724137931,0.0,0.004597701149425287,0.009195402298850575,0.0,0.0,0.011494252873563218,0.0011494252873563218,0.0,0.0022988505747126436,0.0,0.0,0.034482758620689655,0.004597701149425287,0.013793103448275862,0.0022988505747126436,0.004597701149425287,0.0367816091954023,0.009195402298850575,0.0011494252873563218,0.0,0.0022988505747126436,0.0,0.0011494252873563218,0.0011494252873563218,0.0022988505747126436,0.0,0.006896551724137931,0.0,0.0,0.0,0.0011494252873563218,0.006896551724137931,0.0022988505747126436,0.0022988505747126436,0.0011494252873563218,0.0011494252873563218,0.0,0.0,0.0,0.0022988505747126436,0.0,0.0,0.005747126436781609,0.0022988505747126436,0.0,0.006896551724137931,0.010344827586206896,0.0011494252873563218,0.0,0.0,0.0,0.0,0.004597701149425287,0.0034482758620689655,0.0,0.0022988505747126436,0.004597701149425287,0.0,0.0022988505747126436,0.0,0.0011494252873563218,0.0,0.0011494252873563218,0.0011494252873563218,0.0011494252873563218,0.0,0.0022988505747126436,0.004597701149425287,0.0011494252873563218,0.0,0.0,0.0,0.0,0.01264367816091954,0.009195402298850575,0.0,0.0011494252873563218,0.0011494252873563218,0.0022988505747126436,0.0011494252873563218,0.0,0.0,0.0011494252873563218,0.0,0.0,0.0011494252873563218,0.011494252873563218,0.0,0.005747126436781609,0.0011494252873563218,0.0,0.0022988505747126436,0.0011494252873563218,0.0011494252873563218,0.0,0.0022988505747126436,0.0,0.0,0.0,0.0,0.0034482758620689655,0.0,0.0,0.01839080459770115,0.0022988505747126436,0.0,0.0,0.0022988505747126436,0.0022988505747126436,0.0022988505747126436,0.0,0.0,0.005747126436781609,0.0011494252873563218,0.0,0.008045977011494253,0.0022988505747126436,0.0011494252873563218,0.005747126436781609,0.0011494252873563218,0.0,0.0,0.0011494252873563218,0.0,0.0011494252873563218,0.006896551724137931,0.0011494252873563218,0.0,0.0034482758620689655,0.0,0.0,0.0,0.004597701149425287,0.0011494252873563218,0.0011494252873563218,0.0,0.0,0.0011494252873563218,0.0,0.0,0.0,0.006896551724137931,0.0,0.0,0.0,0.0,0.0,0.0011494252873563218,0.0,0.0034482758620689655,0.0022988505747126436,0.0,0.0022988505747126436,0.0,0.0022988505747126436,0.0022988505747126436,0.0,0.0,0.0,0.0022988505747126436,0.0,0.0,0.0011494252873563218,0.0,0.0,0.0,0.0,0.0034482758620689655,0.0,0.004597701149425287,0.0,0.0,0.0,0.0,0.0,0.0,0.0011494252873563218,0.0,0.0,0.0,0.0,0.0011494252873563218,0.0,0.0011494252873563218,0.0,0.0011494252873563218,0.0,0.0022988505747126436,0.0,0.0011494252873563218,0.0022988505747126436,0.0,0.0,0.005747126436781609,0.0,0.0022988505747126436,0.0,0.0,0.0,0.0,0.0,0.0,0.0,0.0,0.0,0.0022988505747126436,0.0,0.0,0.0,0.004597701149425287,0.0,0.0,0.0,0.0,0.0,0.0,0.0,0.0,0.0,0.0,0.0,0.0,0.0,0.006896551724137931,0.0034482758620689655,0.0011494252873563218,0.0011494252873563218,0.0011494252873563218,0.0011494252873563218,0.0022988505747126436,0.0022988505747126436,0.0011494252873563218,0.0011494252873563218,0.0011494252873563218,0.0011494252873563218,0.0011494252873563218,0.0011494252873563218,0.0034482758620689655,0.0011494252873563218,0.005747126436781609,0.0011494252873563218,0.0011494252873563218,0.0011494252873563218,0.0022988505747126436,0.0022988505747126436,0.0011494252873563218,0.0022988505747126436,0.0011494252873563218,0.0011494252873563218,0.0011494252873563218,0.0011494252873563218,0.0022988505747126436,0.0011494252873563218,0.0011494252873563218,0.0011494252873563218,0.0022988505747126436,0.0011494252873563218,0.0011494252873563218,0.0011494252873563218,0.0011494252873563218,0.0011494252873563218,0.0011494252873563218,0.0011494252873563218,0.0011494252873563218,0.0022988505747126436,0.0022988505747126436,0.0011494252873563218,0.0011494252873563218,0.0011494252873563218,0.0022988505747126436,0.0011494252873563218,0.0011494252873563218,0.0034482758620689655,0.0011494252873563218,0.0011494252873563218,0.0011494252873563218,0.0011494252873563218,0.0011494252873563218,0.0011494252873563218,0.0011494252873563218,0.0022988505747126436,0.0011494252873563218,0.0022988505747126436,0.0022988505747126436,0.0011494252873563218,0.0011494252873563218,0.0034482758620689655,0.0011494252873563218,0.0011494252873563218,0.0022988505747126436,0.0011494252873563218,0.0022988505747126436,0.0011494252873563218,0.0011494252873563218,0.0022988505747126436,0.0011494252873563218,0.0011494252873563218,0.0011494252873563218,0.0022988505747126436,0.0011494252873563218,0.0034482758620689655,0.0034482758620689655,0.0022988505747126436,0.0011494252873563218,0.0011494252873563218,0.0011494252873563218,0.0011494252873563218,0.0011494252873563218,0.0011494252873563218,0.0011494252873563218,0.004597701149425287,0.0011494252873563218,0.0011494252873563218,0.0011494252873563218,0.0011494252873563218,0.0022988505747126436,0.0011494252873563218,0.0011494252873563218,0.0011494252873563218,0.0034482758620689655,0.0011494252873563218,0.0011494252873563218,0.0011494252873563218,0.0011494252873563218,0.0022988505747126436,0.0011494252873563218,0.0022988505747126436,0.0022988505747126436,0.0022988505747126436,0.0011494252873563218,0.0011494252873563218,0.0011494252873563218,0.0011494252873563218,0.0022988505747126436,0.0011494252873563218,0.0034482758620689655,0.0034482758620689655,0.0011494252873563218,0.004597701149425287,0.0011494252873563218,0.0011494252873563218,0.0022988505747126436,0.0022988505747126436,0.0011494252873563218,0.0011494252873563218,0.0011494252873563218,0.0022988505747126436,0.0011494252873563218,0.0022988505747126436,0.0022988505747126436,0.0011494252873563218,0.0011494252873563218,0.0011494252873563218,0.0011494252873563218,0.0011494252873563218,0.0011494252873563218,0.0011494252873563218,0.0011494252873563218,0.0011494252873563218,0.0011494252873563218,0.0011494252873563218,0.0011494252873563218,0.0022988505747126436,0.0011494252873563218,0.0011494252873563218,0.0011494252873563218,0.0011494252873563218,0.0011494252873563218,0.0011494252873563218,0.0011494252873563218,0.0011494252873563218,0.0011494252873563218,0.0011494252873563218,0.0011494252873563218,0.0022988505747126436,0.0011494252873563218,0.0011494252873563218,0.0011494252873563218,0.0011494252873563218,0.0011494252873563218,0.0022988505747126436,0.0011494252873563218,0.0022988505747126436,0.0011494252873563218,0.0011494252873563218,0.0011494252873563218,0.0034482758620689655,0.0011494252873563218,0.0011494252873563218,0.0011494252873563218,0.0011494252873563218,0.0011494252873563218,0.0011494252873563218,0.0011494252873563218,0.0011494252873563218,0.0011494252873563218,0.0011494252873563218,0.0011494252873563218,0.0011494252873563218,0.0034482758620689655,0.0011494252873563218,0.0022988505747126436,0.0011494252873563218,0.0011494252873563218,0.0011494252873563218,0.0011494252873563218,0.0011494252873563218,0.0011494252873563218,0.0011494252873563218,0.0011494252873563218,0.0011494252873563218,0.0011494252873563218,0.0011494252873563218,0.0011494252873563218,0.0011494252873563218,0.0011494252873563218,0.0011494252873563218,0.0011494252873563218,0.0011494252873563218,0.0011494252873563218,0.0,0.0,0.0,0.0,0.0,0.0,0.0,0.0,0.0,0.0,0.0,0.0,0.0,0.0,0.0,0.0,0.0,0.0,0.0,0.0,0.0,0.0,0.0,0.0,0.0,0.0,0.0,0.0,0.0,0.0,0.0,0.0,0.0,0.0,0.0,0.0,0.0,0.0,0.0,0.0,0.0,0.3384916881437436,0.0,0.0,0.0,0.0,0.0,0.0,0.0,0.0,0.0,0.0,0.0,0.0,0.0,0.0,0.0,0.0,0.0,0.0,0.0,0.0,0.0,0.0,0.0,0.0,0.0,0.0,0.0,0.0,0.0,0.0,0.0,0.0,0.0,0.0,0.0,0.0,0.0,0.0,0.40521995029600666,0.0,0.0,0.0,0.0,0.0,0.0,0.0,0.0,0.0,0.0,0.0,0.0,0.0,0.0,0.0,0.0,0.0,0.0,0.0,0.0,0.0,0.0,0.0,0.0,0.40521995029600666,0.0,0.0,0.0,0.0,0.0,0.0,0.0,0.0,0.0,0.25378600526449085,0.0,0.0,0.0,0.0,0.0,0.0,0.0,0.0,0.0,0.40521995029600666,0.0,0.0,0.0,0.0,0.0,0.0,0.0,0.0,0.0,0.0,0.0,0.0,0.0,0.0,0.0,0.0,0.0,0.0,0.0,0.0,0.0,0.0,0.0,0.0,0.0,0.0,0.0,0.0,0.0,0.0,0.0,0.0,0.0,0.0,0.0,0.0,0.0,0.0,0.0,0.0,0.0,0.0,0.0,0.0,0.0,0.0,0.0,0.0,0.0,0.0,0.0,0.0,0.0,0.0,0.0,0.0,0.0,0.0,0.0,0.0,0.0,0.0,0.0,0.0,0.0,0.0,0.0,0.0,0.0,0.0,0.0,0.0,0.0,0.0,0.0,0.0,0.0,0.0,0.0,0.0,0.0,0.0,0.0,0.0,0.0,0.0,0.0,0.0,0.0,0.0,0.0,0.0,0.0,0.0,0.0,0.0,0.0,0.0,0.0,0.0,0.0,0.0,0.0,0.0,0.0,0.0,0.0,0.0,0.0,0.0,0.0,0.0,0.0,0.0,0.0,0.0,0.0,0.0,0.0,0.0,0.0,0.0,0.0,0.0,0.0,0.0,0.0,0.0,0.0,0.0,0.0,0.0,0.0,0.0,0.0,0.0,0.0,0.0,0.0,0.0,0.0,0.0,0.0,0.0,0.0,0.0,0.0,0.0,0.0,0.0,0.0,0.0,0.0,0.0,0.0,0.0,0.0,0.0,0.0,0.0,0.0,0.0,0.0,0.0,0.0,0.0,0.0,0.0,0.0,0.0,0.0,0.0,0.0,0.0,0.0,0.0,0.0,0.0,0.0,0.0,0.0,0.0,0.0,0.0,0.0,0.0,0.0,0.0,0.0,0.0,0.0,0.0,0.0,0.0,0.0,0.0,0.0,0.0,0.0,0.0,0.0,0.0,0.0,0.0,0.0,0.0,0.0,0.0,0.0,0.0,0.0,0.0,0.0,0.0,0.0,0.0,0.0,0.0,0.0,0.0,0.0,0.0,0.0,0.0,0.0,0.0,0.0,0.0,0.0,0.0,0.0,0.0,0.0,0.0,0.0,0.0,0.0,0.0,0.0,0.0,0.0,0.0,0.0,0.0,0.0,0.0,0.0,0.0,0.0,0.0,0.0,0.0,0.0,0.0,0.0,0.0,0.0,0.0,0.0,0.0,0.0,0.0,0.0,0.0,0.0,0.0,0.0,0.0,0.0,0.0,0.0,0.0,0.0,0.0,0.0,0.0,0.0,0.0,0.0,0.0,0.0,0.0,0.0,0.0,0.0,0.0,0.0,0.0,0.0,0.0,0.0,0.0,0.0,0.0,0.0,0.0,0.0,0.0,0.0,0.0,0.0,0.0,0.0,0.0,0.0,0.0,0.0,0.0,0.0,0.0,0.0,0.0,0.0,0.0,0.0,0.0,0.0,0.0,0.0,0.0,0.0,0.0,0.0,0.0,0.0,0.0,0.0,0.0,0.0,0.0,0.0,0.0,0.0,0.0,0.0,0.0,0.0,0.0,0.0,0.0,0.0,0.0,0.0,0.0,0.0,0.0,0.0,0.0,0.0,0.0,0.0,0.0,0.0,0.0,0.0,0.0,0.0,0.0,0.0,0.0,0.0,0.0,0.0,0.0,0.0,0.0,0.0,0.0,0.0,0.0,0.0,0.0,0.0,0.0,0.40521995029600666,0.0,0.0,0.0,0.0,0.0,0.0,0.0,0.0,0.0,0.0,0.0,0.0,0.0,0.0,0.0,0.0,0.0,0.0,0.0,0.0,0.0,0.0,0.0,0.0,0.0,0.0,0.0,0.0,0.0,0.0,0.0,0.0,0.0,0.0,0.0,0.0,0.0,0.0,0.0,0.0,0.0,0.0,0.0,0.0,0.0,0.0,0.0,0.0,0.0,0.0,0.0,0.0,0.0,0.0,0.0,0.0,0.0,0.0,0.0,0.0,0.0,0.0,0.0,0.0,0.0,0.0,0.0,0.0,0.0,0.0,0.0,0.0,0.0,0.0,0.0,0.0,0.0,0.0,0.0,0.0,0.0,0.0,0.0,0.0,0.0,0.0,0.0,0.0,0.0,0.0,0.0,0.0,0.0,0.0,0.0,0.0,0.0,0.0,0.0,0.0,0.0,0.0,0.0,0.0,0.0,0.0,0.0,0.0,0.0,0.0,0.0,0.0,0.0,0.0,0.0,0.0,0.0,0.0,0.0,0.0,0.0,0.0,0.0,0.0,0.0,0.0,0.0,0.0,0.0,0.0,0.0,0.0,0.0,0.0,0.0,0.0,0.0,0.0,0.0,0.0,0.0,0.0,0.0,0.0,0.0,0.0,0.0,0.0,0.0,0.0,0.0,0.0,0.0,0.40521995029600666,0.0,0.0,0.0,0.0,0.0,0.0,0.0,0.0,0.0,0.0,0.0,0.0,0.0,0.0,0.0,0.0,0.0,0.0,0.0,0.0,0.0,0.0,0.0,0.0,0.0,0.0,0.0,0.0,0.0,0.0,0.0,0.0,0.0,0.0,0.0,0.0,0.0,0.0,0.0,0.0,0.0,0.0,0.0,0.0,0.0,0.0,0.0,0.0,0.0,0.0,0.0,0.0,0.0,0.0,0.0,0.0,0.0,0.0,0.0,0.0,0.0,0.0,0.0,0.0,0.0,0.0,0.0,0.0,0.0,0.0,0.0,0.0
SD2401268,20대,음 근데 우리집이 꼭대기 층이라 그런지 좀 괜찮은 거 같은데. 층간 소음은 없는데 벽간 소음이 쪼금 있는 거 같아. 방이 그 방음이 잘 안 돼서 옆 문 그 첫 입구 문에만 서도 옆의 방이 뭐 유튜브 뭐 듣고 있는지 무슨 대화하고 있는지가 너무 잘 들려서 쪼끔 부담스럽긴 해. 근데 위에는 아무도 사람이 안 사니까 내가 살기에는 어 소음이 없어서 되게 좋은 거 같아. 그거 말고도 본가 살 때는 위층이 아빠 지인이 살았었는데 그래서 막 소음이 나도 뭐라 하기가 좀 그랬던 경험이 있어. 너는 지금 몇 층 정도에 살아? 층간 소음은 없어? 음 그 학 학교 들어오고 나서부터 2년 동안 여기 살고 올해 새로 계약해서 똑같은 데 연장해서 거기서 살고 있어. 아마 내년에는 교환 학생을 가서 없으니까 오빠가 혼자 살 거 같아 지금 같이 살고 있으니까. 그리고 사실 나는 올해 딱 계약 연장할 때쯤에 새로 구해서 따로따로 살고 싶었는데 아무래도 서울 뭐 월세가 비싸다 보니까 그냥 한집에서 해서 전세로 사는 게 낫겠다 싶어서 같이 살고 있는데. 어 아무래도 생활 패턴이나 그런 집안일 하는 거가 좀 안 맞아서 좀 그게 제일 힘들어서 따로 살고 싶었던 거 같아. 뭐 혼자 늦게 자고 그런 건 상관없는데 오빠가 게임을 하니까 늦게까지 게임하는 소리 계속 들려 오 들려 오고 하니까 나 자는 데 방에 돼서 그랬던 거 같아. 너는 그런 적은 없어? 어 중3 때까지 1곳에서 살았고 그 주 중3 이후에 약간 신도시 분양 그런 청약 담 당첨 돼 가지고 1번 이사를 갔었어. 근데 그 중3 때까지 계속 같은 지역에 살다 보니까 거기 유치원 초등학교 중학교 나오고 고등학교도 그쪽을 가려고 했는데 이사를 가게 돼서 혼자 떨어진 곳을 가니까 친구들이랑도 멀어지고 그러 그 뭐 원래 놀던 데에서도 못 놀고 이런 게 쪼끔 아쉽고 힘들긴 하더라고. 근데 집이 넓어서 되게 좋았던 거 같아. 나는 이사를 많이 안 해 봐서 막 해 보고 싶었다 이런 게 좀 컸었는데 주변에 이사 많이 다니는 사람은 안 그렇더라고. 이사를 그만 다니고 싶다 그러더라. 혹시 너도 그런 편이야? 음 나는 이사 간 다음에 우 이 이사 간 아파트 앞에 막 전원주택 같은 게 있는 거야. 그래서 나중에 이 또 이사를 가게 된다면은 저런 데에서 살고 싶다. 저런 데에서 마당에서 막 식물 키우고 동물 키우고 막 나만의 정원을 가꾸면서 2층 바 다락방에서 살고 싶다 막 이런 생각을 했었는데. 근데 막상 거기에 살면은 관리하는 게 되게 힘들어 보이더라고. 할머니 집도 그런 전원주택인데 조금만 뭘 관리를 안 해 줘도 잡초 자라고 먼지가 끼고 더러워지고 막 그런 게 많아서 관리가 힘들다고 하더라고. 근데 그럼에도 한 약간 한번쯤은 전원주택에 살고 싶다 이런 생각이 있는데. 너는 그런 어디에 살고 싶다 이런 로망 같은 게 있어? 어 전자레인지랑 냉장고 세탁기 이 이 정도는 원래 있었던 거 같고. 밥솥이랑 응 어 그 오븐 같은 거 뭐라고 하지. 그 아 에어프라이어는 사 왔고. 최근에 여름 되니까 벌레가 너무 많이 생기잖아. 특히 음식물에 벌레가 많이 생기는데 그래서 버리기가 너무 힘들어서 미생물로 분해해 주는 기계 그런 게 있더라고. 오빠가 인스타그램에서 찾아와서 막 우 이거 쓰자 막 그러면서 찾아왔던 기억이 있어. 그래서 그거를 지금 살까 고민 중에 있어. 그게 음식물 쓰레기를 넣으면은 미생물들이 분해를 해서 흙으로 바로 만들어 준대. 근데 그게 하루 만에 다 만들어 주고 냄새도 안 나서 좋다고 하더라고. 너는 혹시 집안일 같은 거는 어떻게 하는 편이야? 어 가끔 아니 자주 좀 싸운 싸우진 않고 이런 거에 대해 짜증을 내는 거 같긴 한데 내 방이 쓰레기 그 분리수거 하는 데 바로 앞에 있단 말이야. 그래서 오빠는 좀 멀어서 쓰레기 같은 걸 거기 내면 그만인데 나는 내고 나서 그게 분리수거가 잘 안 되어 있거나 막 더러운 게 섞여 있거나 하면은 냄새가 바로 내 방으로 들어온단 말이야. 그거 때문에 오빠한테 뭐라 한 적도 많았던 거 같고. 약간 분담 같은 게 예전에는 막 뭐 냉장고 청소 네가 1번 하면 내가 화장실 청소 1번 하고 이런 식으로 번갈아서 하자라고 말은 했는데 어느 순간 보니까 내가 다 하고 있더라고. 그래서 그거에 대해서 쌓아 놨다가 화내기 직전에 딱 말하면은 오빠가 또 눈치는 빨라 가지고 그제서야 부랴부랴 치우고 막 이래서 어 싸우지는 않았던 거 같아. 근데 자취를 하니까 확실히 본가 살 때는 엄마가 다 해 주고 그러는데 내가 다 해야 되니까 그게 힘든 거 같긴 해. 너는 자취하고 싶다는 생각은 없어? 아 나 처음에 집 들어올 때 막 냉장고랑 기본 가구에 막 여 연두색 띠가 막 둘러져 있는 거야. 기본 색깔로 막 있는 거야. 그래서 그걸 보고 아 진짜 별로다. 여기 살기 싫다 했었는데 막상 들어가 보니까 그런 거 별로 티도 안 나고 깔끔해 보이고 좋더라고. 그래서 그렇게 쓰고 있고. 뭔가 인테리어 아 그 자취하면 내 방식대로 바 집을 꾸미고 막 이렇게 써야지라는 생각은 있었는데 막상 있으니까 짐을 그 넣을 짐도 너무 많고 근데 그거에 비해 공간은 안 나오고 하니까 인테리어라고 할 것도 없이 그냥 짐을 넣어 놓은 거 같아. 내 방이 너무 작아서 옷장 같은 게 들어갈 공간이 안 나서 거실에다가 행거 설치해서 바로 옷 놓아두고. 그래서 뭔가 꾸미기도 애매하고 그랬던 거 같아. 너는 집 인테리어 어떤 편이야? 서울에서 살 수 있으면 좋을 거 같은데. 왜냐하면 여가 생활 같은 것도 훨씬 더 많이 할 수 있고 이제 거의 내 친구들이나 생활 반경이 서울에 중심에 맞춰져 있다 보니까 서울에서 생활하는 게 편하긴 한데 가끔씩 여기가 사람이 너무 많아서 내려가고 싶다라는 생각이 들긴 해. 근데 직장을 얻고 뭔가 더 발전을 하려면은 서울에서 사는 게 맞는 거 같아. 나는 그 본가 살 때는 지하에 헬스장이 있어서 그거를 썼단 말이야. 근데 자취를 하니까 그런 여가 시설 시 그 아무튼 시설들이 없어서 막 주변에서 주변 다른 헬스장을 등록해 놨단 말이야. 근데 너는 지금 어쨌든 본가에 살잖아. 큰 아파트에 사는데 그러면 거기에 막 여가 시설 같은 게 와 잘 마련되어 있어?,0.005747126436781609,0.017241379310344827,0.004597701149425287,0.0,0.005747126436781609,0.0034482758620689655,0.005747126436781609,0.008045977011494253,0.01839080459770115,0.029885057471264367,0.004597701149425287,0.027586206896551724,0.0,0.008045977011494253,0.0022988505747126436,0.0,0.0034482758620689655,0.0011494252873563218,0.03218390804597701,0.013793103448275862,0.0,0.0,0.0,0.0022988505747126436,0.0,0.004597701149425287,0.021839080459770115,0.0,0.0034482758620689655,0.0034482758620689655,0.04367816091954023,0.0,0.006896551724137931,0.0,0.004597701149425287,0.009195402298850575,0.0,0.0,0.011494252873563218,0.0011494252873563218,0.0,0.0022988505747126436,0.0,0.0,0.034482758620689655,0.004597701149425287,0.013793103448275862,0.0022988505747126436,0.004597701149425287,0.0367816091954023,0.009195402298850575,0.0011494252873563218,0.0,0.0022988505747126436,0.0,0.0011494252873563218,0.0011494252873563218,0.0022988505747126436,0.0,0.006896551724137931,0.0,0.0,0.0,0.0011494252873563218,0.006896551724137931,0.0022988505747126436,0.0022988505747126436,0.0011494252873563218,0.0011494252873563218,0.0,0.0,0.0,0.0022988505747126436,0.0,0.0,0.005747126436781609,0.0022988505747126436,0.0,0.006896551724137931,0.010344827586206896,0.0011494252873563218,0.0,0.0,0.0,0.0,0.004597701149425287,0.0034482758620689655,0.0,0.0022988505747126436,0.004597701149425287,0.0,0.0022988505747126436,0.0,0.0011494252873563218,0.0,0.0011494252873563218,0.0011494252873563218,0.0011494252873563218,0.0,0.0022988505747126436,0.004597701149425287,0.0011494252873563218,0.0,0.0,0.0,0.0,0.01264367816091954,0.009195402298850575,0.0,0.0011494252873563218,0.0011494252873563218,0.0022988505747126436,0.0011494252873563218,0.0,0.0,0.0011494252873563218,0.0,0.0,0.0011494252873563218,0.011494252873563218,0.0,0.005747126436781609,0.0011494252873563218,0.0,0.0022988505747126436,0.0011494252873563218,0.0011494252873563218,0.0,0.0022988505747126436,0.0,0.0,0.0,0.0,0.0034482758620689655,0.0,0.0,0.01839080459770115,0.0022988505747126436,0.0,0.0,0.0022988505747126436,0.0022988505747126436,0.0022988505747126436,0.0,0.0,0.005747126436781609,0.0011494252873563218,0.0,0.008045977011494253,0.0022988505747126436,0.0011494252873563218,0.005747126436781609,0.0011494252873563218,0.0,0.0,0.0011494252873563218,0.0,0.0011494252873563218,0.006896551724137931,0.0011494252873563218,0.0,0.0034482758620689655,0.0,0.0,0.0,0.004597701149425287,0.0011494252873563218,0.0011494252873563218,0.0,0.0,0.0011494252873563218,0.0,0.0,0.0,0.006896551724137931,0.0,0.0,0.0,0.0,0.0,0.0011494252873563218,0.0,0.0034482758620689655,0.0022988505747126436,0.0,0.0022988505747126436,0.0,0.0022988505747126436,0.0022988505747126436,0.0,0.0,0.0,0.0022988505747126436,0.0,0.0,0.0011494252873563218,0.0,0.0,0.0,0.0,0.0034482758620689655,0.0,0.004597701149425287,0.0,0.0,0.0,0.0,0.0,0.0,0.0011494252873563218,0.0,0.0,0.0,0.0,0.0011494252873563218,0.0,0.0011494252873563218,0.0,0.0011494252873563218,0.0,0.0022988505747126436,0.0,0.0011494252873563218,0.0022988505747126436,0.0,0.0,0.005747126436781609,0.0,0.0022988505747126436,0.0,0.0,0.0,0.0,0.0,0.0,0.0,0.0,0.0,0.0022988505747126436,0.0,0.0,0.0,0.004597701149425287,0.0,0.0,0.0,0.0,0.0,0.0,0.0,0.0,0.0,0.0,0.0,0.0,0.0,0.006896551724137931,0.0034482758620689655,0.0011494252873563218,0.0011494252873563218,0.0011494252873563218,0.0011494252873563218,0.0022988505747126436,0.0022988505747126436,0.0011494252873563218,0.0011494252873563218,0.0011494252873563218,0.0011494252873563218,0.0011494252873563218,0.0011494252873563218,0.0034482758620689655,0.0011494252873563218,0.005747126436781609,0.0011494252873563218,0.0011494252873563218,0.0011494252873563218,0.0022988505747126436,0.0022988505747126436,0.0011494252873563218,0.0022988505747126436,0.0011494252873563218,0.0011494252873563218,0.0011494252873563218,0.0011494252873563218,0.0022988505747126436,0.0011494252873563218,0.0011494252873563218,0.0011494252873563218,0.0022988505747126436,0.0011494252873563218,0.0011494252873563218,0.0011494252873563218,0.0011494252873563218,0.0011494252873563218,0.0011494252873563218,0.0011494252873563218,0.0011494252873563218,0.0022988505747126436,0.0022988505747126436,0.0011494252873563218,0.0011494252873563218,0.0011494252873563218,0.0022988505747126436,0.0011494252873563218,0.0011494252873563218,0.0034482758620689655,0.0011494252873563218,0.0011494252873563218,0.0011494252873563218,0.0011494252873563218,0.0011494252873563218,0.0011494252873563218,0.0011494252873563218,0.0022988505747126436,0.0011494252873563218,0.0022988505747126436,0.0022988505747126436,0.0011494252873563218,0.0011494252873563218,0.0034482758620689655,0.0011494252873563218,0.0011494252873563218,0.0022988505747126436,0.0011494252873563218,0.0022988505747126436,0.0011494252873563218,0.0011494252873563218,0.0022988505747126436,0.0011494252873563218,0.0011494252873563218,0.0011494252873563218,0.0022988505747126436,0.0011494252873563218,0.0034482758620689655,0.0034482758620689655,0.0022988505747126436,0.0011494252873563218,0.0011494252873563218,0.0011494252873563218,0.0011494252873563218,0.0011494252873563218,0.0011494252873563218,0.0011494252873563218,0.004597701149425287,0.0011494252873563218,0.0011494252873563218,0.0011494252873563218,0.0011494252873563218,0.0022988505747126436,0.0011494252873563218,0.0011494252873563218,0.0011494252873563218,0.0034482758620689655,0.0011494252873563218,0.0011494252873563218,0.0011494252873563218,0.0011494252873563218,0.0022988505747126436,0.0011494252873563218,0.0022988505747126436,0.0022988505747126436,0.0022988505747126436,0.0011494252873563218,0.0011494252873563218,0.0011494252873563218,0.0011494252873563218,0.0022988505747126436,0.0011494252873563218,0.0034482758620689655,0.0034482758620689655,0.0011494252873563218,0.004597701149425287,0.0011494252873563218,0.0011494252873563218,0.0022988505747126436,0.0022988505747126436,0.0011494252873563218,0.0011494252873563218,0.0011494252873563218,0.0022988505747126436,0.0011494252873563218,0.0022988505747126436,0.0022988505747126436,0.0011494252873563218,0.0011494252873563218,0.0011494252873563218,0.0011494252873563218,0.0011494252873563218,0.0011494252873563218,0.0011494252873563218,0.0011494252873563218,0.0011494252873563218,0.0011494252873563218,0.0011494252873563218,0.0011494252873563218,0.0022988505747126436,0.0011494252873563218,0.0011494252873563218,0.0011494252873563218,0.0011494252873563218,0.0011494252873563218,0.0011494252873563218,0.0011494252873563218,0.0011494252873563218,0.0011494252873563218,0.0011494252873563218,0.0011494252873563218,0.0022988505747126436,0.0011494252873563218,0.0011494252873563218,0.0011494252873563218,0.0011494252873563218,0.0011494252873563218,0.0022988505747126436,0.0011494252873563218,0.0022988505747126436,0.0011494252873563218,0.0011494252873563218,0.0011494252873563218,0.0034482758620689655,0.0011494252873563218,0.0011494252873563218,0.0011494252873563218,0.0011494252873563218,0.0011494252873563218,0.0011494252873563218,0.0011494252873563218,0.0011494252873563218,0.0011494252873563218,0.0011494252873563218,0.0011494252873563218,0.0011494252873563218,0.0034482758620689655,0.0011494252873563218,0.0022988505747126436,0.0011494252873563218,0.0011494252873563218,0.0011494252873563218,0.0011494252873563218,0.0011494252873563218,0.0011494252873563218,0.0011494252873563218,0.0011494252873563218,0.0011494252873563218,0.0011494252873563218,0.0011494252873563218,0.0011494252873563218,0.0011494252873563218,0.0011494252873563218,0.0011494252873563218,0.0011494252873563218,0.0011494252873563218,0.0011494252873563218,0.0,0.0,0.0,0.0,0.0,0.0,0.0,0.0,0.0,0.0,0.0,0.0,0.0,0.0,0.0,0.0,0.0,0.0,0.0,0.0,0.0,0.0,0.0,0.0,0.0,0.0,0.0,0.0,0.0,0.0,0.0,0.0,0.0,0.0,0.0,0.0,0.0,0.0,0.24409765595848631,0.0,0.0,0.0,0.0,0.0,0.0,0.0,0.0,0.0,0.0,0.0,0.0,0.0,0.0,0.0,0.0,0.0,0.0,0.0,0.0,0.0,0.0,0.0,0.0,0.0,0.0,0.0,0.0,0.0,0.0,0.0,0.0,0.0,0.0,0.0,0.0,0.0,0.0,0.0,0.0,0.0,0.0,0.0,0.0,0.0,0.0,0.0,0.0,0.0,0.0,0.0,0.0,0.0,0.0,0.0,0.0,0.0,0.0,0.0,0.0,0.0,0.0,0.0,0.0,0.0,0.0,0.0,0.0,0.0,0.0,0.0,0.0,0.0,0.0,0.0,0.0,0.0,0.0,0.0,0.0,0.0,0.0,0.0,0.0,0.0,0.0,0.0,0.0,0.0,0.0,0.0,0.0,0.0,0.0,0.0,0.0,0.0,0.0,0.0,0.0,0.0,0.0,0.0,0.0,0.0,0.0,0.0,0.0,0.0,0.0,0.0,0.0,0.0,0.0,0.0,0.0,0.0,0.0,0.0,0.0,0.0,0.0,0.0,0.0,0.0,0.0,0.0,0.0,0.0,0.0,0.0,0.0,0.0,0.0,0.0,0.0,0.0,0.0,0.0,0.0,0.0,0.0,0.0,0.0,0.0,0.0,0.0,0.0,0.0,0.0,0.0,0.0,0.0,0.0,0.0,0.0,0.0,0.0,0.0,0.0,0.0,0.0,0.0,0.0,0.0,0.0,0.0,0.0,0.0,0.0,0.0,0.0,0.0,0.0,0.0,0.0,0.0,0.0,0.0,0.0,0.0,0.0,0.0,0.0,0.0,0.0,0.0,0.0,0.0,0.0,0.0,0.0,0.0,0.0,0.0,0.0,0.0,0.0,0.0,0.0,0.0,0.0,0.0,0.0,0.0,0.0,0.0,0.0,0.0,0.0,0.0,0.0,0.0,0.0,0.0,0.0,0.0,0.0,0.0,0.0,0.0,0.0,0.0,0.0,0.0,0.0,0.0,0.0,0.0,0.0,0.0,0.0,0.0,0.0,0.0,0.0,0.0,0.0,0.0,0.0,0.0,0.0,0.0,0.0,0.0,0.0,0.0,0.0,0.0,0.0,0.0,0.0,0.0,0.0,0.0,0.0,0.0,0.0,0.40996716910728026,0.0,0.0,0.0,0.0,0.0,0.0,0.0,0.0,0.0,0.0,0.0,0.0,0.0,0.0,0.0,0.0,0.0,0.0,0.0,0.0,0.0,0.0,0.0,0.0,0.0,0.0,0.0,0.0,0.0,0.0,0.0,0.0,0.0,0.0,0.0,0.0,0.0,0.0,0.0,0.0,0.0,0.0,0.0,0.0,0.0,0.0,0.0,0.0,0.0,0.0,0.0,0.0,0.0,0.0,0.0,0.0,0.0,0.0,0.0,0.0,0.0,0.0,0.0,0.0,0.0,0.0,0.0,0.0,0.0,0.0,0.0,0.0,0.0,0.0,0.0,0.3588978295169603,0.3588978295169603,0.0,0.0,0.0,0.0,0.0,0.0,0.0,0.0,0.0,0.0,0.0,0.0,0.0,0.0,0.0,0.0,0.0,0.0,0.0,0.0,0.0,0.0,0.0,0.0,0.0,0.0,0.0,0.0,0.0,0.0,0.0,0.0,0.0,0.0,0.0,0.0,0.0,0.0,0.0,0.0,0.0,0.0,0.0,0.0,0.0,0.0,0.0,0.0,0.0,0.0,0.0,0.0,0.0,0.0,0.0,0.0,0.0,0.0,0.0,0.0,0.0,0.0,0.0,0.0,0.0,0.0,0.0,0.0,0.0,0.0,0.0,0.0,0.0,0.0,0.0,0.0,0.0,0.0,0.0,0.0,0.0,0.0,0.0,0.0,0.40996716910728026,0.0,0.0,0.0,0.0,0.0,0.0,0.0,0.0,0.0,0.0,0.0,0.0,0.0,0.0,0.0,0.0,0.0,0.0,0.0,0.0,0.0,0.0,0.0,0.0,0.0,0.0,0.0,0.0,0.0,0.0,0.0,0.0,0.0,0.0,0.0,0.0,0.0,0.0,0.0,0.0,0.0,0.0,0.0,0.0,0.0,0.0,0.0,0.0,0.0,0.0,0.0,0.0,0.0,0.0,0.0,0.0,0.0,0.0,0.0,0.0,0.0,0.0,0.0,0.0,0.0,0.0,0.0,0.0,0.0,0.0,0.0,0.0,0.0,0.0,0.0,0.0,0.0,0.0,0.0,0.29138783472517293,0.0,0.0,0.0,0.0,0.0,0.0,0.0,0.0,0.0,0.0,0.0,0.0,0.0,0.0,0.0,0.0,0.0,0.0,0.0,0.0,0.0,0.0,0.0,0.0,0.0,0.0,0.0,0.0,0.0,0.0,0.0,0.0,0.0,0.0,0.0,0.0,0.0,0.0,0.0,0.0,0.0,0.0,0.0,0.0,0.0,0.0,0.0,0.0,0.0,0.0,0.0,0.0,0.0,0.0,0.0,0.0,0.0,0.0,0.0,0.0,0.0,0.0,0.0,0.0,0.0,0.0,0.0,0.0,0.0,0.0,0.0,0.0,0.0,0.0,0.0,0.0,0.0,0.0,0.0,0.0,0.0,0.0,0.0,0.0,0.0,0.0,0.0,0.0,0.0,0.0,0.0,0.0,0.0,0.0,0.0,0.3800935205103487,0.0,0.0,0.0,0.0,0.0,0.0,0.0,0.0,0.0,0.0,0.0,0.0,0.0,0.0,0.0,0.0,0.34245717431549283,0.0,0.0,0.0,0.0,0.0,0.0,0.0,0.0,0.0,0.0,0.0,0.0,0.0,0.0,0.0,0.0,0.0,0.0,0.0,0.0,0.0,0.0,0.0,0.0,0.0,0.0,0.0,0.0,0.0,0.0,0.0,0.0,0.0,0.0,0.0,0.0,0.0,0.0,0.0,0.0,0.0,0.0,0.0,0.0,0.0,0.0,0.0,0.0,0.0,0.0,0.0,0.0,0.0,0.0,0.0,0.0,0.0,0.0,0.0,0.0,0.0,0.0,0.0,0.0,0.0,0.0,0.0,0.0,0.0,0.0,0.0,0.0,0.0,0.0
SD2401268,20대,음 근데 우리집이 꼭대기 층이라 그런지 좀 괜찮은 거 같은데. 층간 소음은 없는데 벽간 소음이 쪼금 있는 거 같아. 방이 그 방음이 잘 안 돼서 옆 문 그 첫 입구 문에만 서도 옆의 방이 뭐 유튜브 뭐 듣고 있는지 무슨 대화하고 있는지가 너무 잘 들려서 쪼끔 부담스럽긴 해. 근데 위에는 아무도 사람이 안 사니까 내가 살기에는 어 소음이 없어서 되게 좋은 거 같아. 그거 말고도 본가 살 때는 위층이 아빠 지인이 살았었는데 그래서 막 소음이 나도 뭐라 하기가 좀 그랬던 경험이 있어. 너는 지금 몇 층 정도에 살아? 층간 소음은 없어? 음 그 학 학교 들어오고 나서부터 2년 동안 여기 살고 올해 새로 계약해서 똑같은 데 연장해서 거기서 살고 있어. 아마 내년에는 교환 학생을 가서 없으니까 오빠가 혼자 살 거 같아 지금 같이 살고 있으니까. 그리고 사실 나는 올해 딱 계약 연장할 때쯤에 새로 구해서 따로따로 살고 싶었는데 아무래도 서울 뭐 월세가 비싸다 보니까 그냥 한집에서 해서 전세로 사는 게 낫겠다 싶어서 같이 살고 있는데. 어 아무래도 생활 패턴이나 그런 집안일 하는 거가 좀 안 맞아서 좀 그게 제일 힘들어서 따로 살고 싶었던 거 같아. 뭐 혼자 늦게 자고 그런 건 상관없는데 오빠가 게임을 하니까 늦게까지 게임하는 소리 계속 들려 오 들려 오고 하니까 나 자는 데 방에 돼서 그랬던 거 같아. 너는 그런 적은 없어? 어 중3 때까지 1곳에서 살았고 그 주 중3 이후에 약간 신도시 분양 그런 청약 담 당첨 돼 가지고 1번 이사를 갔었어. 근데 그 중3 때까지 계속 같은 지역에 살다 보니까 거기 유치원 초등학교 중학교 나오고 고등학교도 그쪽을 가려고 했는데 이사를 가게 돼서 혼자 떨어진 곳을 가니까 친구들이랑도 멀어지고 그러 그 뭐 원래 놀던 데에서도 못 놀고 이런 게 쪼끔 아쉽고 힘들긴 하더라고. 근데 집이 넓어서 되게 좋았던 거 같아. 나는 이사를 많이 안 해 봐서 막 해 보고 싶었다 이런 게 좀 컸었는데 주변에 이사 많이 다니는 사람은 안 그렇더라고. 이사를 그만 다니고 싶다 그러더라. 혹시 너도 그런 편이야? 음 나는 이사 간 다음에 우 이 이사 간 아파트 앞에 막 전원주택 같은 게 있는 거야. 그래서 나중에 이 또 이사를 가게 된다면은 저런 데에서 살고 싶다. 저런 데에서 마당에서 막 식물 키우고 동물 키우고 막 나만의 정원을 가꾸면서 2층 바 다락방에서 살고 싶다 막 이런 생각을 했었는데. 근데 막상 거기에 살면은 관리하는 게 되게 힘들어 보이더라고. 할머니 집도 그런 전원주택인데 조금만 뭘 관리를 안 해 줘도 잡초 자라고 먼지가 끼고 더러워지고 막 그런 게 많아서 관리가 힘들다고 하더라고. 근데 그럼에도 한 약간 한번쯤은 전원주택에 살고 싶다 이런 생각이 있는데. 너는 그런 어디에 살고 싶다 이런 로망 같은 게 있어? 어 전자레인지랑 냉장고 세탁기 이 이 정도는 원래 있었던 거 같고. 밥솥이랑 응 어 그 오븐 같은 거 뭐라고 하지. 그 아 에어프라이어는 사 왔고. 최근에 여름 되니까 벌레가 너무 많이 생기잖아. 특히 음식물에 벌레가 많이 생기는데 그래서 버리기가 너무 힘들어서 미생물로 분해해 주는 기계 그런 게 있더라고. 오빠가 인스타그램에서 찾아와서 막 우 이거 쓰자 막 그러면서 찾아왔던 기억이 있어. 그래서 그거를 지금 살까 고민 중에 있어. 그게 음식물 쓰레기를 넣으면은 미생물들이 분해를 해서 흙으로 바로 만들어 준대. 근데 그게 하루 만에 다 만들어 주고 냄새도 안 나서 좋다고 하더라고. 너는 혹시 집안일 같은 거는 어떻게 하는 편이야? 어 가끔 아니 자주 좀 싸운 싸우진 않고 이런 거에 대해 짜증을 내는 거 같긴 한데 내 방이 쓰레기 그 분리수거 하는 데 바로 앞에 있단 말이야. 그래서 오빠는 좀 멀어서 쓰레기 같은 걸 거기 내면 그만인데 나는 내고 나서 그게 분리수거가 잘 안 되어 있거나 막 더러운 게 섞여 있거나 하면은 냄새가 바로 내 방으로 들어온단 말이야. 그거 때문에 오빠한테 뭐라 한 적도 많았던 거 같고. 약간 분담 같은 게 예전에는 막 뭐 냉장고 청소 네가 1번 하면 내가 화장실 청소 1번 하고 이런 식으로 번갈아서 하자라고 말은 했는데 어느 순간 보니까 내가 다 하고 있더라고. 그래서 그거에 대해서 쌓아 놨다가 화내기 직전에 딱 말하면은 오빠가 또 눈치는 빨라 가지고 그제서야 부랴부랴 치우고 막 이래서 어 싸우지는 않았던 거 같아. 근데 자취를 하니까 확실히 본가 살 때는 엄마가 다 해 주고 그러는데 내가 다 해야 되니까 그게 힘든 거 같긴 해. 너는 자취하고 싶다는 생각은 없어? 아 나 처음에 집 들어올 때 막 냉장고랑 기본 가구에 막 여 연두색 띠가 막 둘러져 있는 거야. 기본 색깔로 막 있는 거야. 그래서 그걸 보고 아 진짜 별로다. 여기 살기 싫다 했었는데 막상 들어가 보니까 그런 거 별로 티도 안 나고 깔끔해 보이고 좋더라고. 그래서 그렇게 쓰고 있고. 뭔가 인테리어 아 그 자취하면 내 방식대로 바 집을 꾸미고 막 이렇게 써야지라는 생각은 있었는데 막상 있으니까 짐을 그 넣을 짐도 너무 많고 근데 그거에 비해 공간은 안 나오고 하니까 인테리어라고 할 것도 없이 그냥 짐을 넣어 놓은 거 같아. 내 방이 너무 작아서 옷장 같은 게 들어갈 공간이 안 나서 거실에다가 행거 설치해서 바로 옷 놓아두고. 그래서 뭔가 꾸미기도 애매하고 그랬던 거 같아. 너는 집 인테리어 어떤 편이야? 서울에서 살 수 있으면 좋을 거 같은데. 왜냐하면 여가 생활 같은 것도 훨씬 더 많이 할 수 있고 이제 거의 내 친구들이나 생활 반경이 서울에 중심에 맞춰져 있다 보니까 서울에서 생활하는 게 편하긴 한데 가끔씩 여기가 사람이 너무 많아서 내려가고 싶다라는 생각이 들긴 해. 근데 직장을 얻고 뭔가 더 발전을 하려면은 서울에서 사는 게 맞는 거 같아. 나는 그 본가 살 때는 지하에 헬스장이 있어서 그거를 썼단 말이야. 근데 자취를 하니까 그런 여가 시설 시 그 아무튼 시설들이 없어서 막 주변에서 주변 다른 헬스장을 등록해 놨단 말이야. 근데 너는 지금 어쨌든 본가에 살잖아. 큰 아파트에 사는데 그러면 거기에 막 여가 시설 같은 게 와 잘 마련되어 있어?,0.005747126436781609,0.017241379310344827,0.004597701149425287,0.0,0.005747126436781609,0.0034482758620689655,0.005747126436781609,0.008045977011494253,0.01839080459770115,0.029885057471264367,0.004597701149425287,0.027586206896551724,0.0,0.008045977011494253,0.0022988505747126436,0.0,0.0034482758620689655,0.0011494252873563218,0.03218390804597701,0.013793103448275862,0.0,0.0,0.0,0.0022988505747126436,0.0,0.004597701149425287,0.021839080459770115,0.0,0.0034482758620689655,0.0034482758620689655,0.04367816091954023,0.0,0.006896551724137931,0.0,0.004597701149425287,0.009195402298850575,0.0,0.0,0.011494252873563218,0.0011494252873563218,0.0,0.0022988505747126436,0.0,0.0,0.034482758620689655,0.004597701149425287,0.013793103448275862,0.0022988505747126436,0.004597701149425287,0.0367816091954023,0.009195402298850575,0.0011494252873563218,0.0,0.0022988505747126436,0.0,0.0011494252873563218,0.0011494252873563218,0.0022988505747126436,0.0,0.006896551724137931,0.0,0.0,0.0,0.0011494252873563218,0.006896551724137931,0.0022988505747126436,0.0022988505747126436,0.0011494252873563218,0.0011494252873563218,0.0,0.0,0.0,0.0022988505747126436,0.0,0.0,0.005747126436781609,0.0022988505747126436,0.0,0.006896551724137931,0.010344827586206896,0.0011494252873563218,0.0,0.0,0.0,0.0,0.004597701149425287,0.0034482758620689655,0.0,0.0022988505747126436,0.004597701149425287,0.0,0.0022988505747126436,0.0,0.0011494252873563218,0.0,0.0011494252873563218,0.0011494252873563218,0.0011494252873563218,0.0,0.0022988505747126436,0.004597701149425287,0.0011494252873563218,0.0,0.0,0.0,0.0,0.01264367816091954,0.009195402298850575,0.0,0.0011494252873563218,0.0011494252873563218,0.0022988505747126436,0.0011494252873563218,0.0,0.0,0.0011494252873563218,0.0,0.0,0.0011494252873563218,0.011494252873563218,0.0,0.005747126436781609,0.0011494252873563218,0.0,0.0022988505747126436,0.0011494252873563218,0.0011494252873563218,0.0,0.0022988505747126436,0.0,0.0,0.0,0.0,0.0034482758620689655,0.0,0.0,0.01839080459770115,0.0022988505747126436,0.0,0.0,0.0022988505747126436,0.0022988505747126436,0.0022988505747126436,0.0,0.0,0.005747126436781609,0.0011494252873563218,0.0,0.008045977011494253,0.0022988505747126436,0.0011494252873563218,0.005747126436781609,0.0011494252873563218,0.0,0.0,0.0011494252873563218,0.0,0.0011494252873563218,0.006896551724137931,0.0011494252873563218,0.0,0.0034482758620689655,0.0,0.0,0.0,0.004597701149425287,0.0011494252873563218,0.0011494252873563218,0.0,0.0,0.0011494252873563218,0.0,0.0,0.0,0.006896551724137931,0.0,0.0,0.0,0.0,0.0,0.0011494252873563218,0.0,0.0034482758620689655,0.0022988505747126436,0.0,0.0022988505747126436,0.0,0.0022988505747126436,0.0022988505747126436,0.0,0.0,0.0,0.0022988505747126436,0.0,0.0,0.0011494252873563218,0.0,0.0,0.0,0.0,0.0034482758620689655,0.0,0.004597701149425287,0.0,0.0,0.0,0.0,0.0,0.0,0.0011494252873563218,0.0,0.0,0.0,0.0,0.0011494252873563218,0.0,0.0011494252873563218,0.0,0.0011494252873563218,0.0,0.0022988505747126436,0.0,0.0011494252873563218,0.0022988505747126436,0.0,0.0,0.005747126436781609,0.0,0.0022988505747126436,0.0,0.0,0.0,0.0,0.0,0.0,0.0,0.0,0.0,0.0022988505747126436,0.0,0.0,0.0,0.004597701149425287,0.0,0.0,0.0,0.0,0.0,0.0,0.0,0.0,0.0,0.0,0.0,0.0,0.0,0.006896551724137931,0.0034482758620689655,0.0011494252873563218,0.0011494252873563218,0.0011494252873563218,0.0011494252873563218,0.0022988505747126436,0.0022988505747126436,0.0011494252873563218,0.0011494252873563218,0.0011494252873563218,0.0011494252873563218,0.0011494252873563218,0.0011494252873563218,0.0034482758620689655,0.0011494252873563218,0.005747126436781609,0.0011494252873563218,0.0011494252873563218,0.0011494252873563218,0.0022988505747126436,0.0022988505747126436,0.0011494252873563218,0.0022988505747126436,0.0011494252873563218,0.0011494252873563218,0.0011494252873563218,0.0011494252873563218,0.0022988505747126436,0.0011494252873563218,0.0011494252873563218,0.0011494252873563218,0.0022988505747126436,0.0011494252873563218,0.0011494252873563218,0.0011494252873563218,0.0011494252873563218,0.0011494252873563218,0.0011494252873563218,0.0011494252873563218,0.0011494252873563218,0.0022988505747126436,0.0022988505747126436,0.0011494252873563218,0.0011494252873563218,0.0011494252873563218,0.0022988505747126436,0.0011494252873563218,0.0011494252873563218,0.0034482758620689655,0.0011494252873563218,0.0011494252873563218,0.0011494252873563218,0.0011494252873563218,0.0011494252873563218,0.0011494252873563218,0.0011494252873563218,0.0022988505747126436,0.0011494252873563218,0.0022988505747126436,0.0022988505747126436,0.0011494252873563218,0.0011494252873563218,0.0034482758620689655,0.0011494252873563218,0.0011494252873563218,0.0022988505747126436,0.0011494252873563218,0.0022988505747126436,0.0011494252873563218,0.0011494252873563218,0.0022988505747126436,0.0011494252873563218,0.0011494252873563218,0.0011494252873563218,0.0022988505747126436,0.0011494252873563218,0.0034482758620689655,0.0034482758620689655,0.0022988505747126436,0.0011494252873563218,0.0011494252873563218,0.0011494252873563218,0.0011494252873563218,0.0011494252873563218,0.0011494252873563218,0.0011494252873563218,0.004597701149425287,0.0011494252873563218,0.0011494252873563218,0.0011494252873563218,0.0011494252873563218,0.0022988505747126436,0.0011494252873563218,0.0011494252873563218,0.0011494252873563218,0.0034482758620689655,0.0011494252873563218,0.0011494252873563218,0.0011494252873563218,0.0011494252873563218,0.0022988505747126436,0.0011494252873563218,0.0022988505747126436,0.0022988505747126436,0.0022988505747126436,0.0011494252873563218,0.0011494252873563218,0.0011494252873563218,0.0011494252873563218,0.0022988505747126436,0.0011494252873563218,0.0034482758620689655,0.0034482758620689655,0.0011494252873563218,0.004597701149425287,0.0011494252873563218,0.0011494252873563218,0.0022988505747126436,0.0022988505747126436,0.0011494252873563218,0.0011494252873563218,0.0011494252873563218,0.0022988505747126436,0.0011494252873563218,0.0022988505747126436,0.0022988505747126436,0.0011494252873563218,0.0011494252873563218,0.0011494252873563218,0.0011494252873563218,0.0011494252873563218,0.0011494252873563218,0.0011494252873563218,0.0011494252873563218,0.0011494252873563218,0.0011494252873563218,0.0011494252873563218,0.0011494252873563218,0.0022988505747126436,0.0011494252873563218,0.0011494252873563218,0.0011494252873563218,0.0011494252873563218,0.0011494252873563218,0.0011494252873563218,0.0011494252873563218,0.0011494252873563218,0.0011494252873563218,0.0011494252873563218,0.0011494252873563218,0.0022988505747126436,0.0011494252873563218,0.0011494252873563218,0.0011494252873563218,0.0011494252873563218,0.0011494252873563218,0.0022988505747126436,0.0011494252873563218,0.0022988505747126436,0.0011494252873563218,0.0011494252873563218,0.0011494252873563218,0.0034482758620689655,0.0011494252873563218,0.0011494252873563218,0.0011494252873563218,0.0011494252873563218,0.0011494252873563218,0.0011494252873563218,0.0011494252873563218,0.0011494252873563218,0.0011494252873563218,0.0011494252873563218,0.0011494252873563218,0.0011494252873563218,0.0034482758620689655,0.0011494252873563218,0.0022988505747126436,0.0011494252873563218,0.0011494252873563218,0.0011494252873563218,0.0011494252873563218,0.0011494252873563218,0.0011494252873563218,0.0011494252873563218,0.0011494252873563218,0.0011494252873563218,0.0011494252873563218,0.0011494252873563218,0.0011494252873563218,0.0011494252873563218,0.0011494252873563218,0.0011494252873563218,0.0011494252873563218,0.0011494252873563218,0.0011494252873563218,0.0,0.0,0.0,0.0,0.0,0.0,0.0,0.0,0.0,0.0,0.0,0.0,0.0,0.0,0.0,0.0,0.0,0.0,0.0,0.0,0.0,0.0,0.0,0.0,0.0,0.0,0.0,0.0,0.0,0.0,0.0,0.0,0.0,0.0,0.0,0.0,0.0,0.0,0.0,0.0,0.0,0.0,0.0,0.0,0.0,0.0,0.0,0.0,0.0,0.0,0.0,0.0,0.0,0.0,0.0,0.0,0.0,0.0,0.0,0.0,0.0,0.0,0.0,0.0,0.0,0.0,0.0,0.0,0.0,0.0,0.0,0.0,0.0,0.0,0.0,0.0,0.0,0.0,0.0,0.0,0.0,0.0,0.0,0.0,0.0,0.0,0.0,0.0,0.0,0.0,0.0,0.0,0.0,0.0,0.0,0.0,0.0,0.0,0.0,0.0,0.0,0.0,0.0,0.0,0.0,0.0,0.0,0.0,0.0,0.0,0.0,0.0,0.0,0.0,0.0,0.0,0.0,0.0,0.0,0.0,0.0,0.0,0.0,0.0,0.0,0.0,0.0,0.0,0.0,0.0,0.0,0.0,0.0,0.0,0.0,0.0,0.0,0.0,0.0,0.0,0.0,0.0,0.0,0.0,0.0,0.0,0.0,0.0,0.0,0.0,0.0,0.0,0.0,0.0,0.0,0.0,0.0,0.0,0.0,0.0,0.0,0.0,0.0,0.0,0.0,0.0,0.0,0.0,0.0,0.0,0.0,0.0,0.0,0.0,0.0,0.0,0.0,0.0,0.0,0.0,0.0,0.0,0.0,0.0,0.0,0.0,0.0,0.0,0.0,0.0,0.0,0.0,0.0,0.0,0.0,0.0,0.0,0.0,0.0,0.0,0.0,0.0,0.0,0.0,0.0,0.0,0.5690393787916472,0.0,0.0,0.0,0.0,0.0,0.0,0.0,0.0,0.0,0.0,0.0,0.0,0.0,0.0,0.0,0.0,0.0,0.0,0.0,0.0,0.0,0.0,0.0,0.0,0.0,0.0,0.0,0.0,0.0,0.0,0.0,0.0,0.0,0.0,0.0,0.0,0.0,0.0,0.0,0.0,0.0,0.0,0.0,0.0,0.0,0.0,0.0,0.0,0.0,0.0,0.0,0.0,0.0,0.0,0.0,0.0,0.0,0.0,0.0,0.0,0.0,0.0,0.0,0.0,0.0,0.0,0.0,0.0,0.0,0.0,0.0,0.0,0.0,0.0,0.0,0.0,0.0,0.0,0.0,0.0,0.0,0.0,0.0,0.0,0.0,0.6500107942913949,0.5036667079419547,0.0,0.0,0.0,0.0,0.0,0.0,0.0,0.0,0.0,0.0,0.0,0.0,0.0,0.0,0.0,0.0,0.0,0.0,0.0,0.0,0.0,0.0,0.0,0.0,0.0,0.0,0.0,0.0,0.0,0.0,0.0,0.0,0.0,0.0,0.0,0.0,0.0,0.0,0.0,0.0,0.0,0.0,0.0,0.0,0.0,0.0,0.0,0.0,0.0,0.0,0.0,0.0,0.0,0.0,0.0,0.0,0.0,0.0,0.0,0.0,0.0,0.0,0.0,0.0,0.0,0.0,0.0,0.0,0.0,0.0,0.0,0.0,0.0,0.0,0.0,0.0,0.0,0.0,0.0,0.0,0.0,0.0,0.0,0.0,0.0,0.0,0.0,0.0,0.0,0.0,0.0,0.0,0.0,0.0,0.0,0.0,0.0,0.0,0.0,0.0,0.0,0.0,0.0,0.0,0.0,0.0,0.0,0.0,0.0,0.0,0.0,0.0,0.0,0.0,0.0,0.0,0.0,0.0,0.0,0.0,0.0,0.0,0.0,0.0,0.0,0.0,0.0,0.0,0.0,0.0,0.0,0.0,0.0,0.0,0.0,0.0,0.0,0.0,0.0,0.0,0.0,0.0,0.0,0.0,0.0,0.0,0.0,0.0,0.0,0.0,0.0,0.0,0.0,0.0,0.0,0.0,0.0,0.0,0.0,0.0,0.0,0.0,0.0,0.0,0.0,0.0,0.0,0.0,0.0,0.0,0.0,0.0,0.0,0.0,0.0,0.0,0.0,0.0,0.0,0.0,0.0,0.0,0.0,0.0,0.0,0.0,0.0,0.0,0.0,0.0,0.0,0.0,0.0,0.0,0.0,0.0,0.0,0.0,0.0,0.0,0.0,0.0,0.0,0.0,0.0,0.0,0.0,0.0,0.0,0.0,0.0,0.0,0.0,0.0,0.0,0.0,0.0,0.0,0.0,0.0,0.0,0.0,0.0,0.0,0.0,0.0,0.0,0.0,0.0,0.0,0.0,0.0,0.0,0.0,0.0,0.0,0.0,0.0,0.0,0.0,0.0,0.0,0.0,0.0,0.0,0.0,0.0,0.0,0.0,0.0,0.0,0.0,0.0,0.0,0.0,0.0,0.0,0.0,0.0,0.0,0.0,0.0,0.0,0.0,0.0,0.0,0.0,0.0,0.0,0.0,0.0,0.0,0.0,0.0,0.0,0.0,0.0,0.0,0.0,0.0,0.0,0.0,0.0,0.0,0.0,0.0,0.0,0.0,0.0,0.0,0.0,0.0,0.0,0.0,0.0,0.0,0.0,0.0,0.0,0.0,0.0,0.0,0.0,0.0,0.0,0.0,0.0,0.0,0.0,0.0,0.0,0.0,0.0,0.0,0.0,0.0,0.0,0.0,0.0,0.0,0.0,0.0,0.0,0.0,0.0,0.0,0.0,0.0,0.0,0.0,0.0,0.0,0.0,0.0,0.0,0.0,0.0,0.0,0.0,0.0,0.0,0.0,0.0,0.0,0.0,0.0,0.0,0.0,0.0,0.0,0.0,0.0,0.0,0.0,0.0,0.0,0.0,0.0,0.0,0.0,0.0,0.0,0.0,0.0,0.0,0.0,0.0,0.0,0.0,0.0,0.0,0.0,0.0,0.0,0.0,0.0,0.0,0.0,0.0,0.0,0.0,0.0,0.0,0.0,0.0,0.0,0.0,0.0,0.0,0.0,0.0,0.0,0.0,0.0,0.0,0.0,0.0,0.0,0.0,0.0,0.0,0.0,0.0,0.0,0.0,0.0,0.0,0.0,0.0,0.0,0.0,0.0,0.0,0.0,0.0,0.0,0.0,0.0,0.0,0.0,0.0,0.0,0.0,0.0,0.0,0.0,0.0,0.0,0.0,0.0,0.0,0.0,0.0
SD2401268,20대,음 근데 우리집이 꼭대기 층이라 그런지 좀 괜찮은 거 같은데. 층간 소음은 없는데 벽간 소음이 쪼금 있는 거 같아. 방이 그 방음이 잘 안 돼서 옆 문 그 첫 입구 문에만 서도 옆의 방이 뭐 유튜브 뭐 듣고 있는지 무슨 대화하고 있는지가 너무 잘 들려서 쪼끔 부담스럽긴 해. 근데 위에는 아무도 사람이 안 사니까 내가 살기에는 어 소음이 없어서 되게 좋은 거 같아. 그거 말고도 본가 살 때는 위층이 아빠 지인이 살았었는데 그래서 막 소음이 나도 뭐라 하기가 좀 그랬던 경험이 있어. 너는 지금 몇 층 정도에 살아? 층간 소음은 없어? 음 그 학 학교 들어오고 나서부터 2년 동안 여기 살고 올해 새로 계약해서 똑같은 데 연장해서 거기서 살고 있어. 아마 내년에는 교환 학생을 가서 없으니까 오빠가 혼자 살 거 같아 지금 같이 살고 있으니까. 그리고 사실 나는 올해 딱 계약 연장할 때쯤에 새로 구해서 따로따로 살고 싶었는데 아무래도 서울 뭐 월세가 비싸다 보니까 그냥 한집에서 해서 전세로 사는 게 낫겠다 싶어서 같이 살고 있는데. 어 아무래도 생활 패턴이나 그런 집안일 하는 거가 좀 안 맞아서 좀 그게 제일 힘들어서 따로 살고 싶었던 거 같아. 뭐 혼자 늦게 자고 그런 건 상관없는데 오빠가 게임을 하니까 늦게까지 게임하는 소리 계속 들려 오 들려 오고 하니까 나 자는 데 방에 돼서 그랬던 거 같아. 너는 그런 적은 없어? 어 중3 때까지 1곳에서 살았고 그 주 중3 이후에 약간 신도시 분양 그런 청약 담 당첨 돼 가지고 1번 이사를 갔었어. 근데 그 중3 때까지 계속 같은 지역에 살다 보니까 거기 유치원 초등학교 중학교 나오고 고등학교도 그쪽을 가려고 했는데 이사를 가게 돼서 혼자 떨어진 곳을 가니까 친구들이랑도 멀어지고 그러 그 뭐 원래 놀던 데에서도 못 놀고 이런 게 쪼끔 아쉽고 힘들긴 하더라고. 근데 집이 넓어서 되게 좋았던 거 같아. 나는 이사를 많이 안 해 봐서 막 해 보고 싶었다 이런 게 좀 컸었는데 주변에 이사 많이 다니는 사람은 안 그렇더라고. 이사를 그만 다니고 싶다 그러더라. 혹시 너도 그런 편이야? 음 나는 이사 간 다음에 우 이 이사 간 아파트 앞에 막 전원주택 같은 게 있는 거야. 그래서 나중에 이 또 이사를 가게 된다면은 저런 데에서 살고 싶다. 저런 데에서 마당에서 막 식물 키우고 동물 키우고 막 나만의 정원을 가꾸면서 2층 바 다락방에서 살고 싶다 막 이런 생각을 했었는데. 근데 막상 거기에 살면은 관리하는 게 되게 힘들어 보이더라고. 할머니 집도 그런 전원주택인데 조금만 뭘 관리를 안 해 줘도 잡초 자라고 먼지가 끼고 더러워지고 막 그런 게 많아서 관리가 힘들다고 하더라고. 근데 그럼에도 한 약간 한번쯤은 전원주택에 살고 싶다 이런 생각이 있는데. 너는 그런 어디에 살고 싶다 이런 로망 같은 게 있어? 어 전자레인지랑 냉장고 세탁기 이 이 정도는 원래 있었던 거 같고. 밥솥이랑 응 어 그 오븐 같은 거 뭐라고 하지. 그 아 에어프라이어는 사 왔고. 최근에 여름 되니까 벌레가 너무 많이 생기잖아. 특히 음식물에 벌레가 많이 생기는데 그래서 버리기가 너무 힘들어서 미생물로 분해해 주는 기계 그런 게 있더라고. 오빠가 인스타그램에서 찾아와서 막 우 이거 쓰자 막 그러면서 찾아왔던 기억이 있어. 그래서 그거를 지금 살까 고민 중에 있어. 그게 음식물 쓰레기를 넣으면은 미생물들이 분해를 해서 흙으로 바로 만들어 준대. 근데 그게 하루 만에 다 만들어 주고 냄새도 안 나서 좋다고 하더라고. 너는 혹시 집안일 같은 거는 어떻게 하는 편이야? 어 가끔 아니 자주 좀 싸운 싸우진 않고 이런 거에 대해 짜증을 내는 거 같긴 한데 내 방이 쓰레기 그 분리수거 하는 데 바로 앞에 있단 말이야. 그래서 오빠는 좀 멀어서 쓰레기 같은 걸 거기 내면 그만인데 나는 내고 나서 그게 분리수거가 잘 안 되어 있거나 막 더러운 게 섞여 있거나 하면은 냄새가 바로 내 방으로 들어온단 말이야. 그거 때문에 오빠한테 뭐라 한 적도 많았던 거 같고. 약간 분담 같은 게 예전에는 막 뭐 냉장고 청소 네가 1번 하면 내가 화장실 청소 1번 하고 이런 식으로 번갈아서 하자라고 말은 했는데 어느 순간 보니까 내가 다 하고 있더라고. 그래서 그거에 대해서 쌓아 놨다가 화내기 직전에 딱 말하면은 오빠가 또 눈치는 빨라 가지고 그제서야 부랴부랴 치우고 막 이래서 어 싸우지는 않았던 거 같아. 근데 자취를 하니까 확실히 본가 살 때는 엄마가 다 해 주고 그러는데 내가 다 해야 되니까 그게 힘든 거 같긴 해. 너는 자취하고 싶다는 생각은 없어? 아 나 처음에 집 들어올 때 막 냉장고랑 기본 가구에 막 여 연두색 띠가 막 둘러져 있는 거야. 기본 색깔로 막 있는 거야. 그래서 그걸 보고 아 진짜 별로다. 여기 살기 싫다 했었는데 막상 들어가 보니까 그런 거 별로 티도 안 나고 깔끔해 보이고 좋더라고. 그래서 그렇게 쓰고 있고. 뭔가 인테리어 아 그 자취하면 내 방식대로 바 집을 꾸미고 막 이렇게 써야지라는 생각은 있었는데 막상 있으니까 짐을 그 넣을 짐도 너무 많고 근데 그거에 비해 공간은 안 나오고 하니까 인테리어라고 할 것도 없이 그냥 짐을 넣어 놓은 거 같아. 내 방이 너무 작아서 옷장 같은 게 들어갈 공간이 안 나서 거실에다가 행거 설치해서 바로 옷 놓아두고. 그래서 뭔가 꾸미기도 애매하고 그랬던 거 같아. 너는 집 인테리어 어떤 편이야? 서울에서 살 수 있으면 좋을 거 같은데. 왜냐하면 여가 생활 같은 것도 훨씬 더 많이 할 수 있고 이제 거의 내 친구들이나 생활 반경이 서울에 중심에 맞춰져 있다 보니까 서울에서 생활하는 게 편하긴 한데 가끔씩 여기가 사람이 너무 많아서 내려가고 싶다라는 생각이 들긴 해. 근데 직장을 얻고 뭔가 더 발전을 하려면은 서울에서 사는 게 맞는 거 같아. 나는 그 본가 살 때는 지하에 헬스장이 있어서 그거를 썼단 말이야. 근데 자취를 하니까 그런 여가 시설 시 그 아무튼 시설들이 없어서 막 주변에서 주변 다른 헬스장을 등록해 놨단 말이야. 근데 너는 지금 어쨌든 본가에 살잖아. 큰 아파트에 사는데 그러면 거기에 막 여가 시설 같은 게 와 잘 마련되어 있어?,0.005747126436781609,0.017241379310344827,0.004597701149425287,0.0,0.005747126436781609,0.0034482758620689655,0.005747126436781609,0.008045977011494253,0.01839080459770115,0.029885057471264367,0.004597701149425287,0.027586206896551724,0.0,0.008045977011494253,0.0022988505747126436,0.0,0.0034482758620689655,0.0011494252873563218,0.03218390804597701,0.013793103448275862,0.0,0.0,0.0,0.0022988505747126436,0.0,0.004597701149425287,0.021839080459770115,0.0,0.0034482758620689655,0.0034482758620689655,0.04367816091954023,0.0,0.006896551724137931,0.0,0.004597701149425287,0.009195402298850575,0.0,0.0,0.011494252873563218,0.0011494252873563218,0.0,0.0022988505747126436,0.0,0.0,0.034482758620689655,0.004597701149425287,0.013793103448275862,0.0022988505747126436,0.004597701149425287,0.0367816091954023,0.009195402298850575,0.0011494252873563218,0.0,0.0022988505747126436,0.0,0.0011494252873563218,0.0011494252873563218,0.0022988505747126436,0.0,0.006896551724137931,0.0,0.0,0.0,0.0011494252873563218,0.006896551724137931,0.0022988505747126436,0.0022988505747126436,0.0011494252873563218,0.0011494252873563218,0.0,0.0,0.0,0.0022988505747126436,0.0,0.0,0.005747126436781609,0.0022988505747126436,0.0,0.006896551724137931,0.010344827586206896,0.0011494252873563218,0.0,0.0,0.0,0.0,0.004597701149425287,0.0034482758620689655,0.0,0.0022988505747126436,0.004597701149425287,0.0,0.0022988505747126436,0.0,0.0011494252873563218,0.0,0.0011494252873563218,0.0011494252873563218,0.0011494252873563218,0.0,0.0022988505747126436,0.004597701149425287,0.0011494252873563218,0.0,0.0,0.0,0.0,0.01264367816091954,0.009195402298850575,0.0,0.0011494252873563218,0.0011494252873563218,0.0022988505747126436,0.0011494252873563218,0.0,0.0,0.0011494252873563218,0.0,0.0,0.0011494252873563218,0.011494252873563218,0.0,0.005747126436781609,0.0011494252873563218,0.0,0.0022988505747126436,0.0011494252873563218,0.0011494252873563218,0.0,0.0022988505747126436,0.0,0.0,0.0,0.0,0.0034482758620689655,0.0,0.0,0.01839080459770115,0.0022988505747126436,0.0,0.0,0.0022988505747126436,0.0022988505747126436,0.0022988505747126436,0.0,0.0,0.005747126436781609,0.0011494252873563218,0.0,0.008045977011494253,0.0022988505747126436,0.0011494252873563218,0.005747126436781609,0.0011494252873563218,0.0,0.0,0.0011494252873563218,0.0,0.0011494252873563218,0.006896551724137931,0.0011494252873563218,0.0,0.0034482758620689655,0.0,0.0,0.0,0.004597701149425287,0.0011494252873563218,0.0011494252873563218,0.0,0.0,0.0011494252873563218,0.0,0.0,0.0,0.006896551724137931,0.0,0.0,0.0,0.0,0.0,0.0011494252873563218,0.0,0.0034482758620689655,0.0022988505747126436,0.0,0.0022988505747126436,0.0,0.0022988505747126436,0.0022988505747126436,0.0,0.0,0.0,0.0022988505747126436,0.0,0.0,0.0011494252873563218,0.0,0.0,0.0,0.0,0.0034482758620689655,0.0,0.004597701149425287,0.0,0.0,0.0,0.0,0.0,0.0,0.0011494252873563218,0.0,0.0,0.0,0.0,0.0011494252873563218,0.0,0.0011494252873563218,0.0,0.0011494252873563218,0.0,0.0022988505747126436,0.0,0.0011494252873563218,0.0022988505747126436,0.0,0.0,0.005747126436781609,0.0,0.0022988505747126436,0.0,0.0,0.0,0.0,0.0,0.0,0.0,0.0,0.0,0.0022988505747126436,0.0,0.0,0.0,0.004597701149425287,0.0,0.0,0.0,0.0,0.0,0.0,0.0,0.0,0.0,0.0,0.0,0.0,0.0,0.006896551724137931,0.0034482758620689655,0.0011494252873563218,0.0011494252873563218,0.0011494252873563218,0.0011494252873563218,0.0022988505747126436,0.0022988505747126436,0.0011494252873563218,0.0011494252873563218,0.0011494252873563218,0.0011494252873563218,0.0011494252873563218,0.0011494252873563218,0.0034482758620689655,0.0011494252873563218,0.005747126436781609,0.0011494252873563218,0.0011494252873563218,0.0011494252873563218,0.0022988505747126436,0.0022988505747126436,0.0011494252873563218,0.0022988505747126436,0.0011494252873563218,0.0011494252873563218,0.0011494252873563218,0.0011494252873563218,0.0022988505747126436,0.0011494252873563218,0.0011494252873563218,0.0011494252873563218,0.0022988505747126436,0.0011494252873563218,0.0011494252873563218,0.0011494252873563218,0.0011494252873563218,0.0011494252873563218,0.0011494252873563218,0.0011494252873563218,0.0011494252873563218,0.0022988505747126436,0.0022988505747126436,0.0011494252873563218,0.0011494252873563218,0.0011494252873563218,0.0022988505747126436,0.0011494252873563218,0.0011494252873563218,0.0034482758620689655,0.0011494252873563218,0.0011494252873563218,0.0011494252873563218,0.0011494252873563218,0.0011494252873563218,0.0011494252873563218,0.0011494252873563218,0.0022988505747126436,0.0011494252873563218,0.0022988505747126436,0.0022988505747126436,0.0011494252873563218,0.0011494252873563218,0.0034482758620689655,0.0011494252873563218,0.0011494252873563218,0.0022988505747126436,0.0011494252873563218,0.0022988505747126436,0.0011494252873563218,0.0011494252873563218,0.0022988505747126436,0.0011494252873563218,0.0011494252873563218,0.0011494252873563218,0.0022988505747126436,0.0011494252873563218,0.0034482758620689655,0.0034482758620689655,0.0022988505747126436,0.0011494252873563218,0.0011494252873563218,0.0011494252873563218,0.0011494252873563218,0.0011494252873563218,0.0011494252873563218,0.0011494252873563218,0.004597701149425287,0.0011494252873563218,0.0011494252873563218,0.0011494252873563218,0.0011494252873563218,0.0022988505747126436,0.0011494252873563218,0.0011494252873563218,0.0011494252873563218,0.0034482758620689655,0.0011494252873563218,0.0011494252873563218,0.0011494252873563218,0.0011494252873563218,0.0022988505747126436,0.0011494252873563218,0.0022988505747126436,0.0022988505747126436,0.0022988505747126436,0.0011494252873563218,0.0011494252873563218,0.0011494252873563218,0.0011494252873563218,0.0022988505747126436,0.0011494252873563218,0.0034482758620689655,0.0034482758620689655,0.0011494252873563218,0.004597701149425287,0.0011494252873563218,0.0011494252873563218,0.0022988505747126436,0.0022988505747126436,0.0011494252873563218,0.0011494252873563218,0.0011494252873563218,0.0022988505747126436,0.0011494252873563218,0.0022988505747126436,0.0022988505747126436,0.0011494252873563218,0.0011494252873563218,0.0011494252873563218,0.0011494252873563218,0.0011494252873563218,0.0011494252873563218,0.0011494252873563218,0.0011494252873563218,0.0011494252873563218,0.0011494252873563218,0.0011494252873563218,0.0011494252873563218,0.0022988505747126436,0.0011494252873563218,0.0011494252873563218,0.0011494252873563218,0.0011494252873563218,0.0011494252873563218,0.0011494252873563218,0.0011494252873563218,0.0011494252873563218,0.0011494252873563218,0.0011494252873563218,0.0011494252873563218,0.0022988505747126436,0.0011494252873563218,0.0011494252873563218,0.0011494252873563218,0.0011494252873563218,0.0011494252873563218,0.0022988505747126436,0.0011494252873563218,0.0022988505747126436,0.0011494252873563218,0.0011494252873563218,0.0011494252873563218,0.0034482758620689655,0.0011494252873563218,0.0011494252873563218,0.0011494252873563218,0.0011494252873563218,0.0011494252873563218,0.0011494252873563218,0.0011494252873563218,0.0011494252873563218,0.0011494252873563218,0.0011494252873563218,0.0011494252873563218,0.0011494252873563218,0.0034482758620689655,0.0011494252873563218,0.0022988505747126436,0.0011494252873563218,0.0011494252873563218,0.0011494252873563218,0.0011494252873563218,0.0011494252873563218,0.0011494252873563218,0.0011494252873563218,0.0011494252873563218,0.0011494252873563218,0.0011494252873563218,0.0011494252873563218,0.0011494252873563218,0.0011494252873563218,0.0011494252873563218,0.0011494252873563218,0.0011494252873563218,0.0011494252873563218,0.0011494252873563218,0.0,0.0,0.0,0.0,0.0,0.0,0.0,0.0,0.0,0.0,0.0,0.0,0.0,0.0,0.0,0.0,0.0,0.0,0.0,0.0,0.0,0.0,0.0,0.0,0.0,0.0,0.0,0.0,0.0,0.0,0.0,0.0,0.0,0.0,0.0,0.0,0.0,0.0,0.0,0.0,0.0,0.0,0.0,0.0,0.0,0.0,0.0,0.0,0.0,0.0,0.0,0.0,0.0,0.0,0.0,0.0,0.0,0.0,0.0,0.0,0.0,0.0,0.0,0.0,0.0,0.0,0.0,0.0,0.0,0.0,0.0,0.0,0.0,0.0,0.0,0.0,0.0,0.0,0.0,0.0,0.0,0.0,0.0,0.0,0.0,0.0,0.0,0.0,0.0,0.0,0.0,0.0,0.0,0.0,0.0,0.0,0.0,0.0,0.0,0.0,0.0,0.0,0.0,0.0,0.0,0.0,0.0,0.0,0.0,0.0,0.0,0.0,0.0,0.0,0.0,0.0,0.0,0.0,0.0,0.0,0.0,0.0,0.0,0.0,0.0,0.0,0.0,0.0,0.0,0.0,0.0,0.0,0.0,0.0,0.0,0.0,0.0,0.0,0.0,0.0,0.0,0.0,0.0,0.0,0.0,0.0,0.0,0.0,0.0,0.0,0.0,0.0,0.0,0.0,0.18639571438221073,0.0,0.0,0.0,0.0,0.0,0.0,0.0,0.0,0.0,0.0,0.0,0.0,0.0,0.0,0.0,0.0,0.0,0.0,0.0,0.0,0.0,0.0,0.0,0.0,0.0,0.0,0.0,0.0,0.0,0.0,0.0,0.0,0.0,0.0,0.0,0.0,0.0,0.0,0.0,0.26872490142879984,0.0,0.0,0.0,0.0,0.0,0.0,0.0,0.0,0.0,0.0,0.0,0.0,0.0,0.0,0.0,0.0,0.0,0.0,0.0,0.0,0.0,0.26872490142879984,0.0,0.0,0.26872490142879984,0.0,0.0,0.0,0.0,0.0,0.0,0.0,0.0,0.0,0.0,0.0,0.0,0.0,0.0,0.0,0.0,0.0,0.0,0.0,0.0,0.0,0.0,0.0,0.0,0.0,0.0,0.0,0.0,0.0,0.0,0.0,0.0,0.0,0.0,0.0,0.0,0.0,0.0,0.0,0.0,0.0,0.0,0.0,0.0,0.0,0.0,0.0,0.0,0.0,0.0,0.0,0.0,0.0,0.26872490142879984,0.26872490142879984,0.0,0.0,0.0,0.0,0.0,0.0,0.0,0.0,0.0,0.0,0.0,0.0,0.0,0.0,0.0,0.0,0.0,0.0,0.2082239058694686,0.0,0.0,0.0,0.0,0.0,0.0,0.0,0.0,0.0,0.0,0.0,0.0,0.0,0.0,0.0,0.26872490142879984,0.0,0.0,0.0,0.0,0.0,0.0,0.0,0.0,0.0,0.0,0.0,0.0,0.0,0.0,0.0,0.0,0.0,0.0,0.0,0.0,0.0,0.0,0.0,0.0,0.0,0.0,0.0,0.0,0.0,0.0,0.0,0.0,0.0,0.0,0.0,0.0,0.0,0.0,0.0,0.0,0.0,0.0,0.0,0.0,0.0,0.0,0.0,0.0,0.0,0.0,0.26872490142879984,0.0,0.0,0.0,0.0,0.0,0.0,0.0,0.0,0.0,0.0,0.0,0.0,0.0,0.0,0.0,0.0,0.0,0.0,0.0,0.0,0.0,0.0,0.0,0.0,0.0,0.0,0.0,0.0,0.0,0.0,0.0,0.0,0.0,0.0,0.0,0.0,0.0,0.0,0.0,0.0,0.0,0.0,0.0,0.0,0.0,0.0,0.0,0.0,0.0,0.0,0.0,0.0,0.0,0.0,0.0,0.0,0.0,0.0,0.0,0.0,0.0,0.0,0.0,0.0,0.0,0.0,0.0,0.0,0.0,0.0,0.0,0.0,0.0,0.0,0.0,0.0,0.0,0.0,0.0,0.0,0.0,0.0,0.0,0.0,0.0,0.0,0.0,0.0,0.0,0.0,0.0,0.0,0.0,0.0,0.0,0.0,0.0,0.0,0.0,0.0,0.0,0.0,0.0,0.0,0.0,0.0,0.0,0.0,0.0,0.0,0.0,0.0,0.26872490142879984,0.0,0.0,0.0,0.0,0.0,0.0,0.0,0.0,0.0,0.0,0.0,0.0,0.0,0.0,0.0,0.0,0.0,0.0,0.0,0.0,0.0,0.0,0.0,0.0,0.0,0.0,0.0,0.0,0.0,0.0,0.0,0.0,0.0,0.0,0.26872490142879984,0.0,0.0,0.0,0.0,0.0,0.0,0.0,0.0,0.0,0.0,0.0,0.0,0.0,0.0,0.0,0.0,0.0,0.0,0.0,0.0,0.0,0.0,0.0,0.0,0.0,0.26872490142879984,0.0,0.0,0.0,0.0,0.0,0.0,0.26872490142879984,0.26872490142879984,0.0,0.0,0.0,0.0,0.0,0.0,0.0,0.0,0.0,0.0,0.0,0.0,0.0,0.0,0.0,0.0,0.0,0.0,0.0,0.0,0.0,0.0,0.0,0.0,0.0,0.0,0.0,0.0,0.0,0.0,0.0,0.0,0.0,0.0,0.0,0.0,0.0,0.0,0.0,0.0,0.0,0.0,0.0,0.0,0.0,0.0,0.0,0.0,0.0,0.0,0.0,0.0,0.0,0.0,0.0,0.0,0.0,0.0,0.0,0.0,0.0,0.0,0.0,0.0,0.0,0.0,0.0,0.0,0.0,0.0,0.0,0.0,0.0,0.0,0.0,0.0,0.0,0.0,0.0,0.0,0.0,0.0,0.0,0.0,0.0,0.0,0.0,0.0,0.0,0.0,0.0,0.0,0.0,0.23525001787330363,0.0,0.0,0.0,0.0,0.0,0.0,0.0,0.0,0.0,0.0,0.0,0.0,0.0,0.0,0.0,0.0,0.0,0.0,0.0,0.0,0.0,0.0,0.0,0.0,0.0,0.0,0.0,0.0,0.0,0.0,0.0,0.0,0.0,0.0,0.0,0.0,0.0,0.0,0.0,0.0,0.0,0.0,0.0,0.0,0.0,0.0,0.0,0.0,0.0,0.0,0.0,0.0,0.0,0.0,0.0,0.0,0.0,0.0,0.0,0.0,0.0,0.0,0.0,0.0,0.0,0.0,0.0,0.0,0.0,0.0,0.0,0.0,0.0,0.0,0.0,0.0,0.0,0.0,0.0,0.0,0.0,0.0,0.0,0.0,0.0,0.0,0.0,0.0,0.0,0.0
SD2401268,20대,음 근데 우리집이 꼭대기 층이라 그런지 좀 괜찮은 거 같은데. 층간 소음은 없는데 벽간 소음이 쪼금 있는 거 같아. 방이 그 방음이 잘 안 돼서 옆 문 그 첫 입구 문에만 서도 옆의 방이 뭐 유튜브 뭐 듣고 있는지 무슨 대화하고 있는지가 너무 잘 들려서 쪼끔 부담스럽긴 해. 근데 위에는 아무도 사람이 안 사니까 내가 살기에는 어 소음이 없어서 되게 좋은 거 같아. 그거 말고도 본가 살 때는 위층이 아빠 지인이 살았었는데 그래서 막 소음이 나도 뭐라 하기가 좀 그랬던 경험이 있어. 너는 지금 몇 층 정도에 살아? 층간 소음은 없어? 음 그 학 학교 들어오고 나서부터 2년 동안 여기 살고 올해 새로 계약해서 똑같은 데 연장해서 거기서 살고 있어. 아마 내년에는 교환 학생을 가서 없으니까 오빠가 혼자 살 거 같아 지금 같이 살고 있으니까. 그리고 사실 나는 올해 딱 계약 연장할 때쯤에 새로 구해서 따로따로 살고 싶었는데 아무래도 서울 뭐 월세가 비싸다 보니까 그냥 한집에서 해서 전세로 사는 게 낫겠다 싶어서 같이 살고 있는데. 어 아무래도 생활 패턴이나 그런 집안일 하는 거가 좀 안 맞아서 좀 그게 제일 힘들어서 따로 살고 싶었던 거 같아. 뭐 혼자 늦게 자고 그런 건 상관없는데 오빠가 게임을 하니까 늦게까지 게임하는 소리 계속 들려 오 들려 오고 하니까 나 자는 데 방에 돼서 그랬던 거 같아. 너는 그런 적은 없어? 어 중3 때까지 1곳에서 살았고 그 주 중3 이후에 약간 신도시 분양 그런 청약 담 당첨 돼 가지고 1번 이사를 갔었어. 근데 그 중3 때까지 계속 같은 지역에 살다 보니까 거기 유치원 초등학교 중학교 나오고 고등학교도 그쪽을 가려고 했는데 이사를 가게 돼서 혼자 떨어진 곳을 가니까 친구들이랑도 멀어지고 그러 그 뭐 원래 놀던 데에서도 못 놀고 이런 게 쪼끔 아쉽고 힘들긴 하더라고. 근데 집이 넓어서 되게 좋았던 거 같아. 나는 이사를 많이 안 해 봐서 막 해 보고 싶었다 이런 게 좀 컸었는데 주변에 이사 많이 다니는 사람은 안 그렇더라고. 이사를 그만 다니고 싶다 그러더라. 혹시 너도 그런 편이야? 음 나는 이사 간 다음에 우 이 이사 간 아파트 앞에 막 전원주택 같은 게 있는 거야. 그래서 나중에 이 또 이사를 가게 된다면은 저런 데에서 살고 싶다. 저런 데에서 마당에서 막 식물 키우고 동물 키우고 막 나만의 정원을 가꾸면서 2층 바 다락방에서 살고 싶다 막 이런 생각을 했었는데. 근데 막상 거기에 살면은 관리하는 게 되게 힘들어 보이더라고. 할머니 집도 그런 전원주택인데 조금만 뭘 관리를 안 해 줘도 잡초 자라고 먼지가 끼고 더러워지고 막 그런 게 많아서 관리가 힘들다고 하더라고. 근데 그럼에도 한 약간 한번쯤은 전원주택에 살고 싶다 이런 생각이 있는데. 너는 그런 어디에 살고 싶다 이런 로망 같은 게 있어? 어 전자레인지랑 냉장고 세탁기 이 이 정도는 원래 있었던 거 같고. 밥솥이랑 응 어 그 오븐 같은 거 뭐라고 하지. 그 아 에어프라이어는 사 왔고. 최근에 여름 되니까 벌레가 너무 많이 생기잖아. 특히 음식물에 벌레가 많이 생기는데 그래서 버리기가 너무 힘들어서 미생물로 분해해 주는 기계 그런 게 있더라고. 오빠가 인스타그램에서 찾아와서 막 우 이거 쓰자 막 그러면서 찾아왔던 기억이 있어. 그래서 그거를 지금 살까 고민 중에 있어. 그게 음식물 쓰레기를 넣으면은 미생물들이 분해를 해서 흙으로 바로 만들어 준대. 근데 그게 하루 만에 다 만들어 주고 냄새도 안 나서 좋다고 하더라고. 너는 혹시 집안일 같은 거는 어떻게 하는 편이야? 어 가끔 아니 자주 좀 싸운 싸우진 않고 이런 거에 대해 짜증을 내는 거 같긴 한데 내 방이 쓰레기 그 분리수거 하는 데 바로 앞에 있단 말이야. 그래서 오빠는 좀 멀어서 쓰레기 같은 걸 거기 내면 그만인데 나는 내고 나서 그게 분리수거가 잘 안 되어 있거나 막 더러운 게 섞여 있거나 하면은 냄새가 바로 내 방으로 들어온단 말이야. 그거 때문에 오빠한테 뭐라 한 적도 많았던 거 같고. 약간 분담 같은 게 예전에는 막 뭐 냉장고 청소 네가 1번 하면 내가 화장실 청소 1번 하고 이런 식으로 번갈아서 하자라고 말은 했는데 어느 순간 보니까 내가 다 하고 있더라고. 그래서 그거에 대해서 쌓아 놨다가 화내기 직전에 딱 말하면은 오빠가 또 눈치는 빨라 가지고 그제서야 부랴부랴 치우고 막 이래서 어 싸우지는 않았던 거 같아. 근데 자취를 하니까 확실히 본가 살 때는 엄마가 다 해 주고 그러는데 내가 다 해야 되니까 그게 힘든 거 같긴 해. 너는 자취하고 싶다는 생각은 없어? 아 나 처음에 집 들어올 때 막 냉장고랑 기본 가구에 막 여 연두색 띠가 막 둘러져 있는 거야. 기본 색깔로 막 있는 거야. 그래서 그걸 보고 아 진짜 별로다. 여기 살기 싫다 했었는데 막상 들어가 보니까 그런 거 별로 티도 안 나고 깔끔해 보이고 좋더라고. 그래서 그렇게 쓰고 있고. 뭔가 인테리어 아 그 자취하면 내 방식대로 바 집을 꾸미고 막 이렇게 써야지라는 생각은 있었는데 막상 있으니까 짐을 그 넣을 짐도 너무 많고 근데 그거에 비해 공간은 안 나오고 하니까 인테리어라고 할 것도 없이 그냥 짐을 넣어 놓은 거 같아. 내 방이 너무 작아서 옷장 같은 게 들어갈 공간이 안 나서 거실에다가 행거 설치해서 바로 옷 놓아두고. 그래서 뭔가 꾸미기도 애매하고 그랬던 거 같아. 너는 집 인테리어 어떤 편이야? 서울에서 살 수 있으면 좋을 거 같은데. 왜냐하면 여가 생활 같은 것도 훨씬 더 많이 할 수 있고 이제 거의 내 친구들이나 생활 반경이 서울에 중심에 맞춰져 있다 보니까 서울에서 생활하는 게 편하긴 한데 가끔씩 여기가 사람이 너무 많아서 내려가고 싶다라는 생각이 들긴 해. 근데 직장을 얻고 뭔가 더 발전을 하려면은 서울에서 사는 게 맞는 거 같아. 나는 그 본가 살 때는 지하에 헬스장이 있어서 그거를 썼단 말이야. 근데 자취를 하니까 그런 여가 시설 시 그 아무튼 시설들이 없어서 막 주변에서 주변 다른 헬스장을 등록해 놨단 말이야. 근데 너는 지금 어쨌든 본가에 살잖아. 큰 아파트에 사는데 그러면 거기에 막 여가 시설 같은 게 와 잘 마련되어 있어?,0.005747126436781609,0.017241379310344827,0.004597701149425287,0.0,0.005747126436781609,0.0034482758620689655,0.005747126436781609,0.008045977011494253,0.01839080459770115,0.029885057471264367,0.004597701149425287,0.027586206896551724,0.0,0.008045977011494253,0.0022988505747126436,0.0,0.0034482758620689655,0.0011494252873563218,0.03218390804597701,0.013793103448275862,0.0,0.0,0.0,0.0022988505747126436,0.0,0.004597701149425287,0.021839080459770115,0.0,0.0034482758620689655,0.0034482758620689655,0.04367816091954023,0.0,0.006896551724137931,0.0,0.004597701149425287,0.009195402298850575,0.0,0.0,0.011494252873563218,0.0011494252873563218,0.0,0.0022988505747126436,0.0,0.0,0.034482758620689655,0.004597701149425287,0.013793103448275862,0.0022988505747126436,0.004597701149425287,0.0367816091954023,0.009195402298850575,0.0011494252873563218,0.0,0.0022988505747126436,0.0,0.0011494252873563218,0.0011494252873563218,0.0022988505747126436,0.0,0.006896551724137931,0.0,0.0,0.0,0.0011494252873563218,0.006896551724137931,0.0022988505747126436,0.0022988505747126436,0.0011494252873563218,0.0011494252873563218,0.0,0.0,0.0,0.0022988505747126436,0.0,0.0,0.005747126436781609,0.0022988505747126436,0.0,0.006896551724137931,0.010344827586206896,0.0011494252873563218,0.0,0.0,0.0,0.0,0.004597701149425287,0.0034482758620689655,0.0,0.0022988505747126436,0.004597701149425287,0.0,0.0022988505747126436,0.0,0.0011494252873563218,0.0,0.0011494252873563218,0.0011494252873563218,0.0011494252873563218,0.0,0.0022988505747126436,0.004597701149425287,0.0011494252873563218,0.0,0.0,0.0,0.0,0.01264367816091954,0.009195402298850575,0.0,0.0011494252873563218,0.0011494252873563218,0.0022988505747126436,0.0011494252873563218,0.0,0.0,0.0011494252873563218,0.0,0.0,0.0011494252873563218,0.011494252873563218,0.0,0.005747126436781609,0.0011494252873563218,0.0,0.0022988505747126436,0.0011494252873563218,0.0011494252873563218,0.0,0.0022988505747126436,0.0,0.0,0.0,0.0,0.0034482758620689655,0.0,0.0,0.01839080459770115,0.0022988505747126436,0.0,0.0,0.0022988505747126436,0.0022988505747126436,0.0022988505747126436,0.0,0.0,0.005747126436781609,0.0011494252873563218,0.0,0.008045977011494253,0.0022988505747126436,0.0011494252873563218,0.005747126436781609,0.0011494252873563218,0.0,0.0,0.0011494252873563218,0.0,0.0011494252873563218,0.006896551724137931,0.0011494252873563218,0.0,0.0034482758620689655,0.0,0.0,0.0,0.004597701149425287,0.0011494252873563218,0.0011494252873563218,0.0,0.0,0.0011494252873563218,0.0,0.0,0.0,0.006896551724137931,0.0,0.0,0.0,0.0,0.0,0.0011494252873563218,0.0,0.0034482758620689655,0.0022988505747126436,0.0,0.0022988505747126436,0.0,0.0022988505747126436,0.0022988505747126436,0.0,0.0,0.0,0.0022988505747126436,0.0,0.0,0.0011494252873563218,0.0,0.0,0.0,0.0,0.0034482758620689655,0.0,0.004597701149425287,0.0,0.0,0.0,0.0,0.0,0.0,0.0011494252873563218,0.0,0.0,0.0,0.0,0.0011494252873563218,0.0,0.0011494252873563218,0.0,0.0011494252873563218,0.0,0.0022988505747126436,0.0,0.0011494252873563218,0.0022988505747126436,0.0,0.0,0.005747126436781609,0.0,0.0022988505747126436,0.0,0.0,0.0,0.0,0.0,0.0,0.0,0.0,0.0,0.0022988505747126436,0.0,0.0,0.0,0.004597701149425287,0.0,0.0,0.0,0.0,0.0,0.0,0.0,0.0,0.0,0.0,0.0,0.0,0.0,0.006896551724137931,0.0034482758620689655,0.0011494252873563218,0.0011494252873563218,0.0011494252873563218,0.0011494252873563218,0.0022988505747126436,0.0022988505747126436,0.0011494252873563218,0.0011494252873563218,0.0011494252873563218,0.0011494252873563218,0.0011494252873563218,0.0011494252873563218,0.0034482758620689655,0.0011494252873563218,0.005747126436781609,0.0011494252873563218,0.0011494252873563218,0.0011494252873563218,0.0022988505747126436,0.0022988505747126436,0.0011494252873563218,0.0022988505747126436,0.0011494252873563218,0.0011494252873563218,0.0011494252873563218,0.0011494252873563218,0.0022988505747126436,0.0011494252873563218,0.0011494252873563218,0.0011494252873563218,0.0022988505747126436,0.0011494252873563218,0.0011494252873563218,0.0011494252873563218,0.0011494252873563218,0.0011494252873563218,0.0011494252873563218,0.0011494252873563218,0.0011494252873563218,0.0022988505747126436,0.0022988505747126436,0.0011494252873563218,0.0011494252873563218,0.0011494252873563218,0.0022988505747126436,0.0011494252873563218,0.0011494252873563218,0.0034482758620689655,0.0011494252873563218,0.0011494252873563218,0.0011494252873563218,0.0011494252873563218,0.0011494252873563218,0.0011494252873563218,0.0011494252873563218,0.0022988505747126436,0.0011494252873563218,0.0022988505747126436,0.0022988505747126436,0.0011494252873563218,0.0011494252873563218,0.0034482758620689655,0.0011494252873563218,0.0011494252873563218,0.0022988505747126436,0.0011494252873563218,0.0022988505747126436,0.0011494252873563218,0.0011494252873563218,0.0022988505747126436,0.0011494252873563218,0.0011494252873563218,0.0011494252873563218,0.0022988505747126436,0.0011494252873563218,0.0034482758620689655,0.0034482758620689655,0.0022988505747126436,0.0011494252873563218,0.0011494252873563218,0.0011494252873563218,0.0011494252873563218,0.0011494252873563218,0.0011494252873563218,0.0011494252873563218,0.004597701149425287,0.0011494252873563218,0.0011494252873563218,0.0011494252873563218,0.0011494252873563218,0.0022988505747126436,0.0011494252873563218,0.0011494252873563218,0.0011494252873563218,0.0034482758620689655,0.0011494252873563218,0.0011494252873563218,0.0011494252873563218,0.0011494252873563218,0.0022988505747126436,0.0011494252873563218,0.0022988505747126436,0.0022988505747126436,0.0022988505747126436,0.0011494252873563218,0.0011494252873563218,0.0011494252873563218,0.0011494252873563218,0.0022988505747126436,0.0011494252873563218,0.0034482758620689655,0.0034482758620689655,0.0011494252873563218,0.004597701149425287,0.0011494252873563218,0.0011494252873563218,0.0022988505747126436,0.0022988505747126436,0.0011494252873563218,0.0011494252873563218,0.0011494252873563218,0.0022988505747126436,0.0011494252873563218,0.0022988505747126436,0.0022988505747126436,0.0011494252873563218,0.0011494252873563218,0.0011494252873563218,0.0011494252873563218,0.0011494252873563218,0.0011494252873563218,0.0011494252873563218,0.0011494252873563218,0.0011494252873563218,0.0011494252873563218,0.0011494252873563218,0.0011494252873563218,0.0022988505747126436,0.0011494252873563218,0.0011494252873563218,0.0011494252873563218,0.0011494252873563218,0.0011494252873563218,0.0011494252873563218,0.0011494252873563218,0.0011494252873563218,0.0011494252873563218,0.0011494252873563218,0.0011494252873563218,0.0022988505747126436,0.0011494252873563218,0.0011494252873563218,0.0011494252873563218,0.0011494252873563218,0.0011494252873563218,0.0022988505747126436,0.0011494252873563218,0.0022988505747126436,0.0011494252873563218,0.0011494252873563218,0.0011494252873563218,0.0034482758620689655,0.0011494252873563218,0.0011494252873563218,0.0011494252873563218,0.0011494252873563218,0.0011494252873563218,0.0011494252873563218,0.0011494252873563218,0.0011494252873563218,0.0011494252873563218,0.0011494252873563218,0.0011494252873563218,0.0011494252873563218,0.0034482758620689655,0.0011494252873563218,0.0022988505747126436,0.0011494252873563218,0.0011494252873563218,0.0011494252873563218,0.0011494252873563218,0.0011494252873563218,0.0011494252873563218,0.0011494252873563218,0.0011494252873563218,0.0011494252873563218,0.0011494252873563218,0.0011494252873563218,0.0011494252873563218,0.0011494252873563218,0.0011494252873563218,0.0011494252873563218,0.0011494252873563218,0.0011494252873563218,0.0011494252873563218,0.0,0.0,0.0,0.0,0.0,0.0,0.0,0.0,0.0,0.0,0.0,0.0,0.0,0.0,0.0,0.0,0.0,0.0,0.0,0.0,0.0,0.0,0.0,0.0,0.0,0.0,0.0,0.0,0.0,0.0,0.0,0.0,0.0,0.0,0.0,0.0,0.0,0.0,0.0,0.0,0.0,0.0,0.0,0.0,0.0,0.0,0.0,0.0,0.0,0.0,0.0,0.0,0.0,0.0,0.0,0.0,0.0,0.0,0.0,0.0,0.0,0.0,0.0,0.0,0.0,0.0,0.0,0.0,0.0,0.0,0.0,0.0,0.0,0.0,0.0,0.0,0.0,0.0,0.0,0.0,0.0,0.0,0.0,0.0,0.0,0.0,0.0,0.0,0.0,0.0,0.0,0.0,0.0,0.0,0.0,0.0,0.0,0.0,0.0,0.0,0.0,0.0,0.0,0.0,0.0,0.0,0.0,0.0,0.0,0.0,0.0,0.0,0.0,0.0,0.0,0.31243625766923855,0.0,0.0,0.0,0.0,0.0,0.0,0.0,0.0,0.0,0.0,0.0,0.0,0.0,0.0,0.0,0.0,0.0,0.0,0.0,0.0,0.0,0.0,0.0,0.0,0.0,0.0,0.0,0.0,0.0,0.0,0.0,0.0,0.0,0.0,0.0,0.0,0.0,0.0,0.0,0.0,0.0,0.0,0.0,0.0,0.0,0.0,0.0,0.0,0.0,0.0,0.0,0.0,0.0,0.0,0.0,0.0,0.0,0.0,0.0,0.0,0.0,0.0,0.0,0.0,0.0,0.0,0.0,0.0,0.0,0.0,0.0,0.0,0.0,0.0,0.0,0.0,0.0,0.0,0.0,0.0,0.0,0.0,0.0,0.0,0.0,0.0,0.0,0.0,0.0,0.0,0.0,0.0,0.0,0.0,0.0,0.0,0.0,0.0,0.0,0.0,0.0,0.0,0.0,0.0,0.0,0.0,0.0,0.0,0.0,0.0,0.0,0.0,0.0,0.0,0.0,0.0,0.0,0.0,0.0,0.0,0.0,0.0,0.0,0.0,0.0,0.0,0.0,0.0,0.0,0.0,0.0,0.0,0.0,0.0,0.0,0.0,0.0,0.0,0.0,0.0,0.0,0.0,0.0,0.0,0.0,0.0,0.0,0.0,0.0,0.0,0.0,0.0,0.0,0.0,0.0,0.0,0.0,0.0,0.0,0.0,0.0,0.0,0.0,0.0,0.0,0.0,0.0,0.0,0.0,0.0,0.0,0.0,0.0,0.0,0.0,0.0,0.0,0.0,0.0,0.0,0.0,0.0,0.0,0.0,0.0,0.0,0.0,0.0,0.0,0.0,0.0,0.0,0.0,0.0,0.0,0.0,0.0,0.0,0.0,0.0,0.0,0.0,0.0,0.0,0.0,0.0,0.0,0.0,0.0,0.0,0.0,0.4988667703384726,0.0,0.0,0.4367232661153946,0.0,0.0,0.0,0.0,0.0,0.0,0.0,0.0,0.0,0.0,0.0,0.0,0.0,0.0,0.0,0.0,0.0,0.0,0.0,0.0,0.0,0.0,0.0,0.0,0.0,0.0,0.0,0.0,0.0,0.0,0.0,0.0,0.0,0.0,0.0,0.0,0.0,0.0,0.0,0.0,0.0,0.0,0.0,0.0,0.0,0.0,0.0,0.0,0.0,0.0,0.0,0.0,0.0,0.0,0.0,0.0,0.0,0.0,0.0,0.0,0.0,0.0,0.0,0.0,0.0,0.0,0.0,0.0,0.0,0.0,0.0,0.0,0.0,0.0,0.0,0.0,0.0,0.0,0.0,0.0,0.0,0.0,0.0,0.0,0.0,0.0,0.0,0.4625151507045651,0.0,0.0,0.0,0.0,0.0,0.0,0.0,0.0,0.0,0.0,0.0,0.0,0.0,0.0,0.0,0.0,0.0,0.0,0.0,0.0,0.0,0.0,0.0,0.0,0.0,0.0,0.0,0.0,0.0,0.0,0.0,0.0,0.0,0.0,0.0,0.0,0.0,0.0,0.0,0.0,0.0,0.0,0.0,0.0,0.0,0.0,0.0,0.0,0.0,0.0,0.0,0.0,0.0,0.0,0.0,0.0,0.0,0.0,0.0,0.0,0.0,0.0,0.0,0.0,0.0,0.0,0.0,0.0,0.0,0.0,0.0,0.0,0.0,0.0,0.0,0.0,0.0,0.0,0.0,0.0,0.0,0.0,0.0,0.0,0.0,0.0,0.4988667703384726,0.0,0.0,0.0,0.0,0.0,0.0,0.0,0.0,0.0,0.0,0.0,0.0,0.0,0.0,0.0,0.0,0.0,0.0,0.0,0.0,0.0,0.0,0.0,0.0,0.0,0.0,0.0,0.0,0.0,0.0,0.0,0.0,0.0,0.0,0.0,0.0,0.0,0.0,0.0,0.0,0.0,0.0,0.0,0.0,0.0,0.0,0.0,0.0,0.0,0.0,0.0,0.0,0.0,0.0,0.0,0.0,0.0,0.0,0.0,0.0,0.0,0.0,0.0,0.0,0.0,0.0,0.0,0.0,0.0,0.0,0.0,0.0,0.0,0.0,0.0,0.0,0.0,0.0,0.0,0.0,0.0,0.0,0.0,0.0,0.0,0.0,0.0,0.0,0.0,0.0,0.0,0.0,0.0,0.0,0.0,0.0,0.0,0.0,0.0,0.0,0.0,0.0,0.0,0.0,0.0,0.0,0.0,0.0,0.0,0.0,0.0,0.0,0.0,0.0,0.0,0.0,0.0,0.0,0.0,0.0,0.0,0.0,0.0,0.0,0.0,0.0,0.0,0.0,0.0,0.0,0.0,0.0,0.0,0.0,0.0,0.0,0.0,0.0,0.0,0.0,0.0,0.0,0.0,0.0,0.0,0.0,0.0,0.0,0.0,0.0,0.0,0.0,0.0,0.0,0.0,0.0,0.0,0.0,0.0,0.0,0.0,0.0,0.0,0.0,0.0,0.0,0.0,0.0,0.0,0.0,0.0,0.0,0.0,0.0,0.0,0.0,0.0,0.0,0.0,0.0,0.0,0.0,0.0,0.0,0.0,0.0,0.0,0.0,0.0,0.0,0.0,0.0,0.0,0.0,0.0,0.0,0.0,0.0,0.0,0.0,0.0,0.0,0.0,0.0,0.0,0.0,0.0,0.0,0.0,0.0,0.0,0.0,0.0,0.0,0.0,0.0,0.0,0.0,0.0,0.0,0.0
SD2401268,20대,음 근데 우리집이 꼭대기 층이라 그런지 좀 괜찮은 거 같은데. 층간 소음은 없는데 벽간 소음이 쪼금 있는 거 같아. 방이 그 방음이 잘 안 돼서 옆 문 그 첫 입구 문에만 서도 옆의 방이 뭐 유튜브 뭐 듣고 있는지 무슨 대화하고 있는지가 너무 잘 들려서 쪼끔 부담스럽긴 해. 근데 위에는 아무도 사람이 안 사니까 내가 살기에는 어 소음이 없어서 되게 좋은 거 같아. 그거 말고도 본가 살 때는 위층이 아빠 지인이 살았었는데 그래서 막 소음이 나도 뭐라 하기가 좀 그랬던 경험이 있어. 너는 지금 몇 층 정도에 살아? 층간 소음은 없어? 음 그 학 학교 들어오고 나서부터 2년 동안 여기 살고 올해 새로 계약해서 똑같은 데 연장해서 거기서 살고 있어. 아마 내년에는 교환 학생을 가서 없으니까 오빠가 혼자 살 거 같아 지금 같이 살고 있으니까. 그리고 사실 나는 올해 딱 계약 연장할 때쯤에 새로 구해서 따로따로 살고 싶었는데 아무래도 서울 뭐 월세가 비싸다 보니까 그냥 한집에서 해서 전세로 사는 게 낫겠다 싶어서 같이 살고 있는데. 어 아무래도 생활 패턴이나 그런 집안일 하는 거가 좀 안 맞아서 좀 그게 제일 힘들어서 따로 살고 싶었던 거 같아. 뭐 혼자 늦게 자고 그런 건 상관없는데 오빠가 게임을 하니까 늦게까지 게임하는 소리 계속 들려 오 들려 오고 하니까 나 자는 데 방에 돼서 그랬던 거 같아. 너는 그런 적은 없어? 어 중3 때까지 1곳에서 살았고 그 주 중3 이후에 약간 신도시 분양 그런 청약 담 당첨 돼 가지고 1번 이사를 갔었어. 근데 그 중3 때까지 계속 같은 지역에 살다 보니까 거기 유치원 초등학교 중학교 나오고 고등학교도 그쪽을 가려고 했는데 이사를 가게 돼서 혼자 떨어진 곳을 가니까 친구들이랑도 멀어지고 그러 그 뭐 원래 놀던 데에서도 못 놀고 이런 게 쪼끔 아쉽고 힘들긴 하더라고. 근데 집이 넓어서 되게 좋았던 거 같아. 나는 이사를 많이 안 해 봐서 막 해 보고 싶었다 이런 게 좀 컸었는데 주변에 이사 많이 다니는 사람은 안 그렇더라고. 이사를 그만 다니고 싶다 그러더라. 혹시 너도 그런 편이야? 음 나는 이사 간 다음에 우 이 이사 간 아파트 앞에 막 전원주택 같은 게 있는 거야. 그래서 나중에 이 또 이사를 가게 된다면은 저런 데에서 살고 싶다. 저런 데에서 마당에서 막 식물 키우고 동물 키우고 막 나만의 정원을 가꾸면서 2층 바 다락방에서 살고 싶다 막 이런 생각을 했었는데. 근데 막상 거기에 살면은 관리하는 게 되게 힘들어 보이더라고. 할머니 집도 그런 전원주택인데 조금만 뭘 관리를 안 해 줘도 잡초 자라고 먼지가 끼고 더러워지고 막 그런 게 많아서 관리가 힘들다고 하더라고. 근데 그럼에도 한 약간 한번쯤은 전원주택에 살고 싶다 이런 생각이 있는데. 너는 그런 어디에 살고 싶다 이런 로망 같은 게 있어? 어 전자레인지랑 냉장고 세탁기 이 이 정도는 원래 있었던 거 같고. 밥솥이랑 응 어 그 오븐 같은 거 뭐라고 하지. 그 아 에어프라이어는 사 왔고. 최근에 여름 되니까 벌레가 너무 많이 생기잖아. 특히 음식물에 벌레가 많이 생기는데 그래서 버리기가 너무 힘들어서 미생물로 분해해 주는 기계 그런 게 있더라고. 오빠가 인스타그램에서 찾아와서 막 우 이거 쓰자 막 그러면서 찾아왔던 기억이 있어. 그래서 그거를 지금 살까 고민 중에 있어. 그게 음식물 쓰레기를 넣으면은 미생물들이 분해를 해서 흙으로 바로 만들어 준대. 근데 그게 하루 만에 다 만들어 주고 냄새도 안 나서 좋다고 하더라고. 너는 혹시 집안일 같은 거는 어떻게 하는 편이야? 어 가끔 아니 자주 좀 싸운 싸우진 않고 이런 거에 대해 짜증을 내는 거 같긴 한데 내 방이 쓰레기 그 분리수거 하는 데 바로 앞에 있단 말이야. 그래서 오빠는 좀 멀어서 쓰레기 같은 걸 거기 내면 그만인데 나는 내고 나서 그게 분리수거가 잘 안 되어 있거나 막 더러운 게 섞여 있거나 하면은 냄새가 바로 내 방으로 들어온단 말이야. 그거 때문에 오빠한테 뭐라 한 적도 많았던 거 같고. 약간 분담 같은 게 예전에는 막 뭐 냉장고 청소 네가 1번 하면 내가 화장실 청소 1번 하고 이런 식으로 번갈아서 하자라고 말은 했는데 어느 순간 보니까 내가 다 하고 있더라고. 그래서 그거에 대해서 쌓아 놨다가 화내기 직전에 딱 말하면은 오빠가 또 눈치는 빨라 가지고 그제서야 부랴부랴 치우고 막 이래서 어 싸우지는 않았던 거 같아. 근데 자취를 하니까 확실히 본가 살 때는 엄마가 다 해 주고 그러는데 내가 다 해야 되니까 그게 힘든 거 같긴 해. 너는 자취하고 싶다는 생각은 없어? 아 나 처음에 집 들어올 때 막 냉장고랑 기본 가구에 막 여 연두색 띠가 막 둘러져 있는 거야. 기본 색깔로 막 있는 거야. 그래서 그걸 보고 아 진짜 별로다. 여기 살기 싫다 했었는데 막상 들어가 보니까 그런 거 별로 티도 안 나고 깔끔해 보이고 좋더라고. 그래서 그렇게 쓰고 있고. 뭔가 인테리어 아 그 자취하면 내 방식대로 바 집을 꾸미고 막 이렇게 써야지라는 생각은 있었는데 막상 있으니까 짐을 그 넣을 짐도 너무 많고 근데 그거에 비해 공간은 안 나오고 하니까 인테리어라고 할 것도 없이 그냥 짐을 넣어 놓은 거 같아. 내 방이 너무 작아서 옷장 같은 게 들어갈 공간이 안 나서 거실에다가 행거 설치해서 바로 옷 놓아두고. 그래서 뭔가 꾸미기도 애매하고 그랬던 거 같아. 너는 집 인테리어 어떤 편이야? 서울에서 살 수 있으면 좋을 거 같은데. 왜냐하면 여가 생활 같은 것도 훨씬 더 많이 할 수 있고 이제 거의 내 친구들이나 생활 반경이 서울에 중심에 맞춰져 있다 보니까 서울에서 생활하는 게 편하긴 한데 가끔씩 여기가 사람이 너무 많아서 내려가고 싶다라는 생각이 들긴 해. 근데 직장을 얻고 뭔가 더 발전을 하려면은 서울에서 사는 게 맞는 거 같아. 나는 그 본가 살 때는 지하에 헬스장이 있어서 그거를 썼단 말이야. 근데 자취를 하니까 그런 여가 시설 시 그 아무튼 시설들이 없어서 막 주변에서 주변 다른 헬스장을 등록해 놨단 말이야. 근데 너는 지금 어쨌든 본가에 살잖아. 큰 아파트에 사는데 그러면 거기에 막 여가 시설 같은 게 와 잘 마련되어 있어?,0.005747126436781609,0.017241379310344827,0.004597701149425287,0.0,0.005747126436781609,0.0034482758620689655,0.005747126436781609,0.008045977011494253,0.01839080459770115,0.029885057471264367,0.004597701149425287,0.027586206896551724,0.0,0.008045977011494253,0.0022988505747126436,0.0,0.0034482758620689655,0.0011494252873563218,0.03218390804597701,0.013793103448275862,0.0,0.0,0.0,0.0022988505747126436,0.0,0.004597701149425287,0.021839080459770115,0.0,0.0034482758620689655,0.0034482758620689655,0.04367816091954023,0.0,0.006896551724137931,0.0,0.004597701149425287,0.009195402298850575,0.0,0.0,0.011494252873563218,0.0011494252873563218,0.0,0.0022988505747126436,0.0,0.0,0.034482758620689655,0.004597701149425287,0.013793103448275862,0.0022988505747126436,0.004597701149425287,0.0367816091954023,0.009195402298850575,0.0011494252873563218,0.0,0.0022988505747126436,0.0,0.0011494252873563218,0.0011494252873563218,0.0022988505747126436,0.0,0.006896551724137931,0.0,0.0,0.0,0.0011494252873563218,0.006896551724137931,0.0022988505747126436,0.0022988505747126436,0.0011494252873563218,0.0011494252873563218,0.0,0.0,0.0,0.0022988505747126436,0.0,0.0,0.005747126436781609,0.0022988505747126436,0.0,0.006896551724137931,0.010344827586206896,0.0011494252873563218,0.0,0.0,0.0,0.0,0.004597701149425287,0.0034482758620689655,0.0,0.0022988505747126436,0.004597701149425287,0.0,0.0022988505747126436,0.0,0.0011494252873563218,0.0,0.0011494252873563218,0.0011494252873563218,0.0011494252873563218,0.0,0.0022988505747126436,0.004597701149425287,0.0011494252873563218,0.0,0.0,0.0,0.0,0.01264367816091954,0.009195402298850575,0.0,0.0011494252873563218,0.0011494252873563218,0.0022988505747126436,0.0011494252873563218,0.0,0.0,0.0011494252873563218,0.0,0.0,0.0011494252873563218,0.011494252873563218,0.0,0.005747126436781609,0.0011494252873563218,0.0,0.0022988505747126436,0.0011494252873563218,0.0011494252873563218,0.0,0.0022988505747126436,0.0,0.0,0.0,0.0,0.0034482758620689655,0.0,0.0,0.01839080459770115,0.0022988505747126436,0.0,0.0,0.0022988505747126436,0.0022988505747126436,0.0022988505747126436,0.0,0.0,0.005747126436781609,0.0011494252873563218,0.0,0.008045977011494253,0.0022988505747126436,0.0011494252873563218,0.005747126436781609,0.0011494252873563218,0.0,0.0,0.0011494252873563218,0.0,0.0011494252873563218,0.006896551724137931,0.0011494252873563218,0.0,0.0034482758620689655,0.0,0.0,0.0,0.004597701149425287,0.0011494252873563218,0.0011494252873563218,0.0,0.0,0.0011494252873563218,0.0,0.0,0.0,0.006896551724137931,0.0,0.0,0.0,0.0,0.0,0.0011494252873563218,0.0,0.0034482758620689655,0.0022988505747126436,0.0,0.0022988505747126436,0.0,0.0022988505747126436,0.0022988505747126436,0.0,0.0,0.0,0.0022988505747126436,0.0,0.0,0.0011494252873563218,0.0,0.0,0.0,0.0,0.0034482758620689655,0.0,0.004597701149425287,0.0,0.0,0.0,0.0,0.0,0.0,0.0011494252873563218,0.0,0.0,0.0,0.0,0.0011494252873563218,0.0,0.0011494252873563218,0.0,0.0011494252873563218,0.0,0.0022988505747126436,0.0,0.0011494252873563218,0.0022988505747126436,0.0,0.0,0.005747126436781609,0.0,0.0022988505747126436,0.0,0.0,0.0,0.0,0.0,0.0,0.0,0.0,0.0,0.0022988505747126436,0.0,0.0,0.0,0.004597701149425287,0.0,0.0,0.0,0.0,0.0,0.0,0.0,0.0,0.0,0.0,0.0,0.0,0.0,0.006896551724137931,0.0034482758620689655,0.0011494252873563218,0.0011494252873563218,0.0011494252873563218,0.0011494252873563218,0.0022988505747126436,0.0022988505747126436,0.0011494252873563218,0.0011494252873563218,0.0011494252873563218,0.0011494252873563218,0.0011494252873563218,0.0011494252873563218,0.0034482758620689655,0.0011494252873563218,0.005747126436781609,0.0011494252873563218,0.0011494252873563218,0.0011494252873563218,0.0022988505747126436,0.0022988505747126436,0.0011494252873563218,0.0022988505747126436,0.0011494252873563218,0.0011494252873563218,0.0011494252873563218,0.0011494252873563218,0.0022988505747126436,0.0011494252873563218,0.0011494252873563218,0.0011494252873563218,0.0022988505747126436,0.0011494252873563218,0.0011494252873563218,0.0011494252873563218,0.0011494252873563218,0.0011494252873563218,0.0011494252873563218,0.0011494252873563218,0.0011494252873563218,0.0022988505747126436,0.0022988505747126436,0.0011494252873563218,0.0011494252873563218,0.0011494252873563218,0.0022988505747126436,0.0011494252873563218,0.0011494252873563218,0.0034482758620689655,0.0011494252873563218,0.0011494252873563218,0.0011494252873563218,0.0011494252873563218,0.0011494252873563218,0.0011494252873563218,0.0011494252873563218,0.0022988505747126436,0.0011494252873563218,0.0022988505747126436,0.0022988505747126436,0.0011494252873563218,0.0011494252873563218,0.0034482758620689655,0.0011494252873563218,0.0011494252873563218,0.0022988505747126436,0.0011494252873563218,0.0022988505747126436,0.0011494252873563218,0.0011494252873563218,0.0022988505747126436,0.0011494252873563218,0.0011494252873563218,0.0011494252873563218,0.0022988505747126436,0.0011494252873563218,0.0034482758620689655,0.0034482758620689655,0.0022988505747126436,0.0011494252873563218,0.0011494252873563218,0.0011494252873563218,0.0011494252873563218,0.0011494252873563218,0.0011494252873563218,0.0011494252873563218,0.004597701149425287,0.0011494252873563218,0.0011494252873563218,0.0011494252873563218,0.0011494252873563218,0.0022988505747126436,0.0011494252873563218,0.0011494252873563218,0.0011494252873563218,0.0034482758620689655,0.0011494252873563218,0.0011494252873563218,0.0011494252873563218,0.0011494252873563218,0.0022988505747126436,0.0011494252873563218,0.0022988505747126436,0.0022988505747126436,0.0022988505747126436,0.0011494252873563218,0.0011494252873563218,0.0011494252873563218,0.0011494252873563218,0.0022988505747126436,0.0011494252873563218,0.0034482758620689655,0.0034482758620689655,0.0011494252873563218,0.004597701149425287,0.0011494252873563218,0.0011494252873563218,0.0022988505747126436,0.0022988505747126436,0.0011494252873563218,0.0011494252873563218,0.0011494252873563218,0.0022988505747126436,0.0011494252873563218,0.0022988505747126436,0.0022988505747126436,0.0011494252873563218,0.0011494252873563218,0.0011494252873563218,0.0011494252873563218,0.0011494252873563218,0.0011494252873563218,0.0011494252873563218,0.0011494252873563218,0.0011494252873563218,0.0011494252873563218,0.0011494252873563218,0.0011494252873563218,0.0022988505747126436,0.0011494252873563218,0.0011494252873563218,0.0011494252873563218,0.0011494252873563218,0.0011494252873563218,0.0011494252873563218,0.0011494252873563218,0.0011494252873563218,0.0011494252873563218,0.0011494252873563218,0.0011494252873563218,0.0022988505747126436,0.0011494252873563218,0.0011494252873563218,0.0011494252873563218,0.0011494252873563218,0.0011494252873563218,0.0022988505747126436,0.0011494252873563218,0.0022988505747126436,0.0011494252873563218,0.0011494252873563218,0.0011494252873563218,0.0034482758620689655,0.0011494252873563218,0.0011494252873563218,0.0011494252873563218,0.0011494252873563218,0.0011494252873563218,0.0011494252873563218,0.0011494252873563218,0.0011494252873563218,0.0011494252873563218,0.0011494252873563218,0.0011494252873563218,0.0011494252873563218,0.0034482758620689655,0.0011494252873563218,0.0022988505747126436,0.0011494252873563218,0.0011494252873563218,0.0011494252873563218,0.0011494252873563218,0.0011494252873563218,0.0011494252873563218,0.0011494252873563218,0.0011494252873563218,0.0011494252873563218,0.0011494252873563218,0.0011494252873563218,0.0011494252873563218,0.0011494252873563218,0.0011494252873563218,0.0011494252873563218,0.0011494252873563218,0.0011494252873563218,0.0011494252873563218,0.0,0.0,0.0,0.0,0.0,0.0,0.0,0.0,0.0,0.0,0.0,0.0,0.0,0.0,0.0,0.0,0.0,0.0,0.0,0.0,0.0,0.0,0.0,0.0,0.0,0.0,0.0,0.0,0.0,0.0,0.0,0.0,0.0,0.0,0.0,0.0,0.0,0.0,0.26530647039533134,0.0,0.0,0.0,0.0,0.0,0.0,0.0,0.0,0.0,0.0,0.0,0.0,0.0,0.0,0.0,0.0,0.0,0.0,0.0,0.0,0.0,0.0,0.0,0.0,0.0,0.0,0.0,0.0,0.0,0.0,0.0,0.0,0.0,0.0,0.0,0.0,0.0,0.0,0.0,0.0,0.0,0.0,0.0,0.0,0.0,0.0,0.0,0.0,0.0,0.0,0.0,0.0,0.0,0.0,0.0,0.0,0.0,0.0,0.0,0.0,0.0,0.0,0.0,0.0,0.0,0.0,0.0,0.0,0.0,0.0,0.0,0.0,0.0,0.0,0.0,0.0,0.0,0.0,0.0,0.0,0.0,0.0,0.0,0.0,0.0,0.0,0.0,0.0,0.0,0.0,0.0,0.0,0.0,0.0,0.0,0.0,0.0,0.0,0.0,0.0,0.0,0.3167055318229742,0.0,0.0,0.0,0.0,0.0,0.0,0.0,0.0,0.0,0.0,0.0,0.0,0.0,0.0,0.0,0.0,0.0,0.0,0.0,0.0,0.0,0.0,0.0,0.0,0.0,0.0,0.0,0.0,0.0,0.0,0.0,0.0,0.0,0.0,0.0,0.0,0.0,0.0,0.0,0.0,0.0,0.0,0.0,0.0,0.0,0.0,0.0,0.0,0.0,0.0,0.0,0.0,0.0,0.0,0.0,0.0,0.0,0.0,0.0,0.0,0.0,0.0,0.0,0.0,0.0,0.0,0.3576119720275133,0.0,0.0,0.0,0.0,0.0,0.0,0.0,0.0,0.0,0.0,0.0,0.0,0.0,0.0,0.0,0.0,0.0,0.0,0.0,0.0,0.0,0.0,0.0,0.0,0.0,0.0,0.0,0.0,0.0,0.0,0.0,0.0,0.0,0.0,0.0,0.0,0.0,0.0,0.0,0.0,0.0,0.0,0.0,0.0,0.0,0.0,0.0,0.0,0.0,0.0,0.0,0.0,0.0,0.0,0.0,0.0,0.0,0.0,0.0,0.0,0.0,0.0,0.0,0.0,0.0,0.0,0.0,0.0,0.0,0.0,0.0,0.0,0.0,0.0,0.0,0.0,0.0,0.0,0.0,0.0,0.0,0.0,0.0,0.0,0.0,0.0,0.0,0.0,0.0,0.0,0.0,0.0,0.0,0.0,0.0,0.0,0.0,0.0,0.0,0.0,0.0,0.0,0.0,0.0,0.0,0.0,0.0,0.0,0.0,0.0,0.0,0.0,0.0,0.0,0.0,0.0,0.0,0.0,0.0,0.0,0.0,0.0,0.0,0.0,0.0,0.0,0.0,0.4455878209347346,0.0,0.0,0.0,0.0,0.0,0.0,0.0,0.0,0.0,0.0,0.0,0.0,0.0,0.0,0.0,0.0,0.0,0.0,0.0,0.0,0.0,0.0,0.0,0.0,0.0,0.0,0.0,0.0,0.0,0.0,0.0,0.0,0.0,0.0,0.0,0.0,0.0,0.0,0.39008124026346164,0.0,0.0,0.0,0.0,0.0,0.0,0.0,0.0,0.0,0.0,0.0,0.0,0.0,0.0,0.0,0.0,0.0,0.0,0.0,0.0,0.0,0.0,0.0,0.0,0.0,0.0,0.0,0.0,0.0,0.0,0.0,0.0,0.0,0.0,0.0,0.0,0.0,0.0,0.0,0.0,0.0,0.0,0.0,0.0,0.0,0.0,0.0,0.0,0.0,0.0,0.0,0.0,0.0,0.0,0.0,0.0,0.0,0.0,0.0,0.0,0.0,0.0,0.0,0.0,0.0,0.0,0.0,0.0,0.0,0.0,0.0,0.0,0.0,0.0,0.0,0.0,0.0,0.0,0.0,0.0,0.0,0.0,0.0,0.0,0.0,0.0,0.0,0.39008124026346164,0.0,0.0,0.0,0.0,0.0,0.0,0.0,0.0,0.0,0.0,0.0,0.0,0.0,0.0,0.0,0.0,0.0,0.0,0.0,0.0,0.0,0.0,0.0,0.0,0.0,0.0,0.0,0.0,0.0,0.0,0.0,0.0,0.0,0.0,0.0,0.0,0.0,0.0,0.0,0.0,0.0,0.0,0.0,0.0,0.0,0.0,0.0,0.0,0.0,0.0,0.0,0.0,0.0,0.0,0.0,0.0,0.0,0.0,0.0,0.0,0.0,0.0,0.0,0.0,0.0,0.0,0.0,0.0,0.0,0.0,0.0,0.0,0.0,0.0,0.0,0.0,0.0,0.0,0.0,0.0,0.0,0.0,0.0,0.0,0.0,0.0,0.0,0.0,0.0,0.0,0.0,0.0,0.0,0.0,0.0,0.0,0.0,0.0,0.0,0.0,0.0,0.0,0.0,0.0,0.0,0.0,0.0,0.0,0.0,0.0,0.0,0.0,0.0,0.0,0.0,0.0,0.0,0.0,0.0,0.0,0.0,0.0,0.0,0.0,0.0,0.0,0.0,0.0,0.0,0.0,0.0,0.0,0.0,0.0,0.4455878209347346,0.0,0.0,0.0,0.0,0.0,0.0,0.0,0.0,0.0,0.0,0.0,0.0,0.0,0.0,0.0,0.0,0.0,0.0,0.0,0.0,0.0,0.0,0.0,0.0,0.0,0.0,0.0,0.0,0.0,0.0,0.0,0.0,0.0,0.0,0.0,0.0,0.0,0.0,0.0,0.0,0.0,0.0,0.0,0.0,0.0,0.0,0.0,0.0,0.0,0.0,0.0,0.0,0.0,0.0,0.0,0.0,0.0,0.0,0.0,0.0,0.0,0.0,0.0,0.0,0.0,0.0,0.0,0.0,0.0,0.0,0.0,0.0,0.0,0.0,0.0,0.0,0.0,0.0,0.0,0.0,0.0,0.0,0.0,0.0,0.0,0.0,0.0,0.0,0.0,0.0,0.0,0.0,0.0,0.0,0.0,0.0,0.0,0.0,0.0,0.0,0.0,0.0,0.0,0.0,0.0,0.0,0.0,0.0,0.0,0.0,0.0,0.0,0.0,0.0,0.0,0.0,0.0,0.0,0.0,0.0,0.0,0.0,0.0,0.0,0.0,0.0,0.0,0.0,0.0
SD2401268,20대,음 근데 우리집이 꼭대기 층이라 그런지 좀 괜찮은 거 같은데. 층간 소음은 없는데 벽간 소음이 쪼금 있는 거 같아. 방이 그 방음이 잘 안 돼서 옆 문 그 첫 입구 문에만 서도 옆의 방이 뭐 유튜브 뭐 듣고 있는지 무슨 대화하고 있는지가 너무 잘 들려서 쪼끔 부담스럽긴 해. 근데 위에는 아무도 사람이 안 사니까 내가 살기에는 어 소음이 없어서 되게 좋은 거 같아. 그거 말고도 본가 살 때는 위층이 아빠 지인이 살았었는데 그래서 막 소음이 나도 뭐라 하기가 좀 그랬던 경험이 있어. 너는 지금 몇 층 정도에 살아? 층간 소음은 없어? 음 그 학 학교 들어오고 나서부터 2년 동안 여기 살고 올해 새로 계약해서 똑같은 데 연장해서 거기서 살고 있어. 아마 내년에는 교환 학생을 가서 없으니까 오빠가 혼자 살 거 같아 지금 같이 살고 있으니까. 그리고 사실 나는 올해 딱 계약 연장할 때쯤에 새로 구해서 따로따로 살고 싶었는데 아무래도 서울 뭐 월세가 비싸다 보니까 그냥 한집에서 해서 전세로 사는 게 낫겠다 싶어서 같이 살고 있는데. 어 아무래도 생활 패턴이나 그런 집안일 하는 거가 좀 안 맞아서 좀 그게 제일 힘들어서 따로 살고 싶었던 거 같아. 뭐 혼자 늦게 자고 그런 건 상관없는데 오빠가 게임을 하니까 늦게까지 게임하는 소리 계속 들려 오 들려 오고 하니까 나 자는 데 방에 돼서 그랬던 거 같아. 너는 그런 적은 없어? 어 중3 때까지 1곳에서 살았고 그 주 중3 이후에 약간 신도시 분양 그런 청약 담 당첨 돼 가지고 1번 이사를 갔었어. 근데 그 중3 때까지 계속 같은 지역에 살다 보니까 거기 유치원 초등학교 중학교 나오고 고등학교도 그쪽을 가려고 했는데 이사를 가게 돼서 혼자 떨어진 곳을 가니까 친구들이랑도 멀어지고 그러 그 뭐 원래 놀던 데에서도 못 놀고 이런 게 쪼끔 아쉽고 힘들긴 하더라고. 근데 집이 넓어서 되게 좋았던 거 같아. 나는 이사를 많이 안 해 봐서 막 해 보고 싶었다 이런 게 좀 컸었는데 주변에 이사 많이 다니는 사람은 안 그렇더라고. 이사를 그만 다니고 싶다 그러더라. 혹시 너도 그런 편이야? 음 나는 이사 간 다음에 우 이 이사 간 아파트 앞에 막 전원주택 같은 게 있는 거야. 그래서 나중에 이 또 이사를 가게 된다면은 저런 데에서 살고 싶다. 저런 데에서 마당에서 막 식물 키우고 동물 키우고 막 나만의 정원을 가꾸면서 2층 바 다락방에서 살고 싶다 막 이런 생각을 했었는데. 근데 막상 거기에 살면은 관리하는 게 되게 힘들어 보이더라고. 할머니 집도 그런 전원주택인데 조금만 뭘 관리를 안 해 줘도 잡초 자라고 먼지가 끼고 더러워지고 막 그런 게 많아서 관리가 힘들다고 하더라고. 근데 그럼에도 한 약간 한번쯤은 전원주택에 살고 싶다 이런 생각이 있는데. 너는 그런 어디에 살고 싶다 이런 로망 같은 게 있어? 어 전자레인지랑 냉장고 세탁기 이 이 정도는 원래 있었던 거 같고. 밥솥이랑 응 어 그 오븐 같은 거 뭐라고 하지. 그 아 에어프라이어는 사 왔고. 최근에 여름 되니까 벌레가 너무 많이 생기잖아. 특히 음식물에 벌레가 많이 생기는데 그래서 버리기가 너무 힘들어서 미생물로 분해해 주는 기계 그런 게 있더라고. 오빠가 인스타그램에서 찾아와서 막 우 이거 쓰자 막 그러면서 찾아왔던 기억이 있어. 그래서 그거를 지금 살까 고민 중에 있어. 그게 음식물 쓰레기를 넣으면은 미생물들이 분해를 해서 흙으로 바로 만들어 준대. 근데 그게 하루 만에 다 만들어 주고 냄새도 안 나서 좋다고 하더라고. 너는 혹시 집안일 같은 거는 어떻게 하는 편이야? 어 가끔 아니 자주 좀 싸운 싸우진 않고 이런 거에 대해 짜증을 내는 거 같긴 한데 내 방이 쓰레기 그 분리수거 하는 데 바로 앞에 있단 말이야. 그래서 오빠는 좀 멀어서 쓰레기 같은 걸 거기 내면 그만인데 나는 내고 나서 그게 분리수거가 잘 안 되어 있거나 막 더러운 게 섞여 있거나 하면은 냄새가 바로 내 방으로 들어온단 말이야. 그거 때문에 오빠한테 뭐라 한 적도 많았던 거 같고. 약간 분담 같은 게 예전에는 막 뭐 냉장고 청소 네가 1번 하면 내가 화장실 청소 1번 하고 이런 식으로 번갈아서 하자라고 말은 했는데 어느 순간 보니까 내가 다 하고 있더라고. 그래서 그거에 대해서 쌓아 놨다가 화내기 직전에 딱 말하면은 오빠가 또 눈치는 빨라 가지고 그제서야 부랴부랴 치우고 막 이래서 어 싸우지는 않았던 거 같아. 근데 자취를 하니까 확실히 본가 살 때는 엄마가 다 해 주고 그러는데 내가 다 해야 되니까 그게 힘든 거 같긴 해. 너는 자취하고 싶다는 생각은 없어? 아 나 처음에 집 들어올 때 막 냉장고랑 기본 가구에 막 여 연두색 띠가 막 둘러져 있는 거야. 기본 색깔로 막 있는 거야. 그래서 그걸 보고 아 진짜 별로다. 여기 살기 싫다 했었는데 막상 들어가 보니까 그런 거 별로 티도 안 나고 깔끔해 보이고 좋더라고. 그래서 그렇게 쓰고 있고. 뭔가 인테리어 아 그 자취하면 내 방식대로 바 집을 꾸미고 막 이렇게 써야지라는 생각은 있었는데 막상 있으니까 짐을 그 넣을 짐도 너무 많고 근데 그거에 비해 공간은 안 나오고 하니까 인테리어라고 할 것도 없이 그냥 짐을 넣어 놓은 거 같아. 내 방이 너무 작아서 옷장 같은 게 들어갈 공간이 안 나서 거실에다가 행거 설치해서 바로 옷 놓아두고. 그래서 뭔가 꾸미기도 애매하고 그랬던 거 같아. 너는 집 인테리어 어떤 편이야? 서울에서 살 수 있으면 좋을 거 같은데. 왜냐하면 여가 생활 같은 것도 훨씬 더 많이 할 수 있고 이제 거의 내 친구들이나 생활 반경이 서울에 중심에 맞춰져 있다 보니까 서울에서 생활하는 게 편하긴 한데 가끔씩 여기가 사람이 너무 많아서 내려가고 싶다라는 생각이 들긴 해. 근데 직장을 얻고 뭔가 더 발전을 하려면은 서울에서 사는 게 맞는 거 같아. 나는 그 본가 살 때는 지하에 헬스장이 있어서 그거를 썼단 말이야. 근데 자취를 하니까 그런 여가 시설 시 그 아무튼 시설들이 없어서 막 주변에서 주변 다른 헬스장을 등록해 놨단 말이야. 근데 너는 지금 어쨌든 본가에 살잖아. 큰 아파트에 사는데 그러면 거기에 막 여가 시설 같은 게 와 잘 마련되어 있어?,0.005747126436781609,0.017241379310344827,0.004597701149425287,0.0,0.005747126436781609,0.0034482758620689655,0.005747126436781609,0.008045977011494253,0.01839080459770115,0.029885057471264367,0.004597701149425287,0.027586206896551724,0.0,0.008045977011494253,0.0022988505747126436,0.0,0.0034482758620689655,0.0011494252873563218,0.03218390804597701,0.013793103448275862,0.0,0.0,0.0,0.0022988505747126436,0.0,0.004597701149425287,0.021839080459770115,0.0,0.0034482758620689655,0.0034482758620689655,0.04367816091954023,0.0,0.006896551724137931,0.0,0.004597701149425287,0.009195402298850575,0.0,0.0,0.011494252873563218,0.0011494252873563218,0.0,0.0022988505747126436,0.0,0.0,0.034482758620689655,0.004597701149425287,0.013793103448275862,0.0022988505747126436,0.004597701149425287,0.0367816091954023,0.009195402298850575,0.0011494252873563218,0.0,0.0022988505747126436,0.0,0.0011494252873563218,0.0011494252873563218,0.0022988505747126436,0.0,0.006896551724137931,0.0,0.0,0.0,0.0011494252873563218,0.006896551724137931,0.0022988505747126436,0.0022988505747126436,0.0011494252873563218,0.0011494252873563218,0.0,0.0,0.0,0.0022988505747126436,0.0,0.0,0.005747126436781609,0.0022988505747126436,0.0,0.006896551724137931,0.010344827586206896,0.0011494252873563218,0.0,0.0,0.0,0.0,0.004597701149425287,0.0034482758620689655,0.0,0.0022988505747126436,0.004597701149425287,0.0,0.0022988505747126436,0.0,0.0011494252873563218,0.0,0.0011494252873563218,0.0011494252873563218,0.0011494252873563218,0.0,0.0022988505747126436,0.004597701149425287,0.0011494252873563218,0.0,0.0,0.0,0.0,0.01264367816091954,0.009195402298850575,0.0,0.0011494252873563218,0.0011494252873563218,0.0022988505747126436,0.0011494252873563218,0.0,0.0,0.0011494252873563218,0.0,0.0,0.0011494252873563218,0.011494252873563218,0.0,0.005747126436781609,0.0011494252873563218,0.0,0.0022988505747126436,0.0011494252873563218,0.0011494252873563218,0.0,0.0022988505747126436,0.0,0.0,0.0,0.0,0.0034482758620689655,0.0,0.0,0.01839080459770115,0.0022988505747126436,0.0,0.0,0.0022988505747126436,0.0022988505747126436,0.0022988505747126436,0.0,0.0,0.005747126436781609,0.0011494252873563218,0.0,0.008045977011494253,0.0022988505747126436,0.0011494252873563218,0.005747126436781609,0.0011494252873563218,0.0,0.0,0.0011494252873563218,0.0,0.0011494252873563218,0.006896551724137931,0.0011494252873563218,0.0,0.0034482758620689655,0.0,0.0,0.0,0.004597701149425287,0.0011494252873563218,0.0011494252873563218,0.0,0.0,0.0011494252873563218,0.0,0.0,0.0,0.006896551724137931,0.0,0.0,0.0,0.0,0.0,0.0011494252873563218,0.0,0.0034482758620689655,0.0022988505747126436,0.0,0.0022988505747126436,0.0,0.0022988505747126436,0.0022988505747126436,0.0,0.0,0.0,0.0022988505747126436,0.0,0.0,0.0011494252873563218,0.0,0.0,0.0,0.0,0.0034482758620689655,0.0,0.004597701149425287,0.0,0.0,0.0,0.0,0.0,0.0,0.0011494252873563218,0.0,0.0,0.0,0.0,0.0011494252873563218,0.0,0.0011494252873563218,0.0,0.0011494252873563218,0.0,0.0022988505747126436,0.0,0.0011494252873563218,0.0022988505747126436,0.0,0.0,0.005747126436781609,0.0,0.0022988505747126436,0.0,0.0,0.0,0.0,0.0,0.0,0.0,0.0,0.0,0.0022988505747126436,0.0,0.0,0.0,0.004597701149425287,0.0,0.0,0.0,0.0,0.0,0.0,0.0,0.0,0.0,0.0,0.0,0.0,0.0,0.006896551724137931,0.0034482758620689655,0.0011494252873563218,0.0011494252873563218,0.0011494252873563218,0.0011494252873563218,0.0022988505747126436,0.0022988505747126436,0.0011494252873563218,0.0011494252873563218,0.0011494252873563218,0.0011494252873563218,0.0011494252873563218,0.0011494252873563218,0.0034482758620689655,0.0011494252873563218,0.005747126436781609,0.0011494252873563218,0.0011494252873563218,0.0011494252873563218,0.0022988505747126436,0.0022988505747126436,0.0011494252873563218,0.0022988505747126436,0.0011494252873563218,0.0011494252873563218,0.0011494252873563218,0.0011494252873563218,0.0022988505747126436,0.0011494252873563218,0.0011494252873563218,0.0011494252873563218,0.0022988505747126436,0.0011494252873563218,0.0011494252873563218,0.0011494252873563218,0.0011494252873563218,0.0011494252873563218,0.0011494252873563218,0.0011494252873563218,0.0011494252873563218,0.0022988505747126436,0.0022988505747126436,0.0011494252873563218,0.0011494252873563218,0.0011494252873563218,0.0022988505747126436,0.0011494252873563218,0.0011494252873563218,0.0034482758620689655,0.0011494252873563218,0.0011494252873563218,0.0011494252873563218,0.0011494252873563218,0.0011494252873563218,0.0011494252873563218,0.0011494252873563218,0.0022988505747126436,0.0011494252873563218,0.0022988505747126436,0.0022988505747126436,0.0011494252873563218,0.0011494252873563218,0.0034482758620689655,0.0011494252873563218,0.0011494252873563218,0.0022988505747126436,0.0011494252873563218,0.0022988505747126436,0.0011494252873563218,0.0011494252873563218,0.0022988505747126436,0.0011494252873563218,0.0011494252873563218,0.0011494252873563218,0.0022988505747126436,0.0011494252873563218,0.0034482758620689655,0.0034482758620689655,0.0022988505747126436,0.0011494252873563218,0.0011494252873563218,0.0011494252873563218,0.0011494252873563218,0.0011494252873563218,0.0011494252873563218,0.0011494252873563218,0.004597701149425287,0.0011494252873563218,0.0011494252873563218,0.0011494252873563218,0.0011494252873563218,0.0022988505747126436,0.0011494252873563218,0.0011494252873563218,0.0011494252873563218,0.0034482758620689655,0.0011494252873563218,0.0011494252873563218,0.0011494252873563218,0.0011494252873563218,0.0022988505747126436,0.0011494252873563218,0.0022988505747126436,0.0022988505747126436,0.0022988505747126436,0.0011494252873563218,0.0011494252873563218,0.0011494252873563218,0.0011494252873563218,0.0022988505747126436,0.0011494252873563218,0.0034482758620689655,0.0034482758620689655,0.0011494252873563218,0.004597701149425287,0.0011494252873563218,0.0011494252873563218,0.0022988505747126436,0.0022988505747126436,0.0011494252873563218,0.0011494252873563218,0.0011494252873563218,0.0022988505747126436,0.0011494252873563218,0.0022988505747126436,0.0022988505747126436,0.0011494252873563218,0.0011494252873563218,0.0011494252873563218,0.0011494252873563218,0.0011494252873563218,0.0011494252873563218,0.0011494252873563218,0.0011494252873563218,0.0011494252873563218,0.0011494252873563218,0.0011494252873563218,0.0011494252873563218,0.0022988505747126436,0.0011494252873563218,0.0011494252873563218,0.0011494252873563218,0.0011494252873563218,0.0011494252873563218,0.0011494252873563218,0.0011494252873563218,0.0011494252873563218,0.0011494252873563218,0.0011494252873563218,0.0011494252873563218,0.0022988505747126436,0.0011494252873563218,0.0011494252873563218,0.0011494252873563218,0.0011494252873563218,0.0011494252873563218,0.0022988505747126436,0.0011494252873563218,0.0022988505747126436,0.0011494252873563218,0.0011494252873563218,0.0011494252873563218,0.0034482758620689655,0.0011494252873563218,0.0011494252873563218,0.0011494252873563218,0.0011494252873563218,0.0011494252873563218,0.0011494252873563218,0.0011494252873563218,0.0011494252873563218,0.0011494252873563218,0.0011494252873563218,0.0011494252873563218,0.0011494252873563218,0.0034482758620689655,0.0011494252873563218,0.0022988505747126436,0.0011494252873563218,0.0011494252873563218,0.0011494252873563218,0.0011494252873563218,0.0011494252873563218,0.0011494252873563218,0.0011494252873563218,0.0011494252873563218,0.0011494252873563218,0.0011494252873563218,0.0011494252873563218,0.0011494252873563218,0.0011494252873563218,0.0011494252873563218,0.0011494252873563218,0.0011494252873563218,0.0011494252873563218,0.0011494252873563218,0.0,0.0,0.0,0.0,0.0,0.0,0.0,0.0,0.0,0.0,0.0,0.0,0.0,0.0,0.0,0.0,0.0,0.0,0.0,0.0,0.0,0.0,0.0,0.0,0.0,0.0,0.0,0.0,0.0,0.0,0.0,0.0,0.0,0.0,0.0,0.0,0.0,0.0,0.0,0.0,0.0,0.0,0.0,0.0,0.0,0.0,0.0,0.0,0.0,0.0,0.0,0.0,0.0,0.0,0.0,0.0,0.0,0.0,0.0,0.0,0.0,0.0,0.0,0.0,0.0,0.0,0.0,0.0,0.0,0.0,0.0,0.0,0.0,0.0,0.0,0.0,0.0,0.0,0.0,0.0,0.0,0.0,0.0,0.0,0.0,0.49256880821728766,0.0,0.0,0.0,0.0,0.0,0.0,0.0,0.0,0.0,0.0,0.0,0.0,0.0,0.0,0.0,0.0,0.0,0.0,0.0,0.0,0.0,0.0,0.0,0.0,0.0,0.0,0.0,0.0,0.0,0.0,0.0,0.0,0.0,0.0,0.0,0.0,0.0,0.0,0.0,0.0,0.0,0.0,0.0,0.0,0.0,0.0,0.0,0.0,0.0,0.0,0.0,0.0,0.0,0.0,0.0,0.0,0.0,0.0,0.0,0.0,0.0,0.0,0.0,0.0,0.0,0.0,0.0,0.0,0.0,0.0,0.0,0.0,0.0,0.0,0.0,0.0,0.0,0.0,0.0,0.0,0.0,0.0,0.0,0.0,0.0,0.0,0.0,0.0,0.0,0.0,0.0,0.0,0.0,0.0,0.0,0.0,0.0,0.0,0.0,0.0,0.0,0.0,0.0,0.0,0.0,0.0,0.0,0.0,0.0,0.0,0.0,0.0,0.0,0.0,0.0,0.0,0.0,0.0,0.0,0.0,0.0,0.0,0.0,0.0,0.0,0.0,0.0,0.0,0.0,0.0,0.0,0.0,0.0,0.0,0.0,0.0,0.0,0.0,0.0,0.0,0.0,0.0,0.0,0.0,0.0,0.0,0.49256880821728766,0.0,0.0,0.0,0.0,0.0,0.0,0.0,0.0,0.0,0.0,0.0,0.0,0.0,0.0,0.0,0.0,0.0,0.0,0.0,0.0,0.0,0.0,0.0,0.5216588037349726,0.0,0.0,0.0,0.0,0.0,0.0,0.0,0.0,0.0,0.0,0.0,0.0,0.0,0.0,0.0,0.0,0.0,0.0,0.0,0.0,0.0,0.0,0.0,0.0,0.0,0.0,0.0,0.0,0.0,0.0,0.0,0.0,0.0,0.0,0.0,0.0,0.0,0.0,0.0,0.0,0.0,0.0,0.0,0.0,0.0,0.0,0.0,0.0,0.49256880821728766,0.0,0.0,0.0,0.0,0.0,0.0,0.0,0.0,0.0,0.0,0.0,0.0,0.0,0.0,0.0,0.0,0.0,0.0,0.0,0.0,0.0,0.0,0.0,0.0,0.0,0.0,0.0,0.0,0.0,0.0,0.0,0.0,0.0,0.0,0.0,0.0,0.0,0.0,0.0,0.0,0.0,0.0,0.0,0.0,0.0,0.0,0.0,0.0,0.0,0.0,0.0,0.0,0.0,0.0,0.0,0.0,0.0,0.0,0.0,0.0,0.0,0.0,0.0,0.0,0.0,0.0,0.0,0.0,0.0,0.0,0.0,0.0,0.0,0.0,0.0,0.0,0.0,0.0,0.0,0.0,0.0,0.0,0.0,0.0,0.0,0.0,0.0,0.0,0.0,0.0,0.0,0.0,0.0,0.0,0.0,0.0,0.0,0.0,0.0,0.0,0.0,0.0,0.0,0.0,0.0,0.0,0.0,0.0,0.0,0.0,0.0,0.0,0.0,0.0,0.0,0.0,0.0,0.0,0.0,0.0,0.0,0.0,0.0,0.0,0.0,0.0,0.0,0.0,0.0,0.0,0.0,0.0,0.0,0.0,0.0,0.0,0.0,0.0,0.0,0.0,0.0,0.0,0.0,0.0,0.0,0.0,0.0,0.0,0.0,0.0,0.0,0.0,0.0,0.0,0.0,0.0,0.0,0.0,0.0,0.0,0.0,0.0,0.0,0.0,0.0,0.0,0.0,0.0,0.0,0.0,0.0,0.0,0.0,0.0,0.0,0.0,0.0,0.0,0.0,0.0,0.0,0.0,0.0,0.0,0.0,0.0,0.0,0.0,0.0,0.0,0.0,0.0,0.0,0.0,0.0,0.0,0.0,0.0,0.0,0.0,0.0,0.0,0.0,0.0,0.0,0.0,0.0,0.0,0.0,0.0,0.0,0.0,0.0,0.0,0.0,0.0,0.0,0.0,0.0,0.0,0.0,0.0,0.0,0.0,0.0,0.0,0.0,0.0,0.0,0.0,0.0,0.0,0.0,0.0,0.0,0.0,0.0,0.0,0.0,0.0,0.0,0.0,0.0,0.0,0.0,0.0,0.0,0.0,0.0,0.0,0.0,0.0,0.0,0.0,0.0,0.0,0.0,0.0,0.0,0.0,0.0,0.0,0.0,0.0,0.0,0.0,0.0,0.0,0.0,0.0,0.0,0.0,0.0,0.0,0.0,0.0,0.0,0.0,0.0,0.0,0.0,0.0,0.0,0.0,0.0,0.0,0.0,0.0,0.0,0.0,0.0,0.0,0.0,0.0,0.0,0.0,0.0,0.0,0.0,0.0,0.0,0.0,0.0,0.0,0.0,0.0,0.0,0.0,0.0,0.0,0.0,0.0,0.0,0.0,0.0,0.0,0.0,0.0,0.0,0.0,0.0,0.0,0.0,0.0,0.0,0.0,0.0,0.0,0.0,0.0,0.0,0.0,0.0,0.0,0.0,0.0,0.0,0.0,0.0,0.0,0.0,0.0,0.0,0.0,0.0,0.0,0.0,0.0,0.0,0.0,0.0,0.0,0.0,0.0,0.0,0.0,0.0,0.0,0.0,0.0,0.0,0.0,0.0,0.0,0.0,0.0,0.0,0.0,0.0,0.0,0.0,0.0,0.0,0.0,0.0,0.0,0.0,0.0,0.0,0.0,0.0,0.0,0.0,0.0,0.0,0.0,0.0,0.0,0.0,0.0,0.0,0.0,0.0,0.0,0.0,0.0,0.0,0.0,0.0,0.0,0.0,0.0,0.0,0.0,0.0,0.0,0.0,0.0,0.0,0.0,0.0,0.0,0.0,0.0,0.0,0.0,0.0,0.0,0.0,0.0,0.0
SD2401268,20대,음 근데 우리집이 꼭대기 층이라 그런지 좀 괜찮은 거 같은데. 층간 소음은 없는데 벽간 소음이 쪼금 있는 거 같아. 방이 그 방음이 잘 안 돼서 옆 문 그 첫 입구 문에만 서도 옆의 방이 뭐 유튜브 뭐 듣고 있는지 무슨 대화하고 있는지가 너무 잘 들려서 쪼끔 부담스럽긴 해. 근데 위에는 아무도 사람이 안 사니까 내가 살기에는 어 소음이 없어서 되게 좋은 거 같아. 그거 말고도 본가 살 때는 위층이 아빠 지인이 살았었는데 그래서 막 소음이 나도 뭐라 하기가 좀 그랬던 경험이 있어. 너는 지금 몇 층 정도에 살아? 층간 소음은 없어? 음 그 학 학교 들어오고 나서부터 2년 동안 여기 살고 올해 새로 계약해서 똑같은 데 연장해서 거기서 살고 있어. 아마 내년에는 교환 학생을 가서 없으니까 오빠가 혼자 살 거 같아 지금 같이 살고 있으니까. 그리고 사실 나는 올해 딱 계약 연장할 때쯤에 새로 구해서 따로따로 살고 싶었는데 아무래도 서울 뭐 월세가 비싸다 보니까 그냥 한집에서 해서 전세로 사는 게 낫겠다 싶어서 같이 살고 있는데. 어 아무래도 생활 패턴이나 그런 집안일 하는 거가 좀 안 맞아서 좀 그게 제일 힘들어서 따로 살고 싶었던 거 같아. 뭐 혼자 늦게 자고 그런 건 상관없는데 오빠가 게임을 하니까 늦게까지 게임하는 소리 계속 들려 오 들려 오고 하니까 나 자는 데 방에 돼서 그랬던 거 같아. 너는 그런 적은 없어? 어 중3 때까지 1곳에서 살았고 그 주 중3 이후에 약간 신도시 분양 그런 청약 담 당첨 돼 가지고 1번 이사를 갔었어. 근데 그 중3 때까지 계속 같은 지역에 살다 보니까 거기 유치원 초등학교 중학교 나오고 고등학교도 그쪽을 가려고 했는데 이사를 가게 돼서 혼자 떨어진 곳을 가니까 친구들이랑도 멀어지고 그러 그 뭐 원래 놀던 데에서도 못 놀고 이런 게 쪼끔 아쉽고 힘들긴 하더라고. 근데 집이 넓어서 되게 좋았던 거 같아. 나는 이사를 많이 안 해 봐서 막 해 보고 싶었다 이런 게 좀 컸었는데 주변에 이사 많이 다니는 사람은 안 그렇더라고. 이사를 그만 다니고 싶다 그러더라. 혹시 너도 그런 편이야? 음 나는 이사 간 다음에 우 이 이사 간 아파트 앞에 막 전원주택 같은 게 있는 거야. 그래서 나중에 이 또 이사를 가게 된다면은 저런 데에서 살고 싶다. 저런 데에서 마당에서 막 식물 키우고 동물 키우고 막 나만의 정원을 가꾸면서 2층 바 다락방에서 살고 싶다 막 이런 생각을 했었는데. 근데 막상 거기에 살면은 관리하는 게 되게 힘들어 보이더라고. 할머니 집도 그런 전원주택인데 조금만 뭘 관리를 안 해 줘도 잡초 자라고 먼지가 끼고 더러워지고 막 그런 게 많아서 관리가 힘들다고 하더라고. 근데 그럼에도 한 약간 한번쯤은 전원주택에 살고 싶다 이런 생각이 있는데. 너는 그런 어디에 살고 싶다 이런 로망 같은 게 있어? 어 전자레인지랑 냉장고 세탁기 이 이 정도는 원래 있었던 거 같고. 밥솥이랑 응 어 그 오븐 같은 거 뭐라고 하지. 그 아 에어프라이어는 사 왔고. 최근에 여름 되니까 벌레가 너무 많이 생기잖아. 특히 음식물에 벌레가 많이 생기는데 그래서 버리기가 너무 힘들어서 미생물로 분해해 주는 기계 그런 게 있더라고. 오빠가 인스타그램에서 찾아와서 막 우 이거 쓰자 막 그러면서 찾아왔던 기억이 있어. 그래서 그거를 지금 살까 고민 중에 있어. 그게 음식물 쓰레기를 넣으면은 미생물들이 분해를 해서 흙으로 바로 만들어 준대. 근데 그게 하루 만에 다 만들어 주고 냄새도 안 나서 좋다고 하더라고. 너는 혹시 집안일 같은 거는 어떻게 하는 편이야? 어 가끔 아니 자주 좀 싸운 싸우진 않고 이런 거에 대해 짜증을 내는 거 같긴 한데 내 방이 쓰레기 그 분리수거 하는 데 바로 앞에 있단 말이야. 그래서 오빠는 좀 멀어서 쓰레기 같은 걸 거기 내면 그만인데 나는 내고 나서 그게 분리수거가 잘 안 되어 있거나 막 더러운 게 섞여 있거나 하면은 냄새가 바로 내 방으로 들어온단 말이야. 그거 때문에 오빠한테 뭐라 한 적도 많았던 거 같고. 약간 분담 같은 게 예전에는 막 뭐 냉장고 청소 네가 1번 하면 내가 화장실 청소 1번 하고 이런 식으로 번갈아서 하자라고 말은 했는데 어느 순간 보니까 내가 다 하고 있더라고. 그래서 그거에 대해서 쌓아 놨다가 화내기 직전에 딱 말하면은 오빠가 또 눈치는 빨라 가지고 그제서야 부랴부랴 치우고 막 이래서 어 싸우지는 않았던 거 같아. 근데 자취를 하니까 확실히 본가 살 때는 엄마가 다 해 주고 그러는데 내가 다 해야 되니까 그게 힘든 거 같긴 해. 너는 자취하고 싶다는 생각은 없어? 아 나 처음에 집 들어올 때 막 냉장고랑 기본 가구에 막 여 연두색 띠가 막 둘러져 있는 거야. 기본 색깔로 막 있는 거야. 그래서 그걸 보고 아 진짜 별로다. 여기 살기 싫다 했었는데 막상 들어가 보니까 그런 거 별로 티도 안 나고 깔끔해 보이고 좋더라고. 그래서 그렇게 쓰고 있고. 뭔가 인테리어 아 그 자취하면 내 방식대로 바 집을 꾸미고 막 이렇게 써야지라는 생각은 있었는데 막상 있으니까 짐을 그 넣을 짐도 너무 많고 근데 그거에 비해 공간은 안 나오고 하니까 인테리어라고 할 것도 없이 그냥 짐을 넣어 놓은 거 같아. 내 방이 너무 작아서 옷장 같은 게 들어갈 공간이 안 나서 거실에다가 행거 설치해서 바로 옷 놓아두고. 그래서 뭔가 꾸미기도 애매하고 그랬던 거 같아. 너는 집 인테리어 어떤 편이야? 서울에서 살 수 있으면 좋을 거 같은데. 왜냐하면 여가 생활 같은 것도 훨씬 더 많이 할 수 있고 이제 거의 내 친구들이나 생활 반경이 서울에 중심에 맞춰져 있다 보니까 서울에서 생활하는 게 편하긴 한데 가끔씩 여기가 사람이 너무 많아서 내려가고 싶다라는 생각이 들긴 해. 근데 직장을 얻고 뭔가 더 발전을 하려면은 서울에서 사는 게 맞는 거 같아. 나는 그 본가 살 때는 지하에 헬스장이 있어서 그거를 썼단 말이야. 근데 자취를 하니까 그런 여가 시설 시 그 아무튼 시설들이 없어서 막 주변에서 주변 다른 헬스장을 등록해 놨단 말이야. 근데 너는 지금 어쨌든 본가에 살잖아. 큰 아파트에 사는데 그러면 거기에 막 여가 시설 같은 게 와 잘 마련되어 있어?,0.005747126436781609,0.017241379310344827,0.004597701149425287,0.0,0.005747126436781609,0.0034482758620689655,0.005747126436781609,0.008045977011494253,0.01839080459770115,0.029885057471264367,0.004597701149425287,0.027586206896551724,0.0,0.008045977011494253,0.0022988505747126436,0.0,0.0034482758620689655,0.0011494252873563218,0.03218390804597701,0.013793103448275862,0.0,0.0,0.0,0.0022988505747126436,0.0,0.004597701149425287,0.021839080459770115,0.0,0.0034482758620689655,0.0034482758620689655,0.04367816091954023,0.0,0.006896551724137931,0.0,0.004597701149425287,0.009195402298850575,0.0,0.0,0.011494252873563218,0.0011494252873563218,0.0,0.0022988505747126436,0.0,0.0,0.034482758620689655,0.004597701149425287,0.013793103448275862,0.0022988505747126436,0.004597701149425287,0.0367816091954023,0.009195402298850575,0.0011494252873563218,0.0,0.0022988505747126436,0.0,0.0011494252873563218,0.0011494252873563218,0.0022988505747126436,0.0,0.006896551724137931,0.0,0.0,0.0,0.0011494252873563218,0.006896551724137931,0.0022988505747126436,0.0022988505747126436,0.0011494252873563218,0.0011494252873563218,0.0,0.0,0.0,0.0022988505747126436,0.0,0.0,0.005747126436781609,0.0022988505747126436,0.0,0.006896551724137931,0.010344827586206896,0.0011494252873563218,0.0,0.0,0.0,0.0,0.004597701149425287,0.0034482758620689655,0.0,0.0022988505747126436,0.004597701149425287,0.0,0.0022988505747126436,0.0,0.0011494252873563218,0.0,0.0011494252873563218,0.0011494252873563218,0.0011494252873563218,0.0,0.0022988505747126436,0.004597701149425287,0.0011494252873563218,0.0,0.0,0.0,0.0,0.01264367816091954,0.009195402298850575,0.0,0.0011494252873563218,0.0011494252873563218,0.0022988505747126436,0.0011494252873563218,0.0,0.0,0.0011494252873563218,0.0,0.0,0.0011494252873563218,0.011494252873563218,0.0,0.005747126436781609,0.0011494252873563218,0.0,0.0022988505747126436,0.0011494252873563218,0.0011494252873563218,0.0,0.0022988505747126436,0.0,0.0,0.0,0.0,0.0034482758620689655,0.0,0.0,0.01839080459770115,0.0022988505747126436,0.0,0.0,0.0022988505747126436,0.0022988505747126436,0.0022988505747126436,0.0,0.0,0.005747126436781609,0.0011494252873563218,0.0,0.008045977011494253,0.0022988505747126436,0.0011494252873563218,0.005747126436781609,0.0011494252873563218,0.0,0.0,0.0011494252873563218,0.0,0.0011494252873563218,0.006896551724137931,0.0011494252873563218,0.0,0.0034482758620689655,0.0,0.0,0.0,0.004597701149425287,0.0011494252873563218,0.0011494252873563218,0.0,0.0,0.0011494252873563218,0.0,0.0,0.0,0.006896551724137931,0.0,0.0,0.0,0.0,0.0,0.0011494252873563218,0.0,0.0034482758620689655,0.0022988505747126436,0.0,0.0022988505747126436,0.0,0.0022988505747126436,0.0022988505747126436,0.0,0.0,0.0,0.0022988505747126436,0.0,0.0,0.0011494252873563218,0.0,0.0,0.0,0.0,0.0034482758620689655,0.0,0.004597701149425287,0.0,0.0,0.0,0.0,0.0,0.0,0.0011494252873563218,0.0,0.0,0.0,0.0,0.0011494252873563218,0.0,0.0011494252873563218,0.0,0.0011494252873563218,0.0,0.0022988505747126436,0.0,0.0011494252873563218,0.0022988505747126436,0.0,0.0,0.005747126436781609,0.0,0.0022988505747126436,0.0,0.0,0.0,0.0,0.0,0.0,0.0,0.0,0.0,0.0022988505747126436,0.0,0.0,0.0,0.004597701149425287,0.0,0.0,0.0,0.0,0.0,0.0,0.0,0.0,0.0,0.0,0.0,0.0,0.0,0.006896551724137931,0.0034482758620689655,0.0011494252873563218,0.0011494252873563218,0.0011494252873563218,0.0011494252873563218,0.0022988505747126436,0.0022988505747126436,0.0011494252873563218,0.0011494252873563218,0.0011494252873563218,0.0011494252873563218,0.0011494252873563218,0.0011494252873563218,0.0034482758620689655,0.0011494252873563218,0.005747126436781609,0.0011494252873563218,0.0011494252873563218,0.0011494252873563218,0.0022988505747126436,0.0022988505747126436,0.0011494252873563218,0.0022988505747126436,0.0011494252873563218,0.0011494252873563218,0.0011494252873563218,0.0011494252873563218,0.0022988505747126436,0.0011494252873563218,0.0011494252873563218,0.0011494252873563218,0.0022988505747126436,0.0011494252873563218,0.0011494252873563218,0.0011494252873563218,0.0011494252873563218,0.0011494252873563218,0.0011494252873563218,0.0011494252873563218,0.0011494252873563218,0.0022988505747126436,0.0022988505747126436,0.0011494252873563218,0.0011494252873563218,0.0011494252873563218,0.0022988505747126436,0.0011494252873563218,0.0011494252873563218,0.0034482758620689655,0.0011494252873563218,0.0011494252873563218,0.0011494252873563218,0.0011494252873563218,0.0011494252873563218,0.0011494252873563218,0.0011494252873563218,0.0022988505747126436,0.0011494252873563218,0.0022988505747126436,0.0022988505747126436,0.0011494252873563218,0.0011494252873563218,0.0034482758620689655,0.0011494252873563218,0.0011494252873563218,0.0022988505747126436,0.0011494252873563218,0.0022988505747126436,0.0011494252873563218,0.0011494252873563218,0.0022988505747126436,0.0011494252873563218,0.0011494252873563218,0.0011494252873563218,0.0022988505747126436,0.0011494252873563218,0.0034482758620689655,0.0034482758620689655,0.0022988505747126436,0.0011494252873563218,0.0011494252873563218,0.0011494252873563218,0.0011494252873563218,0.0011494252873563218,0.0011494252873563218,0.0011494252873563218,0.004597701149425287,0.0011494252873563218,0.0011494252873563218,0.0011494252873563218,0.0011494252873563218,0.0022988505747126436,0.0011494252873563218,0.0011494252873563218,0.0011494252873563218,0.0034482758620689655,0.0011494252873563218,0.0011494252873563218,0.0011494252873563218,0.0011494252873563218,0.0022988505747126436,0.0011494252873563218,0.0022988505747126436,0.0022988505747126436,0.0022988505747126436,0.0011494252873563218,0.0011494252873563218,0.0011494252873563218,0.0011494252873563218,0.0022988505747126436,0.0011494252873563218,0.0034482758620689655,0.0034482758620689655,0.0011494252873563218,0.004597701149425287,0.0011494252873563218,0.0011494252873563218,0.0022988505747126436,0.0022988505747126436,0.0011494252873563218,0.0011494252873563218,0.0011494252873563218,0.0022988505747126436,0.0011494252873563218,0.0022988505747126436,0.0022988505747126436,0.0011494252873563218,0.0011494252873563218,0.0011494252873563218,0.0011494252873563218,0.0011494252873563218,0.0011494252873563218,0.0011494252873563218,0.0011494252873563218,0.0011494252873563218,0.0011494252873563218,0.0011494252873563218,0.0011494252873563218,0.0022988505747126436,0.0011494252873563218,0.0011494252873563218,0.0011494252873563218,0.0011494252873563218,0.0011494252873563218,0.0011494252873563218,0.0011494252873563218,0.0011494252873563218,0.0011494252873563218,0.0011494252873563218,0.0011494252873563218,0.0022988505747126436,0.0011494252873563218,0.0011494252873563218,0.0011494252873563218,0.0011494252873563218,0.0011494252873563218,0.0022988505747126436,0.0011494252873563218,0.0022988505747126436,0.0011494252873563218,0.0011494252873563218,0.0011494252873563218,0.0034482758620689655,0.0011494252873563218,0.0011494252873563218,0.0011494252873563218,0.0011494252873563218,0.0011494252873563218,0.0011494252873563218,0.0011494252873563218,0.0011494252873563218,0.0011494252873563218,0.0011494252873563218,0.0011494252873563218,0.0011494252873563218,0.0034482758620689655,0.0011494252873563218,0.0022988505747126436,0.0011494252873563218,0.0011494252873563218,0.0011494252873563218,0.0011494252873563218,0.0011494252873563218,0.0011494252873563218,0.0011494252873563218,0.0011494252873563218,0.0011494252873563218,0.0011494252873563218,0.0011494252873563218,0.0011494252873563218,0.0011494252873563218,0.0011494252873563218,0.0011494252873563218,0.0011494252873563218,0.0011494252873563218,0.0011494252873563218,0.0,0.0,0.0,0.0,0.0,0.0,0.0,0.0,0.0,0.0,0.0,0.0,0.0,0.0,0.0,0.0,0.0,0.0,0.0,0.0,0.0,0.0,0.0,0.0,0.0,0.0,0.0,0.0,0.0,0.0,0.0,0.0,0.0,0.0,0.0,0.0,0.0,0.0,0.0,0.0,0.0,0.0,0.0,0.0,0.0,0.0,0.0,0.0,0.0,0.0,0.0,0.0,0.0,0.0,0.0,0.0,0.0,0.0,0.0,0.0,0.0,0.0,0.0,0.0,0.0,0.0,0.0,0.0,0.0,0.0,0.0,0.0,0.0,0.0,0.0,0.0,0.0,0.0,0.0,0.0,0.0,0.0,0.0,0.0,0.0,0.0,0.0,0.0,0.0,0.0,0.0,0.0,0.0,0.0,0.0,0.0,0.0,0.0,0.0,0.0,0.0,0.0,0.0,0.0,0.0,0.0,0.0,0.0,0.0,0.0,0.0,0.0,0.0,0.0,0.0,0.0,0.0,0.0,0.0,0.0,0.0,0.0,0.0,0.0,0.0,0.0,0.0,0.0,0.0,0.0,0.0,0.0,0.0,0.0,0.0,0.0,0.0,0.0,0.0,0.0,0.0,0.0,0.0,0.0,0.0,0.0,0.0,0.0,0.0,0.0,0.0,0.0,0.0,0.0,0.0,0.0,0.0,0.0,0.0,0.0,0.0,0.0,0.0,0.0,0.0,0.0,0.0,0.0,0.0,0.0,0.0,0.0,0.0,0.0,0.0,0.0,0.0,0.0,0.0,0.0,0.0,0.0,0.0,0.0,0.0,0.0,0.0,0.0,0.0,0.0,0.0,0.0,0.0,0.0,0.0,0.0,0.0,0.0,0.0,0.0,0.0,0.0,0.0,0.0,0.0,0.0,0.0,0.0,0.0,0.0,0.0,0.0,0.0,0.0,0.0,0.0,0.0,0.0,0.0,0.0,0.0,0.0,0.0,0.0,0.0,0.0,0.0,0.0,0.0,0.0,0.0,0.0,0.0,0.0,0.0,0.0,0.0,0.0,0.0,0.0,0.0,0.0,0.0,0.0,0.0,0.0,0.0,0.0,0.0,0.0,0.0,0.0,0.0,0.0,0.0,0.0,0.0,0.0,0.0,0.0,0.0,0.0,0.0,0.0,0.0,0.0,0.0,0.0,0.0,0.0,0.0,0.0,0.0,0.0,0.0,0.0,0.0,0.0,0.0,0.0,0.0,0.0,0.0,0.0,0.0,0.0,0.0,0.0,0.0,0.0,0.0,0.0,0.0,0.0,0.0,0.0,0.0,0.0,0.0,0.0,0.0,0.0,0.0,0.0,0.0,0.0,0.0,0.0,0.0,0.0,0.0,0.0,0.0,0.0,0.0,0.0,0.0,0.0,0.0,0.0,0.0,0.0,0.0,0.0,0.0,0.0,0.0,0.0,0.0,0.0,0.0,0.0,0.0,0.0,0.0,0.0,0.0,0.0,0.0,0.0,0.0,0.0,0.0,0.5,0.0,0.0,0.0,0.0,0.0,0.0,0.0,0.0,0.0,0.0,0.0,0.0,0.0,0.0,0.0,0.0,0.0,0.0,0.0,0.0,0.0,0.0,0.0,0.0,0.0,0.0,0.0,0.0,0.0,0.0,0.0,0.0,0.0,0.0,0.0,0.0,0.0,0.0,0.0,0.0,0.0,0.0,0.0,0.0,0.0,0.0,0.0,0.0,0.0,0.0,0.0,0.0,0.0,0.0,0.0,0.0,0.0,0.0,0.0,0.0,0.0,0.0,0.0,0.0,0.0,0.0,0.0,0.0,0.0,0.0,0.0,0.0,0.0,0.0,0.0,0.0,0.0,0.0,0.5,0.0,0.0,0.0,0.0,0.0,0.0,0.0,0.0,0.0,0.0,0.0,0.0,0.0,0.0,0.0,0.0,0.0,0.0,0.0,0.0,0.0,0.0,0.0,0.0,0.0,0.0,0.0,0.0,0.0,0.0,0.0,0.0,0.0,0.0,0.0,0.0,0.0,0.0,0.0,0.0,0.0,0.0,0.0,0.0,0.0,0.0,0.0,0.0,0.0,0.0,0.0,0.0,0.0,0.0,0.0,0.0,0.0,0.0,0.0,0.0,0.0,0.0,0.0,0.0,0.0,0.0,0.0,0.0,0.0,0.0,0.0,0.0,0.0,0.0,0.0,0.0,0.0,0.0,0.0,0.0,0.0,0.0,0.0,0.5,0.0,0.0,0.0,0.0,0.0,0.0,0.0,0.0,0.0,0.0,0.0,0.0,0.0,0.0,0.0,0.0,0.0,0.0,0.0,0.0,0.0,0.0,0.0,0.0,0.0,0.0,0.0,0.0,0.0,0.0,0.0,0.0,0.0,0.0,0.0,0.0,0.0,0.0,0.0,0.0,0.0,0.0,0.0,0.0,0.0,0.0,0.0,0.0,0.0,0.0,0.0,0.0,0.0,0.0,0.0,0.0,0.0,0.0,0.0,0.0,0.0,0.0,0.0,0.0,0.0,0.0,0.0,0.0,0.0,0.0,0.0,0.0,0.0,0.0,0.0,0.0,0.0,0.0,0.0,0.0,0.0,0.0,0.0,0.0,0.0,0.0,0.0,0.0,0.0,0.0,0.0,0.0,0.0,0.0,0.0,0.0,0.0,0.0,0.0,0.0,0.0,0.0,0.0,0.0,0.0,0.0,0.0,0.0,0.0,0.5,0.0,0.0,0.0,0.0,0.0,0.0,0.0,0.0,0.0,0.0,0.0,0.0,0.0,0.0,0.0,0.0,0.0,0.0,0.0,0.0,0.0,0.0,0.0,0.0,0.0,0.0,0.0,0.0,0.0,0.0,0.0,0.0,0.0,0.0,0.0,0.0,0.0,0.0,0.0,0.0,0.0,0.0,0.0,0.0,0.0,0.0,0.0,0.0,0.0,0.0,0.0,0.0,0.0,0.0,0.0,0.0,0.0,0.0,0.0,0.0,0.0,0.0,0.0,0.0,0.0,0.0,0.0,0.0,0.0,0.0,0.0,0.0,0.0,0.0,0.0,0.0,0.0,0.0,0.0,0.0,0.0,0.0,0.0,0.0,0.0,0.0,0.0,0.0,0.0,0.0,0.0,0.0,0.0,0.0,0.0,0.0,0.0,0.0,0.0,0.0,0.0,0.0,0.0,0.0,0.0,0.0,0.0,0.0,0.0,0.0
SD2401268,20대,음 근데 우리집이 꼭대기 층이라 그런지 좀 괜찮은 거 같은데. 층간 소음은 없는데 벽간 소음이 쪼금 있는 거 같아. 방이 그 방음이 잘 안 돼서 옆 문 그 첫 입구 문에만 서도 옆의 방이 뭐 유튜브 뭐 듣고 있는지 무슨 대화하고 있는지가 너무 잘 들려서 쪼끔 부담스럽긴 해. 근데 위에는 아무도 사람이 안 사니까 내가 살기에는 어 소음이 없어서 되게 좋은 거 같아. 그거 말고도 본가 살 때는 위층이 아빠 지인이 살았었는데 그래서 막 소음이 나도 뭐라 하기가 좀 그랬던 경험이 있어. 너는 지금 몇 층 정도에 살아? 층간 소음은 없어? 음 그 학 학교 들어오고 나서부터 2년 동안 여기 살고 올해 새로 계약해서 똑같은 데 연장해서 거기서 살고 있어. 아마 내년에는 교환 학생을 가서 없으니까 오빠가 혼자 살 거 같아 지금 같이 살고 있으니까. 그리고 사실 나는 올해 딱 계약 연장할 때쯤에 새로 구해서 따로따로 살고 싶었는데 아무래도 서울 뭐 월세가 비싸다 보니까 그냥 한집에서 해서 전세로 사는 게 낫겠다 싶어서 같이 살고 있는데. 어 아무래도 생활 패턴이나 그런 집안일 하는 거가 좀 안 맞아서 좀 그게 제일 힘들어서 따로 살고 싶었던 거 같아. 뭐 혼자 늦게 자고 그런 건 상관없는데 오빠가 게임을 하니까 늦게까지 게임하는 소리 계속 들려 오 들려 오고 하니까 나 자는 데 방에 돼서 그랬던 거 같아. 너는 그런 적은 없어? 어 중3 때까지 1곳에서 살았고 그 주 중3 이후에 약간 신도시 분양 그런 청약 담 당첨 돼 가지고 1번 이사를 갔었어. 근데 그 중3 때까지 계속 같은 지역에 살다 보니까 거기 유치원 초등학교 중학교 나오고 고등학교도 그쪽을 가려고 했는데 이사를 가게 돼서 혼자 떨어진 곳을 가니까 친구들이랑도 멀어지고 그러 그 뭐 원래 놀던 데에서도 못 놀고 이런 게 쪼끔 아쉽고 힘들긴 하더라고. 근데 집이 넓어서 되게 좋았던 거 같아. 나는 이사를 많이 안 해 봐서 막 해 보고 싶었다 이런 게 좀 컸었는데 주변에 이사 많이 다니는 사람은 안 그렇더라고. 이사를 그만 다니고 싶다 그러더라. 혹시 너도 그런 편이야? 음 나는 이사 간 다음에 우 이 이사 간 아파트 앞에 막 전원주택 같은 게 있는 거야. 그래서 나중에 이 또 이사를 가게 된다면은 저런 데에서 살고 싶다. 저런 데에서 마당에서 막 식물 키우고 동물 키우고 막 나만의 정원을 가꾸면서 2층 바 다락방에서 살고 싶다 막 이런 생각을 했었는데. 근데 막상 거기에 살면은 관리하는 게 되게 힘들어 보이더라고. 할머니 집도 그런 전원주택인데 조금만 뭘 관리를 안 해 줘도 잡초 자라고 먼지가 끼고 더러워지고 막 그런 게 많아서 관리가 힘들다고 하더라고. 근데 그럼에도 한 약간 한번쯤은 전원주택에 살고 싶다 이런 생각이 있는데. 너는 그런 어디에 살고 싶다 이런 로망 같은 게 있어? 어 전자레인지랑 냉장고 세탁기 이 이 정도는 원래 있었던 거 같고. 밥솥이랑 응 어 그 오븐 같은 거 뭐라고 하지. 그 아 에어프라이어는 사 왔고. 최근에 여름 되니까 벌레가 너무 많이 생기잖아. 특히 음식물에 벌레가 많이 생기는데 그래서 버리기가 너무 힘들어서 미생물로 분해해 주는 기계 그런 게 있더라고. 오빠가 인스타그램에서 찾아와서 막 우 이거 쓰자 막 그러면서 찾아왔던 기억이 있어. 그래서 그거를 지금 살까 고민 중에 있어. 그게 음식물 쓰레기를 넣으면은 미생물들이 분해를 해서 흙으로 바로 만들어 준대. 근데 그게 하루 만에 다 만들어 주고 냄새도 안 나서 좋다고 하더라고. 너는 혹시 집안일 같은 거는 어떻게 하는 편이야? 어 가끔 아니 자주 좀 싸운 싸우진 않고 이런 거에 대해 짜증을 내는 거 같긴 한데 내 방이 쓰레기 그 분리수거 하는 데 바로 앞에 있단 말이야. 그래서 오빠는 좀 멀어서 쓰레기 같은 걸 거기 내면 그만인데 나는 내고 나서 그게 분리수거가 잘 안 되어 있거나 막 더러운 게 섞여 있거나 하면은 냄새가 바로 내 방으로 들어온단 말이야. 그거 때문에 오빠한테 뭐라 한 적도 많았던 거 같고. 약간 분담 같은 게 예전에는 막 뭐 냉장고 청소 네가 1번 하면 내가 화장실 청소 1번 하고 이런 식으로 번갈아서 하자라고 말은 했는데 어느 순간 보니까 내가 다 하고 있더라고. 그래서 그거에 대해서 쌓아 놨다가 화내기 직전에 딱 말하면은 오빠가 또 눈치는 빨라 가지고 그제서야 부랴부랴 치우고 막 이래서 어 싸우지는 않았던 거 같아. 근데 자취를 하니까 확실히 본가 살 때는 엄마가 다 해 주고 그러는데 내가 다 해야 되니까 그게 힘든 거 같긴 해. 너는 자취하고 싶다는 생각은 없어? 아 나 처음에 집 들어올 때 막 냉장고랑 기본 가구에 막 여 연두색 띠가 막 둘러져 있는 거야. 기본 색깔로 막 있는 거야. 그래서 그걸 보고 아 진짜 별로다. 여기 살기 싫다 했었는데 막상 들어가 보니까 그런 거 별로 티도 안 나고 깔끔해 보이고 좋더라고. 그래서 그렇게 쓰고 있고. 뭔가 인테리어 아 그 자취하면 내 방식대로 바 집을 꾸미고 막 이렇게 써야지라는 생각은 있었는데 막상 있으니까 짐을 그 넣을 짐도 너무 많고 근데 그거에 비해 공간은 안 나오고 하니까 인테리어라고 할 것도 없이 그냥 짐을 넣어 놓은 거 같아. 내 방이 너무 작아서 옷장 같은 게 들어갈 공간이 안 나서 거실에다가 행거 설치해서 바로 옷 놓아두고. 그래서 뭔가 꾸미기도 애매하고 그랬던 거 같아. 너는 집 인테리어 어떤 편이야? 서울에서 살 수 있으면 좋을 거 같은데. 왜냐하면 여가 생활 같은 것도 훨씬 더 많이 할 수 있고 이제 거의 내 친구들이나 생활 반경이 서울에 중심에 맞춰져 있다 보니까 서울에서 생활하는 게 편하긴 한데 가끔씩 여기가 사람이 너무 많아서 내려가고 싶다라는 생각이 들긴 해. 근데 직장을 얻고 뭔가 더 발전을 하려면은 서울에서 사는 게 맞는 거 같아. 나는 그 본가 살 때는 지하에 헬스장이 있어서 그거를 썼단 말이야. 근데 자취를 하니까 그런 여가 시설 시 그 아무튼 시설들이 없어서 막 주변에서 주변 다른 헬스장을 등록해 놨단 말이야. 근데 너는 지금 어쨌든 본가에 살잖아. 큰 아파트에 사는데 그러면 거기에 막 여가 시설 같은 게 와 잘 마련되어 있어?,0.005747126436781609,0.017241379310344827,0.004597701149425287,0.0,0.005747126436781609,0.0034482758620689655,0.005747126436781609,0.008045977011494253,0.01839080459770115,0.029885057471264367,0.004597701149425287,0.027586206896551724,0.0,0.008045977011494253,0.0022988505747126436,0.0,0.0034482758620689655,0.0011494252873563218,0.03218390804597701,0.013793103448275862,0.0,0.0,0.0,0.0022988505747126436,0.0,0.004597701149425287,0.021839080459770115,0.0,0.0034482758620689655,0.0034482758620689655,0.04367816091954023,0.0,0.006896551724137931,0.0,0.004597701149425287,0.009195402298850575,0.0,0.0,0.011494252873563218,0.0011494252873563218,0.0,0.0022988505747126436,0.0,0.0,0.034482758620689655,0.004597701149425287,0.013793103448275862,0.0022988505747126436,0.004597701149425287,0.0367816091954023,0.009195402298850575,0.0011494252873563218,0.0,0.0022988505747126436,0.0,0.0011494252873563218,0.0011494252873563218,0.0022988505747126436,0.0,0.006896551724137931,0.0,0.0,0.0,0.0011494252873563218,0.006896551724137931,0.0022988505747126436,0.0022988505747126436,0.0011494252873563218,0.0011494252873563218,0.0,0.0,0.0,0.0022988505747126436,0.0,0.0,0.005747126436781609,0.0022988505747126436,0.0,0.006896551724137931,0.010344827586206896,0.0011494252873563218,0.0,0.0,0.0,0.0,0.004597701149425287,0.0034482758620689655,0.0,0.0022988505747126436,0.004597701149425287,0.0,0.0022988505747126436,0.0,0.0011494252873563218,0.0,0.0011494252873563218,0.0011494252873563218,0.0011494252873563218,0.0,0.0022988505747126436,0.004597701149425287,0.0011494252873563218,0.0,0.0,0.0,0.0,0.01264367816091954,0.009195402298850575,0.0,0.0011494252873563218,0.0011494252873563218,0.0022988505747126436,0.0011494252873563218,0.0,0.0,0.0011494252873563218,0.0,0.0,0.0011494252873563218,0.011494252873563218,0.0,0.005747126436781609,0.0011494252873563218,0.0,0.0022988505747126436,0.0011494252873563218,0.0011494252873563218,0.0,0.0022988505747126436,0.0,0.0,0.0,0.0,0.0034482758620689655,0.0,0.0,0.01839080459770115,0.0022988505747126436,0.0,0.0,0.0022988505747126436,0.0022988505747126436,0.0022988505747126436,0.0,0.0,0.005747126436781609,0.0011494252873563218,0.0,0.008045977011494253,0.0022988505747126436,0.0011494252873563218,0.005747126436781609,0.0011494252873563218,0.0,0.0,0.0011494252873563218,0.0,0.0011494252873563218,0.006896551724137931,0.0011494252873563218,0.0,0.0034482758620689655,0.0,0.0,0.0,0.004597701149425287,0.0011494252873563218,0.0011494252873563218,0.0,0.0,0.0011494252873563218,0.0,0.0,0.0,0.006896551724137931,0.0,0.0,0.0,0.0,0.0,0.0011494252873563218,0.0,0.0034482758620689655,0.0022988505747126436,0.0,0.0022988505747126436,0.0,0.0022988505747126436,0.0022988505747126436,0.0,0.0,0.0,0.0022988505747126436,0.0,0.0,0.0011494252873563218,0.0,0.0,0.0,0.0,0.0034482758620689655,0.0,0.004597701149425287,0.0,0.0,0.0,0.0,0.0,0.0,0.0011494252873563218,0.0,0.0,0.0,0.0,0.0011494252873563218,0.0,0.0011494252873563218,0.0,0.0011494252873563218,0.0,0.0022988505747126436,0.0,0.0011494252873563218,0.0022988505747126436,0.0,0.0,0.005747126436781609,0.0,0.0022988505747126436,0.0,0.0,0.0,0.0,0.0,0.0,0.0,0.0,0.0,0.0022988505747126436,0.0,0.0,0.0,0.004597701149425287,0.0,0.0,0.0,0.0,0.0,0.0,0.0,0.0,0.0,0.0,0.0,0.0,0.0,0.006896551724137931,0.0034482758620689655,0.0011494252873563218,0.0011494252873563218,0.0011494252873563218,0.0011494252873563218,0.0022988505747126436,0.0022988505747126436,0.0011494252873563218,0.0011494252873563218,0.0011494252873563218,0.0011494252873563218,0.0011494252873563218,0.0011494252873563218,0.0034482758620689655,0.0011494252873563218,0.005747126436781609,0.0011494252873563218,0.0011494252873563218,0.0011494252873563218,0.0022988505747126436,0.0022988505747126436,0.0011494252873563218,0.0022988505747126436,0.0011494252873563218,0.0011494252873563218,0.0011494252873563218,0.0011494252873563218,0.0022988505747126436,0.0011494252873563218,0.0011494252873563218,0.0011494252873563218,0.0022988505747126436,0.0011494252873563218,0.0011494252873563218,0.0011494252873563218,0.0011494252873563218,0.0011494252873563218,0.0011494252873563218,0.0011494252873563218,0.0011494252873563218,0.0022988505747126436,0.0022988505747126436,0.0011494252873563218,0.0011494252873563218,0.0011494252873563218,0.0022988505747126436,0.0011494252873563218,0.0011494252873563218,0.0034482758620689655,0.0011494252873563218,0.0011494252873563218,0.0011494252873563218,0.0011494252873563218,0.0011494252873563218,0.0011494252873563218,0.0011494252873563218,0.0022988505747126436,0.0011494252873563218,0.0022988505747126436,0.0022988505747126436,0.0011494252873563218,0.0011494252873563218,0.0034482758620689655,0.0011494252873563218,0.0011494252873563218,0.0022988505747126436,0.0011494252873563218,0.0022988505747126436,0.0011494252873563218,0.0011494252873563218,0.0022988505747126436,0.0011494252873563218,0.0011494252873563218,0.0011494252873563218,0.0022988505747126436,0.0011494252873563218,0.0034482758620689655,0.0034482758620689655,0.0022988505747126436,0.0011494252873563218,0.0011494252873563218,0.0011494252873563218,0.0011494252873563218,0.0011494252873563218,0.0011494252873563218,0.0011494252873563218,0.004597701149425287,0.0011494252873563218,0.0011494252873563218,0.0011494252873563218,0.0011494252873563218,0.0022988505747126436,0.0011494252873563218,0.0011494252873563218,0.0011494252873563218,0.0034482758620689655,0.0011494252873563218,0.0011494252873563218,0.0011494252873563218,0.0011494252873563218,0.0022988505747126436,0.0011494252873563218,0.0022988505747126436,0.0022988505747126436,0.0022988505747126436,0.0011494252873563218,0.0011494252873563218,0.0011494252873563218,0.0011494252873563218,0.0022988505747126436,0.0011494252873563218,0.0034482758620689655,0.0034482758620689655,0.0011494252873563218,0.004597701149425287,0.0011494252873563218,0.0011494252873563218,0.0022988505747126436,0.0022988505747126436,0.0011494252873563218,0.0011494252873563218,0.0011494252873563218,0.0022988505747126436,0.0011494252873563218,0.0022988505747126436,0.0022988505747126436,0.0011494252873563218,0.0011494252873563218,0.0011494252873563218,0.0011494252873563218,0.0011494252873563218,0.0011494252873563218,0.0011494252873563218,0.0011494252873563218,0.0011494252873563218,0.0011494252873563218,0.0011494252873563218,0.0011494252873563218,0.0022988505747126436,0.0011494252873563218,0.0011494252873563218,0.0011494252873563218,0.0011494252873563218,0.0011494252873563218,0.0011494252873563218,0.0011494252873563218,0.0011494252873563218,0.0011494252873563218,0.0011494252873563218,0.0011494252873563218,0.0022988505747126436,0.0011494252873563218,0.0011494252873563218,0.0011494252873563218,0.0011494252873563218,0.0011494252873563218,0.0022988505747126436,0.0011494252873563218,0.0022988505747126436,0.0011494252873563218,0.0011494252873563218,0.0011494252873563218,0.0034482758620689655,0.0011494252873563218,0.0011494252873563218,0.0011494252873563218,0.0011494252873563218,0.0011494252873563218,0.0011494252873563218,0.0011494252873563218,0.0011494252873563218,0.0011494252873563218,0.0011494252873563218,0.0011494252873563218,0.0011494252873563218,0.0034482758620689655,0.0011494252873563218,0.0022988505747126436,0.0011494252873563218,0.0011494252873563218,0.0011494252873563218,0.0011494252873563218,0.0011494252873563218,0.0011494252873563218,0.0011494252873563218,0.0011494252873563218,0.0011494252873563218,0.0011494252873563218,0.0011494252873563218,0.0011494252873563218,0.0011494252873563218,0.0011494252873563218,0.0011494252873563218,0.0011494252873563218,0.0011494252873563218,0.0011494252873563218,0.0,0.0,0.0,0.0,0.0,0.0,0.0,0.0,0.0,0.0,0.0,0.0,0.0,0.0,0.0,0.0,0.0,0.0,0.0,0.0,0.0,0.0,0.0,0.0,0.0,0.0,0.0,0.0,0.0,0.0,0.0,0.0,0.0,0.0,0.0,0.0,0.0,0.0,0.0,0.0,0.0,0.0,0.0,0.0,0.0,0.0,0.0,0.0,0.0,0.0,0.0,0.0,0.0,0.0,0.0,0.0,0.0,0.0,0.0,0.0,0.0,0.0,0.0,0.0,0.38825654680992494,0.0,0.0,0.0,0.0,0.0,0.0,0.0,0.0,0.0,0.0,0.0,0.0,0.0,0.0,0.0,0.0,0.0,0.0,0.0,0.0,0.0,0.0,0.0,0.0,0.0,0.0,0.0,0.0,0.0,0.2723229498501903,0.3666056494694659,0.0,0.0,0.0,0.0,0.0,0.0,0.0,0.0,0.0,0.0,0.0,0.0,0.0,0.0,0.0,0.0,0.0,0.0,0.0,0.0,0.0,0.0,0.0,0.0,0.0,0.0,0.0,0.0,0.0,0.0,0.0,0.0,0.0,0.0,0.0,0.34981190879416124,0.0,0.0,0.0,0.0,0.0,0.0,0.0,0.0,0.0,0.0,0.0,0.0,0.0,0.0,0.0,0.0,0.0,0.0,0.0,0.0,0.0,0.0,0.0,0.0,0.0,0.0,0.0,0.0,0.0,0.0,0.0,0.0,0.0,0.0,0.0,0.0,0.0,0.0,0.0,0.0,0.0,0.0,0.0,0.0,0.0,0.0,0.0,0.0,0.0,0.0,0.0,0.0,0.0,0.0,0.0,0.0,0.0,0.0,0.0,0.0,0.0,0.0,0.0,0.0,0.0,0.0,0.0,0.0,0.0,0.0,0.0,0.0,0.0,0.0,0.0,0.0,0.0,0.0,0.0,0.0,0.0,0.0,0.0,0.0,0.0,0.0,0.0,0.0,0.0,0.0,0.0,0.0,0.0,0.0,0.0,0.0,0.0,0.0,0.0,0.0,0.0,0.0,0.0,0.0,0.0,0.0,0.0,0.0,0.0,0.0,0.0,0.0,0.0,0.0,0.0,0.0,0.0,0.0,0.0,0.0,0.0,0.0,0.0,0.0,0.0,0.0,0.0,0.0,0.0,0.0,0.0,0.0,0.0,0.0,0.0,0.0,0.0,0.0,0.0,0.0,0.0,0.0,0.0,0.0,0.3666056494694659,0.0,0.0,0.0,0.0,0.0,0.0,0.0,0.0,0.0,0.0,0.0,0.0,0.0,0.0,0.0,0.0,0.0,0.0,0.0,0.0,0.0,0.0,0.0,0.0,0.0,0.0,0.0,0.0,0.0,0.0,0.0,0.0,0.0,0.0,0.0,0.0,0.0,0.0,0.0,0.0,0.0,0.0,0.0,0.0,0.0,0.0,0.0,0.0,0.0,0.0,0.0,0.0,0.0,0.0,0.0,0.0,0.0,0.0,0.0,0.0,0.0,0.0,0.0,0.0,0.0,0.0,0.0,0.0,0.0,0.0,0.0,0.0,0.0,0.0,0.0,0.0,0.0,0.0,0.0,0.0,0.0,0.0,0.0,0.0,0.0,0.0,0.0,0.0,0.0,0.0,0.0,0.0,0.0,0.0,0.0,0.0,0.0,0.3666056494694659,0.0,0.0,0.0,0.0,0.0,0.0,0.0,0.0,0.0,0.0,0.0,0.0,0.0,0.0,0.0,0.0,0.0,0.0,0.0,0.0,0.0,0.0,0.0,0.0,0.0,0.0,0.0,0.0,0.0,0.0,0.0,0.0,0.0,0.0,0.0,0.0,0.0,0.0,0.0,0.0,0.0,0.0,0.0,0.0,0.0,0.0,0.0,0.0,0.0,0.0,0.0,0.0,0.0,0.0,0.0,0.0,0.0,0.0,0.0,0.0,0.0,0.0,0.0,0.0,0.0,0.0,0.0,0.0,0.0,0.0,0.0,0.0,0.0,0.0,0.0,0.0,0.0,0.0,0.0,0.0,0.0,0.0,0.0,0.0,0.0,0.0,0.0,0.0,0.0,0.0,0.0,0.0,0.0,0.0,0.0,0.0,0.0,0.0,0.0,0.0,0.0,0.0,0.0,0.0,0.0,0.0,0.0,0.0,0.0,0.0,0.0,0.0,0.0,0.0,0.0,0.0,0.0,0.0,0.0,0.0,0.0,0.0,0.0,0.0,0.0,0.0,0.0,0.0,0.0,0.0,0.0,0.0,0.0,0.0,0.0,0.0,0.0,0.0,0.0,0.0,0.0,0.0,0.0,0.0,0.0,0.0,0.0,0.0,0.0,0.0,0.0,0.0,0.0,0.0,0.0,0.0,0.0,0.0,0.0,0.0,0.0,0.0,0.0,0.0,0.0,0.0,0.0,0.0,0.0,0.0,0.0,0.2723229498501903,0.0,0.0,0.0,0.0,0.0,0.0,0.0,0.0,0.0,0.0,0.0,0.0,0.0,0.0,0.0,0.0,0.0,0.0,0.0,0.0,0.0,0.0,0.0,0.0,0.0,0.0,0.0,0.0,0.0,0.0,0.0,0.0,0.0,0.0,0.0,0.0,0.0,0.0,0.0,0.0,0.0,0.0,0.0,0.0,0.0,0.0,0.0,0.0,0.0,0.0,0.0,0.0,0.0,0.0,0.0,0.0,0.0,0.0,0.0,0.0,0.0,0.0,0.0,0.0,0.0,0.0,0.0,0.0,0.0,0.0,0.0,0.0,0.0,0.0,0.0,0.0,0.0,0.0,0.0,0.0,0.0,0.0,0.0,0.0,0.0,0.0,0.0,0.0,0.0,0.0,0.0,0.0,0.0,0.0,0.0,0.0,0.0,0.0,0.0,0.0,0.0,0.0,0.0,0.0,0.0,0.0,0.0,0.0,0.0,0.0,0.0,0.0,0.0,0.0,0.0,0.0,0.0,0.0,0.0,0.0,0.0,0.0,0.0,0.0,0.0,0.0,0.41877177271876015,0.0,0.0,0.0,0.0,0.0,0.0,0.0,0.0,0.0,0.0,0.0,0.0,0.0,0.0,0.0,0.0,0.0,0.0,0.0,0.0,0.0,0.0,0.0,0.0,0.0,0.0,0.0,0.0,0.0,0.0,0.0,0.0,0.0,0.0,0.0,0.0,0.0,0.0,0.0,0.0,0.0,0.0,0.0,0.0,0.0,0.0,0.0,0.0,0.0,0.0,0.0,0.0,0.0
SD2401268,20대,음 근데 우리집이 꼭대기 층이라 그런지 좀 괜찮은 거 같은데. 층간 소음은 없는데 벽간 소음이 쪼금 있는 거 같아. 방이 그 방음이 잘 안 돼서 옆 문 그 첫 입구 문에만 서도 옆의 방이 뭐 유튜브 뭐 듣고 있는지 무슨 대화하고 있는지가 너무 잘 들려서 쪼끔 부담스럽긴 해. 근데 위에는 아무도 사람이 안 사니까 내가 살기에는 어 소음이 없어서 되게 좋은 거 같아. 그거 말고도 본가 살 때는 위층이 아빠 지인이 살았었는데 그래서 막 소음이 나도 뭐라 하기가 좀 그랬던 경험이 있어. 너는 지금 몇 층 정도에 살아? 층간 소음은 없어? 음 그 학 학교 들어오고 나서부터 2년 동안 여기 살고 올해 새로 계약해서 똑같은 데 연장해서 거기서 살고 있어. 아마 내년에는 교환 학생을 가서 없으니까 오빠가 혼자 살 거 같아 지금 같이 살고 있으니까. 그리고 사실 나는 올해 딱 계약 연장할 때쯤에 새로 구해서 따로따로 살고 싶었는데 아무래도 서울 뭐 월세가 비싸다 보니까 그냥 한집에서 해서 전세로 사는 게 낫겠다 싶어서 같이 살고 있는데. 어 아무래도 생활 패턴이나 그런 집안일 하는 거가 좀 안 맞아서 좀 그게 제일 힘들어서 따로 살고 싶었던 거 같아. 뭐 혼자 늦게 자고 그런 건 상관없는데 오빠가 게임을 하니까 늦게까지 게임하는 소리 계속 들려 오 들려 오고 하니까 나 자는 데 방에 돼서 그랬던 거 같아. 너는 그런 적은 없어? 어 중3 때까지 1곳에서 살았고 그 주 중3 이후에 약간 신도시 분양 그런 청약 담 당첨 돼 가지고 1번 이사를 갔었어. 근데 그 중3 때까지 계속 같은 지역에 살다 보니까 거기 유치원 초등학교 중학교 나오고 고등학교도 그쪽을 가려고 했는데 이사를 가게 돼서 혼자 떨어진 곳을 가니까 친구들이랑도 멀어지고 그러 그 뭐 원래 놀던 데에서도 못 놀고 이런 게 쪼끔 아쉽고 힘들긴 하더라고. 근데 집이 넓어서 되게 좋았던 거 같아. 나는 이사를 많이 안 해 봐서 막 해 보고 싶었다 이런 게 좀 컸었는데 주변에 이사 많이 다니는 사람은 안 그렇더라고. 이사를 그만 다니고 싶다 그러더라. 혹시 너도 그런 편이야? 음 나는 이사 간 다음에 우 이 이사 간 아파트 앞에 막 전원주택 같은 게 있는 거야. 그래서 나중에 이 또 이사를 가게 된다면은 저런 데에서 살고 싶다. 저런 데에서 마당에서 막 식물 키우고 동물 키우고 막 나만의 정원을 가꾸면서 2층 바 다락방에서 살고 싶다 막 이런 생각을 했었는데. 근데 막상 거기에 살면은 관리하는 게 되게 힘들어 보이더라고. 할머니 집도 그런 전원주택인데 조금만 뭘 관리를 안 해 줘도 잡초 자라고 먼지가 끼고 더러워지고 막 그런 게 많아서 관리가 힘들다고 하더라고. 근데 그럼에도 한 약간 한번쯤은 전원주택에 살고 싶다 이런 생각이 있는데. 너는 그런 어디에 살고 싶다 이런 로망 같은 게 있어? 어 전자레인지랑 냉장고 세탁기 이 이 정도는 원래 있었던 거 같고. 밥솥이랑 응 어 그 오븐 같은 거 뭐라고 하지. 그 아 에어프라이어는 사 왔고. 최근에 여름 되니까 벌레가 너무 많이 생기잖아. 특히 음식물에 벌레가 많이 생기는데 그래서 버리기가 너무 힘들어서 미생물로 분해해 주는 기계 그런 게 있더라고. 오빠가 인스타그램에서 찾아와서 막 우 이거 쓰자 막 그러면서 찾아왔던 기억이 있어. 그래서 그거를 지금 살까 고민 중에 있어. 그게 음식물 쓰레기를 넣으면은 미생물들이 분해를 해서 흙으로 바로 만들어 준대. 근데 그게 하루 만에 다 만들어 주고 냄새도 안 나서 좋다고 하더라고. 너는 혹시 집안일 같은 거는 어떻게 하는 편이야? 어 가끔 아니 자주 좀 싸운 싸우진 않고 이런 거에 대해 짜증을 내는 거 같긴 한데 내 방이 쓰레기 그 분리수거 하는 데 바로 앞에 있단 말이야. 그래서 오빠는 좀 멀어서 쓰레기 같은 걸 거기 내면 그만인데 나는 내고 나서 그게 분리수거가 잘 안 되어 있거나 막 더러운 게 섞여 있거나 하면은 냄새가 바로 내 방으로 들어온단 말이야. 그거 때문에 오빠한테 뭐라 한 적도 많았던 거 같고. 약간 분담 같은 게 예전에는 막 뭐 냉장고 청소 네가 1번 하면 내가 화장실 청소 1번 하고 이런 식으로 번갈아서 하자라고 말은 했는데 어느 순간 보니까 내가 다 하고 있더라고. 그래서 그거에 대해서 쌓아 놨다가 화내기 직전에 딱 말하면은 오빠가 또 눈치는 빨라 가지고 그제서야 부랴부랴 치우고 막 이래서 어 싸우지는 않았던 거 같아. 근데 자취를 하니까 확실히 본가 살 때는 엄마가 다 해 주고 그러는데 내가 다 해야 되니까 그게 힘든 거 같긴 해. 너는 자취하고 싶다는 생각은 없어? 아 나 처음에 집 들어올 때 막 냉장고랑 기본 가구에 막 여 연두색 띠가 막 둘러져 있는 거야. 기본 색깔로 막 있는 거야. 그래서 그걸 보고 아 진짜 별로다. 여기 살기 싫다 했었는데 막상 들어가 보니까 그런 거 별로 티도 안 나고 깔끔해 보이고 좋더라고. 그래서 그렇게 쓰고 있고. 뭔가 인테리어 아 그 자취하면 내 방식대로 바 집을 꾸미고 막 이렇게 써야지라는 생각은 있었는데 막상 있으니까 짐을 그 넣을 짐도 너무 많고 근데 그거에 비해 공간은 안 나오고 하니까 인테리어라고 할 것도 없이 그냥 짐을 넣어 놓은 거 같아. 내 방이 너무 작아서 옷장 같은 게 들어갈 공간이 안 나서 거실에다가 행거 설치해서 바로 옷 놓아두고. 그래서 뭔가 꾸미기도 애매하고 그랬던 거 같아. 너는 집 인테리어 어떤 편이야? 서울에서 살 수 있으면 좋을 거 같은데. 왜냐하면 여가 생활 같은 것도 훨씬 더 많이 할 수 있고 이제 거의 내 친구들이나 생활 반경이 서울에 중심에 맞춰져 있다 보니까 서울에서 생활하는 게 편하긴 한데 가끔씩 여기가 사람이 너무 많아서 내려가고 싶다라는 생각이 들긴 해. 근데 직장을 얻고 뭔가 더 발전을 하려면은 서울에서 사는 게 맞는 거 같아. 나는 그 본가 살 때는 지하에 헬스장이 있어서 그거를 썼단 말이야. 근데 자취를 하니까 그런 여가 시설 시 그 아무튼 시설들이 없어서 막 주변에서 주변 다른 헬스장을 등록해 놨단 말이야. 근데 너는 지금 어쨌든 본가에 살잖아. 큰 아파트에 사는데 그러면 거기에 막 여가 시설 같은 게 와 잘 마련되어 있어?,0.005747126436781609,0.017241379310344827,0.004597701149425287,0.0,0.005747126436781609,0.0034482758620689655,0.005747126436781609,0.008045977011494253,0.01839080459770115,0.029885057471264367,0.004597701149425287,0.027586206896551724,0.0,0.008045977011494253,0.0022988505747126436,0.0,0.0034482758620689655,0.0011494252873563218,0.03218390804597701,0.013793103448275862,0.0,0.0,0.0,0.0022988505747126436,0.0,0.004597701149425287,0.021839080459770115,0.0,0.0034482758620689655,0.0034482758620689655,0.04367816091954023,0.0,0.006896551724137931,0.0,0.004597701149425287,0.009195402298850575,0.0,0.0,0.011494252873563218,0.0011494252873563218,0.0,0.0022988505747126436,0.0,0.0,0.034482758620689655,0.004597701149425287,0.013793103448275862,0.0022988505747126436,0.004597701149425287,0.0367816091954023,0.009195402298850575,0.0011494252873563218,0.0,0.0022988505747126436,0.0,0.0011494252873563218,0.0011494252873563218,0.0022988505747126436,0.0,0.006896551724137931,0.0,0.0,0.0,0.0011494252873563218,0.006896551724137931,0.0022988505747126436,0.0022988505747126436,0.0011494252873563218,0.0011494252873563218,0.0,0.0,0.0,0.0022988505747126436,0.0,0.0,0.005747126436781609,0.0022988505747126436,0.0,0.006896551724137931,0.010344827586206896,0.0011494252873563218,0.0,0.0,0.0,0.0,0.004597701149425287,0.0034482758620689655,0.0,0.0022988505747126436,0.004597701149425287,0.0,0.0022988505747126436,0.0,0.0011494252873563218,0.0,0.0011494252873563218,0.0011494252873563218,0.0011494252873563218,0.0,0.0022988505747126436,0.004597701149425287,0.0011494252873563218,0.0,0.0,0.0,0.0,0.01264367816091954,0.009195402298850575,0.0,0.0011494252873563218,0.0011494252873563218,0.0022988505747126436,0.0011494252873563218,0.0,0.0,0.0011494252873563218,0.0,0.0,0.0011494252873563218,0.011494252873563218,0.0,0.005747126436781609,0.0011494252873563218,0.0,0.0022988505747126436,0.0011494252873563218,0.0011494252873563218,0.0,0.0022988505747126436,0.0,0.0,0.0,0.0,0.0034482758620689655,0.0,0.0,0.01839080459770115,0.0022988505747126436,0.0,0.0,0.0022988505747126436,0.0022988505747126436,0.0022988505747126436,0.0,0.0,0.005747126436781609,0.0011494252873563218,0.0,0.008045977011494253,0.0022988505747126436,0.0011494252873563218,0.005747126436781609,0.0011494252873563218,0.0,0.0,0.0011494252873563218,0.0,0.0011494252873563218,0.006896551724137931,0.0011494252873563218,0.0,0.0034482758620689655,0.0,0.0,0.0,0.004597701149425287,0.0011494252873563218,0.0011494252873563218,0.0,0.0,0.0011494252873563218,0.0,0.0,0.0,0.006896551724137931,0.0,0.0,0.0,0.0,0.0,0.0011494252873563218,0.0,0.0034482758620689655,0.0022988505747126436,0.0,0.0022988505747126436,0.0,0.0022988505747126436,0.0022988505747126436,0.0,0.0,0.0,0.0022988505747126436,0.0,0.0,0.0011494252873563218,0.0,0.0,0.0,0.0,0.0034482758620689655,0.0,0.004597701149425287,0.0,0.0,0.0,0.0,0.0,0.0,0.0011494252873563218,0.0,0.0,0.0,0.0,0.0011494252873563218,0.0,0.0011494252873563218,0.0,0.0011494252873563218,0.0,0.0022988505747126436,0.0,0.0011494252873563218,0.0022988505747126436,0.0,0.0,0.005747126436781609,0.0,0.0022988505747126436,0.0,0.0,0.0,0.0,0.0,0.0,0.0,0.0,0.0,0.0022988505747126436,0.0,0.0,0.0,0.004597701149425287,0.0,0.0,0.0,0.0,0.0,0.0,0.0,0.0,0.0,0.0,0.0,0.0,0.0,0.006896551724137931,0.0034482758620689655,0.0011494252873563218,0.0011494252873563218,0.0011494252873563218,0.0011494252873563218,0.0022988505747126436,0.0022988505747126436,0.0011494252873563218,0.0011494252873563218,0.0011494252873563218,0.0011494252873563218,0.0011494252873563218,0.0011494252873563218,0.0034482758620689655,0.0011494252873563218,0.005747126436781609,0.0011494252873563218,0.0011494252873563218,0.0011494252873563218,0.0022988505747126436,0.0022988505747126436,0.0011494252873563218,0.0022988505747126436,0.0011494252873563218,0.0011494252873563218,0.0011494252873563218,0.0011494252873563218,0.0022988505747126436,0.0011494252873563218,0.0011494252873563218,0.0011494252873563218,0.0022988505747126436,0.0011494252873563218,0.0011494252873563218,0.0011494252873563218,0.0011494252873563218,0.0011494252873563218,0.0011494252873563218,0.0011494252873563218,0.0011494252873563218,0.0022988505747126436,0.0022988505747126436,0.0011494252873563218,0.0011494252873563218,0.0011494252873563218,0.0022988505747126436,0.0011494252873563218,0.0011494252873563218,0.0034482758620689655,0.0011494252873563218,0.0011494252873563218,0.0011494252873563218,0.0011494252873563218,0.0011494252873563218,0.0011494252873563218,0.0011494252873563218,0.0022988505747126436,0.0011494252873563218,0.0022988505747126436,0.0022988505747126436,0.0011494252873563218,0.0011494252873563218,0.0034482758620689655,0.0011494252873563218,0.0011494252873563218,0.0022988505747126436,0.0011494252873563218,0.0022988505747126436,0.0011494252873563218,0.0011494252873563218,0.0022988505747126436,0.0011494252873563218,0.0011494252873563218,0.0011494252873563218,0.0022988505747126436,0.0011494252873563218,0.0034482758620689655,0.0034482758620689655,0.0022988505747126436,0.0011494252873563218,0.0011494252873563218,0.0011494252873563218,0.0011494252873563218,0.0011494252873563218,0.0011494252873563218,0.0011494252873563218,0.004597701149425287,0.0011494252873563218,0.0011494252873563218,0.0011494252873563218,0.0011494252873563218,0.0022988505747126436,0.0011494252873563218,0.0011494252873563218,0.0011494252873563218,0.0034482758620689655,0.0011494252873563218,0.0011494252873563218,0.0011494252873563218,0.0011494252873563218,0.0022988505747126436,0.0011494252873563218,0.0022988505747126436,0.0022988505747126436,0.0022988505747126436,0.0011494252873563218,0.0011494252873563218,0.0011494252873563218,0.0011494252873563218,0.0022988505747126436,0.0011494252873563218,0.0034482758620689655,0.0034482758620689655,0.0011494252873563218,0.004597701149425287,0.0011494252873563218,0.0011494252873563218,0.0022988505747126436,0.0022988505747126436,0.0011494252873563218,0.0011494252873563218,0.0011494252873563218,0.0022988505747126436,0.0011494252873563218,0.0022988505747126436,0.0022988505747126436,0.0011494252873563218,0.0011494252873563218,0.0011494252873563218,0.0011494252873563218,0.0011494252873563218,0.0011494252873563218,0.0011494252873563218,0.0011494252873563218,0.0011494252873563218,0.0011494252873563218,0.0011494252873563218,0.0011494252873563218,0.0022988505747126436,0.0011494252873563218,0.0011494252873563218,0.0011494252873563218,0.0011494252873563218,0.0011494252873563218,0.0011494252873563218,0.0011494252873563218,0.0011494252873563218,0.0011494252873563218,0.0011494252873563218,0.0011494252873563218,0.0022988505747126436,0.0011494252873563218,0.0011494252873563218,0.0011494252873563218,0.0011494252873563218,0.0011494252873563218,0.0022988505747126436,0.0011494252873563218,0.0022988505747126436,0.0011494252873563218,0.0011494252873563218,0.0011494252873563218,0.0034482758620689655,0.0011494252873563218,0.0011494252873563218,0.0011494252873563218,0.0011494252873563218,0.0011494252873563218,0.0011494252873563218,0.0011494252873563218,0.0011494252873563218,0.0011494252873563218,0.0011494252873563218,0.0011494252873563218,0.0011494252873563218,0.0034482758620689655,0.0011494252873563218,0.0022988505747126436,0.0011494252873563218,0.0011494252873563218,0.0011494252873563218,0.0011494252873563218,0.0011494252873563218,0.0011494252873563218,0.0011494252873563218,0.0011494252873563218,0.0011494252873563218,0.0011494252873563218,0.0011494252873563218,0.0011494252873563218,0.0011494252873563218,0.0011494252873563218,0.0011494252873563218,0.0011494252873563218,0.0011494252873563218,0.0011494252873563218,0.0,0.0,0.0,0.0,0.0,0.0,0.0,0.0,0.0,0.0,0.0,0.0,0.0,0.0,0.0,0.0,0.0,0.0,0.0,0.0,0.0,0.0,0.0,0.0,0.0,0.0,0.0,0.0,0.0,0.0,0.0,0.0,0.0,0.0,0.0,0.0,0.0,0.0,0.0,0.0,0.0,0.0,0.0,0.0,0.0,0.0,0.0,0.0,0.0,0.0,0.0,0.0,0.0,0.0,0.0,0.0,0.0,0.0,0.0,0.0,0.0,0.0,0.0,0.0,0.0,0.0,0.0,0.0,0.0,0.0,0.0,0.0,0.0,0.0,0.0,0.0,0.0,0.0,0.0,0.0,0.0,0.0,0.0,0.0,0.0,0.0,0.0,0.0,0.0,0.0,0.0,0.0,0.0,0.0,0.0,0.0,0.0,0.0,0.0,0.0,0.0,0.0,0.0,0.0,0.0,0.0,0.0,0.0,0.0,0.0,0.0,0.0,0.0,0.0,0.0,0.0,0.0,0.0,0.0,0.0,0.0,0.0,0.0,0.0,0.0,0.0,0.0,0.0,0.0,0.0,0.0,0.0,0.0,0.0,0.0,0.0,0.0,0.0,0.0,0.0,0.0,0.0,0.0,0.0,0.0,0.0,0.0,0.0,0.0,0.0,0.0,0.0,0.40703311194624714,0.0,0.0,0.0,0.0,0.0,0.0,0.0,0.0,0.0,0.0,0.0,0.0,0.0,0.0,0.0,0.0,0.0,0.0,0.0,0.0,0.0,0.0,0.0,0.0,0.0,0.0,0.0,0.0,0.0,0.0,0.0,0.0,0.0,0.0,0.0,0.0,0.0,0.0,0.0,0.0,0.0,0.0,0.0,0.0,0.0,0.0,0.0,0.0,0.0,0.0,0.0,0.0,0.0,0.0,0.0,0.0,0.0,0.0,0.0,0.0,0.0,0.0,0.0,0.0,0.0,0.0,0.0,0.0,0.0,0.0,0.0,0.0,0.0,0.0,0.0,0.0,0.0,0.0,0.0,0.0,0.0,0.0,0.0,0.0,0.0,0.0,0.0,0.0,0.0,0.0,0.0,0.0,0.0,0.0,0.0,0.0,0.0,0.0,0.0,0.0,0.0,0.0,0.0,0.0,0.0,0.0,0.0,0.0,0.0,0.0,0.0,0.0,0.0,0.0,0.0,0.0,0.0,0.0,0.0,0.0,0.0,0.0,0.0,0.0,0.0,0.0,0.0,0.0,0.0,0.0,0.0,0.0,0.0,0.0,0.0,0.0,0.0,0.0,0.0,0.0,0.0,0.0,0.0,0.0,0.0,0.0,0.0,0.0,0.0,0.0,0.0,0.0,0.0,0.0,0.0,0.0,0.0,0.0,0.0,0.0,0.0,0.0,0.0,0.0,0.0,0.0,0.0,0.0,0.0,0.0,0.0,0.0,0.0,0.0,0.0,0.0,0.0,0.0,0.0,0.0,0.0,0.0,0.0,0.0,0.0,0.0,0.0,0.0,0.5868157068339332,0.0,0.0,0.0,0.0,0.0,0.0,0.0,0.0,0.0,0.0,0.0,0.0,0.0,0.0,0.0,0.0,0.0,0.0,0.0,0.0,0.0,0.0,0.0,0.0,0.0,0.0,0.0,0.0,0.0,0.0,0.0,0.0,0.0,0.0,0.0,0.0,0.0,0.0,0.0,0.0,0.0,0.0,0.0,0.0,0.0,0.0,0.0,0.0,0.0,0.0,0.0,0.0,0.0,0.0,0.0,0.0,0.0,0.0,0.0,0.0,0.0,0.0,0.0,0.0,0.0,0.0,0.0,0.0,0.0,0.0,0.0,0.0,0.0,0.0,0.0,0.0,0.0,0.0,0.0,0.0,0.0,0.0,0.0,0.0,0.0,0.0,0.0,0.0,0.0,0.0,0.0,0.0,0.0,0.0,0.0,0.0,0.0,0.0,0.0,0.0,0.0,0.0,0.0,0.0,0.0,0.0,0.0,0.0,0.0,0.0,0.0,0.0,0.0,0.0,0.0,0.0,0.0,0.0,0.0,0.0,0.0,0.0,0.0,0.0,0.0,0.0,0.0,0.0,0.0,0.0,0.0,0.0,0.0,0.0,0.0,0.0,0.0,0.0,0.0,0.0,0.0,0.0,0.0,0.0,0.0,0.0,0.0,0.0,0.0,0.0,0.0,0.0,0.0,0.0,0.0,0.0,0.0,0.0,0.0,0.0,0.0,0.0,0.0,0.0,0.0,0.0,0.0,0.0,0.0,0.0,0.0,0.0,0.0,0.0,0.0,0.0,0.0,0.0,0.0,0.0,0.0,0.0,0.0,0.0,0.0,0.0,0.0,0.0,0.0,0.0,0.0,0.0,0.0,0.0,0.0,0.0,0.0,0.0,0.0,0.0,0.0,0.0,0.0,0.0,0.0,0.0,0.0,0.0,0.0,0.0,0.0,0.0,0.0,0.0,0.0,0.0,0.0,0.0,0.0,0.0,0.0,0.0,0.0,0.0,0.0,0.0,0.0,0.0,0.0,0.0,0.0,0.0,0.0,0.0,0.0,0.0,0.0,0.0,0.0,0.0,0.0,0.0,0.0,0.5868157068339332,0.0,0.0,0.0,0.0,0.0,0.0,0.0,0.0,0.0,0.0,0.0,0.0,0.0,0.0,0.0,0.0,0.0,0.0,0.0,0.0,0.0,0.0,0.0,0.0,0.0,0.38160018108661387,0.0,0.0,0.0,0.0,0.0,0.0,0.0,0.0,0.0,0.0,0.0,0.0,0.0,0.0,0.0,0.0,0.0,0.0,0.0,0.0,0.0,0.0,0.0,0.0,0.0,0.0,0.0,0.0,0.0,0.0,0.0,0.0,0.0,0.0,0.0,0.0,0.0,0.0,0.0,0.0,0.0,0.0,0.0,0.0,0.0,0.0,0.0,0.0,0.0,0.0,0.0,0.0,0.0,0.0,0.0,0.0,0.0,0.0,0.0,0.0,0.0,0.0,0.0,0.0,0.0,0.0,0.0,0.0,0.0,0.0,0.0,0.0,0.0,0.0,0.0,0.0,0.0,0.0,0.0,0.0,0.0,0.0,0.0,0.0,0.0,0.0,0.0,0.0,0.0,0.0,0.0,0.0,0.0,0.0,0.0,0.0,0.0,0.0,0.0,0.0,0.0,0.0,0.0,0.0,0.0,0.0,0.0,0.0,0.0,0.0,0.0,0.0,0.0,0.0,0.0
SD2401268,20대,음 근데 우리집이 꼭대기 층이라 그런지 좀 괜찮은 거 같은데. 층간 소음은 없는데 벽간 소음이 쪼금 있는 거 같아. 방이 그 방음이 잘 안 돼서 옆 문 그 첫 입구 문에만 서도 옆의 방이 뭐 유튜브 뭐 듣고 있는지 무슨 대화하고 있는지가 너무 잘 들려서 쪼끔 부담스럽긴 해. 근데 위에는 아무도 사람이 안 사니까 내가 살기에는 어 소음이 없어서 되게 좋은 거 같아. 그거 말고도 본가 살 때는 위층이 아빠 지인이 살았었는데 그래서 막 소음이 나도 뭐라 하기가 좀 그랬던 경험이 있어. 너는 지금 몇 층 정도에 살아? 층간 소음은 없어? 음 그 학 학교 들어오고 나서부터 2년 동안 여기 살고 올해 새로 계약해서 똑같은 데 연장해서 거기서 살고 있어. 아마 내년에는 교환 학생을 가서 없으니까 오빠가 혼자 살 거 같아 지금 같이 살고 있으니까. 그리고 사실 나는 올해 딱 계약 연장할 때쯤에 새로 구해서 따로따로 살고 싶었는데 아무래도 서울 뭐 월세가 비싸다 보니까 그냥 한집에서 해서 전세로 사는 게 낫겠다 싶어서 같이 살고 있는데. 어 아무래도 생활 패턴이나 그런 집안일 하는 거가 좀 안 맞아서 좀 그게 제일 힘들어서 따로 살고 싶었던 거 같아. 뭐 혼자 늦게 자고 그런 건 상관없는데 오빠가 게임을 하니까 늦게까지 게임하는 소리 계속 들려 오 들려 오고 하니까 나 자는 데 방에 돼서 그랬던 거 같아. 너는 그런 적은 없어? 어 중3 때까지 1곳에서 살았고 그 주 중3 이후에 약간 신도시 분양 그런 청약 담 당첨 돼 가지고 1번 이사를 갔었어. 근데 그 중3 때까지 계속 같은 지역에 살다 보니까 거기 유치원 초등학교 중학교 나오고 고등학교도 그쪽을 가려고 했는데 이사를 가게 돼서 혼자 떨어진 곳을 가니까 친구들이랑도 멀어지고 그러 그 뭐 원래 놀던 데에서도 못 놀고 이런 게 쪼끔 아쉽고 힘들긴 하더라고. 근데 집이 넓어서 되게 좋았던 거 같아. 나는 이사를 많이 안 해 봐서 막 해 보고 싶었다 이런 게 좀 컸었는데 주변에 이사 많이 다니는 사람은 안 그렇더라고. 이사를 그만 다니고 싶다 그러더라. 혹시 너도 그런 편이야? 음 나는 이사 간 다음에 우 이 이사 간 아파트 앞에 막 전원주택 같은 게 있는 거야. 그래서 나중에 이 또 이사를 가게 된다면은 저런 데에서 살고 싶다. 저런 데에서 마당에서 막 식물 키우고 동물 키우고 막 나만의 정원을 가꾸면서 2층 바 다락방에서 살고 싶다 막 이런 생각을 했었는데. 근데 막상 거기에 살면은 관리하는 게 되게 힘들어 보이더라고. 할머니 집도 그런 전원주택인데 조금만 뭘 관리를 안 해 줘도 잡초 자라고 먼지가 끼고 더러워지고 막 그런 게 많아서 관리가 힘들다고 하더라고. 근데 그럼에도 한 약간 한번쯤은 전원주택에 살고 싶다 이런 생각이 있는데. 너는 그런 어디에 살고 싶다 이런 로망 같은 게 있어? 어 전자레인지랑 냉장고 세탁기 이 이 정도는 원래 있었던 거 같고. 밥솥이랑 응 어 그 오븐 같은 거 뭐라고 하지. 그 아 에어프라이어는 사 왔고. 최근에 여름 되니까 벌레가 너무 많이 생기잖아. 특히 음식물에 벌레가 많이 생기는데 그래서 버리기가 너무 힘들어서 미생물로 분해해 주는 기계 그런 게 있더라고. 오빠가 인스타그램에서 찾아와서 막 우 이거 쓰자 막 그러면서 찾아왔던 기억이 있어. 그래서 그거를 지금 살까 고민 중에 있어. 그게 음식물 쓰레기를 넣으면은 미생물들이 분해를 해서 흙으로 바로 만들어 준대. 근데 그게 하루 만에 다 만들어 주고 냄새도 안 나서 좋다고 하더라고. 너는 혹시 집안일 같은 거는 어떻게 하는 편이야? 어 가끔 아니 자주 좀 싸운 싸우진 않고 이런 거에 대해 짜증을 내는 거 같긴 한데 내 방이 쓰레기 그 분리수거 하는 데 바로 앞에 있단 말이야. 그래서 오빠는 좀 멀어서 쓰레기 같은 걸 거기 내면 그만인데 나는 내고 나서 그게 분리수거가 잘 안 되어 있거나 막 더러운 게 섞여 있거나 하면은 냄새가 바로 내 방으로 들어온단 말이야. 그거 때문에 오빠한테 뭐라 한 적도 많았던 거 같고. 약간 분담 같은 게 예전에는 막 뭐 냉장고 청소 네가 1번 하면 내가 화장실 청소 1번 하고 이런 식으로 번갈아서 하자라고 말은 했는데 어느 순간 보니까 내가 다 하고 있더라고. 그래서 그거에 대해서 쌓아 놨다가 화내기 직전에 딱 말하면은 오빠가 또 눈치는 빨라 가지고 그제서야 부랴부랴 치우고 막 이래서 어 싸우지는 않았던 거 같아. 근데 자취를 하니까 확실히 본가 살 때는 엄마가 다 해 주고 그러는데 내가 다 해야 되니까 그게 힘든 거 같긴 해. 너는 자취하고 싶다는 생각은 없어? 아 나 처음에 집 들어올 때 막 냉장고랑 기본 가구에 막 여 연두색 띠가 막 둘러져 있는 거야. 기본 색깔로 막 있는 거야. 그래서 그걸 보고 아 진짜 별로다. 여기 살기 싫다 했었는데 막상 들어가 보니까 그런 거 별로 티도 안 나고 깔끔해 보이고 좋더라고. 그래서 그렇게 쓰고 있고. 뭔가 인테리어 아 그 자취하면 내 방식대로 바 집을 꾸미고 막 이렇게 써야지라는 생각은 있었는데 막상 있으니까 짐을 그 넣을 짐도 너무 많고 근데 그거에 비해 공간은 안 나오고 하니까 인테리어라고 할 것도 없이 그냥 짐을 넣어 놓은 거 같아. 내 방이 너무 작아서 옷장 같은 게 들어갈 공간이 안 나서 거실에다가 행거 설치해서 바로 옷 놓아두고. 그래서 뭔가 꾸미기도 애매하고 그랬던 거 같아. 너는 집 인테리어 어떤 편이야? 서울에서 살 수 있으면 좋을 거 같은데. 왜냐하면 여가 생활 같은 것도 훨씬 더 많이 할 수 있고 이제 거의 내 친구들이나 생활 반경이 서울에 중심에 맞춰져 있다 보니까 서울에서 생활하는 게 편하긴 한데 가끔씩 여기가 사람이 너무 많아서 내려가고 싶다라는 생각이 들긴 해. 근데 직장을 얻고 뭔가 더 발전을 하려면은 서울에서 사는 게 맞는 거 같아. 나는 그 본가 살 때는 지하에 헬스장이 있어서 그거를 썼단 말이야. 근데 자취를 하니까 그런 여가 시설 시 그 아무튼 시설들이 없어서 막 주변에서 주변 다른 헬스장을 등록해 놨단 말이야. 근데 너는 지금 어쨌든 본가에 살잖아. 큰 아파트에 사는데 그러면 거기에 막 여가 시설 같은 게 와 잘 마련되어 있어?,0.005747126436781609,0.017241379310344827,0.004597701149425287,0.0,0.005747126436781609,0.0034482758620689655,0.005747126436781609,0.008045977011494253,0.01839080459770115,0.029885057471264367,0.004597701149425287,0.027586206896551724,0.0,0.008045977011494253,0.0022988505747126436,0.0,0.0034482758620689655,0.0011494252873563218,0.03218390804597701,0.013793103448275862,0.0,0.0,0.0,0.0022988505747126436,0.0,0.004597701149425287,0.021839080459770115,0.0,0.0034482758620689655,0.0034482758620689655,0.04367816091954023,0.0,0.006896551724137931,0.0,0.004597701149425287,0.009195402298850575,0.0,0.0,0.011494252873563218,0.0011494252873563218,0.0,0.0022988505747126436,0.0,0.0,0.034482758620689655,0.004597701149425287,0.013793103448275862,0.0022988505747126436,0.004597701149425287,0.0367816091954023,0.009195402298850575,0.0011494252873563218,0.0,0.0022988505747126436,0.0,0.0011494252873563218,0.0011494252873563218,0.0022988505747126436,0.0,0.006896551724137931,0.0,0.0,0.0,0.0011494252873563218,0.006896551724137931,0.0022988505747126436,0.0022988505747126436,0.0011494252873563218,0.0011494252873563218,0.0,0.0,0.0,0.0022988505747126436,0.0,0.0,0.005747126436781609,0.0022988505747126436,0.0,0.006896551724137931,0.010344827586206896,0.0011494252873563218,0.0,0.0,0.0,0.0,0.004597701149425287,0.0034482758620689655,0.0,0.0022988505747126436,0.004597701149425287,0.0,0.0022988505747126436,0.0,0.0011494252873563218,0.0,0.0011494252873563218,0.0011494252873563218,0.0011494252873563218,0.0,0.0022988505747126436,0.004597701149425287,0.0011494252873563218,0.0,0.0,0.0,0.0,0.01264367816091954,0.009195402298850575,0.0,0.0011494252873563218,0.0011494252873563218,0.0022988505747126436,0.0011494252873563218,0.0,0.0,0.0011494252873563218,0.0,0.0,0.0011494252873563218,0.011494252873563218,0.0,0.005747126436781609,0.0011494252873563218,0.0,0.0022988505747126436,0.0011494252873563218,0.0011494252873563218,0.0,0.0022988505747126436,0.0,0.0,0.0,0.0,0.0034482758620689655,0.0,0.0,0.01839080459770115,0.0022988505747126436,0.0,0.0,0.0022988505747126436,0.0022988505747126436,0.0022988505747126436,0.0,0.0,0.005747126436781609,0.0011494252873563218,0.0,0.008045977011494253,0.0022988505747126436,0.0011494252873563218,0.005747126436781609,0.0011494252873563218,0.0,0.0,0.0011494252873563218,0.0,0.0011494252873563218,0.006896551724137931,0.0011494252873563218,0.0,0.0034482758620689655,0.0,0.0,0.0,0.004597701149425287,0.0011494252873563218,0.0011494252873563218,0.0,0.0,0.0011494252873563218,0.0,0.0,0.0,0.006896551724137931,0.0,0.0,0.0,0.0,0.0,0.0011494252873563218,0.0,0.0034482758620689655,0.0022988505747126436,0.0,0.0022988505747126436,0.0,0.0022988505747126436,0.0022988505747126436,0.0,0.0,0.0,0.0022988505747126436,0.0,0.0,0.0011494252873563218,0.0,0.0,0.0,0.0,0.0034482758620689655,0.0,0.004597701149425287,0.0,0.0,0.0,0.0,0.0,0.0,0.0011494252873563218,0.0,0.0,0.0,0.0,0.0011494252873563218,0.0,0.0011494252873563218,0.0,0.0011494252873563218,0.0,0.0022988505747126436,0.0,0.0011494252873563218,0.0022988505747126436,0.0,0.0,0.005747126436781609,0.0,0.0022988505747126436,0.0,0.0,0.0,0.0,0.0,0.0,0.0,0.0,0.0,0.0022988505747126436,0.0,0.0,0.0,0.004597701149425287,0.0,0.0,0.0,0.0,0.0,0.0,0.0,0.0,0.0,0.0,0.0,0.0,0.0,0.006896551724137931,0.0034482758620689655,0.0011494252873563218,0.0011494252873563218,0.0011494252873563218,0.0011494252873563218,0.0022988505747126436,0.0022988505747126436,0.0011494252873563218,0.0011494252873563218,0.0011494252873563218,0.0011494252873563218,0.0011494252873563218,0.0011494252873563218,0.0034482758620689655,0.0011494252873563218,0.005747126436781609,0.0011494252873563218,0.0011494252873563218,0.0011494252873563218,0.0022988505747126436,0.0022988505747126436,0.0011494252873563218,0.0022988505747126436,0.0011494252873563218,0.0011494252873563218,0.0011494252873563218,0.0011494252873563218,0.0022988505747126436,0.0011494252873563218,0.0011494252873563218,0.0011494252873563218,0.0022988505747126436,0.0011494252873563218,0.0011494252873563218,0.0011494252873563218,0.0011494252873563218,0.0011494252873563218,0.0011494252873563218,0.0011494252873563218,0.0011494252873563218,0.0022988505747126436,0.0022988505747126436,0.0011494252873563218,0.0011494252873563218,0.0011494252873563218,0.0022988505747126436,0.0011494252873563218,0.0011494252873563218,0.0034482758620689655,0.0011494252873563218,0.0011494252873563218,0.0011494252873563218,0.0011494252873563218,0.0011494252873563218,0.0011494252873563218,0.0011494252873563218,0.0022988505747126436,0.0011494252873563218,0.0022988505747126436,0.0022988505747126436,0.0011494252873563218,0.0011494252873563218,0.0034482758620689655,0.0011494252873563218,0.0011494252873563218,0.0022988505747126436,0.0011494252873563218,0.0022988505747126436,0.0011494252873563218,0.0011494252873563218,0.0022988505747126436,0.0011494252873563218,0.0011494252873563218,0.0011494252873563218,0.0022988505747126436,0.0011494252873563218,0.0034482758620689655,0.0034482758620689655,0.0022988505747126436,0.0011494252873563218,0.0011494252873563218,0.0011494252873563218,0.0011494252873563218,0.0011494252873563218,0.0011494252873563218,0.0011494252873563218,0.004597701149425287,0.0011494252873563218,0.0011494252873563218,0.0011494252873563218,0.0011494252873563218,0.0022988505747126436,0.0011494252873563218,0.0011494252873563218,0.0011494252873563218,0.0034482758620689655,0.0011494252873563218,0.0011494252873563218,0.0011494252873563218,0.0011494252873563218,0.0022988505747126436,0.0011494252873563218,0.0022988505747126436,0.0022988505747126436,0.0022988505747126436,0.0011494252873563218,0.0011494252873563218,0.0011494252873563218,0.0011494252873563218,0.0022988505747126436,0.0011494252873563218,0.0034482758620689655,0.0034482758620689655,0.0011494252873563218,0.004597701149425287,0.0011494252873563218,0.0011494252873563218,0.0022988505747126436,0.0022988505747126436,0.0011494252873563218,0.0011494252873563218,0.0011494252873563218,0.0022988505747126436,0.0011494252873563218,0.0022988505747126436,0.0022988505747126436,0.0011494252873563218,0.0011494252873563218,0.0011494252873563218,0.0011494252873563218,0.0011494252873563218,0.0011494252873563218,0.0011494252873563218,0.0011494252873563218,0.0011494252873563218,0.0011494252873563218,0.0011494252873563218,0.0011494252873563218,0.0022988505747126436,0.0011494252873563218,0.0011494252873563218,0.0011494252873563218,0.0011494252873563218,0.0011494252873563218,0.0011494252873563218,0.0011494252873563218,0.0011494252873563218,0.0011494252873563218,0.0011494252873563218,0.0011494252873563218,0.0022988505747126436,0.0011494252873563218,0.0011494252873563218,0.0011494252873563218,0.0011494252873563218,0.0011494252873563218,0.0022988505747126436,0.0011494252873563218,0.0022988505747126436,0.0011494252873563218,0.0011494252873563218,0.0011494252873563218,0.0034482758620689655,0.0011494252873563218,0.0011494252873563218,0.0011494252873563218,0.0011494252873563218,0.0011494252873563218,0.0011494252873563218,0.0011494252873563218,0.0011494252873563218,0.0011494252873563218,0.0011494252873563218,0.0011494252873563218,0.0011494252873563218,0.0034482758620689655,0.0011494252873563218,0.0022988505747126436,0.0011494252873563218,0.0011494252873563218,0.0011494252873563218,0.0011494252873563218,0.0011494252873563218,0.0011494252873563218,0.0011494252873563218,0.0011494252873563218,0.0011494252873563218,0.0011494252873563218,0.0011494252873563218,0.0011494252873563218,0.0011494252873563218,0.0011494252873563218,0.0011494252873563218,0.0011494252873563218,0.0011494252873563218,0.0011494252873563218,0.0,0.0,0.0,0.0,0.0,0.0,0.0,0.0,0.0,0.0,0.0,0.0,0.0,0.0,0.0,0.0,0.0,0.0,0.0,0.0,0.0,0.0,0.0,0.0,0.0,0.0,0.0,0.0,0.0,0.0,0.0,0.0,0.0,0.0,0.0,0.0,0.0,0.0,0.0,0.0,0.0,0.0,0.0,0.0,0.0,0.0,0.0,0.0,0.0,0.0,0.0,0.0,0.0,0.0,0.0,0.0,0.0,0.0,0.0,0.0,0.0,0.0,0.0,0.0,0.0,0.0,0.0,0.0,0.0,0.0,0.0,0.0,0.0,0.0,0.0,0.0,0.0,0.0,0.0,0.0,0.0,0.0,0.0,0.0,0.0,0.0,0.0,0.0,0.0,0.0,0.0,0.0,0.0,0.0,0.0,0.0,0.0,0.0,0.0,0.0,0.0,0.0,0.0,0.0,0.0,0.0,0.0,0.0,0.0,0.0,0.0,0.0,0.0,0.0,0.0,0.0,0.0,0.0,0.0,0.0,0.0,0.0,0.0,0.0,0.0,0.0,0.0,0.0,0.0,0.0,0.0,0.0,0.0,0.0,0.0,0.0,0.0,0.0,0.0,0.0,0.0,0.0,0.0,0.0,0.0,0.0,0.0,0.0,0.0,0.0,0.0,0.0,0.0,0.0,0.0,0.0,0.0,0.0,0.0,0.0,0.0,0.0,0.0,0.0,0.0,0.0,0.0,0.0,0.0,0.0,0.0,0.0,0.0,0.0,0.0,0.0,0.0,0.0,0.0,0.0,0.0,0.0,0.0,0.0,0.0,0.0,0.0,0.0,0.0,0.0,0.0,0.0,0.0,0.0,0.0,0.0,0.0,0.0,0.0,0.0,0.0,0.0,0.0,0.0,0.0,0.0,0.0,0.0,0.0,0.0,0.0,0.0,0.0,0.0,0.0,0.0,0.0,0.0,0.0,0.0,0.0,0.0,0.0,0.0,0.0,0.0,0.0,0.0,0.0,0.0,0.0,0.0,0.0,0.0,0.0,0.0,0.0,0.0,0.0,0.0,0.0,0.0,0.0,0.0,0.0,0.0,0.0,0.0,0.0,0.0,0.0,0.0,0.0,0.0,0.0,0.0,0.0,0.0,0.0,0.0,0.0,0.0,0.0,0.0,0.0,0.0,0.0,0.0,0.0,0.0,0.0,0.0,0.0,0.0,0.0,0.0,0.0,0.0,0.0,0.0,0.0,0.0,0.0,0.0,0.0,0.0,0.0,0.0,0.0,0.0,0.0,0.0,0.0,0.0,0.0,0.0,0.0,0.0,0.0,0.0,0.0,0.0,0.0,0.0,0.0,0.0,0.0,0.0,0.0,0.0,0.0,0.0,0.0,0.0,0.0,0.0,0.0,0.0,0.0,0.0,0.0,0.0,0.0,0.0,0.0,0.0,0.0,0.0,0.0,0.0,0.0,0.0,0.0,0.0,0.0,0.0,0.0,0.0,0.0,0.0,0.0,0.0,0.0,0.0,0.0,0.0,0.0,0.0,0.0,0.0,0.0,0.0,0.0,0.0,0.0,0.0,0.0,0.0,0.0,0.0,0.0,0.0,0.0,0.0,0.0,0.0,0.0,0.0,0.0,0.0,0.0,0.0,0.0,0.5861619426006002,0.0,0.0,0.0,0.0,0.0,0.0,0.0,0.0,0.0,0.0,0.0,0.0,0.0,0.0,0.0,0.0,0.0,0.0,0.0,0.0,0.0,0.0,0.0,0.0,0.0,0.0,0.0,0.0,0.0,0.0,0.0,0.0,0.0,0.0,0.0,0.0,0.0,0.0,0.0,0.0,0.0,0.0,0.0,0.0,0.0,0.0,0.0,0.0,0.0,0.0,0.0,0.0,0.0,0.0,0.0,0.0,0.0,0.0,0.0,0.0,0.0,0.0,0.0,0.0,0.0,0.0,0.0,0.0,0.0,0.0,0.0,0.0,0.0,0.0,0.0,0.0,0.0,0.0,0.0,0.0,0.0,0.0,0.0,0.0,0.0,0.0,0.0,0.5861619426006002,0.0,0.0,0.0,0.0,0.0,0.0,0.0,0.0,0.0,0.0,0.0,0.0,0.0,0.0,0.0,0.0,0.0,0.0,0.0,0.0,0.0,0.0,0.0,0.0,0.0,0.0,0.0,0.0,0.0,0.0,0.0,0.0,0.0,0.0,0.0,0.0,0.0,0.0,0.0,0.0,0.0,0.0,0.0,0.0,0.0,0.0,0.0,0.0,0.0,0.0,0.0,0.0,0.0,0.0,0.0,0.0,0.0,0.0,0.0,0.0,0.0,0.0,0.0,0.0,0.0,0.0,0.0,0.0,0.0,0.0,0.0,0.0,0.0,0.0,0.0,0.0,0.0,0.0,0.0,0.0,0.0,0.0,0.0,0.0,0.0,0.0,0.0,0.0,0.0,0.0,0.0,0.0,0.0,0.0,0.0,0.0,0.0,0.0,0.0,0.0,0.0,0.0,0.0,0.0,0.0,0.0,0.0,0.0,0.0,0.0,0.0,0.0,0.0,0.0,0.0,0.0,0.0,0.0,0.0,0.0,0.0,0.0,0.0,0.0,0.0,0.0,0.0,0.0,0.0,0.0,0.0,0.0,0.0,0.0,0.0,0.0,0.0,0.0,0.0,0.0,0.0,0.0,0.0,0.0,0.0,0.0,0.0,0.0,0.0,0.0,0.0,0.0,0.0,0.0,0.0,0.0,0.0,0.0,0.0,0.0,0.0,0.0,0.0,0.0,0.0,0.0,0.0,0.0,0.0,0.0,0.0,0.0,0.0,0.0,0.0,0.0,0.0,0.0,0.0,0.0,0.0,0.0,0.0,0.0,0.0,0.0,0.0,0.0,0.0,0.0,0.5593106060977043,0.0,0.0,0.0,0.0,0.0,0.0,0.0,0.0,0.0,0.0,0.0,0.0,0.0,0.0,0.0,0.0,0.0,0.0,0.0,0.0,0.0,0.0,0.0,0.0,0.0,0.0,0.0,0.0,0.0,0.0,0.0,0.0,0.0,0.0,0.0,0.0,0.0,0.0,0.0,0.0,0.0,0.0,0.0,0.0,0.0,0.0,0.0,0.0,0.0,0.0,0.0,0.0,0.0,0.0,0.0,0.0,0.0,0.0,0.0,0.0,0.0,0.0,0.0,0.0,0.0,0.0,0.0,0.0,0.0,0.0,0.0,0.0,0.0,0.0
SD2401268,20대,음 근데 우리집이 꼭대기 층이라 그런지 좀 괜찮은 거 같은데. 층간 소음은 없는데 벽간 소음이 쪼금 있는 거 같아. 방이 그 방음이 잘 안 돼서 옆 문 그 첫 입구 문에만 서도 옆의 방이 뭐 유튜브 뭐 듣고 있는지 무슨 대화하고 있는지가 너무 잘 들려서 쪼끔 부담스럽긴 해. 근데 위에는 아무도 사람이 안 사니까 내가 살기에는 어 소음이 없어서 되게 좋은 거 같아. 그거 말고도 본가 살 때는 위층이 아빠 지인이 살았었는데 그래서 막 소음이 나도 뭐라 하기가 좀 그랬던 경험이 있어. 너는 지금 몇 층 정도에 살아? 층간 소음은 없어? 음 그 학 학교 들어오고 나서부터 2년 동안 여기 살고 올해 새로 계약해서 똑같은 데 연장해서 거기서 살고 있어. 아마 내년에는 교환 학생을 가서 없으니까 오빠가 혼자 살 거 같아 지금 같이 살고 있으니까. 그리고 사실 나는 올해 딱 계약 연장할 때쯤에 새로 구해서 따로따로 살고 싶었는데 아무래도 서울 뭐 월세가 비싸다 보니까 그냥 한집에서 해서 전세로 사는 게 낫겠다 싶어서 같이 살고 있는데. 어 아무래도 생활 패턴이나 그런 집안일 하는 거가 좀 안 맞아서 좀 그게 제일 힘들어서 따로 살고 싶었던 거 같아. 뭐 혼자 늦게 자고 그런 건 상관없는데 오빠가 게임을 하니까 늦게까지 게임하는 소리 계속 들려 오 들려 오고 하니까 나 자는 데 방에 돼서 그랬던 거 같아. 너는 그런 적은 없어? 어 중3 때까지 1곳에서 살았고 그 주 중3 이후에 약간 신도시 분양 그런 청약 담 당첨 돼 가지고 1번 이사를 갔었어. 근데 그 중3 때까지 계속 같은 지역에 살다 보니까 거기 유치원 초등학교 중학교 나오고 고등학교도 그쪽을 가려고 했는데 이사를 가게 돼서 혼자 떨어진 곳을 가니까 친구들이랑도 멀어지고 그러 그 뭐 원래 놀던 데에서도 못 놀고 이런 게 쪼끔 아쉽고 힘들긴 하더라고. 근데 집이 넓어서 되게 좋았던 거 같아. 나는 이사를 많이 안 해 봐서 막 해 보고 싶었다 이런 게 좀 컸었는데 주변에 이사 많이 다니는 사람은 안 그렇더라고. 이사를 그만 다니고 싶다 그러더라. 혹시 너도 그런 편이야? 음 나는 이사 간 다음에 우 이 이사 간 아파트 앞에 막 전원주택 같은 게 있는 거야. 그래서 나중에 이 또 이사를 가게 된다면은 저런 데에서 살고 싶다. 저런 데에서 마당에서 막 식물 키우고 동물 키우고 막 나만의 정원을 가꾸면서 2층 바 다락방에서 살고 싶다 막 이런 생각을 했었는데. 근데 막상 거기에 살면은 관리하는 게 되게 힘들어 보이더라고. 할머니 집도 그런 전원주택인데 조금만 뭘 관리를 안 해 줘도 잡초 자라고 먼지가 끼고 더러워지고 막 그런 게 많아서 관리가 힘들다고 하더라고. 근데 그럼에도 한 약간 한번쯤은 전원주택에 살고 싶다 이런 생각이 있는데. 너는 그런 어디에 살고 싶다 이런 로망 같은 게 있어? 어 전자레인지랑 냉장고 세탁기 이 이 정도는 원래 있었던 거 같고. 밥솥이랑 응 어 그 오븐 같은 거 뭐라고 하지. 그 아 에어프라이어는 사 왔고. 최근에 여름 되니까 벌레가 너무 많이 생기잖아. 특히 음식물에 벌레가 많이 생기는데 그래서 버리기가 너무 힘들어서 미생물로 분해해 주는 기계 그런 게 있더라고. 오빠가 인스타그램에서 찾아와서 막 우 이거 쓰자 막 그러면서 찾아왔던 기억이 있어. 그래서 그거를 지금 살까 고민 중에 있어. 그게 음식물 쓰레기를 넣으면은 미생물들이 분해를 해서 흙으로 바로 만들어 준대. 근데 그게 하루 만에 다 만들어 주고 냄새도 안 나서 좋다고 하더라고. 너는 혹시 집안일 같은 거는 어떻게 하는 편이야? 어 가끔 아니 자주 좀 싸운 싸우진 않고 이런 거에 대해 짜증을 내는 거 같긴 한데 내 방이 쓰레기 그 분리수거 하는 데 바로 앞에 있단 말이야. 그래서 오빠는 좀 멀어서 쓰레기 같은 걸 거기 내면 그만인데 나는 내고 나서 그게 분리수거가 잘 안 되어 있거나 막 더러운 게 섞여 있거나 하면은 냄새가 바로 내 방으로 들어온단 말이야. 그거 때문에 오빠한테 뭐라 한 적도 많았던 거 같고. 약간 분담 같은 게 예전에는 막 뭐 냉장고 청소 네가 1번 하면 내가 화장실 청소 1번 하고 이런 식으로 번갈아서 하자라고 말은 했는데 어느 순간 보니까 내가 다 하고 있더라고. 그래서 그거에 대해서 쌓아 놨다가 화내기 직전에 딱 말하면은 오빠가 또 눈치는 빨라 가지고 그제서야 부랴부랴 치우고 막 이래서 어 싸우지는 않았던 거 같아. 근데 자취를 하니까 확실히 본가 살 때는 엄마가 다 해 주고 그러는데 내가 다 해야 되니까 그게 힘든 거 같긴 해. 너는 자취하고 싶다는 생각은 없어? 아 나 처음에 집 들어올 때 막 냉장고랑 기본 가구에 막 여 연두색 띠가 막 둘러져 있는 거야. 기본 색깔로 막 있는 거야. 그래서 그걸 보고 아 진짜 별로다. 여기 살기 싫다 했었는데 막상 들어가 보니까 그런 거 별로 티도 안 나고 깔끔해 보이고 좋더라고. 그래서 그렇게 쓰고 있고. 뭔가 인테리어 아 그 자취하면 내 방식대로 바 집을 꾸미고 막 이렇게 써야지라는 생각은 있었는데 막상 있으니까 짐을 그 넣을 짐도 너무 많고 근데 그거에 비해 공간은 안 나오고 하니까 인테리어라고 할 것도 없이 그냥 짐을 넣어 놓은 거 같아. 내 방이 너무 작아서 옷장 같은 게 들어갈 공간이 안 나서 거실에다가 행거 설치해서 바로 옷 놓아두고. 그래서 뭔가 꾸미기도 애매하고 그랬던 거 같아. 너는 집 인테리어 어떤 편이야? 서울에서 살 수 있으면 좋을 거 같은데. 왜냐하면 여가 생활 같은 것도 훨씬 더 많이 할 수 있고 이제 거의 내 친구들이나 생활 반경이 서울에 중심에 맞춰져 있다 보니까 서울에서 생활하는 게 편하긴 한데 가끔씩 여기가 사람이 너무 많아서 내려가고 싶다라는 생각이 들긴 해. 근데 직장을 얻고 뭔가 더 발전을 하려면은 서울에서 사는 게 맞는 거 같아. 나는 그 본가 살 때는 지하에 헬스장이 있어서 그거를 썼단 말이야. 근데 자취를 하니까 그런 여가 시설 시 그 아무튼 시설들이 없어서 막 주변에서 주변 다른 헬스장을 등록해 놨단 말이야. 근데 너는 지금 어쨌든 본가에 살잖아. 큰 아파트에 사는데 그러면 거기에 막 여가 시설 같은 게 와 잘 마련되어 있어?,0.005747126436781609,0.017241379310344827,0.004597701149425287,0.0,0.005747126436781609,0.0034482758620689655,0.005747126436781609,0.008045977011494253,0.01839080459770115,0.029885057471264367,0.004597701149425287,0.027586206896551724,0.0,0.008045977011494253,0.0022988505747126436,0.0,0.0034482758620689655,0.0011494252873563218,0.03218390804597701,0.013793103448275862,0.0,0.0,0.0,0.0022988505747126436,0.0,0.004597701149425287,0.021839080459770115,0.0,0.0034482758620689655,0.0034482758620689655,0.04367816091954023,0.0,0.006896551724137931,0.0,0.004597701149425287,0.009195402298850575,0.0,0.0,0.011494252873563218,0.0011494252873563218,0.0,0.0022988505747126436,0.0,0.0,0.034482758620689655,0.004597701149425287,0.013793103448275862,0.0022988505747126436,0.004597701149425287,0.0367816091954023,0.009195402298850575,0.0011494252873563218,0.0,0.0022988505747126436,0.0,0.0011494252873563218,0.0011494252873563218,0.0022988505747126436,0.0,0.006896551724137931,0.0,0.0,0.0,0.0011494252873563218,0.006896551724137931,0.0022988505747126436,0.0022988505747126436,0.0011494252873563218,0.0011494252873563218,0.0,0.0,0.0,0.0022988505747126436,0.0,0.0,0.005747126436781609,0.0022988505747126436,0.0,0.006896551724137931,0.010344827586206896,0.0011494252873563218,0.0,0.0,0.0,0.0,0.004597701149425287,0.0034482758620689655,0.0,0.0022988505747126436,0.004597701149425287,0.0,0.0022988505747126436,0.0,0.0011494252873563218,0.0,0.0011494252873563218,0.0011494252873563218,0.0011494252873563218,0.0,0.0022988505747126436,0.004597701149425287,0.0011494252873563218,0.0,0.0,0.0,0.0,0.01264367816091954,0.009195402298850575,0.0,0.0011494252873563218,0.0011494252873563218,0.0022988505747126436,0.0011494252873563218,0.0,0.0,0.0011494252873563218,0.0,0.0,0.0011494252873563218,0.011494252873563218,0.0,0.005747126436781609,0.0011494252873563218,0.0,0.0022988505747126436,0.0011494252873563218,0.0011494252873563218,0.0,0.0022988505747126436,0.0,0.0,0.0,0.0,0.0034482758620689655,0.0,0.0,0.01839080459770115,0.0022988505747126436,0.0,0.0,0.0022988505747126436,0.0022988505747126436,0.0022988505747126436,0.0,0.0,0.005747126436781609,0.0011494252873563218,0.0,0.008045977011494253,0.0022988505747126436,0.0011494252873563218,0.005747126436781609,0.0011494252873563218,0.0,0.0,0.0011494252873563218,0.0,0.0011494252873563218,0.006896551724137931,0.0011494252873563218,0.0,0.0034482758620689655,0.0,0.0,0.0,0.004597701149425287,0.0011494252873563218,0.0011494252873563218,0.0,0.0,0.0011494252873563218,0.0,0.0,0.0,0.006896551724137931,0.0,0.0,0.0,0.0,0.0,0.0011494252873563218,0.0,0.0034482758620689655,0.0022988505747126436,0.0,0.0022988505747126436,0.0,0.0022988505747126436,0.0022988505747126436,0.0,0.0,0.0,0.0022988505747126436,0.0,0.0,0.0011494252873563218,0.0,0.0,0.0,0.0,0.0034482758620689655,0.0,0.004597701149425287,0.0,0.0,0.0,0.0,0.0,0.0,0.0011494252873563218,0.0,0.0,0.0,0.0,0.0011494252873563218,0.0,0.0011494252873563218,0.0,0.0011494252873563218,0.0,0.0022988505747126436,0.0,0.0011494252873563218,0.0022988505747126436,0.0,0.0,0.005747126436781609,0.0,0.0022988505747126436,0.0,0.0,0.0,0.0,0.0,0.0,0.0,0.0,0.0,0.0022988505747126436,0.0,0.0,0.0,0.004597701149425287,0.0,0.0,0.0,0.0,0.0,0.0,0.0,0.0,0.0,0.0,0.0,0.0,0.0,0.006896551724137931,0.0034482758620689655,0.0011494252873563218,0.0011494252873563218,0.0011494252873563218,0.0011494252873563218,0.0022988505747126436,0.0022988505747126436,0.0011494252873563218,0.0011494252873563218,0.0011494252873563218,0.0011494252873563218,0.0011494252873563218,0.0011494252873563218,0.0034482758620689655,0.0011494252873563218,0.005747126436781609,0.0011494252873563218,0.0011494252873563218,0.0011494252873563218,0.0022988505747126436,0.0022988505747126436,0.0011494252873563218,0.0022988505747126436,0.0011494252873563218,0.0011494252873563218,0.0011494252873563218,0.0011494252873563218,0.0022988505747126436,0.0011494252873563218,0.0011494252873563218,0.0011494252873563218,0.0022988505747126436,0.0011494252873563218,0.0011494252873563218,0.0011494252873563218,0.0011494252873563218,0.0011494252873563218,0.0011494252873563218,0.0011494252873563218,0.0011494252873563218,0.0022988505747126436,0.0022988505747126436,0.0011494252873563218,0.0011494252873563218,0.0011494252873563218,0.0022988505747126436,0.0011494252873563218,0.0011494252873563218,0.0034482758620689655,0.0011494252873563218,0.0011494252873563218,0.0011494252873563218,0.0011494252873563218,0.0011494252873563218,0.0011494252873563218,0.0011494252873563218,0.0022988505747126436,0.0011494252873563218,0.0022988505747126436,0.0022988505747126436,0.0011494252873563218,0.0011494252873563218,0.0034482758620689655,0.0011494252873563218,0.0011494252873563218,0.0022988505747126436,0.0011494252873563218,0.0022988505747126436,0.0011494252873563218,0.0011494252873563218,0.0022988505747126436,0.0011494252873563218,0.0011494252873563218,0.0011494252873563218,0.0022988505747126436,0.0011494252873563218,0.0034482758620689655,0.0034482758620689655,0.0022988505747126436,0.0011494252873563218,0.0011494252873563218,0.0011494252873563218,0.0011494252873563218,0.0011494252873563218,0.0011494252873563218,0.0011494252873563218,0.004597701149425287,0.0011494252873563218,0.0011494252873563218,0.0011494252873563218,0.0011494252873563218,0.0022988505747126436,0.0011494252873563218,0.0011494252873563218,0.0011494252873563218,0.0034482758620689655,0.0011494252873563218,0.0011494252873563218,0.0011494252873563218,0.0011494252873563218,0.0022988505747126436,0.0011494252873563218,0.0022988505747126436,0.0022988505747126436,0.0022988505747126436,0.0011494252873563218,0.0011494252873563218,0.0011494252873563218,0.0011494252873563218,0.0022988505747126436,0.0011494252873563218,0.0034482758620689655,0.0034482758620689655,0.0011494252873563218,0.004597701149425287,0.0011494252873563218,0.0011494252873563218,0.0022988505747126436,0.0022988505747126436,0.0011494252873563218,0.0011494252873563218,0.0011494252873563218,0.0022988505747126436,0.0011494252873563218,0.0022988505747126436,0.0022988505747126436,0.0011494252873563218,0.0011494252873563218,0.0011494252873563218,0.0011494252873563218,0.0011494252873563218,0.0011494252873563218,0.0011494252873563218,0.0011494252873563218,0.0011494252873563218,0.0011494252873563218,0.0011494252873563218,0.0011494252873563218,0.0022988505747126436,0.0011494252873563218,0.0011494252873563218,0.0011494252873563218,0.0011494252873563218,0.0011494252873563218,0.0011494252873563218,0.0011494252873563218,0.0011494252873563218,0.0011494252873563218,0.0011494252873563218,0.0011494252873563218,0.0022988505747126436,0.0011494252873563218,0.0011494252873563218,0.0011494252873563218,0.0011494252873563218,0.0011494252873563218,0.0022988505747126436,0.0011494252873563218,0.0022988505747126436,0.0011494252873563218,0.0011494252873563218,0.0011494252873563218,0.0034482758620689655,0.0011494252873563218,0.0011494252873563218,0.0011494252873563218,0.0011494252873563218,0.0011494252873563218,0.0011494252873563218,0.0011494252873563218,0.0011494252873563218,0.0011494252873563218,0.0011494252873563218,0.0011494252873563218,0.0011494252873563218,0.0034482758620689655,0.0011494252873563218,0.0022988505747126436,0.0011494252873563218,0.0011494252873563218,0.0011494252873563218,0.0011494252873563218,0.0011494252873563218,0.0011494252873563218,0.0011494252873563218,0.0011494252873563218,0.0011494252873563218,0.0011494252873563218,0.0011494252873563218,0.0011494252873563218,0.0011494252873563218,0.0011494252873563218,0.0011494252873563218,0.0011494252873563218,0.0011494252873563218,0.0011494252873563218,0.0,0.0,0.0,0.0,0.0,0.0,0.0,0.0,0.4060103227758515,0.0,0.0,0.0,0.0,0.0,0.0,0.0,0.0,0.0,0.0,0.0,0.0,0.0,0.0,0.0,0.0,0.0,0.0,0.0,0.0,0.0,0.0,0.0,0.0,0.0,0.0,0.0,0.0,0.0,0.0,0.0,0.0,0.0,0.0,0.0,0.0,0.0,0.0,0.0,0.0,0.0,0.0,0.0,0.0,0.0,0.0,0.0,0.0,0.0,0.0,0.0,0.0,0.0,0.0,0.0,0.0,0.0,0.0,0.0,0.0,0.0,0.0,0.0,0.0,0.0,0.0,0.0,0.0,0.0,0.0,0.0,0.0,0.0,0.0,0.0,0.0,0.0,0.0,0.0,0.0,0.0,0.0,0.0,0.0,0.0,0.0,0.0,0.0,0.0,0.0,0.0,0.0,0.0,0.0,0.0,0.0,0.0,0.0,0.0,0.0,0.0,0.0,0.0,0.0,0.0,0.0,0.0,0.0,0.0,0.0,0.0,0.0,0.0,0.0,0.0,0.0,0.0,0.0,0.0,0.0,0.0,0.0,0.0,0.0,0.0,0.4060103227758515,0.0,0.0,0.0,0.0,0.0,0.0,0.0,0.0,0.0,0.0,0.0,0.0,0.0,0.0,0.0,0.0,0.0,0.0,0.0,0.0,0.0,0.0,0.0,0.0,0.0,0.0,0.0,0.0,0.0,0.0,0.0,0.0,0.0,0.0,0.0,0.0,0.0,0.0,0.0,0.0,0.0,0.0,0.0,0.0,0.0,0.0,0.0,0.0,0.0,0.0,0.0,0.0,0.0,0.0,0.0,0.0,0.0,0.0,0.0,0.0,0.0,0.0,0.0,0.0,0.0,0.0,0.0,0.0,0.0,0.0,0.4060103227758515,0.0,0.0,0.0,0.0,0.0,0.0,0.0,0.0,0.0,0.0,0.0,0.0,0.0,0.0,0.0,0.0,0.4060103227758515,0.0,0.0,0.0,0.0,0.0,0.0,0.0,0.0,0.0,0.0,0.0,0.0,0.0,0.0,0.0,0.0,0.0,0.0,0.0,0.0,0.0,0.0,0.0,0.0,0.0,0.0,0.0,0.0,0.0,0.0,0.0,0.0,0.0,0.0,0.0,0.0,0.0,0.0,0.0,0.0,0.0,0.0,0.0,0.0,0.0,0.0,0.0,0.0,0.0,0.0,0.0,0.0,0.0,0.0,0.0,0.0,0.0,0.0,0.0,0.0,0.0,0.0,0.0,0.0,0.0,0.0,0.0,0.0,0.0,0.0,0.0,0.0,0.0,0.0,0.0,0.0,0.0,0.0,0.0,0.0,0.0,0.0,0.0,0.0,0.0,0.0,0.0,0.0,0.0,0.0,0.0,0.0,0.0,0.0,0.0,0.0,0.0,0.0,0.0,0.0,0.0,0.0,0.0,0.0,0.0,0.0,0.0,0.0,0.0,0.0,0.2694317011896488,0.0,0.0,0.0,0.0,0.0,0.0,0.0,0.0,0.0,0.0,0.0,0.0,0.0,0.0,0.0,0.0,0.0,0.0,0.0,0.0,0.0,0.0,0.0,0.0,0.0,0.0,0.0,0.0,0.0,0.0,0.0,0.0,0.0,0.0,0.0,0.0,0.0,0.0,0.0,0.0,0.0,0.0,0.0,0.0,0.0,0.0,0.0,0.0,0.0,0.0,0.0,0.0,0.0,0.0,0.0,0.0,0.0,0.0,0.0,0.0,0.0,0.0,0.0,0.0,0.0,0.0,0.0,0.0,0.0,0.0,0.0,0.0,0.0,0.0,0.0,0.0,0.0,0.0,0.0,0.0,0.0,0.0,0.0,0.0,0.0,0.0,0.0,0.0,0.0,0.0,0.0,0.0,0.0,0.0,0.0,0.0,0.0,0.0,0.0,0.0,0.0,0.0,0.0,0.0,0.0,0.0,0.0,0.0,0.0,0.0,0.0,0.0,0.0,0.0,0.0,0.0,0.0,0.0,0.0,0.0,0.0,0.0,0.0,0.0,0.0,0.0,0.0,0.0,0.0,0.0,0.0,0.0,0.0,0.3764250032105215,0.0,0.0,0.0,0.0,0.0,0.0,0.0,0.0,0.0,0.0,0.0,0.0,0.0,0.0,0.0,0.0,0.0,0.0,0.0,0.0,0.0,0.0,0.0,0.0,0.0,0.0,0.0,0.0,0.0,0.0,0.0,0.0,0.0,0.0,0.0,0.0,0.0,0.0,0.0,0.0,0.0,0.0,0.0,0.0,0.0,0.0,0.0,0.0,0.0,0.0,0.0,0.0,0.0,0.0,0.0,0.0,0.0,0.0,0.0,0.0,0.0,0.0,0.0,0.0,0.0,0.0,0.0,0.0,0.0,0.0,0.0,0.0,0.0,0.0,0.0,0.0,0.0,0.0,0.0,0.0,0.0,0.0,0.0,0.0,0.0,0.0,0.0,0.0,0.0,0.0,0.0,0.0,0.0,0.0,0.0,0.0,0.0,0.0,0.0,0.0,0.0,0.0,0.0,0.0,0.0,0.0,0.0,0.0,0.0,0.0,0.0,0.0,0.0,0.0,0.0,0.0,0.0,0.0,0.0,0.0,0.0,0.0,0.0,0.0,0.0,0.0,0.0,0.0,0.0,0.0,0.0,0.0,0.0,0.0,0.0,0.0,0.0,0.0,0.0,0.0,0.0,0.0,0.0,0.0,0.0,0.0,0.0,0.0,0.0,0.0,0.0,0.0,0.0,0.0,0.0,0.0,0.0,0.0,0.0,0.0,0.0,0.0,0.0,0.0,0.0,0.0,0.0,0.0,0.0,0.0,0.0,0.0,0.0,0.0,0.0,0.0,0.0,0.0,0.0,0.0,0.0,0.0,0.0,0.0,0.0,0.0,0.0,0.0,0.0,0.0,0.0,0.0,0.0,0.0,0.0,0.0,0.0,0.0,0.0,0.0,0.0,0.0,0.0,0.0,0.0,0.0,0.0,0.0,0.0,0.0,0.0,0.0,0.0,0.0,0.0,0.0,0.0,0.0,0.0,0.3554338849206789,0.0,0.0,0.0,0.0,0.0,0.0,0.0,0.0,0.0,0.0,0.0,0.0,0.0,0.0,0.0,0.0,0.0,0.0,0.0,0.0,0.0,0.0,0.0,0.0,0.0,0.0,0.0,0.0,0.0,0.0,0.0,0.0,0.0,0.0,0.0,0.0,0.0,0.0,0.0
SD2401268,20대,음 근데 우리집이 꼭대기 층이라 그런지 좀 괜찮은 거 같은데. 층간 소음은 없는데 벽간 소음이 쪼금 있는 거 같아. 방이 그 방음이 잘 안 돼서 옆 문 그 첫 입구 문에만 서도 옆의 방이 뭐 유튜브 뭐 듣고 있는지 무슨 대화하고 있는지가 너무 잘 들려서 쪼끔 부담스럽긴 해. 근데 위에는 아무도 사람이 안 사니까 내가 살기에는 어 소음이 없어서 되게 좋은 거 같아. 그거 말고도 본가 살 때는 위층이 아빠 지인이 살았었는데 그래서 막 소음이 나도 뭐라 하기가 좀 그랬던 경험이 있어. 너는 지금 몇 층 정도에 살아? 층간 소음은 없어? 음 그 학 학교 들어오고 나서부터 2년 동안 여기 살고 올해 새로 계약해서 똑같은 데 연장해서 거기서 살고 있어. 아마 내년에는 교환 학생을 가서 없으니까 오빠가 혼자 살 거 같아 지금 같이 살고 있으니까. 그리고 사실 나는 올해 딱 계약 연장할 때쯤에 새로 구해서 따로따로 살고 싶었는데 아무래도 서울 뭐 월세가 비싸다 보니까 그냥 한집에서 해서 전세로 사는 게 낫겠다 싶어서 같이 살고 있는데. 어 아무래도 생활 패턴이나 그런 집안일 하는 거가 좀 안 맞아서 좀 그게 제일 힘들어서 따로 살고 싶었던 거 같아. 뭐 혼자 늦게 자고 그런 건 상관없는데 오빠가 게임을 하니까 늦게까지 게임하는 소리 계속 들려 오 들려 오고 하니까 나 자는 데 방에 돼서 그랬던 거 같아. 너는 그런 적은 없어? 어 중3 때까지 1곳에서 살았고 그 주 중3 이후에 약간 신도시 분양 그런 청약 담 당첨 돼 가지고 1번 이사를 갔었어. 근데 그 중3 때까지 계속 같은 지역에 살다 보니까 거기 유치원 초등학교 중학교 나오고 고등학교도 그쪽을 가려고 했는데 이사를 가게 돼서 혼자 떨어진 곳을 가니까 친구들이랑도 멀어지고 그러 그 뭐 원래 놀던 데에서도 못 놀고 이런 게 쪼끔 아쉽고 힘들긴 하더라고. 근데 집이 넓어서 되게 좋았던 거 같아. 나는 이사를 많이 안 해 봐서 막 해 보고 싶었다 이런 게 좀 컸었는데 주변에 이사 많이 다니는 사람은 안 그렇더라고. 이사를 그만 다니고 싶다 그러더라. 혹시 너도 그런 편이야? 음 나는 이사 간 다음에 우 이 이사 간 아파트 앞에 막 전원주택 같은 게 있는 거야. 그래서 나중에 이 또 이사를 가게 된다면은 저런 데에서 살고 싶다. 저런 데에서 마당에서 막 식물 키우고 동물 키우고 막 나만의 정원을 가꾸면서 2층 바 다락방에서 살고 싶다 막 이런 생각을 했었는데. 근데 막상 거기에 살면은 관리하는 게 되게 힘들어 보이더라고. 할머니 집도 그런 전원주택인데 조금만 뭘 관리를 안 해 줘도 잡초 자라고 먼지가 끼고 더러워지고 막 그런 게 많아서 관리가 힘들다고 하더라고. 근데 그럼에도 한 약간 한번쯤은 전원주택에 살고 싶다 이런 생각이 있는데. 너는 그런 어디에 살고 싶다 이런 로망 같은 게 있어? 어 전자레인지랑 냉장고 세탁기 이 이 정도는 원래 있었던 거 같고. 밥솥이랑 응 어 그 오븐 같은 거 뭐라고 하지. 그 아 에어프라이어는 사 왔고. 최근에 여름 되니까 벌레가 너무 많이 생기잖아. 특히 음식물에 벌레가 많이 생기는데 그래서 버리기가 너무 힘들어서 미생물로 분해해 주는 기계 그런 게 있더라고. 오빠가 인스타그램에서 찾아와서 막 우 이거 쓰자 막 그러면서 찾아왔던 기억이 있어. 그래서 그거를 지금 살까 고민 중에 있어. 그게 음식물 쓰레기를 넣으면은 미생물들이 분해를 해서 흙으로 바로 만들어 준대. 근데 그게 하루 만에 다 만들어 주고 냄새도 안 나서 좋다고 하더라고. 너는 혹시 집안일 같은 거는 어떻게 하는 편이야? 어 가끔 아니 자주 좀 싸운 싸우진 않고 이런 거에 대해 짜증을 내는 거 같긴 한데 내 방이 쓰레기 그 분리수거 하는 데 바로 앞에 있단 말이야. 그래서 오빠는 좀 멀어서 쓰레기 같은 걸 거기 내면 그만인데 나는 내고 나서 그게 분리수거가 잘 안 되어 있거나 막 더러운 게 섞여 있거나 하면은 냄새가 바로 내 방으로 들어온단 말이야. 그거 때문에 오빠한테 뭐라 한 적도 많았던 거 같고. 약간 분담 같은 게 예전에는 막 뭐 냉장고 청소 네가 1번 하면 내가 화장실 청소 1번 하고 이런 식으로 번갈아서 하자라고 말은 했는데 어느 순간 보니까 내가 다 하고 있더라고. 그래서 그거에 대해서 쌓아 놨다가 화내기 직전에 딱 말하면은 오빠가 또 눈치는 빨라 가지고 그제서야 부랴부랴 치우고 막 이래서 어 싸우지는 않았던 거 같아. 근데 자취를 하니까 확실히 본가 살 때는 엄마가 다 해 주고 그러는데 내가 다 해야 되니까 그게 힘든 거 같긴 해. 너는 자취하고 싶다는 생각은 없어? 아 나 처음에 집 들어올 때 막 냉장고랑 기본 가구에 막 여 연두색 띠가 막 둘러져 있는 거야. 기본 색깔로 막 있는 거야. 그래서 그걸 보고 아 진짜 별로다. 여기 살기 싫다 했었는데 막상 들어가 보니까 그런 거 별로 티도 안 나고 깔끔해 보이고 좋더라고. 그래서 그렇게 쓰고 있고. 뭔가 인테리어 아 그 자취하면 내 방식대로 바 집을 꾸미고 막 이렇게 써야지라는 생각은 있었는데 막상 있으니까 짐을 그 넣을 짐도 너무 많고 근데 그거에 비해 공간은 안 나오고 하니까 인테리어라고 할 것도 없이 그냥 짐을 넣어 놓은 거 같아. 내 방이 너무 작아서 옷장 같은 게 들어갈 공간이 안 나서 거실에다가 행거 설치해서 바로 옷 놓아두고. 그래서 뭔가 꾸미기도 애매하고 그랬던 거 같아. 너는 집 인테리어 어떤 편이야? 서울에서 살 수 있으면 좋을 거 같은데. 왜냐하면 여가 생활 같은 것도 훨씬 더 많이 할 수 있고 이제 거의 내 친구들이나 생활 반경이 서울에 중심에 맞춰져 있다 보니까 서울에서 생활하는 게 편하긴 한데 가끔씩 여기가 사람이 너무 많아서 내려가고 싶다라는 생각이 들긴 해. 근데 직장을 얻고 뭔가 더 발전을 하려면은 서울에서 사는 게 맞는 거 같아. 나는 그 본가 살 때는 지하에 헬스장이 있어서 그거를 썼단 말이야. 근데 자취를 하니까 그런 여가 시설 시 그 아무튼 시설들이 없어서 막 주변에서 주변 다른 헬스장을 등록해 놨단 말이야. 근데 너는 지금 어쨌든 본가에 살잖아. 큰 아파트에 사는데 그러면 거기에 막 여가 시설 같은 게 와 잘 마련되어 있어?,0.005747126436781609,0.017241379310344827,0.004597701149425287,0.0,0.005747126436781609,0.0034482758620689655,0.005747126436781609,0.008045977011494253,0.01839080459770115,0.029885057471264367,0.004597701149425287,0.027586206896551724,0.0,0.008045977011494253,0.0022988505747126436,0.0,0.0034482758620689655,0.0011494252873563218,0.03218390804597701,0.013793103448275862,0.0,0.0,0.0,0.0022988505747126436,0.0,0.004597701149425287,0.021839080459770115,0.0,0.0034482758620689655,0.0034482758620689655,0.04367816091954023,0.0,0.006896551724137931,0.0,0.004597701149425287,0.009195402298850575,0.0,0.0,0.011494252873563218,0.0011494252873563218,0.0,0.0022988505747126436,0.0,0.0,0.034482758620689655,0.004597701149425287,0.013793103448275862,0.0022988505747126436,0.004597701149425287,0.0367816091954023,0.009195402298850575,0.0011494252873563218,0.0,0.0022988505747126436,0.0,0.0011494252873563218,0.0011494252873563218,0.0022988505747126436,0.0,0.006896551724137931,0.0,0.0,0.0,0.0011494252873563218,0.006896551724137931,0.0022988505747126436,0.0022988505747126436,0.0011494252873563218,0.0011494252873563218,0.0,0.0,0.0,0.0022988505747126436,0.0,0.0,0.005747126436781609,0.0022988505747126436,0.0,0.006896551724137931,0.010344827586206896,0.0011494252873563218,0.0,0.0,0.0,0.0,0.004597701149425287,0.0034482758620689655,0.0,0.0022988505747126436,0.004597701149425287,0.0,0.0022988505747126436,0.0,0.0011494252873563218,0.0,0.0011494252873563218,0.0011494252873563218,0.0011494252873563218,0.0,0.0022988505747126436,0.004597701149425287,0.0011494252873563218,0.0,0.0,0.0,0.0,0.01264367816091954,0.009195402298850575,0.0,0.0011494252873563218,0.0011494252873563218,0.0022988505747126436,0.0011494252873563218,0.0,0.0,0.0011494252873563218,0.0,0.0,0.0011494252873563218,0.011494252873563218,0.0,0.005747126436781609,0.0011494252873563218,0.0,0.0022988505747126436,0.0011494252873563218,0.0011494252873563218,0.0,0.0022988505747126436,0.0,0.0,0.0,0.0,0.0034482758620689655,0.0,0.0,0.01839080459770115,0.0022988505747126436,0.0,0.0,0.0022988505747126436,0.0022988505747126436,0.0022988505747126436,0.0,0.0,0.005747126436781609,0.0011494252873563218,0.0,0.008045977011494253,0.0022988505747126436,0.0011494252873563218,0.005747126436781609,0.0011494252873563218,0.0,0.0,0.0011494252873563218,0.0,0.0011494252873563218,0.006896551724137931,0.0011494252873563218,0.0,0.0034482758620689655,0.0,0.0,0.0,0.004597701149425287,0.0011494252873563218,0.0011494252873563218,0.0,0.0,0.0011494252873563218,0.0,0.0,0.0,0.006896551724137931,0.0,0.0,0.0,0.0,0.0,0.0011494252873563218,0.0,0.0034482758620689655,0.0022988505747126436,0.0,0.0022988505747126436,0.0,0.0022988505747126436,0.0022988505747126436,0.0,0.0,0.0,0.0022988505747126436,0.0,0.0,0.0011494252873563218,0.0,0.0,0.0,0.0,0.0034482758620689655,0.0,0.004597701149425287,0.0,0.0,0.0,0.0,0.0,0.0,0.0011494252873563218,0.0,0.0,0.0,0.0,0.0011494252873563218,0.0,0.0011494252873563218,0.0,0.0011494252873563218,0.0,0.0022988505747126436,0.0,0.0011494252873563218,0.0022988505747126436,0.0,0.0,0.005747126436781609,0.0,0.0022988505747126436,0.0,0.0,0.0,0.0,0.0,0.0,0.0,0.0,0.0,0.0022988505747126436,0.0,0.0,0.0,0.004597701149425287,0.0,0.0,0.0,0.0,0.0,0.0,0.0,0.0,0.0,0.0,0.0,0.0,0.0,0.006896551724137931,0.0034482758620689655,0.0011494252873563218,0.0011494252873563218,0.0011494252873563218,0.0011494252873563218,0.0022988505747126436,0.0022988505747126436,0.0011494252873563218,0.0011494252873563218,0.0011494252873563218,0.0011494252873563218,0.0011494252873563218,0.0011494252873563218,0.0034482758620689655,0.0011494252873563218,0.005747126436781609,0.0011494252873563218,0.0011494252873563218,0.0011494252873563218,0.0022988505747126436,0.0022988505747126436,0.0011494252873563218,0.0022988505747126436,0.0011494252873563218,0.0011494252873563218,0.0011494252873563218,0.0011494252873563218,0.0022988505747126436,0.0011494252873563218,0.0011494252873563218,0.0011494252873563218,0.0022988505747126436,0.0011494252873563218,0.0011494252873563218,0.0011494252873563218,0.0011494252873563218,0.0011494252873563218,0.0011494252873563218,0.0011494252873563218,0.0011494252873563218,0.0022988505747126436,0.0022988505747126436,0.0011494252873563218,0.0011494252873563218,0.0011494252873563218,0.0022988505747126436,0.0011494252873563218,0.0011494252873563218,0.0034482758620689655,0.0011494252873563218,0.0011494252873563218,0.0011494252873563218,0.0011494252873563218,0.0011494252873563218,0.0011494252873563218,0.0011494252873563218,0.0022988505747126436,0.0011494252873563218,0.0022988505747126436,0.0022988505747126436,0.0011494252873563218,0.0011494252873563218,0.0034482758620689655,0.0011494252873563218,0.0011494252873563218,0.0022988505747126436,0.0011494252873563218,0.0022988505747126436,0.0011494252873563218,0.0011494252873563218,0.0022988505747126436,0.0011494252873563218,0.0011494252873563218,0.0011494252873563218,0.0022988505747126436,0.0011494252873563218,0.0034482758620689655,0.0034482758620689655,0.0022988505747126436,0.0011494252873563218,0.0011494252873563218,0.0011494252873563218,0.0011494252873563218,0.0011494252873563218,0.0011494252873563218,0.0011494252873563218,0.004597701149425287,0.0011494252873563218,0.0011494252873563218,0.0011494252873563218,0.0011494252873563218,0.0022988505747126436,0.0011494252873563218,0.0011494252873563218,0.0011494252873563218,0.0034482758620689655,0.0011494252873563218,0.0011494252873563218,0.0011494252873563218,0.0011494252873563218,0.0022988505747126436,0.0011494252873563218,0.0022988505747126436,0.0022988505747126436,0.0022988505747126436,0.0011494252873563218,0.0011494252873563218,0.0011494252873563218,0.0011494252873563218,0.0022988505747126436,0.0011494252873563218,0.0034482758620689655,0.0034482758620689655,0.0011494252873563218,0.004597701149425287,0.0011494252873563218,0.0011494252873563218,0.0022988505747126436,0.0022988505747126436,0.0011494252873563218,0.0011494252873563218,0.0011494252873563218,0.0022988505747126436,0.0011494252873563218,0.0022988505747126436,0.0022988505747126436,0.0011494252873563218,0.0011494252873563218,0.0011494252873563218,0.0011494252873563218,0.0011494252873563218,0.0011494252873563218,0.0011494252873563218,0.0011494252873563218,0.0011494252873563218,0.0011494252873563218,0.0011494252873563218,0.0011494252873563218,0.0022988505747126436,0.0011494252873563218,0.0011494252873563218,0.0011494252873563218,0.0011494252873563218,0.0011494252873563218,0.0011494252873563218,0.0011494252873563218,0.0011494252873563218,0.0011494252873563218,0.0011494252873563218,0.0011494252873563218,0.0022988505747126436,0.0011494252873563218,0.0011494252873563218,0.0011494252873563218,0.0011494252873563218,0.0011494252873563218,0.0022988505747126436,0.0011494252873563218,0.0022988505747126436,0.0011494252873563218,0.0011494252873563218,0.0011494252873563218,0.0034482758620689655,0.0011494252873563218,0.0011494252873563218,0.0011494252873563218,0.0011494252873563218,0.0011494252873563218,0.0011494252873563218,0.0011494252873563218,0.0011494252873563218,0.0011494252873563218,0.0011494252873563218,0.0011494252873563218,0.0011494252873563218,0.0034482758620689655,0.0011494252873563218,0.0022988505747126436,0.0011494252873563218,0.0011494252873563218,0.0011494252873563218,0.0011494252873563218,0.0011494252873563218,0.0011494252873563218,0.0011494252873563218,0.0011494252873563218,0.0011494252873563218,0.0011494252873563218,0.0011494252873563218,0.0011494252873563218,0.0011494252873563218,0.0011494252873563218,0.0011494252873563218,0.0011494252873563218,0.0011494252873563218,0.0011494252873563218,0.0,0.0,0.0,0.0,0.0,0.0,0.0,0.0,0.0,0.0,0.0,0.0,0.0,0.0,0.0,0.0,0.0,0.0,0.0,0.0,0.0,0.0,0.0,0.0,0.0,0.0,0.0,0.0,0.0,0.0,0.0,0.0,0.0,0.0,0.0,0.0,0.0,0.0,0.0,0.0,0.0,0.0,0.0,0.0,0.0,0.0,0.0,0.3547537492358064,0.0,0.0,0.0,0.0,0.0,0.0,0.0,0.0,0.0,0.0,0.0,0.0,0.0,0.0,0.0,0.0,0.0,0.0,0.0,0.405233407234982,0.0,0.0,0.0,0.0,0.0,0.0,0.0,0.0,0.0,0.0,0.0,0.0,0.0,0.0,0.0,0.0,0.0,0.0,0.0,0.0,0.0,0.0,0.0,0.0,0.0,0.0,0.0,0.0,0.0,0.0,0.0,0.0,0.0,0.0,0.0,0.0,0.0,0.0,0.0,0.0,0.0,0.0,0.0,0.0,0.0,0.0,0.0,0.0,0.0,0.0,0.0,0.0,0.0,0.0,0.0,0.0,0.0,0.0,0.0,0.0,0.0,0.0,0.0,0.0,0.0,0.0,0.0,0.0,0.0,0.0,0.0,0.0,0.0,0.0,0.0,0.0,0.0,0.0,0.0,0.0,0.0,0.0,0.0,0.0,0.0,0.0,0.0,0.0,0.0,0.0,0.0,0.0,0.0,0.0,0.0,0.0,0.0,0.0,0.0,0.0,0.0,0.0,0.0,0.0,0.0,0.0,0.0,0.0,0.0,0.0,0.0,0.0,0.0,0.0,0.0,0.0,0.0,0.0,0.0,0.0,0.0,0.0,0.0,0.0,0.0,0.0,0.0,0.0,0.0,0.0,0.0,0.0,0.0,0.0,0.0,0.0,0.0,0.0,0.0,0.0,0.0,0.0,0.0,0.0,0.0,0.0,0.0,0.0,0.0,0.0,0.0,0.0,0.0,0.0,0.0,0.0,0.0,0.0,0.0,0.0,0.0,0.0,0.0,0.0,0.0,0.0,0.0,0.0,0.0,0.0,0.0,0.0,0.0,0.405233407234982,0.0,0.0,0.0,0.0,0.0,0.0,0.0,0.0,0.0,0.0,0.0,0.0,0.0,0.0,0.0,0.0,0.0,0.0,0.0,0.0,0.0,0.0,0.0,0.0,0.0,0.0,0.0,0.0,0.0,0.0,0.0,0.0,0.0,0.0,0.0,0.0,0.0,0.0,0.0,0.0,0.0,0.0,0.0,0.0,0.0,0.0,0.0,0.0,0.0,0.0,0.0,0.0,0.0,0.0,0.0,0.0,0.0,0.0,0.0,0.0,0.0,0.0,0.0,0.0,0.0,0.0,0.0,0.0,0.0,0.0,0.0,0.0,0.0,0.0,0.0,0.0,0.0,0.0,0.0,0.0,0.0,0.0,0.0,0.0,0.0,0.0,0.0,0.0,0.0,0.0,0.0,0.2689161338158294,0.0,0.0,0.0,0.0,0.0,0.0,0.0,0.0,0.0,0.0,0.0,0.0,0.0,0.0,0.3139987488863874,0.0,0.0,0.0,0.0,0.0,0.0,0.0,0.0,0.0,0.0,0.0,0.0,0.0,0.0,0.0,0.0,0.0,0.0,0.0,0.0,0.0,0.0,0.0,0.0,0.0,0.0,0.0,0.0,0.0,0.0,0.0,0.0,0.0,0.0,0.0,0.0,0.0,0.0,0.0,0.0,0.0,0.0,0.0,0.0,0.0,0.0,0.0,0.0,0.0,0.0,0.0,0.0,0.0,0.0,0.0,0.0,0.0,0.0,0.0,0.0,0.0,0.0,0.0,0.0,0.0,0.0,0.0,0.0,0.0,0.0,0.0,0.0,0.0,0.0,0.0,0.0,0.0,0.0,0.0,0.0,0.0,0.0,0.0,0.0,0.0,0.0,0.0,0.0,0.0,0.0,0.0,0.0,0.0,0.0,0.0,0.0,0.0,0.0,0.0,0.0,0.0,0.0,0.0,0.0,0.0,0.0,0.0,0.0,0.0,0.0,0.0,0.0,0.0,0.0,0.0,0.0,0.0,0.0,0.0,0.0,0.0,0.0,0.0,0.405233407234982,0.0,0.0,0.0,0.0,0.0,0.0,0.0,0.0,0.0,0.0,0.0,0.37570470025623554,0.0,0.0,0.0,0.0,0.0,0.0,0.0,0.0,0.0,0.0,0.0,0.0,0.0,0.0,0.0,0.0,0.0,0.0,0.0,0.0,0.0,0.0,0.0,0.0,0.0,0.0,0.0,0.0,0.0,0.0,0.0,0.0,0.0,0.0,0.0,0.0,0.0,0.0,0.0,0.0,0.0,0.0,0.0,0.0,0.0,0.0,0.0,0.0,0.0,0.0,0.0,0.0,0.0,0.0,0.0,0.0,0.0,0.0,0.0,0.0,0.0,0.26351909088721176,0.0,0.0,0.0,0.0,0.0,0.0,0.0,0.0,0.0,0.0,0.0,0.0,0.0,0.0,0.0,0.0,0.0,0.0,0.0,0.0,0.0,0.0,0.0,0.0,0.0,0.0,0.0,0.0,0.0,0.0,0.0,0.0,0.0,0.0,0.0,0.0,0.0,0.0,0.0,0.0,0.0,0.0,0.0,0.0,0.0,0.0,0.0,0.0,0.0,0.0,0.0,0.0,0.0,0.0,0.0,0.0,0.0,0.0,0.0,0.0,0.0,0.0,0.0,0.0,0.0,0.0,0.0,0.0,0.0,0.0,0.0,0.0,0.0,0.0,0.0,0.0,0.0,0.0,0.0,0.0,0.0,0.0,0.0,0.0,0.0,0.0,0.0,0.0,0.0,0.0,0.0,0.0,0.0,0.0,0.0,0.0,0.0,0.0,0.0,0.0,0.0,0.0,0.0,0.0,0.0,0.0,0.0,0.0,0.0,0.0,0.0,0.0,0.0,0.0,0.0,0.0,0.0,0.0,0.0,0.0,0.0,0.0,0.0,0.0,0.0,0.0,0.0,0.0,0.0,0.0,0.0,0.0,0.0,0.0,0.0,0.0,0.0,0.0,0.0,0.0,0.0,0.0,0.0,0.0,0.0,0.0,0.0,0.0,0.0,0.0,0.0,0.0,0.0,0.0,0.0,0.0,0.0,0.0,0.0,0.0,0.0,0.0,0.0,0.0,0.0,0.0,0.0,0.0,0.0,0.0,0.0,0.0,0.0,0.0,0.0,0.0,0.0,0.0,0.0,0.0
SD2401268,20대,음 근데 우리집이 꼭대기 층이라 그런지 좀 괜찮은 거 같은데. 층간 소음은 없는데 벽간 소음이 쪼금 있는 거 같아. 방이 그 방음이 잘 안 돼서 옆 문 그 첫 입구 문에만 서도 옆의 방이 뭐 유튜브 뭐 듣고 있는지 무슨 대화하고 있는지가 너무 잘 들려서 쪼끔 부담스럽긴 해. 근데 위에는 아무도 사람이 안 사니까 내가 살기에는 어 소음이 없어서 되게 좋은 거 같아. 그거 말고도 본가 살 때는 위층이 아빠 지인이 살았었는데 그래서 막 소음이 나도 뭐라 하기가 좀 그랬던 경험이 있어. 너는 지금 몇 층 정도에 살아? 층간 소음은 없어? 음 그 학 학교 들어오고 나서부터 2년 동안 여기 살고 올해 새로 계약해서 똑같은 데 연장해서 거기서 살고 있어. 아마 내년에는 교환 학생을 가서 없으니까 오빠가 혼자 살 거 같아 지금 같이 살고 있으니까. 그리고 사실 나는 올해 딱 계약 연장할 때쯤에 새로 구해서 따로따로 살고 싶었는데 아무래도 서울 뭐 월세가 비싸다 보니까 그냥 한집에서 해서 전세로 사는 게 낫겠다 싶어서 같이 살고 있는데. 어 아무래도 생활 패턴이나 그런 집안일 하는 거가 좀 안 맞아서 좀 그게 제일 힘들어서 따로 살고 싶었던 거 같아. 뭐 혼자 늦게 자고 그런 건 상관없는데 오빠가 게임을 하니까 늦게까지 게임하는 소리 계속 들려 오 들려 오고 하니까 나 자는 데 방에 돼서 그랬던 거 같아. 너는 그런 적은 없어? 어 중3 때까지 1곳에서 살았고 그 주 중3 이후에 약간 신도시 분양 그런 청약 담 당첨 돼 가지고 1번 이사를 갔었어. 근데 그 중3 때까지 계속 같은 지역에 살다 보니까 거기 유치원 초등학교 중학교 나오고 고등학교도 그쪽을 가려고 했는데 이사를 가게 돼서 혼자 떨어진 곳을 가니까 친구들이랑도 멀어지고 그러 그 뭐 원래 놀던 데에서도 못 놀고 이런 게 쪼끔 아쉽고 힘들긴 하더라고. 근데 집이 넓어서 되게 좋았던 거 같아. 나는 이사를 많이 안 해 봐서 막 해 보고 싶었다 이런 게 좀 컸었는데 주변에 이사 많이 다니는 사람은 안 그렇더라고. 이사를 그만 다니고 싶다 그러더라. 혹시 너도 그런 편이야? 음 나는 이사 간 다음에 우 이 이사 간 아파트 앞에 막 전원주택 같은 게 있는 거야. 그래서 나중에 이 또 이사를 가게 된다면은 저런 데에서 살고 싶다. 저런 데에서 마당에서 막 식물 키우고 동물 키우고 막 나만의 정원을 가꾸면서 2층 바 다락방에서 살고 싶다 막 이런 생각을 했었는데. 근데 막상 거기에 살면은 관리하는 게 되게 힘들어 보이더라고. 할머니 집도 그런 전원주택인데 조금만 뭘 관리를 안 해 줘도 잡초 자라고 먼지가 끼고 더러워지고 막 그런 게 많아서 관리가 힘들다고 하더라고. 근데 그럼에도 한 약간 한번쯤은 전원주택에 살고 싶다 이런 생각이 있는데. 너는 그런 어디에 살고 싶다 이런 로망 같은 게 있어? 어 전자레인지랑 냉장고 세탁기 이 이 정도는 원래 있었던 거 같고. 밥솥이랑 응 어 그 오븐 같은 거 뭐라고 하지. 그 아 에어프라이어는 사 왔고. 최근에 여름 되니까 벌레가 너무 많이 생기잖아. 특히 음식물에 벌레가 많이 생기는데 그래서 버리기가 너무 힘들어서 미생물로 분해해 주는 기계 그런 게 있더라고. 오빠가 인스타그램에서 찾아와서 막 우 이거 쓰자 막 그러면서 찾아왔던 기억이 있어. 그래서 그거를 지금 살까 고민 중에 있어. 그게 음식물 쓰레기를 넣으면은 미생물들이 분해를 해서 흙으로 바로 만들어 준대. 근데 그게 하루 만에 다 만들어 주고 냄새도 안 나서 좋다고 하더라고. 너는 혹시 집안일 같은 거는 어떻게 하는 편이야? 어 가끔 아니 자주 좀 싸운 싸우진 않고 이런 거에 대해 짜증을 내는 거 같긴 한데 내 방이 쓰레기 그 분리수거 하는 데 바로 앞에 있단 말이야. 그래서 오빠는 좀 멀어서 쓰레기 같은 걸 거기 내면 그만인데 나는 내고 나서 그게 분리수거가 잘 안 되어 있거나 막 더러운 게 섞여 있거나 하면은 냄새가 바로 내 방으로 들어온단 말이야. 그거 때문에 오빠한테 뭐라 한 적도 많았던 거 같고. 약간 분담 같은 게 예전에는 막 뭐 냉장고 청소 네가 1번 하면 내가 화장실 청소 1번 하고 이런 식으로 번갈아서 하자라고 말은 했는데 어느 순간 보니까 내가 다 하고 있더라고. 그래서 그거에 대해서 쌓아 놨다가 화내기 직전에 딱 말하면은 오빠가 또 눈치는 빨라 가지고 그제서야 부랴부랴 치우고 막 이래서 어 싸우지는 않았던 거 같아. 근데 자취를 하니까 확실히 본가 살 때는 엄마가 다 해 주고 그러는데 내가 다 해야 되니까 그게 힘든 거 같긴 해. 너는 자취하고 싶다는 생각은 없어? 아 나 처음에 집 들어올 때 막 냉장고랑 기본 가구에 막 여 연두색 띠가 막 둘러져 있는 거야. 기본 색깔로 막 있는 거야. 그래서 그걸 보고 아 진짜 별로다. 여기 살기 싫다 했었는데 막상 들어가 보니까 그런 거 별로 티도 안 나고 깔끔해 보이고 좋더라고. 그래서 그렇게 쓰고 있고. 뭔가 인테리어 아 그 자취하면 내 방식대로 바 집을 꾸미고 막 이렇게 써야지라는 생각은 있었는데 막상 있으니까 짐을 그 넣을 짐도 너무 많고 근데 그거에 비해 공간은 안 나오고 하니까 인테리어라고 할 것도 없이 그냥 짐을 넣어 놓은 거 같아. 내 방이 너무 작아서 옷장 같은 게 들어갈 공간이 안 나서 거실에다가 행거 설치해서 바로 옷 놓아두고. 그래서 뭔가 꾸미기도 애매하고 그랬던 거 같아. 너는 집 인테리어 어떤 편이야? 서울에서 살 수 있으면 좋을 거 같은데. 왜냐하면 여가 생활 같은 것도 훨씬 더 많이 할 수 있고 이제 거의 내 친구들이나 생활 반경이 서울에 중심에 맞춰져 있다 보니까 서울에서 생활하는 게 편하긴 한데 가끔씩 여기가 사람이 너무 많아서 내려가고 싶다라는 생각이 들긴 해. 근데 직장을 얻고 뭔가 더 발전을 하려면은 서울에서 사는 게 맞는 거 같아. 나는 그 본가 살 때는 지하에 헬스장이 있어서 그거를 썼단 말이야. 근데 자취를 하니까 그런 여가 시설 시 그 아무튼 시설들이 없어서 막 주변에서 주변 다른 헬스장을 등록해 놨단 말이야. 근데 너는 지금 어쨌든 본가에 살잖아. 큰 아파트에 사는데 그러면 거기에 막 여가 시설 같은 게 와 잘 마련되어 있어?,0.005747126436781609,0.017241379310344827,0.004597701149425287,0.0,0.005747126436781609,0.0034482758620689655,0.005747126436781609,0.008045977011494253,0.01839080459770115,0.029885057471264367,0.004597701149425287,0.027586206896551724,0.0,0.008045977011494253,0.0022988505747126436,0.0,0.0034482758620689655,0.0011494252873563218,0.03218390804597701,0.013793103448275862,0.0,0.0,0.0,0.0022988505747126436,0.0,0.004597701149425287,0.021839080459770115,0.0,0.0034482758620689655,0.0034482758620689655,0.04367816091954023,0.0,0.006896551724137931,0.0,0.004597701149425287,0.009195402298850575,0.0,0.0,0.011494252873563218,0.0011494252873563218,0.0,0.0022988505747126436,0.0,0.0,0.034482758620689655,0.004597701149425287,0.013793103448275862,0.0022988505747126436,0.004597701149425287,0.0367816091954023,0.009195402298850575,0.0011494252873563218,0.0,0.0022988505747126436,0.0,0.0011494252873563218,0.0011494252873563218,0.0022988505747126436,0.0,0.006896551724137931,0.0,0.0,0.0,0.0011494252873563218,0.006896551724137931,0.0022988505747126436,0.0022988505747126436,0.0011494252873563218,0.0011494252873563218,0.0,0.0,0.0,0.0022988505747126436,0.0,0.0,0.005747126436781609,0.0022988505747126436,0.0,0.006896551724137931,0.010344827586206896,0.0011494252873563218,0.0,0.0,0.0,0.0,0.004597701149425287,0.0034482758620689655,0.0,0.0022988505747126436,0.004597701149425287,0.0,0.0022988505747126436,0.0,0.0011494252873563218,0.0,0.0011494252873563218,0.0011494252873563218,0.0011494252873563218,0.0,0.0022988505747126436,0.004597701149425287,0.0011494252873563218,0.0,0.0,0.0,0.0,0.01264367816091954,0.009195402298850575,0.0,0.0011494252873563218,0.0011494252873563218,0.0022988505747126436,0.0011494252873563218,0.0,0.0,0.0011494252873563218,0.0,0.0,0.0011494252873563218,0.011494252873563218,0.0,0.005747126436781609,0.0011494252873563218,0.0,0.0022988505747126436,0.0011494252873563218,0.0011494252873563218,0.0,0.0022988505747126436,0.0,0.0,0.0,0.0,0.0034482758620689655,0.0,0.0,0.01839080459770115,0.0022988505747126436,0.0,0.0,0.0022988505747126436,0.0022988505747126436,0.0022988505747126436,0.0,0.0,0.005747126436781609,0.0011494252873563218,0.0,0.008045977011494253,0.0022988505747126436,0.0011494252873563218,0.005747126436781609,0.0011494252873563218,0.0,0.0,0.0011494252873563218,0.0,0.0011494252873563218,0.006896551724137931,0.0011494252873563218,0.0,0.0034482758620689655,0.0,0.0,0.0,0.004597701149425287,0.0011494252873563218,0.0011494252873563218,0.0,0.0,0.0011494252873563218,0.0,0.0,0.0,0.006896551724137931,0.0,0.0,0.0,0.0,0.0,0.0011494252873563218,0.0,0.0034482758620689655,0.0022988505747126436,0.0,0.0022988505747126436,0.0,0.0022988505747126436,0.0022988505747126436,0.0,0.0,0.0,0.0022988505747126436,0.0,0.0,0.0011494252873563218,0.0,0.0,0.0,0.0,0.0034482758620689655,0.0,0.004597701149425287,0.0,0.0,0.0,0.0,0.0,0.0,0.0011494252873563218,0.0,0.0,0.0,0.0,0.0011494252873563218,0.0,0.0011494252873563218,0.0,0.0011494252873563218,0.0,0.0022988505747126436,0.0,0.0011494252873563218,0.0022988505747126436,0.0,0.0,0.005747126436781609,0.0,0.0022988505747126436,0.0,0.0,0.0,0.0,0.0,0.0,0.0,0.0,0.0,0.0022988505747126436,0.0,0.0,0.0,0.004597701149425287,0.0,0.0,0.0,0.0,0.0,0.0,0.0,0.0,0.0,0.0,0.0,0.0,0.0,0.006896551724137931,0.0034482758620689655,0.0011494252873563218,0.0011494252873563218,0.0011494252873563218,0.0011494252873563218,0.0022988505747126436,0.0022988505747126436,0.0011494252873563218,0.0011494252873563218,0.0011494252873563218,0.0011494252873563218,0.0011494252873563218,0.0011494252873563218,0.0034482758620689655,0.0011494252873563218,0.005747126436781609,0.0011494252873563218,0.0011494252873563218,0.0011494252873563218,0.0022988505747126436,0.0022988505747126436,0.0011494252873563218,0.0022988505747126436,0.0011494252873563218,0.0011494252873563218,0.0011494252873563218,0.0011494252873563218,0.0022988505747126436,0.0011494252873563218,0.0011494252873563218,0.0011494252873563218,0.0022988505747126436,0.0011494252873563218,0.0011494252873563218,0.0011494252873563218,0.0011494252873563218,0.0011494252873563218,0.0011494252873563218,0.0011494252873563218,0.0011494252873563218,0.0022988505747126436,0.0022988505747126436,0.0011494252873563218,0.0011494252873563218,0.0011494252873563218,0.0022988505747126436,0.0011494252873563218,0.0011494252873563218,0.0034482758620689655,0.0011494252873563218,0.0011494252873563218,0.0011494252873563218,0.0011494252873563218,0.0011494252873563218,0.0011494252873563218,0.0011494252873563218,0.0022988505747126436,0.0011494252873563218,0.0022988505747126436,0.0022988505747126436,0.0011494252873563218,0.0011494252873563218,0.0034482758620689655,0.0011494252873563218,0.0011494252873563218,0.0022988505747126436,0.0011494252873563218,0.0022988505747126436,0.0011494252873563218,0.0011494252873563218,0.0022988505747126436,0.0011494252873563218,0.0011494252873563218,0.0011494252873563218,0.0022988505747126436,0.0011494252873563218,0.0034482758620689655,0.0034482758620689655,0.0022988505747126436,0.0011494252873563218,0.0011494252873563218,0.0011494252873563218,0.0011494252873563218,0.0011494252873563218,0.0011494252873563218,0.0011494252873563218,0.004597701149425287,0.0011494252873563218,0.0011494252873563218,0.0011494252873563218,0.0011494252873563218,0.0022988505747126436,0.0011494252873563218,0.0011494252873563218,0.0011494252873563218,0.0034482758620689655,0.0011494252873563218,0.0011494252873563218,0.0011494252873563218,0.0011494252873563218,0.0022988505747126436,0.0011494252873563218,0.0022988505747126436,0.0022988505747126436,0.0022988505747126436,0.0011494252873563218,0.0011494252873563218,0.0011494252873563218,0.0011494252873563218,0.0022988505747126436,0.0011494252873563218,0.0034482758620689655,0.0034482758620689655,0.0011494252873563218,0.004597701149425287,0.0011494252873563218,0.0011494252873563218,0.0022988505747126436,0.0022988505747126436,0.0011494252873563218,0.0011494252873563218,0.0011494252873563218,0.0022988505747126436,0.0011494252873563218,0.0022988505747126436,0.0022988505747126436,0.0011494252873563218,0.0011494252873563218,0.0011494252873563218,0.0011494252873563218,0.0011494252873563218,0.0011494252873563218,0.0011494252873563218,0.0011494252873563218,0.0011494252873563218,0.0011494252873563218,0.0011494252873563218,0.0011494252873563218,0.0022988505747126436,0.0011494252873563218,0.0011494252873563218,0.0011494252873563218,0.0011494252873563218,0.0011494252873563218,0.0011494252873563218,0.0011494252873563218,0.0011494252873563218,0.0011494252873563218,0.0011494252873563218,0.0011494252873563218,0.0022988505747126436,0.0011494252873563218,0.0011494252873563218,0.0011494252873563218,0.0011494252873563218,0.0011494252873563218,0.0022988505747126436,0.0011494252873563218,0.0022988505747126436,0.0011494252873563218,0.0011494252873563218,0.0011494252873563218,0.0034482758620689655,0.0011494252873563218,0.0011494252873563218,0.0011494252873563218,0.0011494252873563218,0.0011494252873563218,0.0011494252873563218,0.0011494252873563218,0.0011494252873563218,0.0011494252873563218,0.0011494252873563218,0.0011494252873563218,0.0011494252873563218,0.0034482758620689655,0.0011494252873563218,0.0022988505747126436,0.0011494252873563218,0.0011494252873563218,0.0011494252873563218,0.0011494252873563218,0.0011494252873563218,0.0011494252873563218,0.0011494252873563218,0.0011494252873563218,0.0011494252873563218,0.0011494252873563218,0.0011494252873563218,0.0011494252873563218,0.0011494252873563218,0.0011494252873563218,0.0011494252873563218,0.0011494252873563218,0.0011494252873563218,0.0011494252873563218,0.0,0.0,0.0,0.0,0.0,0.0,0.0,0.0,0.0,0.0,0.0,0.0,0.0,0.0,0.0,0.0,0.0,0.0,0.0,0.0,0.0,0.0,0.0,0.0,0.4164361419416186,0.0,0.0,0.0,0.0,0.0,0.0,0.0,0.0,0.0,0.0,0.0,0.0,0.0,0.0,0.0,0.0,0.0,0.0,0.0,0.0,0.0,0.0,0.0,0.0,0.0,0.0,0.0,0.0,0.0,0.0,0.0,0.0,0.0,0.0,0.0,0.0,0.0,0.0,0.0,0.0,0.0,0.0,0.0,0.0,0.0,0.0,0.0,0.0,0.0,0.0,0.0,0.0,0.0,0.0,0.0,0.0,0.4164361419416186,0.0,0.0,0.0,0.0,0.0,0.0,0.0,0.0,0.0,0.0,0.0,0.0,0.0,0.0,0.0,0.0,0.0,0.0,0.0,0.0,0.0,0.0,0.0,0.0,0.0,0.0,0.0,0.0,0.0,0.0,0.0,0.0,0.0,0.0,0.0,0.0,0.0,0.0,0.0,0.0,0.0,0.0,0.0,0.0,0.0,0.0,0.0,0.0,0.0,0.0,0.0,0.0,0.0,0.0,0.0,0.0,0.0,0.0,0.0,0.0,0.4164361419416186,0.0,0.0,0.0,0.0,0.0,0.0,0.0,0.0,0.0,0.0,0.0,0.0,0.0,0.0,0.0,0.0,0.0,0.0,0.0,0.0,0.0,0.0,0.0,0.0,0.0,0.0,0.0,0.0,0.0,0.0,0.0,0.0,0.0,0.0,0.0,0.0,0.0,0.0,0.0,0.0,0.0,0.0,0.0,0.0,0.0,0.0,0.0,0.0,0.0,0.0,0.0,0.0,0.0,0.0,0.0,0.0,0.0,0.0,0.0,0.0,0.0,0.0,0.0,0.0,0.0,0.0,0.0,0.0,0.0,0.0,0.0,0.0,0.0,0.0,0.0,0.0,0.0,0.0,0.0,0.0,0.0,0.0,0.0,0.0,0.0,0.0,0.0,0.0,0.0,0.0,0.0,0.0,0.0,0.0,0.0,0.0,0.0,0.0,0.0,0.0,0.0,0.0,0.0,0.0,0.0,0.0,0.0,0.0,0.0,0.0,0.0,0.0,0.0,0.0,0.0,0.0,0.0,0.0,0.0,0.0,0.0,0.0,0.0,0.0,0.0,0.0,0.0,0.0,0.0,0.0,0.0,0.0,0.0,0.0,0.0,0.0,0.0,0.0,0.0,0.0,0.0,0.0,0.0,0.0,0.0,0.0,0.0,0.0,0.0,0.0,0.0,0.0,0.0,0.0,0.0,0.0,0.0,0.0,0.0,0.0,0.0,0.0,0.0,0.0,0.0,0.0,0.0,0.0,0.0,0.0,0.0,0.0,0.0,0.0,0.0,0.0,0.0,0.0,0.0,0.0,0.0,0.0,0.0,0.0,0.0,0.0,0.0,0.0,0.0,0.0,0.0,0.0,0.0,0.0,0.0,0.0,0.0,0.0,0.0,0.0,0.0,0.0,0.0,0.0,0.0,0.0,0.0,0.0,0.0,0.0,0.0,0.0,0.0,0.0,0.0,0.0,0.0,0.0,0.0,0.0,0.0,0.0,0.0,0.0,0.0,0.0,0.0,0.0,0.0,0.0,0.0,0.0,0.0,0.0,0.0,0.0,0.0,0.0,0.0,0.0,0.0,0.0,0.0,0.0,0.0,0.0,0.0,0.0,0.0,0.0,0.0,0.0,0.0,0.0,0.0,0.0,0.0,0.0,0.0,0.0,0.0,0.0,0.0,0.0,0.0,0.0,0.0,0.0,0.0,0.0,0.0,0.0,0.0,0.0,0.3645609666762207,0.0,0.0,0.0,0.0,0.0,0.0,0.0,0.0,0.0,0.0,0.0,0.0,0.0,0.0,0.0,0.0,0.0,0.0,0.0,0.0,0.0,0.0,0.0,0.0,0.0,0.0,0.0,0.0,0.0,0.0,0.0,0.0,0.0,0.0,0.0,0.0,0.0,0.0,0.0,0.0,0.0,0.0,0.0,0.0,0.0,0.4164361419416186,0.0,0.0,0.0,0.0,0.0,0.0,0.0,0.0,0.0,0.0,0.0,0.0,0.0,0.0,0.0,0.0,0.0,0.0,0.0,0.0,0.0,0.0,0.0,0.0,0.0,0.0,0.0,0.0,0.0,0.0,0.0,0.0,0.0,0.0,0.0,0.0,0.0,0.0,0.0,0.0,0.0,0.0,0.0,0.0,0.0,0.0,0.0,0.0,0.0,0.0,0.0,0.0,0.0,0.0,0.0,0.0,0.0,0.0,0.0,0.0,0.0,0.0,0.0,0.0,0.0,0.0,0.0,0.0,0.0,0.0,0.0,0.0,0.0,0.0,0.0,0.0,0.0,0.0,0.0,0.0,0.0,0.0,0.0,0.0,0.0,0.0,0.0,0.0,0.0,0.0,0.0,0.0,0.0,0.0,0.0,0.0,0.0,0.0,0.0,0.0,0.0,0.0,0.0,0.0,0.0,0.0,0.0,0.0,0.0,0.0,0.0,0.0,0.0,0.0,0.0,0.0,0.0,0.0,0.0,0.0,0.0,0.0,0.0,0.0,0.0,0.0,0.0,0.0,0.0,0.0,0.0,0.0,0.0,0.0,0.0,0.0,0.0,0.0,0.0,0.0,0.0,0.0,0.0,0.0,0.0,0.0,0.0,0.0,0.0,0.0,0.0,0.0,0.0,0.0,0.0,0.0,0.0,0.0,0.0,0.0,0.0,0.0,0.0,0.0,0.0,0.0,0.0,0.0,0.0,0.0,0.0,0.0,0.0,0.0,0.0,0.0,0.0,0.0,0.0,0.0,0.0,0.0,0.0,0.0,0.0,0.0,0.0,0.0,0.0,0.0,0.0,0.0,0.0,0.0,0.0,0.0,0.0,0.0,0.0,0.0,0.0,0.0,0.0,0.0,0.0,0.0,0.0,0.0,0.0,0.0,0.0,0.0,0.0,0.0,0.0,0.0,0.0,0.0,0.0,0.0,0.0,0.0,0.0,0.0,0.4164361419416186,0.0,0.0,0.0,0.0,0.0,0.0,0.0,0.0,0.0,0.0,0.0,0.0,0.0,0.0,0.0,0.0,0.0,0.0,0.0,0.0,0.0,0.0,0.0,0.0,0.0,0.0,0.0,0.0,0.0,0.0,0.0,0.0,0.0,0.0,0.0,0.0,0.0,0.0
SD2401268,20대,음 근데 우리집이 꼭대기 층이라 그런지 좀 괜찮은 거 같은데. 층간 소음은 없는데 벽간 소음이 쪼금 있는 거 같아. 방이 그 방음이 잘 안 돼서 옆 문 그 첫 입구 문에만 서도 옆의 방이 뭐 유튜브 뭐 듣고 있는지 무슨 대화하고 있는지가 너무 잘 들려서 쪼끔 부담스럽긴 해. 근데 위에는 아무도 사람이 안 사니까 내가 살기에는 어 소음이 없어서 되게 좋은 거 같아. 그거 말고도 본가 살 때는 위층이 아빠 지인이 살았었는데 그래서 막 소음이 나도 뭐라 하기가 좀 그랬던 경험이 있어. 너는 지금 몇 층 정도에 살아? 층간 소음은 없어? 음 그 학 학교 들어오고 나서부터 2년 동안 여기 살고 올해 새로 계약해서 똑같은 데 연장해서 거기서 살고 있어. 아마 내년에는 교환 학생을 가서 없으니까 오빠가 혼자 살 거 같아 지금 같이 살고 있으니까. 그리고 사실 나는 올해 딱 계약 연장할 때쯤에 새로 구해서 따로따로 살고 싶었는데 아무래도 서울 뭐 월세가 비싸다 보니까 그냥 한집에서 해서 전세로 사는 게 낫겠다 싶어서 같이 살고 있는데. 어 아무래도 생활 패턴이나 그런 집안일 하는 거가 좀 안 맞아서 좀 그게 제일 힘들어서 따로 살고 싶었던 거 같아. 뭐 혼자 늦게 자고 그런 건 상관없는데 오빠가 게임을 하니까 늦게까지 게임하는 소리 계속 들려 오 들려 오고 하니까 나 자는 데 방에 돼서 그랬던 거 같아. 너는 그런 적은 없어? 어 중3 때까지 1곳에서 살았고 그 주 중3 이후에 약간 신도시 분양 그런 청약 담 당첨 돼 가지고 1번 이사를 갔었어. 근데 그 중3 때까지 계속 같은 지역에 살다 보니까 거기 유치원 초등학교 중학교 나오고 고등학교도 그쪽을 가려고 했는데 이사를 가게 돼서 혼자 떨어진 곳을 가니까 친구들이랑도 멀어지고 그러 그 뭐 원래 놀던 데에서도 못 놀고 이런 게 쪼끔 아쉽고 힘들긴 하더라고. 근데 집이 넓어서 되게 좋았던 거 같아. 나는 이사를 많이 안 해 봐서 막 해 보고 싶었다 이런 게 좀 컸었는데 주변에 이사 많이 다니는 사람은 안 그렇더라고. 이사를 그만 다니고 싶다 그러더라. 혹시 너도 그런 편이야? 음 나는 이사 간 다음에 우 이 이사 간 아파트 앞에 막 전원주택 같은 게 있는 거야. 그래서 나중에 이 또 이사를 가게 된다면은 저런 데에서 살고 싶다. 저런 데에서 마당에서 막 식물 키우고 동물 키우고 막 나만의 정원을 가꾸면서 2층 바 다락방에서 살고 싶다 막 이런 생각을 했었는데. 근데 막상 거기에 살면은 관리하는 게 되게 힘들어 보이더라고. 할머니 집도 그런 전원주택인데 조금만 뭘 관리를 안 해 줘도 잡초 자라고 먼지가 끼고 더러워지고 막 그런 게 많아서 관리가 힘들다고 하더라고. 근데 그럼에도 한 약간 한번쯤은 전원주택에 살고 싶다 이런 생각이 있는데. 너는 그런 어디에 살고 싶다 이런 로망 같은 게 있어? 어 전자레인지랑 냉장고 세탁기 이 이 정도는 원래 있었던 거 같고. 밥솥이랑 응 어 그 오븐 같은 거 뭐라고 하지. 그 아 에어프라이어는 사 왔고. 최근에 여름 되니까 벌레가 너무 많이 생기잖아. 특히 음식물에 벌레가 많이 생기는데 그래서 버리기가 너무 힘들어서 미생물로 분해해 주는 기계 그런 게 있더라고. 오빠가 인스타그램에서 찾아와서 막 우 이거 쓰자 막 그러면서 찾아왔던 기억이 있어. 그래서 그거를 지금 살까 고민 중에 있어. 그게 음식물 쓰레기를 넣으면은 미생물들이 분해를 해서 흙으로 바로 만들어 준대. 근데 그게 하루 만에 다 만들어 주고 냄새도 안 나서 좋다고 하더라고. 너는 혹시 집안일 같은 거는 어떻게 하는 편이야? 어 가끔 아니 자주 좀 싸운 싸우진 않고 이런 거에 대해 짜증을 내는 거 같긴 한데 내 방이 쓰레기 그 분리수거 하는 데 바로 앞에 있단 말이야. 그래서 오빠는 좀 멀어서 쓰레기 같은 걸 거기 내면 그만인데 나는 내고 나서 그게 분리수거가 잘 안 되어 있거나 막 더러운 게 섞여 있거나 하면은 냄새가 바로 내 방으로 들어온단 말이야. 그거 때문에 오빠한테 뭐라 한 적도 많았던 거 같고. 약간 분담 같은 게 예전에는 막 뭐 냉장고 청소 네가 1번 하면 내가 화장실 청소 1번 하고 이런 식으로 번갈아서 하자라고 말은 했는데 어느 순간 보니까 내가 다 하고 있더라고. 그래서 그거에 대해서 쌓아 놨다가 화내기 직전에 딱 말하면은 오빠가 또 눈치는 빨라 가지고 그제서야 부랴부랴 치우고 막 이래서 어 싸우지는 않았던 거 같아. 근데 자취를 하니까 확실히 본가 살 때는 엄마가 다 해 주고 그러는데 내가 다 해야 되니까 그게 힘든 거 같긴 해. 너는 자취하고 싶다는 생각은 없어? 아 나 처음에 집 들어올 때 막 냉장고랑 기본 가구에 막 여 연두색 띠가 막 둘러져 있는 거야. 기본 색깔로 막 있는 거야. 그래서 그걸 보고 아 진짜 별로다. 여기 살기 싫다 했었는데 막상 들어가 보니까 그런 거 별로 티도 안 나고 깔끔해 보이고 좋더라고. 그래서 그렇게 쓰고 있고. 뭔가 인테리어 아 그 자취하면 내 방식대로 바 집을 꾸미고 막 이렇게 써야지라는 생각은 있었는데 막상 있으니까 짐을 그 넣을 짐도 너무 많고 근데 그거에 비해 공간은 안 나오고 하니까 인테리어라고 할 것도 없이 그냥 짐을 넣어 놓은 거 같아. 내 방이 너무 작아서 옷장 같은 게 들어갈 공간이 안 나서 거실에다가 행거 설치해서 바로 옷 놓아두고. 그래서 뭔가 꾸미기도 애매하고 그랬던 거 같아. 너는 집 인테리어 어떤 편이야? 서울에서 살 수 있으면 좋을 거 같은데. 왜냐하면 여가 생활 같은 것도 훨씬 더 많이 할 수 있고 이제 거의 내 친구들이나 생활 반경이 서울에 중심에 맞춰져 있다 보니까 서울에서 생활하는 게 편하긴 한데 가끔씩 여기가 사람이 너무 많아서 내려가고 싶다라는 생각이 들긴 해. 근데 직장을 얻고 뭔가 더 발전을 하려면은 서울에서 사는 게 맞는 거 같아. 나는 그 본가 살 때는 지하에 헬스장이 있어서 그거를 썼단 말이야. 근데 자취를 하니까 그런 여가 시설 시 그 아무튼 시설들이 없어서 막 주변에서 주변 다른 헬스장을 등록해 놨단 말이야. 근데 너는 지금 어쨌든 본가에 살잖아. 큰 아파트에 사는데 그러면 거기에 막 여가 시설 같은 게 와 잘 마련되어 있어?,0.005747126436781609,0.017241379310344827,0.004597701149425287,0.0,0.005747126436781609,0.0034482758620689655,0.005747126436781609,0.008045977011494253,0.01839080459770115,0.029885057471264367,0.004597701149425287,0.027586206896551724,0.0,0.008045977011494253,0.0022988505747126436,0.0,0.0034482758620689655,0.0011494252873563218,0.03218390804597701,0.013793103448275862,0.0,0.0,0.0,0.0022988505747126436,0.0,0.004597701149425287,0.021839080459770115,0.0,0.0034482758620689655,0.0034482758620689655,0.04367816091954023,0.0,0.006896551724137931,0.0,0.004597701149425287,0.009195402298850575,0.0,0.0,0.011494252873563218,0.0011494252873563218,0.0,0.0022988505747126436,0.0,0.0,0.034482758620689655,0.004597701149425287,0.013793103448275862,0.0022988505747126436,0.004597701149425287,0.0367816091954023,0.009195402298850575,0.0011494252873563218,0.0,0.0022988505747126436,0.0,0.0011494252873563218,0.0011494252873563218,0.0022988505747126436,0.0,0.006896551724137931,0.0,0.0,0.0,0.0011494252873563218,0.006896551724137931,0.0022988505747126436,0.0022988505747126436,0.0011494252873563218,0.0011494252873563218,0.0,0.0,0.0,0.0022988505747126436,0.0,0.0,0.005747126436781609,0.0022988505747126436,0.0,0.006896551724137931,0.010344827586206896,0.0011494252873563218,0.0,0.0,0.0,0.0,0.004597701149425287,0.0034482758620689655,0.0,0.0022988505747126436,0.004597701149425287,0.0,0.0022988505747126436,0.0,0.0011494252873563218,0.0,0.0011494252873563218,0.0011494252873563218,0.0011494252873563218,0.0,0.0022988505747126436,0.004597701149425287,0.0011494252873563218,0.0,0.0,0.0,0.0,0.01264367816091954,0.009195402298850575,0.0,0.0011494252873563218,0.0011494252873563218,0.0022988505747126436,0.0011494252873563218,0.0,0.0,0.0011494252873563218,0.0,0.0,0.0011494252873563218,0.011494252873563218,0.0,0.005747126436781609,0.0011494252873563218,0.0,0.0022988505747126436,0.0011494252873563218,0.0011494252873563218,0.0,0.0022988505747126436,0.0,0.0,0.0,0.0,0.0034482758620689655,0.0,0.0,0.01839080459770115,0.0022988505747126436,0.0,0.0,0.0022988505747126436,0.0022988505747126436,0.0022988505747126436,0.0,0.0,0.005747126436781609,0.0011494252873563218,0.0,0.008045977011494253,0.0022988505747126436,0.0011494252873563218,0.005747126436781609,0.0011494252873563218,0.0,0.0,0.0011494252873563218,0.0,0.0011494252873563218,0.006896551724137931,0.0011494252873563218,0.0,0.0034482758620689655,0.0,0.0,0.0,0.004597701149425287,0.0011494252873563218,0.0011494252873563218,0.0,0.0,0.0011494252873563218,0.0,0.0,0.0,0.006896551724137931,0.0,0.0,0.0,0.0,0.0,0.0011494252873563218,0.0,0.0034482758620689655,0.0022988505747126436,0.0,0.0022988505747126436,0.0,0.0022988505747126436,0.0022988505747126436,0.0,0.0,0.0,0.0022988505747126436,0.0,0.0,0.0011494252873563218,0.0,0.0,0.0,0.0,0.0034482758620689655,0.0,0.004597701149425287,0.0,0.0,0.0,0.0,0.0,0.0,0.0011494252873563218,0.0,0.0,0.0,0.0,0.0011494252873563218,0.0,0.0011494252873563218,0.0,0.0011494252873563218,0.0,0.0022988505747126436,0.0,0.0011494252873563218,0.0022988505747126436,0.0,0.0,0.005747126436781609,0.0,0.0022988505747126436,0.0,0.0,0.0,0.0,0.0,0.0,0.0,0.0,0.0,0.0022988505747126436,0.0,0.0,0.0,0.004597701149425287,0.0,0.0,0.0,0.0,0.0,0.0,0.0,0.0,0.0,0.0,0.0,0.0,0.0,0.006896551724137931,0.0034482758620689655,0.0011494252873563218,0.0011494252873563218,0.0011494252873563218,0.0011494252873563218,0.0022988505747126436,0.0022988505747126436,0.0011494252873563218,0.0011494252873563218,0.0011494252873563218,0.0011494252873563218,0.0011494252873563218,0.0011494252873563218,0.0034482758620689655,0.0011494252873563218,0.005747126436781609,0.0011494252873563218,0.0011494252873563218,0.0011494252873563218,0.0022988505747126436,0.0022988505747126436,0.0011494252873563218,0.0022988505747126436,0.0011494252873563218,0.0011494252873563218,0.0011494252873563218,0.0011494252873563218,0.0022988505747126436,0.0011494252873563218,0.0011494252873563218,0.0011494252873563218,0.0022988505747126436,0.0011494252873563218,0.0011494252873563218,0.0011494252873563218,0.0011494252873563218,0.0011494252873563218,0.0011494252873563218,0.0011494252873563218,0.0011494252873563218,0.0022988505747126436,0.0022988505747126436,0.0011494252873563218,0.0011494252873563218,0.0011494252873563218,0.0022988505747126436,0.0011494252873563218,0.0011494252873563218,0.0034482758620689655,0.0011494252873563218,0.0011494252873563218,0.0011494252873563218,0.0011494252873563218,0.0011494252873563218,0.0011494252873563218,0.0011494252873563218,0.0022988505747126436,0.0011494252873563218,0.0022988505747126436,0.0022988505747126436,0.0011494252873563218,0.0011494252873563218,0.0034482758620689655,0.0011494252873563218,0.0011494252873563218,0.0022988505747126436,0.0011494252873563218,0.0022988505747126436,0.0011494252873563218,0.0011494252873563218,0.0022988505747126436,0.0011494252873563218,0.0011494252873563218,0.0011494252873563218,0.0022988505747126436,0.0011494252873563218,0.0034482758620689655,0.0034482758620689655,0.0022988505747126436,0.0011494252873563218,0.0011494252873563218,0.0011494252873563218,0.0011494252873563218,0.0011494252873563218,0.0011494252873563218,0.0011494252873563218,0.004597701149425287,0.0011494252873563218,0.0011494252873563218,0.0011494252873563218,0.0011494252873563218,0.0022988505747126436,0.0011494252873563218,0.0011494252873563218,0.0011494252873563218,0.0034482758620689655,0.0011494252873563218,0.0011494252873563218,0.0011494252873563218,0.0011494252873563218,0.0022988505747126436,0.0011494252873563218,0.0022988505747126436,0.0022988505747126436,0.0022988505747126436,0.0011494252873563218,0.0011494252873563218,0.0011494252873563218,0.0011494252873563218,0.0022988505747126436,0.0011494252873563218,0.0034482758620689655,0.0034482758620689655,0.0011494252873563218,0.004597701149425287,0.0011494252873563218,0.0011494252873563218,0.0022988505747126436,0.0022988505747126436,0.0011494252873563218,0.0011494252873563218,0.0011494252873563218,0.0022988505747126436,0.0011494252873563218,0.0022988505747126436,0.0022988505747126436,0.0011494252873563218,0.0011494252873563218,0.0011494252873563218,0.0011494252873563218,0.0011494252873563218,0.0011494252873563218,0.0011494252873563218,0.0011494252873563218,0.0011494252873563218,0.0011494252873563218,0.0011494252873563218,0.0011494252873563218,0.0022988505747126436,0.0011494252873563218,0.0011494252873563218,0.0011494252873563218,0.0011494252873563218,0.0011494252873563218,0.0011494252873563218,0.0011494252873563218,0.0011494252873563218,0.0011494252873563218,0.0011494252873563218,0.0011494252873563218,0.0022988505747126436,0.0011494252873563218,0.0011494252873563218,0.0011494252873563218,0.0011494252873563218,0.0011494252873563218,0.0022988505747126436,0.0011494252873563218,0.0022988505747126436,0.0011494252873563218,0.0011494252873563218,0.0011494252873563218,0.0034482758620689655,0.0011494252873563218,0.0011494252873563218,0.0011494252873563218,0.0011494252873563218,0.0011494252873563218,0.0011494252873563218,0.0011494252873563218,0.0011494252873563218,0.0011494252873563218,0.0011494252873563218,0.0011494252873563218,0.0011494252873563218,0.0034482758620689655,0.0011494252873563218,0.0022988505747126436,0.0011494252873563218,0.0011494252873563218,0.0011494252873563218,0.0011494252873563218,0.0011494252873563218,0.0011494252873563218,0.0011494252873563218,0.0011494252873563218,0.0011494252873563218,0.0011494252873563218,0.0011494252873563218,0.0011494252873563218,0.0011494252873563218,0.0011494252873563218,0.0011494252873563218,0.0011494252873563218,0.0011494252873563218,0.0011494252873563218,0.0,0.0,0.0,0.0,0.0,0.0,0.0,0.0,0.0,0.0,0.0,0.0,0.0,0.0,0.0,0.0,0.0,0.0,0.0,0.0,0.0,0.0,0.0,0.0,0.0,0.0,0.0,0.0,0.0,0.0,0.0,0.0,0.0,0.0,0.0,0.0,0.0,0.0,0.4500786497427291,0.0,0.0,0.0,0.0,0.0,0.0,0.0,0.0,0.0,0.0,0.0,0.0,0.0,0.0,0.0,0.0,0.0,0.0,0.0,0.0,0.0,0.0,0.0,0.0,0.0,0.0,0.0,0.0,0.0,0.0,0.0,0.0,0.0,0.0,0.0,0.0,0.0,0.0,0.0,0.0,0.0,0.0,0.0,0.0,0.0,0.0,0.0,0.0,0.0,0.0,0.0,0.0,0.0,0.0,0.0,0.0,0.0,0.0,0.0,0.0,0.0,0.0,0.0,0.0,0.0,0.0,0.0,0.0,0.0,0.0,0.0,0.0,0.0,0.0,0.0,0.0,0.0,0.0,0.0,0.0,0.0,0.0,0.0,0.0,0.0,0.0,0.0,0.0,0.0,0.0,0.0,0.0,0.0,0.0,0.0,0.0,0.0,0.0,0.0,0.0,0.0,0.0,0.0,0.0,0.0,0.0,0.0,0.0,0.0,0.0,0.0,0.0,0.0,0.0,0.0,0.0,0.0,0.0,0.0,0.0,0.0,0.0,0.0,0.0,0.0,0.0,0.0,0.0,0.0,0.0,0.0,0.0,0.0,0.0,0.0,0.0,0.0,0.0,0.0,0.0,0.0,0.0,0.0,0.0,0.0,0.0,0.0,0.0,0.0,0.0,0.0,0.0,0.0,0.0,0.0,0.0,0.0,0.0,0.0,0.0,0.0,0.0,0.0,0.0,0.0,0.0,0.0,0.0,0.0,0.0,0.0,0.0,0.0,0.0,0.0,0.0,0.0,0.0,0.0,0.0,0.0,0.0,0.0,0.0,0.0,0.0,0.0,0.0,0.0,0.0,0.0,0.0,0.0,0.0,0.0,0.0,0.0,0.0,0.0,0.0,0.0,0.0,0.0,0.0,0.0,0.0,0.0,0.0,0.0,0.0,0.0,0.0,0.0,0.0,0.0,0.0,0.0,0.0,0.0,0.0,0.0,0.0,0.0,0.0,0.0,0.0,0.0,0.0,0.0,0.0,0.0,0.0,0.0,0.0,0.0,0.0,0.0,0.0,0.0,0.0,0.0,0.0,0.0,0.0,0.0,0.0,0.0,0.0,0.0,0.0,0.0,0.0,0.0,0.0,0.0,0.0,0.0,0.0,0.0,0.0,0.0,0.0,0.0,0.0,0.0,0.0,0.0,0.0,0.0,0.0,0.0,0.0,0.0,0.0,0.0,0.0,0.0,0.0,0.0,0.0,0.0,0.0,0.0,0.0,0.0,0.0,0.0,0.0,0.0,0.0,0.0,0.0,0.0,0.0,0.0,0.0,0.0,0.0,0.0,0.0,0.0,0.0,0.0,0.0,0.0,0.0,0.0,0.0,0.0,0.0,0.0,0.0,0.0,0.0,0.0,0.0,0.0,0.0,0.0,0.0,0.0,0.0,0.0,0.0,0.0,0.0,0.0,0.0,0.0,0.0,0.0,0.0,0.0,0.0,0.0,0.0,0.0,0.0,0.0,0.0,0.0,0.0,0.0,0.0,0.0,0.0,0.0,0.0,0.0,0.0,0.0,0.0,0.0,0.0,0.0,0.0,0.0,0.0,0.0,0.0,0.0,0.0,0.0,0.0,0.0,0.0,0.0,0.0,0.0,0.0,0.0,0.0,0.0,0.0,0.0,0.0,0.0,0.0,0.0,0.0,0.0,0.0,0.0,0.0,0.0,0.0,0.0,0.0,0.0,0.0,0.0,0.0,0.0,0.0,0.0,0.0,0.0,0.0,0.0,0.0,0.0,0.0,0.0,0.0,0.0,0.0,0.0,0.0,0.0,0.0,0.0,0.0,0.0,0.0,0.0,0.0,0.0,0.0,0.0,0.0,0.0,0.0,0.0,0.0,0.0,0.0,0.0,0.0,0.0,0.0,0.0,0.0,0.0,0.0,0.0,0.0,0.0,0.0,0.6314385199866104,0.0,0.0,0.0,0.0,0.0,0.0,0.0,0.0,0.0,0.0,0.0,0.0,0.0,0.0,0.0,0.0,0.0,0.0,0.0,0.0,0.0,0.0,0.0,0.0,0.0,0.0,0.0,0.0,0.0,0.0,0.0,0.0,0.0,0.0,0.0,0.0,0.0,0.0,0.0,0.0,0.0,0.0,0.0,0.0,0.0,0.0,0.0,0.0,0.0,0.0,0.0,0.0,0.0,0.0,0.0,0.0,0.0,0.0,0.0,0.0,0.0,0.0,0.0,0.0,0.0,0.0,0.0,0.0,0.0,0.0,0.0,0.0,0.0,0.0,0.0,0.0,0.0,0.0,0.0,0.0,0.0,0.0,0.0,0.0,0.0,0.0,0.0,0.0,0.0,0.0,0.0,0.0,0.0,0.0,0.0,0.0,0.0,0.0,0.0,0.0,0.0,0.0,0.0,0.0,0.0,0.0,0.0,0.0,0.0,0.0,0.0,0.0,0.0,0.0,0.0,0.0,0.0,0.0,0.0,0.0,0.0,0.0,0.0,0.0,0.0,0.0,0.0,0.0,0.0,0.0,0.0,0.0,0.0,0.0,0.0,0.0,0.0,0.0,0.0,0.0,0.0,0.0,0.0,0.0,0.0,0.0,0.0,0.0,0.0,0.0,0.0,0.0,0.0,0.0,0.0,0.0,0.0,0.0,0.0,0.0,0.0,0.0,0.0,0.0,0.0,0.0,0.0,0.0,0.0,0.0,0.0,0.0,0.0,0.0,0.0,0.0,0.0,0.0,0.0,0.0,0.0,0.0,0.0,0.0,0.0,0.0,0.0,0.0,0.0,0.0,0.0,0.0,0.0,0.0,0.0,0.0,0.0,0.0,0.0,0.0,0.0,0.0,0.0,0.0,0.0,0.0,0.0,0.0,0.0,0.0,0.0,0.0,0.0,0.0,0.0,0.0,0.0,0.0,0.0,0.0,0.0,0.0,0.0,0.0,0.0,0.0,0.0,0.0,0.0,0.0,0.0,0.0,0.0,0.0,0.6314385199866104,0.0,0.0,0.0,0.0,0.0,0.0,0.0,0.0,0.0,0.0,0.0,0.0,0.0,0.0
SD2401268,20대,음 근데 우리집이 꼭대기 층이라 그런지 좀 괜찮은 거 같은데. 층간 소음은 없는데 벽간 소음이 쪼금 있는 거 같아. 방이 그 방음이 잘 안 돼서 옆 문 그 첫 입구 문에만 서도 옆의 방이 뭐 유튜브 뭐 듣고 있는지 무슨 대화하고 있는지가 너무 잘 들려서 쪼끔 부담스럽긴 해. 근데 위에는 아무도 사람이 안 사니까 내가 살기에는 어 소음이 없어서 되게 좋은 거 같아. 그거 말고도 본가 살 때는 위층이 아빠 지인이 살았었는데 그래서 막 소음이 나도 뭐라 하기가 좀 그랬던 경험이 있어. 너는 지금 몇 층 정도에 살아? 층간 소음은 없어? 음 그 학 학교 들어오고 나서부터 2년 동안 여기 살고 올해 새로 계약해서 똑같은 데 연장해서 거기서 살고 있어. 아마 내년에는 교환 학생을 가서 없으니까 오빠가 혼자 살 거 같아 지금 같이 살고 있으니까. 그리고 사실 나는 올해 딱 계약 연장할 때쯤에 새로 구해서 따로따로 살고 싶었는데 아무래도 서울 뭐 월세가 비싸다 보니까 그냥 한집에서 해서 전세로 사는 게 낫겠다 싶어서 같이 살고 있는데. 어 아무래도 생활 패턴이나 그런 집안일 하는 거가 좀 안 맞아서 좀 그게 제일 힘들어서 따로 살고 싶었던 거 같아. 뭐 혼자 늦게 자고 그런 건 상관없는데 오빠가 게임을 하니까 늦게까지 게임하는 소리 계속 들려 오 들려 오고 하니까 나 자는 데 방에 돼서 그랬던 거 같아. 너는 그런 적은 없어? 어 중3 때까지 1곳에서 살았고 그 주 중3 이후에 약간 신도시 분양 그런 청약 담 당첨 돼 가지고 1번 이사를 갔었어. 근데 그 중3 때까지 계속 같은 지역에 살다 보니까 거기 유치원 초등학교 중학교 나오고 고등학교도 그쪽을 가려고 했는데 이사를 가게 돼서 혼자 떨어진 곳을 가니까 친구들이랑도 멀어지고 그러 그 뭐 원래 놀던 데에서도 못 놀고 이런 게 쪼끔 아쉽고 힘들긴 하더라고. 근데 집이 넓어서 되게 좋았던 거 같아. 나는 이사를 많이 안 해 봐서 막 해 보고 싶었다 이런 게 좀 컸었는데 주변에 이사 많이 다니는 사람은 안 그렇더라고. 이사를 그만 다니고 싶다 그러더라. 혹시 너도 그런 편이야? 음 나는 이사 간 다음에 우 이 이사 간 아파트 앞에 막 전원주택 같은 게 있는 거야. 그래서 나중에 이 또 이사를 가게 된다면은 저런 데에서 살고 싶다. 저런 데에서 마당에서 막 식물 키우고 동물 키우고 막 나만의 정원을 가꾸면서 2층 바 다락방에서 살고 싶다 막 이런 생각을 했었는데. 근데 막상 거기에 살면은 관리하는 게 되게 힘들어 보이더라고. 할머니 집도 그런 전원주택인데 조금만 뭘 관리를 안 해 줘도 잡초 자라고 먼지가 끼고 더러워지고 막 그런 게 많아서 관리가 힘들다고 하더라고. 근데 그럼에도 한 약간 한번쯤은 전원주택에 살고 싶다 이런 생각이 있는데. 너는 그런 어디에 살고 싶다 이런 로망 같은 게 있어? 어 전자레인지랑 냉장고 세탁기 이 이 정도는 원래 있었던 거 같고. 밥솥이랑 응 어 그 오븐 같은 거 뭐라고 하지. 그 아 에어프라이어는 사 왔고. 최근에 여름 되니까 벌레가 너무 많이 생기잖아. 특히 음식물에 벌레가 많이 생기는데 그래서 버리기가 너무 힘들어서 미생물로 분해해 주는 기계 그런 게 있더라고. 오빠가 인스타그램에서 찾아와서 막 우 이거 쓰자 막 그러면서 찾아왔던 기억이 있어. 그래서 그거를 지금 살까 고민 중에 있어. 그게 음식물 쓰레기를 넣으면은 미생물들이 분해를 해서 흙으로 바로 만들어 준대. 근데 그게 하루 만에 다 만들어 주고 냄새도 안 나서 좋다고 하더라고. 너는 혹시 집안일 같은 거는 어떻게 하는 편이야? 어 가끔 아니 자주 좀 싸운 싸우진 않고 이런 거에 대해 짜증을 내는 거 같긴 한데 내 방이 쓰레기 그 분리수거 하는 데 바로 앞에 있단 말이야. 그래서 오빠는 좀 멀어서 쓰레기 같은 걸 거기 내면 그만인데 나는 내고 나서 그게 분리수거가 잘 안 되어 있거나 막 더러운 게 섞여 있거나 하면은 냄새가 바로 내 방으로 들어온단 말이야. 그거 때문에 오빠한테 뭐라 한 적도 많았던 거 같고. 약간 분담 같은 게 예전에는 막 뭐 냉장고 청소 네가 1번 하면 내가 화장실 청소 1번 하고 이런 식으로 번갈아서 하자라고 말은 했는데 어느 순간 보니까 내가 다 하고 있더라고. 그래서 그거에 대해서 쌓아 놨다가 화내기 직전에 딱 말하면은 오빠가 또 눈치는 빨라 가지고 그제서야 부랴부랴 치우고 막 이래서 어 싸우지는 않았던 거 같아. 근데 자취를 하니까 확실히 본가 살 때는 엄마가 다 해 주고 그러는데 내가 다 해야 되니까 그게 힘든 거 같긴 해. 너는 자취하고 싶다는 생각은 없어? 아 나 처음에 집 들어올 때 막 냉장고랑 기본 가구에 막 여 연두색 띠가 막 둘러져 있는 거야. 기본 색깔로 막 있는 거야. 그래서 그걸 보고 아 진짜 별로다. 여기 살기 싫다 했었는데 막상 들어가 보니까 그런 거 별로 티도 안 나고 깔끔해 보이고 좋더라고. 그래서 그렇게 쓰고 있고. 뭔가 인테리어 아 그 자취하면 내 방식대로 바 집을 꾸미고 막 이렇게 써야지라는 생각은 있었는데 막상 있으니까 짐을 그 넣을 짐도 너무 많고 근데 그거에 비해 공간은 안 나오고 하니까 인테리어라고 할 것도 없이 그냥 짐을 넣어 놓은 거 같아. 내 방이 너무 작아서 옷장 같은 게 들어갈 공간이 안 나서 거실에다가 행거 설치해서 바로 옷 놓아두고. 그래서 뭔가 꾸미기도 애매하고 그랬던 거 같아. 너는 집 인테리어 어떤 편이야? 서울에서 살 수 있으면 좋을 거 같은데. 왜냐하면 여가 생활 같은 것도 훨씬 더 많이 할 수 있고 이제 거의 내 친구들이나 생활 반경이 서울에 중심에 맞춰져 있다 보니까 서울에서 생활하는 게 편하긴 한데 가끔씩 여기가 사람이 너무 많아서 내려가고 싶다라는 생각이 들긴 해. 근데 직장을 얻고 뭔가 더 발전을 하려면은 서울에서 사는 게 맞는 거 같아. 나는 그 본가 살 때는 지하에 헬스장이 있어서 그거를 썼단 말이야. 근데 자취를 하니까 그런 여가 시설 시 그 아무튼 시설들이 없어서 막 주변에서 주변 다른 헬스장을 등록해 놨단 말이야. 근데 너는 지금 어쨌든 본가에 살잖아. 큰 아파트에 사는데 그러면 거기에 막 여가 시설 같은 게 와 잘 마련되어 있어?,0.005747126436781609,0.017241379310344827,0.004597701149425287,0.0,0.005747126436781609,0.0034482758620689655,0.005747126436781609,0.008045977011494253,0.01839080459770115,0.029885057471264367,0.004597701149425287,0.027586206896551724,0.0,0.008045977011494253,0.0022988505747126436,0.0,0.0034482758620689655,0.0011494252873563218,0.03218390804597701,0.013793103448275862,0.0,0.0,0.0,0.0022988505747126436,0.0,0.004597701149425287,0.021839080459770115,0.0,0.0034482758620689655,0.0034482758620689655,0.04367816091954023,0.0,0.006896551724137931,0.0,0.004597701149425287,0.009195402298850575,0.0,0.0,0.011494252873563218,0.0011494252873563218,0.0,0.0022988505747126436,0.0,0.0,0.034482758620689655,0.004597701149425287,0.013793103448275862,0.0022988505747126436,0.004597701149425287,0.0367816091954023,0.009195402298850575,0.0011494252873563218,0.0,0.0022988505747126436,0.0,0.0011494252873563218,0.0011494252873563218,0.0022988505747126436,0.0,0.006896551724137931,0.0,0.0,0.0,0.0011494252873563218,0.006896551724137931,0.0022988505747126436,0.0022988505747126436,0.0011494252873563218,0.0011494252873563218,0.0,0.0,0.0,0.0022988505747126436,0.0,0.0,0.005747126436781609,0.0022988505747126436,0.0,0.006896551724137931,0.010344827586206896,0.0011494252873563218,0.0,0.0,0.0,0.0,0.004597701149425287,0.0034482758620689655,0.0,0.0022988505747126436,0.004597701149425287,0.0,0.0022988505747126436,0.0,0.0011494252873563218,0.0,0.0011494252873563218,0.0011494252873563218,0.0011494252873563218,0.0,0.0022988505747126436,0.004597701149425287,0.0011494252873563218,0.0,0.0,0.0,0.0,0.01264367816091954,0.009195402298850575,0.0,0.0011494252873563218,0.0011494252873563218,0.0022988505747126436,0.0011494252873563218,0.0,0.0,0.0011494252873563218,0.0,0.0,0.0011494252873563218,0.011494252873563218,0.0,0.005747126436781609,0.0011494252873563218,0.0,0.0022988505747126436,0.0011494252873563218,0.0011494252873563218,0.0,0.0022988505747126436,0.0,0.0,0.0,0.0,0.0034482758620689655,0.0,0.0,0.01839080459770115,0.0022988505747126436,0.0,0.0,0.0022988505747126436,0.0022988505747126436,0.0022988505747126436,0.0,0.0,0.005747126436781609,0.0011494252873563218,0.0,0.008045977011494253,0.0022988505747126436,0.0011494252873563218,0.005747126436781609,0.0011494252873563218,0.0,0.0,0.0011494252873563218,0.0,0.0011494252873563218,0.006896551724137931,0.0011494252873563218,0.0,0.0034482758620689655,0.0,0.0,0.0,0.004597701149425287,0.0011494252873563218,0.0011494252873563218,0.0,0.0,0.0011494252873563218,0.0,0.0,0.0,0.006896551724137931,0.0,0.0,0.0,0.0,0.0,0.0011494252873563218,0.0,0.0034482758620689655,0.0022988505747126436,0.0,0.0022988505747126436,0.0,0.0022988505747126436,0.0022988505747126436,0.0,0.0,0.0,0.0022988505747126436,0.0,0.0,0.0011494252873563218,0.0,0.0,0.0,0.0,0.0034482758620689655,0.0,0.004597701149425287,0.0,0.0,0.0,0.0,0.0,0.0,0.0011494252873563218,0.0,0.0,0.0,0.0,0.0011494252873563218,0.0,0.0011494252873563218,0.0,0.0011494252873563218,0.0,0.0022988505747126436,0.0,0.0011494252873563218,0.0022988505747126436,0.0,0.0,0.005747126436781609,0.0,0.0022988505747126436,0.0,0.0,0.0,0.0,0.0,0.0,0.0,0.0,0.0,0.0022988505747126436,0.0,0.0,0.0,0.004597701149425287,0.0,0.0,0.0,0.0,0.0,0.0,0.0,0.0,0.0,0.0,0.0,0.0,0.0,0.006896551724137931,0.0034482758620689655,0.0011494252873563218,0.0011494252873563218,0.0011494252873563218,0.0011494252873563218,0.0022988505747126436,0.0022988505747126436,0.0011494252873563218,0.0011494252873563218,0.0011494252873563218,0.0011494252873563218,0.0011494252873563218,0.0011494252873563218,0.0034482758620689655,0.0011494252873563218,0.005747126436781609,0.0011494252873563218,0.0011494252873563218,0.0011494252873563218,0.0022988505747126436,0.0022988505747126436,0.0011494252873563218,0.0022988505747126436,0.0011494252873563218,0.0011494252873563218,0.0011494252873563218,0.0011494252873563218,0.0022988505747126436,0.0011494252873563218,0.0011494252873563218,0.0011494252873563218,0.0022988505747126436,0.0011494252873563218,0.0011494252873563218,0.0011494252873563218,0.0011494252873563218,0.0011494252873563218,0.0011494252873563218,0.0011494252873563218,0.0011494252873563218,0.0022988505747126436,0.0022988505747126436,0.0011494252873563218,0.0011494252873563218,0.0011494252873563218,0.0022988505747126436,0.0011494252873563218,0.0011494252873563218,0.0034482758620689655,0.0011494252873563218,0.0011494252873563218,0.0011494252873563218,0.0011494252873563218,0.0011494252873563218,0.0011494252873563218,0.0011494252873563218,0.0022988505747126436,0.0011494252873563218,0.0022988505747126436,0.0022988505747126436,0.0011494252873563218,0.0011494252873563218,0.0034482758620689655,0.0011494252873563218,0.0011494252873563218,0.0022988505747126436,0.0011494252873563218,0.0022988505747126436,0.0011494252873563218,0.0011494252873563218,0.0022988505747126436,0.0011494252873563218,0.0011494252873563218,0.0011494252873563218,0.0022988505747126436,0.0011494252873563218,0.0034482758620689655,0.0034482758620689655,0.0022988505747126436,0.0011494252873563218,0.0011494252873563218,0.0011494252873563218,0.0011494252873563218,0.0011494252873563218,0.0011494252873563218,0.0011494252873563218,0.004597701149425287,0.0011494252873563218,0.0011494252873563218,0.0011494252873563218,0.0011494252873563218,0.0022988505747126436,0.0011494252873563218,0.0011494252873563218,0.0011494252873563218,0.0034482758620689655,0.0011494252873563218,0.0011494252873563218,0.0011494252873563218,0.0011494252873563218,0.0022988505747126436,0.0011494252873563218,0.0022988505747126436,0.0022988505747126436,0.0022988505747126436,0.0011494252873563218,0.0011494252873563218,0.0011494252873563218,0.0011494252873563218,0.0022988505747126436,0.0011494252873563218,0.0034482758620689655,0.0034482758620689655,0.0011494252873563218,0.004597701149425287,0.0011494252873563218,0.0011494252873563218,0.0022988505747126436,0.0022988505747126436,0.0011494252873563218,0.0011494252873563218,0.0011494252873563218,0.0022988505747126436,0.0011494252873563218,0.0022988505747126436,0.0022988505747126436,0.0011494252873563218,0.0011494252873563218,0.0011494252873563218,0.0011494252873563218,0.0011494252873563218,0.0011494252873563218,0.0011494252873563218,0.0011494252873563218,0.0011494252873563218,0.0011494252873563218,0.0011494252873563218,0.0011494252873563218,0.0022988505747126436,0.0011494252873563218,0.0011494252873563218,0.0011494252873563218,0.0011494252873563218,0.0011494252873563218,0.0011494252873563218,0.0011494252873563218,0.0011494252873563218,0.0011494252873563218,0.0011494252873563218,0.0011494252873563218,0.0022988505747126436,0.0011494252873563218,0.0011494252873563218,0.0011494252873563218,0.0011494252873563218,0.0011494252873563218,0.0022988505747126436,0.0011494252873563218,0.0022988505747126436,0.0011494252873563218,0.0011494252873563218,0.0011494252873563218,0.0034482758620689655,0.0011494252873563218,0.0011494252873563218,0.0011494252873563218,0.0011494252873563218,0.0011494252873563218,0.0011494252873563218,0.0011494252873563218,0.0011494252873563218,0.0011494252873563218,0.0011494252873563218,0.0011494252873563218,0.0011494252873563218,0.0034482758620689655,0.0011494252873563218,0.0022988505747126436,0.0011494252873563218,0.0011494252873563218,0.0011494252873563218,0.0011494252873563218,0.0011494252873563218,0.0011494252873563218,0.0011494252873563218,0.0011494252873563218,0.0011494252873563218,0.0011494252873563218,0.0011494252873563218,0.0011494252873563218,0.0011494252873563218,0.0011494252873563218,0.0011494252873563218,0.0011494252873563218,0.0011494252873563218,0.0011494252873563218,0.0,0.0,0.0,0.0,0.0,0.0,0.0,0.0,0.0,0.0,0.0,0.0,0.0,0.0,0.0,0.0,0.0,0.0,0.0,0.0,0.0,0.0,0.0,0.0,0.0,0.0,0.0,0.0,0.0,0.0,0.0,0.0,0.0,0.0,0.0,0.0,0.0,0.0,0.0,0.0,0.0,0.0,0.5475468229874322,0.0,0.0,0.0,0.0,0.0,0.0,0.0,0.0,0.0,0.0,0.0,0.0,0.0,0.0,0.0,0.0,0.0,0.0,0.0,0.0,0.0,0.0,0.0,0.0,0.0,0.0,0.0,0.0,0.0,0.0,0.0,0.0,0.0,0.0,0.0,0.0,0.0,0.0,0.0,0.0,0.0,0.0,0.0,0.0,0.0,0.0,0.0,0.0,0.0,0.0,0.0,0.0,0.0,0.0,0.0,0.0,0.0,0.0,0.0,0.0,0.0,0.0,0.0,0.0,0.0,0.0,0.0,0.0,0.0,0.0,0.0,0.0,0.0,0.0,0.0,0.0,0.0,0.0,0.0,0.0,0.0,0.0,0.0,0.0,0.0,0.0,0.0,0.0,0.0,0.0,0.0,0.0,0.0,0.0,0.0,0.0,0.0,0.0,0.0,0.0,0.0,0.0,0.0,0.0,0.0,0.0,0.0,0.0,0.0,0.0,0.0,0.0,0.0,0.0,0.0,0.0,0.0,0.0,0.0,0.0,0.0,0.0,0.0,0.0,0.0,0.0,0.0,0.0,0.0,0.0,0.0,0.0,0.0,0.0,0.0,0.0,0.0,0.0,0.0,0.0,0.0,0.0,0.0,0.0,0.0,0.0,0.0,0.0,0.0,0.0,0.0,0.0,0.0,0.0,0.0,0.0,0.0,0.0,0.0,0.0,0.0,0.0,0.0,0.0,0.0,0.0,0.0,0.0,0.0,0.0,0.0,0.0,0.0,0.0,0.0,0.0,0.0,0.0,0.0,0.0,0.0,0.0,0.0,0.0,0.0,0.0,0.0,0.0,0.0,0.0,0.0,0.0,0.0,0.0,0.0,0.0,0.0,0.0,0.0,0.0,0.0,0.0,0.0,0.0,0.0,0.0,0.0,0.0,0.0,0.0,0.0,0.0,0.0,0.0,0.0,0.0,0.0,0.0,0.0,0.0,0.0,0.0,0.0,0.0,0.0,0.0,0.0,0.0,0.0,0.0,0.0,0.0,0.0,0.0,0.0,0.0,0.0,0.0,0.0,0.0,0.0,0.0,0.0,0.0,0.0,0.0,0.0,0.0,0.0,0.0,0.0,0.0,0.0,0.0,0.0,0.0,0.0,0.0,0.0,0.0,0.0,0.0,0.0,0.0,0.0,0.0,0.0,0.0,0.0,0.0,0.0,0.0,0.0,0.0,0.0,0.0,0.0,0.0,0.0,0.0,0.0,0.0,0.0,0.0,0.0,0.0,0.0,0.0,0.0,0.0,0.43498641240708646,0.0,0.0,0.0,0.0,0.0,0.0,0.0,0.0,0.0,0.0,0.0,0.0,0.0,0.0,0.0,0.0,0.0,0.0,0.0,0.0,0.0,0.0,0.0,0.0,0.0,0.0,0.0,0.0,0.0,0.0,0.0,0.0,0.0,0.0,0.0,0.0,0.0,0.0,0.0,0.0,0.0,0.0,0.0,0.0,0.0,0.0,0.0,0.0,0.0,0.0,0.0,0.0,0.0,0.0,0.0,0.0,0.0,0.0,0.0,0.0,0.0,0.0,0.0,0.0,0.0,0.0,0.0,0.0,0.0,0.0,0.0,0.0,0.0,0.0,0.0,0.0,0.0,0.0,0.0,0.0,0.0,0.0,0.0,0.0,0.0,0.0,0.0,0.0,0.0,0.0,0.0,0.0,0.0,0.0,0.0,0.0,0.0,0.0,0.0,0.0,0.0,0.0,0.0,0.0,0.0,0.0,0.0,0.0,0.0,0.0,0.0,0.0,0.0,0.0,0.0,0.0,0.0,0.0,0.0,0.0,0.0,0.0,0.0,0.0,0.0,0.0,0.0,0.0,0.0,0.0,0.0,0.0,0.0,0.0,0.0,0.0,0.0,0.0,0.0,0.0,0.0,0.0,0.0,0.0,0.0,0.0,0.0,0.0,0.0,0.0,0.0,0.0,0.0,0.0,0.0,0.0,0.0,0.0,0.0,0.0,0.0,0.0,0.0,0.0,0.0,0.0,0.0,0.0,0.0,0.0,0.0,0.0,0.0,0.0,0.0,0.0,0.0,0.0,0.0,0.0,0.0,0.0,0.0,0.0,0.0,0.0,0.0,0.0,0.0,0.0,0.0,0.0,0.0,0.0,0.0,0.0,0.0,0.0,0.0,0.0,0.0,0.0,0.0,0.0,0.0,0.0,0.0,0.0,0.0,0.0,0.0,0.0,0.0,0.0,0.0,0.0,0.0,0.0,0.5738334047808744,0.0,0.0,0.0,0.0,0.0,0.0,0.0,0.0,0.0,0.0,0.0,0.0,0.0,0.0,0.0,0.0,0.0,0.0,0.0,0.0,0.0,0.0,0.0,0.0,0.0,0.0,0.0,0.0,0.0,0.0,0.0,0.0,0.0,0.0,0.0,0.0,0.0,0.0,0.0,0.0,0.0,0.0,0.0,0.0,0.0,0.0,0.0,0.0,0.0,0.0,0.0,0.0,0.0,0.0,0.0,0.0,0.0,0.0,0.42625640313685714,0.0,0.0,0.0,0.0,0.0,0.0,0.0,0.0,0.0,0.0,0.0,0.0,0.0,0.0,0.0,0.0,0.0,0.0,0.0,0.0,0.0,0.0,0.0,0.0,0.0,0.0,0.0,0.0,0.0,0.0,0.0,0.0,0.0,0.0,0.0,0.0,0.0,0.0,0.0,0.0,0.0,0.0,0.0,0.0,0.0,0.0,0.0,0.0,0.0,0.0,0.0,0.0,0.0,0.0,0.0,0.0,0.0,0.0,0.0,0.0,0.0,0.0,0.0,0.0,0.0,0.0,0.0,0.0,0.0,0.0,0.0,0.0,0.0,0.0,0.0,0.0,0.0,0.0,0.0,0.0,0.0,0.0,0.0,0.0,0.0,0.0,0.0,0.0,0.0,0.0,0.0,0.0,0.0,0.0,0.0,0.0,0.0,0.0,0.0,0.0,0.0,0.0,0.0,0.0,0.0,0.0,0.0,0.0,0.0,0.0,0.0,0.0,0.0,0.0,0.0
SD2401268,20대,음 근데 우리집이 꼭대기 층이라 그런지 좀 괜찮은 거 같은데. 층간 소음은 없는데 벽간 소음이 쪼금 있는 거 같아. 방이 그 방음이 잘 안 돼서 옆 문 그 첫 입구 문에만 서도 옆의 방이 뭐 유튜브 뭐 듣고 있는지 무슨 대화하고 있는지가 너무 잘 들려서 쪼끔 부담스럽긴 해. 근데 위에는 아무도 사람이 안 사니까 내가 살기에는 어 소음이 없어서 되게 좋은 거 같아. 그거 말고도 본가 살 때는 위층이 아빠 지인이 살았었는데 그래서 막 소음이 나도 뭐라 하기가 좀 그랬던 경험이 있어. 너는 지금 몇 층 정도에 살아? 층간 소음은 없어? 음 그 학 학교 들어오고 나서부터 2년 동안 여기 살고 올해 새로 계약해서 똑같은 데 연장해서 거기서 살고 있어. 아마 내년에는 교환 학생을 가서 없으니까 오빠가 혼자 살 거 같아 지금 같이 살고 있으니까. 그리고 사실 나는 올해 딱 계약 연장할 때쯤에 새로 구해서 따로따로 살고 싶었는데 아무래도 서울 뭐 월세가 비싸다 보니까 그냥 한집에서 해서 전세로 사는 게 낫겠다 싶어서 같이 살고 있는데. 어 아무래도 생활 패턴이나 그런 집안일 하는 거가 좀 안 맞아서 좀 그게 제일 힘들어서 따로 살고 싶었던 거 같아. 뭐 혼자 늦게 자고 그런 건 상관없는데 오빠가 게임을 하니까 늦게까지 게임하는 소리 계속 들려 오 들려 오고 하니까 나 자는 데 방에 돼서 그랬던 거 같아. 너는 그런 적은 없어? 어 중3 때까지 1곳에서 살았고 그 주 중3 이후에 약간 신도시 분양 그런 청약 담 당첨 돼 가지고 1번 이사를 갔었어. 근데 그 중3 때까지 계속 같은 지역에 살다 보니까 거기 유치원 초등학교 중학교 나오고 고등학교도 그쪽을 가려고 했는데 이사를 가게 돼서 혼자 떨어진 곳을 가니까 친구들이랑도 멀어지고 그러 그 뭐 원래 놀던 데에서도 못 놀고 이런 게 쪼끔 아쉽고 힘들긴 하더라고. 근데 집이 넓어서 되게 좋았던 거 같아. 나는 이사를 많이 안 해 봐서 막 해 보고 싶었다 이런 게 좀 컸었는데 주변에 이사 많이 다니는 사람은 안 그렇더라고. 이사를 그만 다니고 싶다 그러더라. 혹시 너도 그런 편이야? 음 나는 이사 간 다음에 우 이 이사 간 아파트 앞에 막 전원주택 같은 게 있는 거야. 그래서 나중에 이 또 이사를 가게 된다면은 저런 데에서 살고 싶다. 저런 데에서 마당에서 막 식물 키우고 동물 키우고 막 나만의 정원을 가꾸면서 2층 바 다락방에서 살고 싶다 막 이런 생각을 했었는데. 근데 막상 거기에 살면은 관리하는 게 되게 힘들어 보이더라고. 할머니 집도 그런 전원주택인데 조금만 뭘 관리를 안 해 줘도 잡초 자라고 먼지가 끼고 더러워지고 막 그런 게 많아서 관리가 힘들다고 하더라고. 근데 그럼에도 한 약간 한번쯤은 전원주택에 살고 싶다 이런 생각이 있는데. 너는 그런 어디에 살고 싶다 이런 로망 같은 게 있어? 어 전자레인지랑 냉장고 세탁기 이 이 정도는 원래 있었던 거 같고. 밥솥이랑 응 어 그 오븐 같은 거 뭐라고 하지. 그 아 에어프라이어는 사 왔고. 최근에 여름 되니까 벌레가 너무 많이 생기잖아. 특히 음식물에 벌레가 많이 생기는데 그래서 버리기가 너무 힘들어서 미생물로 분해해 주는 기계 그런 게 있더라고. 오빠가 인스타그램에서 찾아와서 막 우 이거 쓰자 막 그러면서 찾아왔던 기억이 있어. 그래서 그거를 지금 살까 고민 중에 있어. 그게 음식물 쓰레기를 넣으면은 미생물들이 분해를 해서 흙으로 바로 만들어 준대. 근데 그게 하루 만에 다 만들어 주고 냄새도 안 나서 좋다고 하더라고. 너는 혹시 집안일 같은 거는 어떻게 하는 편이야? 어 가끔 아니 자주 좀 싸운 싸우진 않고 이런 거에 대해 짜증을 내는 거 같긴 한데 내 방이 쓰레기 그 분리수거 하는 데 바로 앞에 있단 말이야. 그래서 오빠는 좀 멀어서 쓰레기 같은 걸 거기 내면 그만인데 나는 내고 나서 그게 분리수거가 잘 안 되어 있거나 막 더러운 게 섞여 있거나 하면은 냄새가 바로 내 방으로 들어온단 말이야. 그거 때문에 오빠한테 뭐라 한 적도 많았던 거 같고. 약간 분담 같은 게 예전에는 막 뭐 냉장고 청소 네가 1번 하면 내가 화장실 청소 1번 하고 이런 식으로 번갈아서 하자라고 말은 했는데 어느 순간 보니까 내가 다 하고 있더라고. 그래서 그거에 대해서 쌓아 놨다가 화내기 직전에 딱 말하면은 오빠가 또 눈치는 빨라 가지고 그제서야 부랴부랴 치우고 막 이래서 어 싸우지는 않았던 거 같아. 근데 자취를 하니까 확실히 본가 살 때는 엄마가 다 해 주고 그러는데 내가 다 해야 되니까 그게 힘든 거 같긴 해. 너는 자취하고 싶다는 생각은 없어? 아 나 처음에 집 들어올 때 막 냉장고랑 기본 가구에 막 여 연두색 띠가 막 둘러져 있는 거야. 기본 색깔로 막 있는 거야. 그래서 그걸 보고 아 진짜 별로다. 여기 살기 싫다 했었는데 막상 들어가 보니까 그런 거 별로 티도 안 나고 깔끔해 보이고 좋더라고. 그래서 그렇게 쓰고 있고. 뭔가 인테리어 아 그 자취하면 내 방식대로 바 집을 꾸미고 막 이렇게 써야지라는 생각은 있었는데 막상 있으니까 짐을 그 넣을 짐도 너무 많고 근데 그거에 비해 공간은 안 나오고 하니까 인테리어라고 할 것도 없이 그냥 짐을 넣어 놓은 거 같아. 내 방이 너무 작아서 옷장 같은 게 들어갈 공간이 안 나서 거실에다가 행거 설치해서 바로 옷 놓아두고. 그래서 뭔가 꾸미기도 애매하고 그랬던 거 같아. 너는 집 인테리어 어떤 편이야? 서울에서 살 수 있으면 좋을 거 같은데. 왜냐하면 여가 생활 같은 것도 훨씬 더 많이 할 수 있고 이제 거의 내 친구들이나 생활 반경이 서울에 중심에 맞춰져 있다 보니까 서울에서 생활하는 게 편하긴 한데 가끔씩 여기가 사람이 너무 많아서 내려가고 싶다라는 생각이 들긴 해. 근데 직장을 얻고 뭔가 더 발전을 하려면은 서울에서 사는 게 맞는 거 같아. 나는 그 본가 살 때는 지하에 헬스장이 있어서 그거를 썼단 말이야. 근데 자취를 하니까 그런 여가 시설 시 그 아무튼 시설들이 없어서 막 주변에서 주변 다른 헬스장을 등록해 놨단 말이야. 근데 너는 지금 어쨌든 본가에 살잖아. 큰 아파트에 사는데 그러면 거기에 막 여가 시설 같은 게 와 잘 마련되어 있어?,0.005747126436781609,0.017241379310344827,0.004597701149425287,0.0,0.005747126436781609,0.0034482758620689655,0.005747126436781609,0.008045977011494253,0.01839080459770115,0.029885057471264367,0.004597701149425287,0.027586206896551724,0.0,0.008045977011494253,0.0022988505747126436,0.0,0.0034482758620689655,0.0011494252873563218,0.03218390804597701,0.013793103448275862,0.0,0.0,0.0,0.0022988505747126436,0.0,0.004597701149425287,0.021839080459770115,0.0,0.0034482758620689655,0.0034482758620689655,0.04367816091954023,0.0,0.006896551724137931,0.0,0.004597701149425287,0.009195402298850575,0.0,0.0,0.011494252873563218,0.0011494252873563218,0.0,0.0022988505747126436,0.0,0.0,0.034482758620689655,0.004597701149425287,0.013793103448275862,0.0022988505747126436,0.004597701149425287,0.0367816091954023,0.009195402298850575,0.0011494252873563218,0.0,0.0022988505747126436,0.0,0.0011494252873563218,0.0011494252873563218,0.0022988505747126436,0.0,0.006896551724137931,0.0,0.0,0.0,0.0011494252873563218,0.006896551724137931,0.0022988505747126436,0.0022988505747126436,0.0011494252873563218,0.0011494252873563218,0.0,0.0,0.0,0.0022988505747126436,0.0,0.0,0.005747126436781609,0.0022988505747126436,0.0,0.006896551724137931,0.010344827586206896,0.0011494252873563218,0.0,0.0,0.0,0.0,0.004597701149425287,0.0034482758620689655,0.0,0.0022988505747126436,0.004597701149425287,0.0,0.0022988505747126436,0.0,0.0011494252873563218,0.0,0.0011494252873563218,0.0011494252873563218,0.0011494252873563218,0.0,0.0022988505747126436,0.004597701149425287,0.0011494252873563218,0.0,0.0,0.0,0.0,0.01264367816091954,0.009195402298850575,0.0,0.0011494252873563218,0.0011494252873563218,0.0022988505747126436,0.0011494252873563218,0.0,0.0,0.0011494252873563218,0.0,0.0,0.0011494252873563218,0.011494252873563218,0.0,0.005747126436781609,0.0011494252873563218,0.0,0.0022988505747126436,0.0011494252873563218,0.0011494252873563218,0.0,0.0022988505747126436,0.0,0.0,0.0,0.0,0.0034482758620689655,0.0,0.0,0.01839080459770115,0.0022988505747126436,0.0,0.0,0.0022988505747126436,0.0022988505747126436,0.0022988505747126436,0.0,0.0,0.005747126436781609,0.0011494252873563218,0.0,0.008045977011494253,0.0022988505747126436,0.0011494252873563218,0.005747126436781609,0.0011494252873563218,0.0,0.0,0.0011494252873563218,0.0,0.0011494252873563218,0.006896551724137931,0.0011494252873563218,0.0,0.0034482758620689655,0.0,0.0,0.0,0.004597701149425287,0.0011494252873563218,0.0011494252873563218,0.0,0.0,0.0011494252873563218,0.0,0.0,0.0,0.006896551724137931,0.0,0.0,0.0,0.0,0.0,0.0011494252873563218,0.0,0.0034482758620689655,0.0022988505747126436,0.0,0.0022988505747126436,0.0,0.0022988505747126436,0.0022988505747126436,0.0,0.0,0.0,0.0022988505747126436,0.0,0.0,0.0011494252873563218,0.0,0.0,0.0,0.0,0.0034482758620689655,0.0,0.004597701149425287,0.0,0.0,0.0,0.0,0.0,0.0,0.0011494252873563218,0.0,0.0,0.0,0.0,0.0011494252873563218,0.0,0.0011494252873563218,0.0,0.0011494252873563218,0.0,0.0022988505747126436,0.0,0.0011494252873563218,0.0022988505747126436,0.0,0.0,0.005747126436781609,0.0,0.0022988505747126436,0.0,0.0,0.0,0.0,0.0,0.0,0.0,0.0,0.0,0.0022988505747126436,0.0,0.0,0.0,0.004597701149425287,0.0,0.0,0.0,0.0,0.0,0.0,0.0,0.0,0.0,0.0,0.0,0.0,0.0,0.006896551724137931,0.0034482758620689655,0.0011494252873563218,0.0011494252873563218,0.0011494252873563218,0.0011494252873563218,0.0022988505747126436,0.0022988505747126436,0.0011494252873563218,0.0011494252873563218,0.0011494252873563218,0.0011494252873563218,0.0011494252873563218,0.0011494252873563218,0.0034482758620689655,0.0011494252873563218,0.005747126436781609,0.0011494252873563218,0.0011494252873563218,0.0011494252873563218,0.0022988505747126436,0.0022988505747126436,0.0011494252873563218,0.0022988505747126436,0.0011494252873563218,0.0011494252873563218,0.0011494252873563218,0.0011494252873563218,0.0022988505747126436,0.0011494252873563218,0.0011494252873563218,0.0011494252873563218,0.0022988505747126436,0.0011494252873563218,0.0011494252873563218,0.0011494252873563218,0.0011494252873563218,0.0011494252873563218,0.0011494252873563218,0.0011494252873563218,0.0011494252873563218,0.0022988505747126436,0.0022988505747126436,0.0011494252873563218,0.0011494252873563218,0.0011494252873563218,0.0022988505747126436,0.0011494252873563218,0.0011494252873563218,0.0034482758620689655,0.0011494252873563218,0.0011494252873563218,0.0011494252873563218,0.0011494252873563218,0.0011494252873563218,0.0011494252873563218,0.0011494252873563218,0.0022988505747126436,0.0011494252873563218,0.0022988505747126436,0.0022988505747126436,0.0011494252873563218,0.0011494252873563218,0.0034482758620689655,0.0011494252873563218,0.0011494252873563218,0.0022988505747126436,0.0011494252873563218,0.0022988505747126436,0.0011494252873563218,0.0011494252873563218,0.0022988505747126436,0.0011494252873563218,0.0011494252873563218,0.0011494252873563218,0.0022988505747126436,0.0011494252873563218,0.0034482758620689655,0.0034482758620689655,0.0022988505747126436,0.0011494252873563218,0.0011494252873563218,0.0011494252873563218,0.0011494252873563218,0.0011494252873563218,0.0011494252873563218,0.0011494252873563218,0.004597701149425287,0.0011494252873563218,0.0011494252873563218,0.0011494252873563218,0.0011494252873563218,0.0022988505747126436,0.0011494252873563218,0.0011494252873563218,0.0011494252873563218,0.0034482758620689655,0.0011494252873563218,0.0011494252873563218,0.0011494252873563218,0.0011494252873563218,0.0022988505747126436,0.0011494252873563218,0.0022988505747126436,0.0022988505747126436,0.0022988505747126436,0.0011494252873563218,0.0011494252873563218,0.0011494252873563218,0.0011494252873563218,0.0022988505747126436,0.0011494252873563218,0.0034482758620689655,0.0034482758620689655,0.0011494252873563218,0.004597701149425287,0.0011494252873563218,0.0011494252873563218,0.0022988505747126436,0.0022988505747126436,0.0011494252873563218,0.0011494252873563218,0.0011494252873563218,0.0022988505747126436,0.0011494252873563218,0.0022988505747126436,0.0022988505747126436,0.0011494252873563218,0.0011494252873563218,0.0011494252873563218,0.0011494252873563218,0.0011494252873563218,0.0011494252873563218,0.0011494252873563218,0.0011494252873563218,0.0011494252873563218,0.0011494252873563218,0.0011494252873563218,0.0011494252873563218,0.0022988505747126436,0.0011494252873563218,0.0011494252873563218,0.0011494252873563218,0.0011494252873563218,0.0011494252873563218,0.0011494252873563218,0.0011494252873563218,0.0011494252873563218,0.0011494252873563218,0.0011494252873563218,0.0011494252873563218,0.0022988505747126436,0.0011494252873563218,0.0011494252873563218,0.0011494252873563218,0.0011494252873563218,0.0011494252873563218,0.0022988505747126436,0.0011494252873563218,0.0022988505747126436,0.0011494252873563218,0.0011494252873563218,0.0011494252873563218,0.0034482758620689655,0.0011494252873563218,0.0011494252873563218,0.0011494252873563218,0.0011494252873563218,0.0011494252873563218,0.0011494252873563218,0.0011494252873563218,0.0011494252873563218,0.0011494252873563218,0.0011494252873563218,0.0011494252873563218,0.0011494252873563218,0.0034482758620689655,0.0011494252873563218,0.0022988505747126436,0.0011494252873563218,0.0011494252873563218,0.0011494252873563218,0.0011494252873563218,0.0011494252873563218,0.0011494252873563218,0.0011494252873563218,0.0011494252873563218,0.0011494252873563218,0.0011494252873563218,0.0011494252873563218,0.0011494252873563218,0.0011494252873563218,0.0011494252873563218,0.0011494252873563218,0.0011494252873563218,0.0011494252873563218,0.0011494252873563218,0.0,0.0,0.0,0.0,0.0,0.0,0.0,0.0,0.0,0.0,0.0,0.0,0.0,0.0,0.0,0.0,0.0,0.0,0.0,0.0,0.0,0.0,0.0,0.0,0.0,0.0,0.0,0.0,0.0,0.0,0.0,0.0,0.0,0.0,0.0,0.0,0.0,0.0,0.0,0.0,0.0,0.0,0.0,0.0,0.0,0.0,0.0,0.0,0.0,0.0,0.0,0.0,0.0,0.0,0.0,0.0,0.0,0.0,0.0,0.0,0.0,0.0,0.0,0.0,0.0,0.0,0.3157039006619032,0.0,0.0,0.0,0.0,0.0,0.0,0.0,0.0,0.0,0.0,0.0,0.0,0.0,0.0,0.0,0.3157039006619032,0.0,0.0,0.0,0.0,0.0,0.0,0.0,0.0,0.0,0.0,0.0,0.0,0.0,0.0,0.0,0.0,0.0,0.0,0.0,0.0,0.0,0.0,0.0,0.0,0.0,0.0,0.0,0.24462600579450056,0.0,0.0,0.0,0.0,0.0,0.0,0.0,0.0,0.0,0.0,0.0,0.0,0.0,0.0,0.0,0.0,0.0,0.0,0.0,0.2303672026839122,0.0,0.0,0.0,0.0,0.0,0.0,0.0,0.0,0.0,0.0,0.0,0.0,0.0,0.0,0.0,0.0,0.0,0.0,0.0,0.0,0.0,0.0,0.0,0.0,0.0,0.0,0.0,0.0,0.0,0.0,0.0,0.0,0.0,0.0,0.0,0.0,0.0,0.0,0.0,0.0,0.0,0.0,0.0,0.0,0.0,0.0,0.0,0.0,0.0,0.0,0.0,0.0,0.0,0.0,0.0,0.0,0.0,0.0,0.0,0.0,0.0,0.0,0.0,0.0,0.0,0.0,0.0,0.0,0.0,0.0,0.0,0.0,0.0,0.0,0.0,0.0,0.0,0.0,0.0,0.0,0.0,0.0,0.0,0.0,0.0,0.0,0.0,0.0,0.0,0.0,0.0,0.0,0.0,0.0,0.0,0.0,0.0,0.3157039006619032,0.0,0.0,0.0,0.0,0.0,0.0,0.0,0.0,0.3157039006619032,0.0,0.0,0.0,0.0,0.0,0.0,0.0,0.0,0.0,0.0,0.0,0.0,0.0,0.0,0.0,0.0,0.0,0.0,0.0,0.0,0.0,0.0,0.0,0.0,0.0,0.0,0.0,0.0,0.0,0.0,0.0,0.0,0.0,0.0,0.0,0.0,0.0,0.0,0.0,0.0,0.0,0.0,0.0,0.0,0.0,0.0,0.0,0.0,0.0,0.0,0.0,0.0,0.0,0.0,0.0,0.0,0.0,0.0,0.0,0.0,0.0,0.0,0.0,0.0,0.0,0.0,0.0,0.0,0.0,0.0,0.0,0.0,0.0,0.0,0.0,0.0,0.0,0.0,0.0,0.0,0.0,0.0,0.0,0.0,0.0,0.0,0.0,0.0,0.0,0.0,0.0,0.0,0.0,0.3157039006619032,0.0,0.20950363637553227,0.0,0.0,0.0,0.0,0.0,0.0,0.0,0.0,0.0,0.0,0.0,0.0,0.0,0.0,0.24462600579450056,0.0,0.0,0.0,0.0,0.0,0.0,0.0,0.0,0.0,0.0,0.0,0.0,0.0,0.0,0.0,0.0,0.0,0.0,0.0,0.0,0.0,0.0,0.0,0.0,0.0,0.0,0.0,0.0,0.0,0.0,0.0,0.0,0.0,0.0,0.0,0.0,0.0,0.0,0.0,0.0,0.0,0.0,0.0,0.0,0.0,0.0,0.3157039006619032,0.0,0.0,0.0,0.0,0.0,0.0,0.0,0.0,0.0,0.0,0.0,0.0,0.0,0.0,0.0,0.0,0.0,0.0,0.0,0.0,0.0,0.0,0.0,0.0,0.0,0.0,0.0,0.0,0.0,0.0,0.0,0.0,0.0,0.0,0.0,0.0,0.0,0.0,0.0,0.0,0.0,0.0,0.0,0.0,0.0,0.0,0.0,0.0,0.0,0.0,0.0,0.0,0.0,0.0,0.0,0.0,0.0,0.0,0.0,0.0,0.0,0.0,0.0,0.0,0.0,0.0,0.0,0.0,0.0,0.0,0.0,0.0,0.0,0.0,0.0,0.3157039006619032,0.0,0.0,0.0,0.0,0.0,0.0,0.0,0.0,0.0,0.0,0.0,0.0,0.2926990649098327,0.0,0.0,0.0,0.0,0.0,0.0,0.0,0.0,0.0,0.0,0.0,0.0,0.0,0.0,0.0,0.0,0.0,0.0,0.0,0.0,0.0,0.0,0.0,0.0,0.0,0.0,0.0,0.0,0.0,0.0,0.0,0.0,0.0,0.0,0.0,0.0,0.0,0.0,0.0,0.0,0.0,0.0,0.0,0.0,0.0,0.0,0.0,0.0,0.0,0.0,0.0,0.0,0.0,0.0,0.0,0.0,0.0,0.0,0.0,0.0,0.0,0.0,0.0,0.0,0.0,0.0,0.0,0.0,0.0,0.0,0.0,0.0,0.0,0.0,0.0,0.0,0.0,0.0,0.0,0.0,0.0,0.0,0.0,0.0,0.0,0.0,0.0,0.0,0.0,0.0,0.0,0.0,0.0,0.0,0.0,0.0,0.0,0.0,0.0,0.0,0.0,0.0,0.0,0.0,0.0,0.0,0.0,0.0,0.0,0.0,0.0,0.0,0.0,0.0,0.0,0.0,0.0,0.0,0.0,0.0,0.0,0.0,0.0,0.0,0.0,0.0,0.0,0.0,0.0,0.0,0.0,0.0,0.0,0.0,0.0,0.0,0.0,0.0,0.0,0.0,0.0,0.0,0.0,0.0,0.0,0.0,0.0,0.0,0.0,0.0,0.0,0.0,0.0,0.0,0.0,0.0,0.0,0.0,0.0,0.0,0.0,0.0,0.0,0.0,0.0,0.0,0.0,0.0,0.0,0.0,0.0,0.0,0.0,0.0,0.0,0.0,0.0,0.0,0.0,0.0,0.0,0.0,0.0,0.0,0.0,0.0,0.0,0.0,0.0,0.0,0.0,0.0,0.0,0.0,0.0,0.0,0.0,0.0,0.0,0.0,0.0,0.0,0.0,0.0,0.0,0.0,0.0,0.0,0.0,0.0,0.0,0.0,0.0,0.0,0.0,0.0,0.0,0.0,0.0,0.0,0.0,0.0,0.0,0.0,0.0,0.0,0.0,0.0,0.0,0.0,0.0,0.0,0.0,0.0,0.0,0.0,0.0,0.0,0.0,0.0,0.0,0.0
SD2401268,20대,음 근데 우리집이 꼭대기 층이라 그런지 좀 괜찮은 거 같은데. 층간 소음은 없는데 벽간 소음이 쪼금 있는 거 같아. 방이 그 방음이 잘 안 돼서 옆 문 그 첫 입구 문에만 서도 옆의 방이 뭐 유튜브 뭐 듣고 있는지 무슨 대화하고 있는지가 너무 잘 들려서 쪼끔 부담스럽긴 해. 근데 위에는 아무도 사람이 안 사니까 내가 살기에는 어 소음이 없어서 되게 좋은 거 같아. 그거 말고도 본가 살 때는 위층이 아빠 지인이 살았었는데 그래서 막 소음이 나도 뭐라 하기가 좀 그랬던 경험이 있어. 너는 지금 몇 층 정도에 살아? 층간 소음은 없어? 음 그 학 학교 들어오고 나서부터 2년 동안 여기 살고 올해 새로 계약해서 똑같은 데 연장해서 거기서 살고 있어. 아마 내년에는 교환 학생을 가서 없으니까 오빠가 혼자 살 거 같아 지금 같이 살고 있으니까. 그리고 사실 나는 올해 딱 계약 연장할 때쯤에 새로 구해서 따로따로 살고 싶었는데 아무래도 서울 뭐 월세가 비싸다 보니까 그냥 한집에서 해서 전세로 사는 게 낫겠다 싶어서 같이 살고 있는데. 어 아무래도 생활 패턴이나 그런 집안일 하는 거가 좀 안 맞아서 좀 그게 제일 힘들어서 따로 살고 싶었던 거 같아. 뭐 혼자 늦게 자고 그런 건 상관없는데 오빠가 게임을 하니까 늦게까지 게임하는 소리 계속 들려 오 들려 오고 하니까 나 자는 데 방에 돼서 그랬던 거 같아. 너는 그런 적은 없어? 어 중3 때까지 1곳에서 살았고 그 주 중3 이후에 약간 신도시 분양 그런 청약 담 당첨 돼 가지고 1번 이사를 갔었어. 근데 그 중3 때까지 계속 같은 지역에 살다 보니까 거기 유치원 초등학교 중학교 나오고 고등학교도 그쪽을 가려고 했는데 이사를 가게 돼서 혼자 떨어진 곳을 가니까 친구들이랑도 멀어지고 그러 그 뭐 원래 놀던 데에서도 못 놀고 이런 게 쪼끔 아쉽고 힘들긴 하더라고. 근데 집이 넓어서 되게 좋았던 거 같아. 나는 이사를 많이 안 해 봐서 막 해 보고 싶었다 이런 게 좀 컸었는데 주변에 이사 많이 다니는 사람은 안 그렇더라고. 이사를 그만 다니고 싶다 그러더라. 혹시 너도 그런 편이야? 음 나는 이사 간 다음에 우 이 이사 간 아파트 앞에 막 전원주택 같은 게 있는 거야. 그래서 나중에 이 또 이사를 가게 된다면은 저런 데에서 살고 싶다. 저런 데에서 마당에서 막 식물 키우고 동물 키우고 막 나만의 정원을 가꾸면서 2층 바 다락방에서 살고 싶다 막 이런 생각을 했었는데. 근데 막상 거기에 살면은 관리하는 게 되게 힘들어 보이더라고. 할머니 집도 그런 전원주택인데 조금만 뭘 관리를 안 해 줘도 잡초 자라고 먼지가 끼고 더러워지고 막 그런 게 많아서 관리가 힘들다고 하더라고. 근데 그럼에도 한 약간 한번쯤은 전원주택에 살고 싶다 이런 생각이 있는데. 너는 그런 어디에 살고 싶다 이런 로망 같은 게 있어? 어 전자레인지랑 냉장고 세탁기 이 이 정도는 원래 있었던 거 같고. 밥솥이랑 응 어 그 오븐 같은 거 뭐라고 하지. 그 아 에어프라이어는 사 왔고. 최근에 여름 되니까 벌레가 너무 많이 생기잖아. 특히 음식물에 벌레가 많이 생기는데 그래서 버리기가 너무 힘들어서 미생물로 분해해 주는 기계 그런 게 있더라고. 오빠가 인스타그램에서 찾아와서 막 우 이거 쓰자 막 그러면서 찾아왔던 기억이 있어. 그래서 그거를 지금 살까 고민 중에 있어. 그게 음식물 쓰레기를 넣으면은 미생물들이 분해를 해서 흙으로 바로 만들어 준대. 근데 그게 하루 만에 다 만들어 주고 냄새도 안 나서 좋다고 하더라고. 너는 혹시 집안일 같은 거는 어떻게 하는 편이야? 어 가끔 아니 자주 좀 싸운 싸우진 않고 이런 거에 대해 짜증을 내는 거 같긴 한데 내 방이 쓰레기 그 분리수거 하는 데 바로 앞에 있단 말이야. 그래서 오빠는 좀 멀어서 쓰레기 같은 걸 거기 내면 그만인데 나는 내고 나서 그게 분리수거가 잘 안 되어 있거나 막 더러운 게 섞여 있거나 하면은 냄새가 바로 내 방으로 들어온단 말이야. 그거 때문에 오빠한테 뭐라 한 적도 많았던 거 같고. 약간 분담 같은 게 예전에는 막 뭐 냉장고 청소 네가 1번 하면 내가 화장실 청소 1번 하고 이런 식으로 번갈아서 하자라고 말은 했는데 어느 순간 보니까 내가 다 하고 있더라고. 그래서 그거에 대해서 쌓아 놨다가 화내기 직전에 딱 말하면은 오빠가 또 눈치는 빨라 가지고 그제서야 부랴부랴 치우고 막 이래서 어 싸우지는 않았던 거 같아. 근데 자취를 하니까 확실히 본가 살 때는 엄마가 다 해 주고 그러는데 내가 다 해야 되니까 그게 힘든 거 같긴 해. 너는 자취하고 싶다는 생각은 없어? 아 나 처음에 집 들어올 때 막 냉장고랑 기본 가구에 막 여 연두색 띠가 막 둘러져 있는 거야. 기본 색깔로 막 있는 거야. 그래서 그걸 보고 아 진짜 별로다. 여기 살기 싫다 했었는데 막상 들어가 보니까 그런 거 별로 티도 안 나고 깔끔해 보이고 좋더라고. 그래서 그렇게 쓰고 있고. 뭔가 인테리어 아 그 자취하면 내 방식대로 바 집을 꾸미고 막 이렇게 써야지라는 생각은 있었는데 막상 있으니까 짐을 그 넣을 짐도 너무 많고 근데 그거에 비해 공간은 안 나오고 하니까 인테리어라고 할 것도 없이 그냥 짐을 넣어 놓은 거 같아. 내 방이 너무 작아서 옷장 같은 게 들어갈 공간이 안 나서 거실에다가 행거 설치해서 바로 옷 놓아두고. 그래서 뭔가 꾸미기도 애매하고 그랬던 거 같아. 너는 집 인테리어 어떤 편이야? 서울에서 살 수 있으면 좋을 거 같은데. 왜냐하면 여가 생활 같은 것도 훨씬 더 많이 할 수 있고 이제 거의 내 친구들이나 생활 반경이 서울에 중심에 맞춰져 있다 보니까 서울에서 생활하는 게 편하긴 한데 가끔씩 여기가 사람이 너무 많아서 내려가고 싶다라는 생각이 들긴 해. 근데 직장을 얻고 뭔가 더 발전을 하려면은 서울에서 사는 게 맞는 거 같아. 나는 그 본가 살 때는 지하에 헬스장이 있어서 그거를 썼단 말이야. 근데 자취를 하니까 그런 여가 시설 시 그 아무튼 시설들이 없어서 막 주변에서 주변 다른 헬스장을 등록해 놨단 말이야. 근데 너는 지금 어쨌든 본가에 살잖아. 큰 아파트에 사는데 그러면 거기에 막 여가 시설 같은 게 와 잘 마련되어 있어?,0.005747126436781609,0.017241379310344827,0.004597701149425287,0.0,0.005747126436781609,0.0034482758620689655,0.005747126436781609,0.008045977011494253,0.01839080459770115,0.029885057471264367,0.004597701149425287,0.027586206896551724,0.0,0.008045977011494253,0.0022988505747126436,0.0,0.0034482758620689655,0.0011494252873563218,0.03218390804597701,0.013793103448275862,0.0,0.0,0.0,0.0022988505747126436,0.0,0.004597701149425287,0.021839080459770115,0.0,0.0034482758620689655,0.0034482758620689655,0.04367816091954023,0.0,0.006896551724137931,0.0,0.004597701149425287,0.009195402298850575,0.0,0.0,0.011494252873563218,0.0011494252873563218,0.0,0.0022988505747126436,0.0,0.0,0.034482758620689655,0.004597701149425287,0.013793103448275862,0.0022988505747126436,0.004597701149425287,0.0367816091954023,0.009195402298850575,0.0011494252873563218,0.0,0.0022988505747126436,0.0,0.0011494252873563218,0.0011494252873563218,0.0022988505747126436,0.0,0.006896551724137931,0.0,0.0,0.0,0.0011494252873563218,0.006896551724137931,0.0022988505747126436,0.0022988505747126436,0.0011494252873563218,0.0011494252873563218,0.0,0.0,0.0,0.0022988505747126436,0.0,0.0,0.005747126436781609,0.0022988505747126436,0.0,0.006896551724137931,0.010344827586206896,0.0011494252873563218,0.0,0.0,0.0,0.0,0.004597701149425287,0.0034482758620689655,0.0,0.0022988505747126436,0.004597701149425287,0.0,0.0022988505747126436,0.0,0.0011494252873563218,0.0,0.0011494252873563218,0.0011494252873563218,0.0011494252873563218,0.0,0.0022988505747126436,0.004597701149425287,0.0011494252873563218,0.0,0.0,0.0,0.0,0.01264367816091954,0.009195402298850575,0.0,0.0011494252873563218,0.0011494252873563218,0.0022988505747126436,0.0011494252873563218,0.0,0.0,0.0011494252873563218,0.0,0.0,0.0011494252873563218,0.011494252873563218,0.0,0.005747126436781609,0.0011494252873563218,0.0,0.0022988505747126436,0.0011494252873563218,0.0011494252873563218,0.0,0.0022988505747126436,0.0,0.0,0.0,0.0,0.0034482758620689655,0.0,0.0,0.01839080459770115,0.0022988505747126436,0.0,0.0,0.0022988505747126436,0.0022988505747126436,0.0022988505747126436,0.0,0.0,0.005747126436781609,0.0011494252873563218,0.0,0.008045977011494253,0.0022988505747126436,0.0011494252873563218,0.005747126436781609,0.0011494252873563218,0.0,0.0,0.0011494252873563218,0.0,0.0011494252873563218,0.006896551724137931,0.0011494252873563218,0.0,0.0034482758620689655,0.0,0.0,0.0,0.004597701149425287,0.0011494252873563218,0.0011494252873563218,0.0,0.0,0.0011494252873563218,0.0,0.0,0.0,0.006896551724137931,0.0,0.0,0.0,0.0,0.0,0.0011494252873563218,0.0,0.0034482758620689655,0.0022988505747126436,0.0,0.0022988505747126436,0.0,0.0022988505747126436,0.0022988505747126436,0.0,0.0,0.0,0.0022988505747126436,0.0,0.0,0.0011494252873563218,0.0,0.0,0.0,0.0,0.0034482758620689655,0.0,0.004597701149425287,0.0,0.0,0.0,0.0,0.0,0.0,0.0011494252873563218,0.0,0.0,0.0,0.0,0.0011494252873563218,0.0,0.0011494252873563218,0.0,0.0011494252873563218,0.0,0.0022988505747126436,0.0,0.0011494252873563218,0.0022988505747126436,0.0,0.0,0.005747126436781609,0.0,0.0022988505747126436,0.0,0.0,0.0,0.0,0.0,0.0,0.0,0.0,0.0,0.0022988505747126436,0.0,0.0,0.0,0.004597701149425287,0.0,0.0,0.0,0.0,0.0,0.0,0.0,0.0,0.0,0.0,0.0,0.0,0.0,0.006896551724137931,0.0034482758620689655,0.0011494252873563218,0.0011494252873563218,0.0011494252873563218,0.0011494252873563218,0.0022988505747126436,0.0022988505747126436,0.0011494252873563218,0.0011494252873563218,0.0011494252873563218,0.0011494252873563218,0.0011494252873563218,0.0011494252873563218,0.0034482758620689655,0.0011494252873563218,0.005747126436781609,0.0011494252873563218,0.0011494252873563218,0.0011494252873563218,0.0022988505747126436,0.0022988505747126436,0.0011494252873563218,0.0022988505747126436,0.0011494252873563218,0.0011494252873563218,0.0011494252873563218,0.0011494252873563218,0.0022988505747126436,0.0011494252873563218,0.0011494252873563218,0.0011494252873563218,0.0022988505747126436,0.0011494252873563218,0.0011494252873563218,0.0011494252873563218,0.0011494252873563218,0.0011494252873563218,0.0011494252873563218,0.0011494252873563218,0.0011494252873563218,0.0022988505747126436,0.0022988505747126436,0.0011494252873563218,0.0011494252873563218,0.0011494252873563218,0.0022988505747126436,0.0011494252873563218,0.0011494252873563218,0.0034482758620689655,0.0011494252873563218,0.0011494252873563218,0.0011494252873563218,0.0011494252873563218,0.0011494252873563218,0.0011494252873563218,0.0011494252873563218,0.0022988505747126436,0.0011494252873563218,0.0022988505747126436,0.0022988505747126436,0.0011494252873563218,0.0011494252873563218,0.0034482758620689655,0.0011494252873563218,0.0011494252873563218,0.0022988505747126436,0.0011494252873563218,0.0022988505747126436,0.0011494252873563218,0.0011494252873563218,0.0022988505747126436,0.0011494252873563218,0.0011494252873563218,0.0011494252873563218,0.0022988505747126436,0.0011494252873563218,0.0034482758620689655,0.0034482758620689655,0.0022988505747126436,0.0011494252873563218,0.0011494252873563218,0.0011494252873563218,0.0011494252873563218,0.0011494252873563218,0.0011494252873563218,0.0011494252873563218,0.004597701149425287,0.0011494252873563218,0.0011494252873563218,0.0011494252873563218,0.0011494252873563218,0.0022988505747126436,0.0011494252873563218,0.0011494252873563218,0.0011494252873563218,0.0034482758620689655,0.0011494252873563218,0.0011494252873563218,0.0011494252873563218,0.0011494252873563218,0.0022988505747126436,0.0011494252873563218,0.0022988505747126436,0.0022988505747126436,0.0022988505747126436,0.0011494252873563218,0.0011494252873563218,0.0011494252873563218,0.0011494252873563218,0.0022988505747126436,0.0011494252873563218,0.0034482758620689655,0.0034482758620689655,0.0011494252873563218,0.004597701149425287,0.0011494252873563218,0.0011494252873563218,0.0022988505747126436,0.0022988505747126436,0.0011494252873563218,0.0011494252873563218,0.0011494252873563218,0.0022988505747126436,0.0011494252873563218,0.0022988505747126436,0.0022988505747126436,0.0011494252873563218,0.0011494252873563218,0.0011494252873563218,0.0011494252873563218,0.0011494252873563218,0.0011494252873563218,0.0011494252873563218,0.0011494252873563218,0.0011494252873563218,0.0011494252873563218,0.0011494252873563218,0.0011494252873563218,0.0022988505747126436,0.0011494252873563218,0.0011494252873563218,0.0011494252873563218,0.0011494252873563218,0.0011494252873563218,0.0011494252873563218,0.0011494252873563218,0.0011494252873563218,0.0011494252873563218,0.0011494252873563218,0.0011494252873563218,0.0022988505747126436,0.0011494252873563218,0.0011494252873563218,0.0011494252873563218,0.0011494252873563218,0.0011494252873563218,0.0022988505747126436,0.0011494252873563218,0.0022988505747126436,0.0011494252873563218,0.0011494252873563218,0.0011494252873563218,0.0034482758620689655,0.0011494252873563218,0.0011494252873563218,0.0011494252873563218,0.0011494252873563218,0.0011494252873563218,0.0011494252873563218,0.0011494252873563218,0.0011494252873563218,0.0011494252873563218,0.0011494252873563218,0.0011494252873563218,0.0011494252873563218,0.0034482758620689655,0.0011494252873563218,0.0022988505747126436,0.0011494252873563218,0.0011494252873563218,0.0011494252873563218,0.0011494252873563218,0.0011494252873563218,0.0011494252873563218,0.0011494252873563218,0.0011494252873563218,0.0011494252873563218,0.0011494252873563218,0.0011494252873563218,0.0011494252873563218,0.0011494252873563218,0.0011494252873563218,0.0011494252873563218,0.0011494252873563218,0.0011494252873563218,0.0011494252873563218,0.0,0.0,0.0,0.0,0.0,0.0,0.0,0.0,0.0,0.0,0.0,0.0,0.0,0.0,0.0,0.0,0.0,0.0,0.0,0.0,0.0,0.0,0.0,0.0,0.0,0.0,0.0,0.0,0.0,0.0,0.0,0.0,0.0,0.0,0.0,0.0,0.0,0.0,0.0,0.0,0.0,0.0,0.0,0.0,0.0,0.0,0.0,0.0,0.0,0.0,0.0,0.0,0.0,0.0,0.0,0.0,0.0,0.0,0.0,0.0,0.0,0.0,0.0,0.0,0.0,0.0,0.0,0.0,0.0,0.0,0.0,0.0,0.0,0.0,0.0,0.0,0.0,0.0,0.0,0.0,0.0,0.0,0.0,0.0,0.0,0.0,0.0,0.0,0.0,0.0,0.0,0.0,0.0,0.0,0.0,0.0,0.0,0.0,0.0,0.0,0.0,0.0,0.0,0.0,0.0,0.0,0.0,0.0,0.0,0.0,0.0,0.0,0.0,0.0,0.0,0.0,0.0,0.0,0.0,0.0,0.0,0.0,0.0,0.0,0.0,0.0,0.0,0.0,0.0,0.0,0.0,0.0,0.0,0.0,0.0,0.0,0.0,0.0,0.0,0.0,0.0,0.0,0.0,0.0,0.0,0.0,0.0,0.0,0.0,0.0,0.0,0.0,0.0,0.0,0.0,0.0,0.0,0.0,0.0,0.0,0.0,0.0,0.0,0.0,0.0,0.0,0.0,0.0,0.0,0.0,0.0,0.0,0.0,0.0,0.0,0.0,0.0,0.0,0.0,0.0,0.0,0.0,0.0,0.0,0.0,0.0,0.0,0.0,0.0,0.0,0.0,0.0,0.0,0.0,0.0,0.0,0.0,0.0,0.0,0.0,0.0,0.0,0.0,0.0,0.0,0.0,0.0,0.0,0.0,0.0,0.0,0.0,0.0,0.0,0.0,0.0,0.0,0.0,0.0,0.0,0.0,0.0,0.0,0.0,0.0,0.0,0.0,0.0,0.0,0.0,0.0,0.0,0.0,0.0,0.0,0.0,0.0,0.0,0.0,0.0,0.0,0.0,0.0,0.0,0.0,0.0,0.0,0.0,0.0,0.0,0.0,0.0,0.0,0.0,0.0,0.0,0.0,0.0,0.0,0.0,0.0,0.0,0.0,0.0,0.0,0.0,0.0,0.0,0.0,0.0,0.0,0.0,0.0,0.0,0.0,0.0,0.0,0.0,0.0,0.0,0.0,0.0,0.0,0.0,0.0,0.0,0.0,0.0,0.0,0.0,0.0,0.0,0.0,0.0,0.0,0.0,0.0,0.0,0.0,0.0,0.0,0.3781769136060224,0.0,0.0,0.0,0.0,0.0,0.0,0.0,0.0,0.0,0.0,0.0,0.0,0.0,0.0,0.0,0.0,0.0,0.0,0.47121192813020896,0.0,0.0,0.0,0.0,0.0,0.0,0.0,0.0,0.0,0.0,0.0,0.0,0.0,0.0,0.0,0.0,0.0,0.0,0.0,0.0,0.0,0.0,0.0,0.0,0.0,0.0,0.0,0.0,0.0,0.0,0.0,0.0,0.0,0.0,0.0,0.0,0.0,0.0,0.0,0.0,0.47121192813020896,0.0,0.0,0.0,0.0,0.0,0.0,0.0,0.0,0.0,0.0,0.0,0.0,0.0,0.0,0.0,0.0,0.0,0.0,0.0,0.0,0.0,0.0,0.0,0.0,0.0,0.0,0.0,0.0,0.0,0.0,0.0,0.0,0.0,0.0,0.0,0.0,0.0,0.0,0.0,0.0,0.0,0.0,0.0,0.0,0.0,0.0,0.0,0.0,0.0,0.0,0.0,0.0,0.0,0.0,0.0,0.0,0.0,0.4368754723932844,0.0,0.0,0.0,0.0,0.0,0.0,0.0,0.0,0.0,0.0,0.0,0.0,0.0,0.0,0.0,0.0,0.0,0.0,0.0,0.0,0.0,0.0,0.0,0.0,0.0,0.0,0.0,0.0,0.0,0.0,0.0,0.0,0.0,0.0,0.0,0.0,0.0,0.0,0.0,0.0,0.0,0.0,0.0,0.0,0.0,0.0,0.0,0.0,0.0,0.0,0.0,0.0,0.0,0.0,0.0,0.0,0.0,0.0,0.0,0.0,0.0,0.0,0.0,0.0,0.0,0.0,0.0,0.0,0.0,0.0,0.0,0.0,0.0,0.0,0.0,0.0,0.0,0.0,0.0,0.0,0.0,0.0,0.0,0.47121192813020896,0.0,0.0,0.0,0.0,0.0,0.0,0.0,0.0,0.0,0.0,0.0,0.0,0.0,0.0,0.0,0.0,0.0,0.0,0.0,0.0,0.0,0.0,0.0,0.0,0.0,0.0,0.0,0.0,0.0,0.0,0.0,0.0,0.0,0.0,0.0,0.0,0.0,0.0,0.0,0.0,0.0,0.0,0.0,0.0,0.0,0.0,0.0,0.0,0.0,0.0,0.0,0.0,0.0,0.0,0.0,0.0,0.0,0.0,0.0,0.0,0.0,0.0,0.0,0.0,0.0,0.0,0.0,0.0,0.0,0.0,0.0,0.0,0.0,0.0,0.0,0.0,0.0,0.0,0.0,0.0,0.0,0.0,0.0,0.0,0.0,0.0,0.0,0.0,0.0,0.0,0.0,0.0,0.0,0.0,0.0,0.0,0.0,0.0,0.0,0.0,0.0,0.0,0.0,0.0,0.0,0.0,0.0,0.0,0.0,0.0,0.0,0.0,0.0,0.0,0.0,0.0,0.0,0.0,0.0,0.0,0.0,0.0,0.0,0.0,0.0,0.0,0.0,0.0,0.0,0.0,0.0,0.0,0.0,0.0,0.0,0.0,0.0,0.0,0.0,0.0,0.0,0.0,0.0,0.0,0.0,0.0,0.0,0.0,0.0,0.0,0.0,0.0,0.0,0.0,0.0,0.0,0.0,0.0,0.0,0.0,0.0,0.0,0.0,0.0,0.0,0.0,0.0,0.0,0.0,0.0,0.0,0.0,0.0,0.0,0.0,0.0,0.0,0.0,0.0,0.0,0.0,0.0,0.0,0.0,0.0,0.0,0.0,0.0,0.0,0.0,0.0,0.0,0.0,0.0,0.0,0.0,0.0,0.0,0.0,0.0,0.0,0.0,0.0,0.0,0.0,0.0,0.0,0.0,0.0,0.0,0.0,0.0,0.0,0.0,0.0,0.0,0.0,0.0,0.0,0.0,0.0,0.0,0.0
SD2401268,20대,음 근데 우리집이 꼭대기 층이라 그런지 좀 괜찮은 거 같은데. 층간 소음은 없는데 벽간 소음이 쪼금 있는 거 같아. 방이 그 방음이 잘 안 돼서 옆 문 그 첫 입구 문에만 서도 옆의 방이 뭐 유튜브 뭐 듣고 있는지 무슨 대화하고 있는지가 너무 잘 들려서 쪼끔 부담스럽긴 해. 근데 위에는 아무도 사람이 안 사니까 내가 살기에는 어 소음이 없어서 되게 좋은 거 같아. 그거 말고도 본가 살 때는 위층이 아빠 지인이 살았었는데 그래서 막 소음이 나도 뭐라 하기가 좀 그랬던 경험이 있어. 너는 지금 몇 층 정도에 살아? 층간 소음은 없어? 음 그 학 학교 들어오고 나서부터 2년 동안 여기 살고 올해 새로 계약해서 똑같은 데 연장해서 거기서 살고 있어. 아마 내년에는 교환 학생을 가서 없으니까 오빠가 혼자 살 거 같아 지금 같이 살고 있으니까. 그리고 사실 나는 올해 딱 계약 연장할 때쯤에 새로 구해서 따로따로 살고 싶었는데 아무래도 서울 뭐 월세가 비싸다 보니까 그냥 한집에서 해서 전세로 사는 게 낫겠다 싶어서 같이 살고 있는데. 어 아무래도 생활 패턴이나 그런 집안일 하는 거가 좀 안 맞아서 좀 그게 제일 힘들어서 따로 살고 싶었던 거 같아. 뭐 혼자 늦게 자고 그런 건 상관없는데 오빠가 게임을 하니까 늦게까지 게임하는 소리 계속 들려 오 들려 오고 하니까 나 자는 데 방에 돼서 그랬던 거 같아. 너는 그런 적은 없어? 어 중3 때까지 1곳에서 살았고 그 주 중3 이후에 약간 신도시 분양 그런 청약 담 당첨 돼 가지고 1번 이사를 갔었어. 근데 그 중3 때까지 계속 같은 지역에 살다 보니까 거기 유치원 초등학교 중학교 나오고 고등학교도 그쪽을 가려고 했는데 이사를 가게 돼서 혼자 떨어진 곳을 가니까 친구들이랑도 멀어지고 그러 그 뭐 원래 놀던 데에서도 못 놀고 이런 게 쪼끔 아쉽고 힘들긴 하더라고. 근데 집이 넓어서 되게 좋았던 거 같아. 나는 이사를 많이 안 해 봐서 막 해 보고 싶었다 이런 게 좀 컸었는데 주변에 이사 많이 다니는 사람은 안 그렇더라고. 이사를 그만 다니고 싶다 그러더라. 혹시 너도 그런 편이야? 음 나는 이사 간 다음에 우 이 이사 간 아파트 앞에 막 전원주택 같은 게 있는 거야. 그래서 나중에 이 또 이사를 가게 된다면은 저런 데에서 살고 싶다. 저런 데에서 마당에서 막 식물 키우고 동물 키우고 막 나만의 정원을 가꾸면서 2층 바 다락방에서 살고 싶다 막 이런 생각을 했었는데. 근데 막상 거기에 살면은 관리하는 게 되게 힘들어 보이더라고. 할머니 집도 그런 전원주택인데 조금만 뭘 관리를 안 해 줘도 잡초 자라고 먼지가 끼고 더러워지고 막 그런 게 많아서 관리가 힘들다고 하더라고. 근데 그럼에도 한 약간 한번쯤은 전원주택에 살고 싶다 이런 생각이 있는데. 너는 그런 어디에 살고 싶다 이런 로망 같은 게 있어? 어 전자레인지랑 냉장고 세탁기 이 이 정도는 원래 있었던 거 같고. 밥솥이랑 응 어 그 오븐 같은 거 뭐라고 하지. 그 아 에어프라이어는 사 왔고. 최근에 여름 되니까 벌레가 너무 많이 생기잖아. 특히 음식물에 벌레가 많이 생기는데 그래서 버리기가 너무 힘들어서 미생물로 분해해 주는 기계 그런 게 있더라고. 오빠가 인스타그램에서 찾아와서 막 우 이거 쓰자 막 그러면서 찾아왔던 기억이 있어. 그래서 그거를 지금 살까 고민 중에 있어. 그게 음식물 쓰레기를 넣으면은 미생물들이 분해를 해서 흙으로 바로 만들어 준대. 근데 그게 하루 만에 다 만들어 주고 냄새도 안 나서 좋다고 하더라고. 너는 혹시 집안일 같은 거는 어떻게 하는 편이야? 어 가끔 아니 자주 좀 싸운 싸우진 않고 이런 거에 대해 짜증을 내는 거 같긴 한데 내 방이 쓰레기 그 분리수거 하는 데 바로 앞에 있단 말이야. 그래서 오빠는 좀 멀어서 쓰레기 같은 걸 거기 내면 그만인데 나는 내고 나서 그게 분리수거가 잘 안 되어 있거나 막 더러운 게 섞여 있거나 하면은 냄새가 바로 내 방으로 들어온단 말이야. 그거 때문에 오빠한테 뭐라 한 적도 많았던 거 같고. 약간 분담 같은 게 예전에는 막 뭐 냉장고 청소 네가 1번 하면 내가 화장실 청소 1번 하고 이런 식으로 번갈아서 하자라고 말은 했는데 어느 순간 보니까 내가 다 하고 있더라고. 그래서 그거에 대해서 쌓아 놨다가 화내기 직전에 딱 말하면은 오빠가 또 눈치는 빨라 가지고 그제서야 부랴부랴 치우고 막 이래서 어 싸우지는 않았던 거 같아. 근데 자취를 하니까 확실히 본가 살 때는 엄마가 다 해 주고 그러는데 내가 다 해야 되니까 그게 힘든 거 같긴 해. 너는 자취하고 싶다는 생각은 없어? 아 나 처음에 집 들어올 때 막 냉장고랑 기본 가구에 막 여 연두색 띠가 막 둘러져 있는 거야. 기본 색깔로 막 있는 거야. 그래서 그걸 보고 아 진짜 별로다. 여기 살기 싫다 했었는데 막상 들어가 보니까 그런 거 별로 티도 안 나고 깔끔해 보이고 좋더라고. 그래서 그렇게 쓰고 있고. 뭔가 인테리어 아 그 자취하면 내 방식대로 바 집을 꾸미고 막 이렇게 써야지라는 생각은 있었는데 막상 있으니까 짐을 그 넣을 짐도 너무 많고 근데 그거에 비해 공간은 안 나오고 하니까 인테리어라고 할 것도 없이 그냥 짐을 넣어 놓은 거 같아. 내 방이 너무 작아서 옷장 같은 게 들어갈 공간이 안 나서 거실에다가 행거 설치해서 바로 옷 놓아두고. 그래서 뭔가 꾸미기도 애매하고 그랬던 거 같아. 너는 집 인테리어 어떤 편이야? 서울에서 살 수 있으면 좋을 거 같은데. 왜냐하면 여가 생활 같은 것도 훨씬 더 많이 할 수 있고 이제 거의 내 친구들이나 생활 반경이 서울에 중심에 맞춰져 있다 보니까 서울에서 생활하는 게 편하긴 한데 가끔씩 여기가 사람이 너무 많아서 내려가고 싶다라는 생각이 들긴 해. 근데 직장을 얻고 뭔가 더 발전을 하려면은 서울에서 사는 게 맞는 거 같아. 나는 그 본가 살 때는 지하에 헬스장이 있어서 그거를 썼단 말이야. 근데 자취를 하니까 그런 여가 시설 시 그 아무튼 시설들이 없어서 막 주변에서 주변 다른 헬스장을 등록해 놨단 말이야. 근데 너는 지금 어쨌든 본가에 살잖아. 큰 아파트에 사는데 그러면 거기에 막 여가 시설 같은 게 와 잘 마련되어 있어?,0.005747126436781609,0.017241379310344827,0.004597701149425287,0.0,0.005747126436781609,0.0034482758620689655,0.005747126436781609,0.008045977011494253,0.01839080459770115,0.029885057471264367,0.004597701149425287,0.027586206896551724,0.0,0.008045977011494253,0.0022988505747126436,0.0,0.0034482758620689655,0.0011494252873563218,0.03218390804597701,0.013793103448275862,0.0,0.0,0.0,0.0022988505747126436,0.0,0.004597701149425287,0.021839080459770115,0.0,0.0034482758620689655,0.0034482758620689655,0.04367816091954023,0.0,0.006896551724137931,0.0,0.004597701149425287,0.009195402298850575,0.0,0.0,0.011494252873563218,0.0011494252873563218,0.0,0.0022988505747126436,0.0,0.0,0.034482758620689655,0.004597701149425287,0.013793103448275862,0.0022988505747126436,0.004597701149425287,0.0367816091954023,0.009195402298850575,0.0011494252873563218,0.0,0.0022988505747126436,0.0,0.0011494252873563218,0.0011494252873563218,0.0022988505747126436,0.0,0.006896551724137931,0.0,0.0,0.0,0.0011494252873563218,0.006896551724137931,0.0022988505747126436,0.0022988505747126436,0.0011494252873563218,0.0011494252873563218,0.0,0.0,0.0,0.0022988505747126436,0.0,0.0,0.005747126436781609,0.0022988505747126436,0.0,0.006896551724137931,0.010344827586206896,0.0011494252873563218,0.0,0.0,0.0,0.0,0.004597701149425287,0.0034482758620689655,0.0,0.0022988505747126436,0.004597701149425287,0.0,0.0022988505747126436,0.0,0.0011494252873563218,0.0,0.0011494252873563218,0.0011494252873563218,0.0011494252873563218,0.0,0.0022988505747126436,0.004597701149425287,0.0011494252873563218,0.0,0.0,0.0,0.0,0.01264367816091954,0.009195402298850575,0.0,0.0011494252873563218,0.0011494252873563218,0.0022988505747126436,0.0011494252873563218,0.0,0.0,0.0011494252873563218,0.0,0.0,0.0011494252873563218,0.011494252873563218,0.0,0.005747126436781609,0.0011494252873563218,0.0,0.0022988505747126436,0.0011494252873563218,0.0011494252873563218,0.0,0.0022988505747126436,0.0,0.0,0.0,0.0,0.0034482758620689655,0.0,0.0,0.01839080459770115,0.0022988505747126436,0.0,0.0,0.0022988505747126436,0.0022988505747126436,0.0022988505747126436,0.0,0.0,0.005747126436781609,0.0011494252873563218,0.0,0.008045977011494253,0.0022988505747126436,0.0011494252873563218,0.005747126436781609,0.0011494252873563218,0.0,0.0,0.0011494252873563218,0.0,0.0011494252873563218,0.006896551724137931,0.0011494252873563218,0.0,0.0034482758620689655,0.0,0.0,0.0,0.004597701149425287,0.0011494252873563218,0.0011494252873563218,0.0,0.0,0.0011494252873563218,0.0,0.0,0.0,0.006896551724137931,0.0,0.0,0.0,0.0,0.0,0.0011494252873563218,0.0,0.0034482758620689655,0.0022988505747126436,0.0,0.0022988505747126436,0.0,0.0022988505747126436,0.0022988505747126436,0.0,0.0,0.0,0.0022988505747126436,0.0,0.0,0.0011494252873563218,0.0,0.0,0.0,0.0,0.0034482758620689655,0.0,0.004597701149425287,0.0,0.0,0.0,0.0,0.0,0.0,0.0011494252873563218,0.0,0.0,0.0,0.0,0.0011494252873563218,0.0,0.0011494252873563218,0.0,0.0011494252873563218,0.0,0.0022988505747126436,0.0,0.0011494252873563218,0.0022988505747126436,0.0,0.0,0.005747126436781609,0.0,0.0022988505747126436,0.0,0.0,0.0,0.0,0.0,0.0,0.0,0.0,0.0,0.0022988505747126436,0.0,0.0,0.0,0.004597701149425287,0.0,0.0,0.0,0.0,0.0,0.0,0.0,0.0,0.0,0.0,0.0,0.0,0.0,0.006896551724137931,0.0034482758620689655,0.0011494252873563218,0.0011494252873563218,0.0011494252873563218,0.0011494252873563218,0.0022988505747126436,0.0022988505747126436,0.0011494252873563218,0.0011494252873563218,0.0011494252873563218,0.0011494252873563218,0.0011494252873563218,0.0011494252873563218,0.0034482758620689655,0.0011494252873563218,0.005747126436781609,0.0011494252873563218,0.0011494252873563218,0.0011494252873563218,0.0022988505747126436,0.0022988505747126436,0.0011494252873563218,0.0022988505747126436,0.0011494252873563218,0.0011494252873563218,0.0011494252873563218,0.0011494252873563218,0.0022988505747126436,0.0011494252873563218,0.0011494252873563218,0.0011494252873563218,0.0022988505747126436,0.0011494252873563218,0.0011494252873563218,0.0011494252873563218,0.0011494252873563218,0.0011494252873563218,0.0011494252873563218,0.0011494252873563218,0.0011494252873563218,0.0022988505747126436,0.0022988505747126436,0.0011494252873563218,0.0011494252873563218,0.0011494252873563218,0.0022988505747126436,0.0011494252873563218,0.0011494252873563218,0.0034482758620689655,0.0011494252873563218,0.0011494252873563218,0.0011494252873563218,0.0011494252873563218,0.0011494252873563218,0.0011494252873563218,0.0011494252873563218,0.0022988505747126436,0.0011494252873563218,0.0022988505747126436,0.0022988505747126436,0.0011494252873563218,0.0011494252873563218,0.0034482758620689655,0.0011494252873563218,0.0011494252873563218,0.0022988505747126436,0.0011494252873563218,0.0022988505747126436,0.0011494252873563218,0.0011494252873563218,0.0022988505747126436,0.0011494252873563218,0.0011494252873563218,0.0011494252873563218,0.0022988505747126436,0.0011494252873563218,0.0034482758620689655,0.0034482758620689655,0.0022988505747126436,0.0011494252873563218,0.0011494252873563218,0.0011494252873563218,0.0011494252873563218,0.0011494252873563218,0.0011494252873563218,0.0011494252873563218,0.004597701149425287,0.0011494252873563218,0.0011494252873563218,0.0011494252873563218,0.0011494252873563218,0.0022988505747126436,0.0011494252873563218,0.0011494252873563218,0.0011494252873563218,0.0034482758620689655,0.0011494252873563218,0.0011494252873563218,0.0011494252873563218,0.0011494252873563218,0.0022988505747126436,0.0011494252873563218,0.0022988505747126436,0.0022988505747126436,0.0022988505747126436,0.0011494252873563218,0.0011494252873563218,0.0011494252873563218,0.0011494252873563218,0.0022988505747126436,0.0011494252873563218,0.0034482758620689655,0.0034482758620689655,0.0011494252873563218,0.004597701149425287,0.0011494252873563218,0.0011494252873563218,0.0022988505747126436,0.0022988505747126436,0.0011494252873563218,0.0011494252873563218,0.0011494252873563218,0.0022988505747126436,0.0011494252873563218,0.0022988505747126436,0.0022988505747126436,0.0011494252873563218,0.0011494252873563218,0.0011494252873563218,0.0011494252873563218,0.0011494252873563218,0.0011494252873563218,0.0011494252873563218,0.0011494252873563218,0.0011494252873563218,0.0011494252873563218,0.0011494252873563218,0.0011494252873563218,0.0022988505747126436,0.0011494252873563218,0.0011494252873563218,0.0011494252873563218,0.0011494252873563218,0.0011494252873563218,0.0011494252873563218,0.0011494252873563218,0.0011494252873563218,0.0011494252873563218,0.0011494252873563218,0.0011494252873563218,0.0022988505747126436,0.0011494252873563218,0.0011494252873563218,0.0011494252873563218,0.0011494252873563218,0.0011494252873563218,0.0022988505747126436,0.0011494252873563218,0.0022988505747126436,0.0011494252873563218,0.0011494252873563218,0.0011494252873563218,0.0034482758620689655,0.0011494252873563218,0.0011494252873563218,0.0011494252873563218,0.0011494252873563218,0.0011494252873563218,0.0011494252873563218,0.0011494252873563218,0.0011494252873563218,0.0011494252873563218,0.0011494252873563218,0.0011494252873563218,0.0011494252873563218,0.0034482758620689655,0.0011494252873563218,0.0022988505747126436,0.0011494252873563218,0.0011494252873563218,0.0011494252873563218,0.0011494252873563218,0.0011494252873563218,0.0011494252873563218,0.0011494252873563218,0.0011494252873563218,0.0011494252873563218,0.0011494252873563218,0.0011494252873563218,0.0011494252873563218,0.0011494252873563218,0.0011494252873563218,0.0011494252873563218,0.0011494252873563218,0.0011494252873563218,0.0011494252873563218,0.0,0.0,0.0,0.0,0.0,0.0,0.0,0.0,0.0,0.0,0.0,0.0,0.0,0.0,0.0,0.0,0.0,0.0,0.0,0.0,0.0,0.0,0.0,0.0,0.0,0.0,0.0,0.0,0.0,0.0,0.0,0.0,0.0,0.0,0.0,0.0,0.0,0.0,0.0,0.0,0.0,0.0,0.2929464579959474,0.0,0.0,0.0,0.0,0.0,0.0,0.0,0.0,0.0,0.0,0.0,0.0,0.0,0.0,0.0,0.0,0.0,0.0,0.0,0.0,0.0,0.0,0.0,0.0,0.0,0.0,0.0,0.0,0.0,0.0,0.0,0.0,0.0,0.0,0.0,0.0,0.0,0.0,0.0,0.0,0.0,0.0,0.0,0.0,0.0,0.0,0.0,0.307010206895439,0.0,0.0,0.0,0.0,0.0,0.0,0.0,0.0,0.0,0.0,0.0,0.0,0.0,0.0,0.0,0.0,0.0,0.0,0.0,0.0,0.0,0.0,0.0,0.0,0.0,0.0,0.0,0.0,0.0,0.0,0.0,0.0,0.0,0.0,0.0,0.0,0.0,0.0,0.0,0.0,0.0,0.0,0.0,0.0,0.0,0.0,0.0,0.0,0.35069620113714184,0.0,0.0,0.0,0.0,0.0,0.0,0.0,0.0,0.0,0.0,0.0,0.0,0.0,0.0,0.0,0.0,0.0,0.0,0.0,0.0,0.0,0.0,0.0,0.0,0.0,0.0,0.0,0.0,0.0,0.0,0.0,0.0,0.0,0.0,0.0,0.0,0.0,0.0,0.0,0.0,0.0,0.0,0.0,0.0,0.0,0.0,0.0,0.0,0.0,0.0,0.0,0.0,0.0,0.0,0.0,0.0,0.0,0.0,0.0,0.0,0.0,0.0,0.0,0.0,0.0,0.0,0.0,0.0,0.0,0.0,0.0,0.0,0.0,0.0,0.0,0.0,0.0,0.0,0.0,0.0,0.0,0.0,0.0,0.0,0.0,0.0,0.0,0.0,0.0,0.0,0.0,0.0,0.0,0.0,0.0,0.0,0.0,0.0,0.0,0.0,0.0,0.0,0.0,0.0,0.0,0.0,0.0,0.0,0.0,0.0,0.0,0.0,0.0,0.0,0.0,0.0,0.0,0.0,0.0,0.0,0.0,0.0,0.0,0.0,0.0,0.0,0.0,0.0,0.0,0.0,0.0,0.0,0.0,0.0,0.0,0.0,0.0,0.0,0.0,0.0,0.0,0.0,0.0,0.0,0.0,0.0,0.0,0.0,0.0,0.0,0.0,0.0,0.0,0.0,0.0,0.0,0.0,0.0,0.0,0.0,0.0,0.0,0.0,0.0,0.0,0.0,0.0,0.0,0.0,0.0,0.0,0.0,0.0,0.0,0.0,0.0,0.0,0.0,0.0,0.0,0.0,0.0,0.0,0.0,0.0,0.307010206895439,0.0,0.0,0.0,0.0,0.0,0.0,0.0,0.23272480716036453,0.0,0.0,0.0,0.0,0.0,0.0,0.0,0.0,0.0,0.0,0.0,0.0,0.0,0.0,0.0,0.0,0.0,0.0,0.0,0.0,0.0,0.0,0.0,0.0,0.0,0.0,0.0,0.0,0.0,0.0,0.0,0.0,0.0,0.0,0.0,0.0,0.0,0.0,0.0,0.0,0.0,0.0,0.0,0.0,0.0,0.0,0.0,0.0,0.0,0.0,0.0,0.0,0.0,0.0,0.0,0.0,0.0,0.0,0.0,0.0,0.35069620113714184,0.0,0.0,0.0,0.0,0.0,0.0,0.0,0.0,0.0,0.0,0.0,0.0,0.0,0.0,0.0,0.0,0.0,0.0,0.0,0.0,0.0,0.0,0.0,0.0,0.0,0.0,0.0,0.0,0.0,0.0,0.0,0.0,0.0,0.0,0.0,0.0,0.0,0.0,0.0,0.0,0.0,0.0,0.0,0.0,0.0,0.0,0.0,0.0,0.0,0.0,0.0,0.0,0.0,0.0,0.0,0.0,0.0,0.0,0.0,0.0,0.0,0.0,0.0,0.0,0.0,0.0,0.0,0.0,0.0,0.0,0.0,0.0,0.0,0.0,0.0,0.0,0.0,0.0,0.0,0.0,0.0,0.0,0.0,0.0,0.0,0.0,0.0,0.0,0.0,0.0,0.0,0.0,0.0,0.0,0.0,0.0,0.0,0.0,0.0,0.0,0.0,0.0,0.0,0.0,0.0,0.0,0.0,0.0,0.0,0.0,0.0,0.0,0.0,0.0,0.0,0.0,0.0,0.0,0.0,0.0,0.0,0.0,0.0,0.0,0.0,0.0,0.0,0.0,0.0,0.0,0.0,0.0,0.0,0.0,0.0,0.0,0.0,0.0,0.0,0.0,0.0,0.0,0.0,0.0,0.0,0.2717401044194201,0.0,0.0,0.0,0.0,0.0,0.0,0.0,0.0,0.0,0.0,0.0,0.0,0.0,0.0,0.0,0.0,0.0,0.0,0.0,0.0,0.0,0.0,0.0,0.0,0.0,0.0,0.0,0.0,0.0,0.0,0.0,0.0,0.0,0.35069620113714184,0.0,0.0,0.0,0.0,0.0,0.0,0.0,0.0,0.0,0.0,0.0,0.0,0.0,0.0,0.0,0.0,0.0,0.0,0.0,0.0,0.0,0.0,0.0,0.0,0.0,0.0,0.0,0.0,0.0,0.0,0.0,0.0,0.0,0.0,0.0,0.0,0.0,0.0,0.0,0.0,0.0,0.0,0.0,0.0,0.0,0.0,0.0,0.0,0.0,0.0,0.0,0.0,0.0,0.0,0.0,0.0,0.0,0.0,0.0,0.0,0.0,0.0,0.0,0.0,0.0,0.0,0.0,0.0,0.0,0.0,0.0,0.0,0.0,0.0,0.0,0.0,0.0,0.0,0.0,0.0,0.0,0.0,0.0,0.0,0.0,0.0,0.0,0.0,0.0,0.0,0.0,0.0,0.0,0.0,0.0,0.0,0.0,0.0,0.0,0.0,0.0,0.0,0.0,0.0,0.0,0.0,0.0,0.0,0.0,0.0,0.0,0.0,0.0,0.0,0.0,0.0,0.0,0.0,0.35069620113714184,0.0,0.0,0.32514153269902535,0.0,0.0,0.0,0.0,0.0,0.0,0.0,0.0,0.0,0.0,0.0,0.0,0.0,0.0,0.0,0.0,0.0,0.0,0.0,0.0,0.0,0.0,0.0,0.0,0.0,0.0,0.0,0.0,0.0,0.0
SD2401268,20대,음 근데 우리집이 꼭대기 층이라 그런지 좀 괜찮은 거 같은데. 층간 소음은 없는데 벽간 소음이 쪼금 있는 거 같아. 방이 그 방음이 잘 안 돼서 옆 문 그 첫 입구 문에만 서도 옆의 방이 뭐 유튜브 뭐 듣고 있는지 무슨 대화하고 있는지가 너무 잘 들려서 쪼끔 부담스럽긴 해. 근데 위에는 아무도 사람이 안 사니까 내가 살기에는 어 소음이 없어서 되게 좋은 거 같아. 그거 말고도 본가 살 때는 위층이 아빠 지인이 살았었는데 그래서 막 소음이 나도 뭐라 하기가 좀 그랬던 경험이 있어. 너는 지금 몇 층 정도에 살아? 층간 소음은 없어? 음 그 학 학교 들어오고 나서부터 2년 동안 여기 살고 올해 새로 계약해서 똑같은 데 연장해서 거기서 살고 있어. 아마 내년에는 교환 학생을 가서 없으니까 오빠가 혼자 살 거 같아 지금 같이 살고 있으니까. 그리고 사실 나는 올해 딱 계약 연장할 때쯤에 새로 구해서 따로따로 살고 싶었는데 아무래도 서울 뭐 월세가 비싸다 보니까 그냥 한집에서 해서 전세로 사는 게 낫겠다 싶어서 같이 살고 있는데. 어 아무래도 생활 패턴이나 그런 집안일 하는 거가 좀 안 맞아서 좀 그게 제일 힘들어서 따로 살고 싶었던 거 같아. 뭐 혼자 늦게 자고 그런 건 상관없는데 오빠가 게임을 하니까 늦게까지 게임하는 소리 계속 들려 오 들려 오고 하니까 나 자는 데 방에 돼서 그랬던 거 같아. 너는 그런 적은 없어? 어 중3 때까지 1곳에서 살았고 그 주 중3 이후에 약간 신도시 분양 그런 청약 담 당첨 돼 가지고 1번 이사를 갔었어. 근데 그 중3 때까지 계속 같은 지역에 살다 보니까 거기 유치원 초등학교 중학교 나오고 고등학교도 그쪽을 가려고 했는데 이사를 가게 돼서 혼자 떨어진 곳을 가니까 친구들이랑도 멀어지고 그러 그 뭐 원래 놀던 데에서도 못 놀고 이런 게 쪼끔 아쉽고 힘들긴 하더라고. 근데 집이 넓어서 되게 좋았던 거 같아. 나는 이사를 많이 안 해 봐서 막 해 보고 싶었다 이런 게 좀 컸었는데 주변에 이사 많이 다니는 사람은 안 그렇더라고. 이사를 그만 다니고 싶다 그러더라. 혹시 너도 그런 편이야? 음 나는 이사 간 다음에 우 이 이사 간 아파트 앞에 막 전원주택 같은 게 있는 거야. 그래서 나중에 이 또 이사를 가게 된다면은 저런 데에서 살고 싶다. 저런 데에서 마당에서 막 식물 키우고 동물 키우고 막 나만의 정원을 가꾸면서 2층 바 다락방에서 살고 싶다 막 이런 생각을 했었는데. 근데 막상 거기에 살면은 관리하는 게 되게 힘들어 보이더라고. 할머니 집도 그런 전원주택인데 조금만 뭘 관리를 안 해 줘도 잡초 자라고 먼지가 끼고 더러워지고 막 그런 게 많아서 관리가 힘들다고 하더라고. 근데 그럼에도 한 약간 한번쯤은 전원주택에 살고 싶다 이런 생각이 있는데. 너는 그런 어디에 살고 싶다 이런 로망 같은 게 있어? 어 전자레인지랑 냉장고 세탁기 이 이 정도는 원래 있었던 거 같고. 밥솥이랑 응 어 그 오븐 같은 거 뭐라고 하지. 그 아 에어프라이어는 사 왔고. 최근에 여름 되니까 벌레가 너무 많이 생기잖아. 특히 음식물에 벌레가 많이 생기는데 그래서 버리기가 너무 힘들어서 미생물로 분해해 주는 기계 그런 게 있더라고. 오빠가 인스타그램에서 찾아와서 막 우 이거 쓰자 막 그러면서 찾아왔던 기억이 있어. 그래서 그거를 지금 살까 고민 중에 있어. 그게 음식물 쓰레기를 넣으면은 미생물들이 분해를 해서 흙으로 바로 만들어 준대. 근데 그게 하루 만에 다 만들어 주고 냄새도 안 나서 좋다고 하더라고. 너는 혹시 집안일 같은 거는 어떻게 하는 편이야? 어 가끔 아니 자주 좀 싸운 싸우진 않고 이런 거에 대해 짜증을 내는 거 같긴 한데 내 방이 쓰레기 그 분리수거 하는 데 바로 앞에 있단 말이야. 그래서 오빠는 좀 멀어서 쓰레기 같은 걸 거기 내면 그만인데 나는 내고 나서 그게 분리수거가 잘 안 되어 있거나 막 더러운 게 섞여 있거나 하면은 냄새가 바로 내 방으로 들어온단 말이야. 그거 때문에 오빠한테 뭐라 한 적도 많았던 거 같고. 약간 분담 같은 게 예전에는 막 뭐 냉장고 청소 네가 1번 하면 내가 화장실 청소 1번 하고 이런 식으로 번갈아서 하자라고 말은 했는데 어느 순간 보니까 내가 다 하고 있더라고. 그래서 그거에 대해서 쌓아 놨다가 화내기 직전에 딱 말하면은 오빠가 또 눈치는 빨라 가지고 그제서야 부랴부랴 치우고 막 이래서 어 싸우지는 않았던 거 같아. 근데 자취를 하니까 확실히 본가 살 때는 엄마가 다 해 주고 그러는데 내가 다 해야 되니까 그게 힘든 거 같긴 해. 너는 자취하고 싶다는 생각은 없어? 아 나 처음에 집 들어올 때 막 냉장고랑 기본 가구에 막 여 연두색 띠가 막 둘러져 있는 거야. 기본 색깔로 막 있는 거야. 그래서 그걸 보고 아 진짜 별로다. 여기 살기 싫다 했었는데 막상 들어가 보니까 그런 거 별로 티도 안 나고 깔끔해 보이고 좋더라고. 그래서 그렇게 쓰고 있고. 뭔가 인테리어 아 그 자취하면 내 방식대로 바 집을 꾸미고 막 이렇게 써야지라는 생각은 있었는데 막상 있으니까 짐을 그 넣을 짐도 너무 많고 근데 그거에 비해 공간은 안 나오고 하니까 인테리어라고 할 것도 없이 그냥 짐을 넣어 놓은 거 같아. 내 방이 너무 작아서 옷장 같은 게 들어갈 공간이 안 나서 거실에다가 행거 설치해서 바로 옷 놓아두고. 그래서 뭔가 꾸미기도 애매하고 그랬던 거 같아. 너는 집 인테리어 어떤 편이야? 서울에서 살 수 있으면 좋을 거 같은데. 왜냐하면 여가 생활 같은 것도 훨씬 더 많이 할 수 있고 이제 거의 내 친구들이나 생활 반경이 서울에 중심에 맞춰져 있다 보니까 서울에서 생활하는 게 편하긴 한데 가끔씩 여기가 사람이 너무 많아서 내려가고 싶다라는 생각이 들긴 해. 근데 직장을 얻고 뭔가 더 발전을 하려면은 서울에서 사는 게 맞는 거 같아. 나는 그 본가 살 때는 지하에 헬스장이 있어서 그거를 썼단 말이야. 근데 자취를 하니까 그런 여가 시설 시 그 아무튼 시설들이 없어서 막 주변에서 주변 다른 헬스장을 등록해 놨단 말이야. 근데 너는 지금 어쨌든 본가에 살잖아. 큰 아파트에 사는데 그러면 거기에 막 여가 시설 같은 게 와 잘 마련되어 있어?,0.005747126436781609,0.017241379310344827,0.004597701149425287,0.0,0.005747126436781609,0.0034482758620689655,0.005747126436781609,0.008045977011494253,0.01839080459770115,0.029885057471264367,0.004597701149425287,0.027586206896551724,0.0,0.008045977011494253,0.0022988505747126436,0.0,0.0034482758620689655,0.0011494252873563218,0.03218390804597701,0.013793103448275862,0.0,0.0,0.0,0.0022988505747126436,0.0,0.004597701149425287,0.021839080459770115,0.0,0.0034482758620689655,0.0034482758620689655,0.04367816091954023,0.0,0.006896551724137931,0.0,0.004597701149425287,0.009195402298850575,0.0,0.0,0.011494252873563218,0.0011494252873563218,0.0,0.0022988505747126436,0.0,0.0,0.034482758620689655,0.004597701149425287,0.013793103448275862,0.0022988505747126436,0.004597701149425287,0.0367816091954023,0.009195402298850575,0.0011494252873563218,0.0,0.0022988505747126436,0.0,0.0011494252873563218,0.0011494252873563218,0.0022988505747126436,0.0,0.006896551724137931,0.0,0.0,0.0,0.0011494252873563218,0.006896551724137931,0.0022988505747126436,0.0022988505747126436,0.0011494252873563218,0.0011494252873563218,0.0,0.0,0.0,0.0022988505747126436,0.0,0.0,0.005747126436781609,0.0022988505747126436,0.0,0.006896551724137931,0.010344827586206896,0.0011494252873563218,0.0,0.0,0.0,0.0,0.004597701149425287,0.0034482758620689655,0.0,0.0022988505747126436,0.004597701149425287,0.0,0.0022988505747126436,0.0,0.0011494252873563218,0.0,0.0011494252873563218,0.0011494252873563218,0.0011494252873563218,0.0,0.0022988505747126436,0.004597701149425287,0.0011494252873563218,0.0,0.0,0.0,0.0,0.01264367816091954,0.009195402298850575,0.0,0.0011494252873563218,0.0011494252873563218,0.0022988505747126436,0.0011494252873563218,0.0,0.0,0.0011494252873563218,0.0,0.0,0.0011494252873563218,0.011494252873563218,0.0,0.005747126436781609,0.0011494252873563218,0.0,0.0022988505747126436,0.0011494252873563218,0.0011494252873563218,0.0,0.0022988505747126436,0.0,0.0,0.0,0.0,0.0034482758620689655,0.0,0.0,0.01839080459770115,0.0022988505747126436,0.0,0.0,0.0022988505747126436,0.0022988505747126436,0.0022988505747126436,0.0,0.0,0.005747126436781609,0.0011494252873563218,0.0,0.008045977011494253,0.0022988505747126436,0.0011494252873563218,0.005747126436781609,0.0011494252873563218,0.0,0.0,0.0011494252873563218,0.0,0.0011494252873563218,0.006896551724137931,0.0011494252873563218,0.0,0.0034482758620689655,0.0,0.0,0.0,0.004597701149425287,0.0011494252873563218,0.0011494252873563218,0.0,0.0,0.0011494252873563218,0.0,0.0,0.0,0.006896551724137931,0.0,0.0,0.0,0.0,0.0,0.0011494252873563218,0.0,0.0034482758620689655,0.0022988505747126436,0.0,0.0022988505747126436,0.0,0.0022988505747126436,0.0022988505747126436,0.0,0.0,0.0,0.0022988505747126436,0.0,0.0,0.0011494252873563218,0.0,0.0,0.0,0.0,0.0034482758620689655,0.0,0.004597701149425287,0.0,0.0,0.0,0.0,0.0,0.0,0.0011494252873563218,0.0,0.0,0.0,0.0,0.0011494252873563218,0.0,0.0011494252873563218,0.0,0.0011494252873563218,0.0,0.0022988505747126436,0.0,0.0011494252873563218,0.0022988505747126436,0.0,0.0,0.005747126436781609,0.0,0.0022988505747126436,0.0,0.0,0.0,0.0,0.0,0.0,0.0,0.0,0.0,0.0022988505747126436,0.0,0.0,0.0,0.004597701149425287,0.0,0.0,0.0,0.0,0.0,0.0,0.0,0.0,0.0,0.0,0.0,0.0,0.0,0.006896551724137931,0.0034482758620689655,0.0011494252873563218,0.0011494252873563218,0.0011494252873563218,0.0011494252873563218,0.0022988505747126436,0.0022988505747126436,0.0011494252873563218,0.0011494252873563218,0.0011494252873563218,0.0011494252873563218,0.0011494252873563218,0.0011494252873563218,0.0034482758620689655,0.0011494252873563218,0.005747126436781609,0.0011494252873563218,0.0011494252873563218,0.0011494252873563218,0.0022988505747126436,0.0022988505747126436,0.0011494252873563218,0.0022988505747126436,0.0011494252873563218,0.0011494252873563218,0.0011494252873563218,0.0011494252873563218,0.0022988505747126436,0.0011494252873563218,0.0011494252873563218,0.0011494252873563218,0.0022988505747126436,0.0011494252873563218,0.0011494252873563218,0.0011494252873563218,0.0011494252873563218,0.0011494252873563218,0.0011494252873563218,0.0011494252873563218,0.0011494252873563218,0.0022988505747126436,0.0022988505747126436,0.0011494252873563218,0.0011494252873563218,0.0011494252873563218,0.0022988505747126436,0.0011494252873563218,0.0011494252873563218,0.0034482758620689655,0.0011494252873563218,0.0011494252873563218,0.0011494252873563218,0.0011494252873563218,0.0011494252873563218,0.0011494252873563218,0.0011494252873563218,0.0022988505747126436,0.0011494252873563218,0.0022988505747126436,0.0022988505747126436,0.0011494252873563218,0.0011494252873563218,0.0034482758620689655,0.0011494252873563218,0.0011494252873563218,0.0022988505747126436,0.0011494252873563218,0.0022988505747126436,0.0011494252873563218,0.0011494252873563218,0.0022988505747126436,0.0011494252873563218,0.0011494252873563218,0.0011494252873563218,0.0022988505747126436,0.0011494252873563218,0.0034482758620689655,0.0034482758620689655,0.0022988505747126436,0.0011494252873563218,0.0011494252873563218,0.0011494252873563218,0.0011494252873563218,0.0011494252873563218,0.0011494252873563218,0.0011494252873563218,0.004597701149425287,0.0011494252873563218,0.0011494252873563218,0.0011494252873563218,0.0011494252873563218,0.0022988505747126436,0.0011494252873563218,0.0011494252873563218,0.0011494252873563218,0.0034482758620689655,0.0011494252873563218,0.0011494252873563218,0.0011494252873563218,0.0011494252873563218,0.0022988505747126436,0.0011494252873563218,0.0022988505747126436,0.0022988505747126436,0.0022988505747126436,0.0011494252873563218,0.0011494252873563218,0.0011494252873563218,0.0011494252873563218,0.0022988505747126436,0.0011494252873563218,0.0034482758620689655,0.0034482758620689655,0.0011494252873563218,0.004597701149425287,0.0011494252873563218,0.0011494252873563218,0.0022988505747126436,0.0022988505747126436,0.0011494252873563218,0.0011494252873563218,0.0011494252873563218,0.0022988505747126436,0.0011494252873563218,0.0022988505747126436,0.0022988505747126436,0.0011494252873563218,0.0011494252873563218,0.0011494252873563218,0.0011494252873563218,0.0011494252873563218,0.0011494252873563218,0.0011494252873563218,0.0011494252873563218,0.0011494252873563218,0.0011494252873563218,0.0011494252873563218,0.0011494252873563218,0.0022988505747126436,0.0011494252873563218,0.0011494252873563218,0.0011494252873563218,0.0011494252873563218,0.0011494252873563218,0.0011494252873563218,0.0011494252873563218,0.0011494252873563218,0.0011494252873563218,0.0011494252873563218,0.0011494252873563218,0.0022988505747126436,0.0011494252873563218,0.0011494252873563218,0.0011494252873563218,0.0011494252873563218,0.0011494252873563218,0.0022988505747126436,0.0011494252873563218,0.0022988505747126436,0.0011494252873563218,0.0011494252873563218,0.0011494252873563218,0.0034482758620689655,0.0011494252873563218,0.0011494252873563218,0.0011494252873563218,0.0011494252873563218,0.0011494252873563218,0.0011494252873563218,0.0011494252873563218,0.0011494252873563218,0.0011494252873563218,0.0011494252873563218,0.0011494252873563218,0.0011494252873563218,0.0034482758620689655,0.0011494252873563218,0.0022988505747126436,0.0011494252873563218,0.0011494252873563218,0.0011494252873563218,0.0011494252873563218,0.0011494252873563218,0.0011494252873563218,0.0011494252873563218,0.0011494252873563218,0.0011494252873563218,0.0011494252873563218,0.0011494252873563218,0.0011494252873563218,0.0011494252873563218,0.0011494252873563218,0.0011494252873563218,0.0011494252873563218,0.0011494252873563218,0.0011494252873563218,0.0,0.0,0.0,0.0,0.0,0.0,0.0,0.0,0.0,0.0,0.0,0.0,0.0,0.0,0.0,0.0,0.0,0.0,0.0,0.0,0.0,0.0,0.0,0.0,0.0,0.0,0.0,0.0,0.0,0.0,0.0,0.0,0.0,0.0,0.0,0.0,0.0,0.0,0.17310703444073314,0.0,0.0,0.0,0.0,0.0,0.290736920776877,0.0,0.0,0.0,0.0,0.0,0.0,0.0,0.0,0.0,0.0,0.0,0.0,0.0,0.0,0.0,0.0,0.0,0.0,0.0,0.0,0.0,0.0,0.0,0.0,0.0,0.0,0.0,0.0,0.0,0.0,0.0,0.0,0.0,0.0,0.0,0.0,0.0,0.0,0.0,0.0,0.0,0.0,0.0,0.0,0.2252801169625271,0.0,0.0,0.0,0.0,0.0,0.0,0.0,0.0,0.0,0.0,0.0,0.0,0.0,0.18208620195763722,0.0,0.0,0.0,0.0,0.0,0.0,0.0,0.0,0.0,0.0,0.0,0.0,0.0,0.0,0.0,0.0,0.0,0.0,0.0,0.0,0.0,0.0,0.0,0.0,0.0,0.0,0.0,0.0,0.0,0.0,0.0,0.0,0.0,0.0,0.0,0.0,0.0,0.0,0.0,0.0,0.0,0.0,0.0,0.0,0.0,0.0,0.0,0.0,0.0,0.0,0.0,0.0,0.0,0.0,0.0,0.0,0.0,0.0,0.0,0.0,0.0,0.0,0.0,0.0,0.0,0.0,0.0,0.0,0.0,0.0,0.0,0.0,0.0,0.0,0.0,0.0,0.0,0.0,0.0,0.0,0.0,0.0,0.0,0.0,0.0,0.0,0.0,0.0,0.0,0.0,0.0,0.0,0.0,0.0,0.0,0.0,0.0,0.0,0.0,0.0,0.0,0.0,0.0,0.0,0.0,0.0,0.0,0.0,0.0,0.0,0.0,0.0,0.0,0.0,0.0,0.0,0.0,0.0,0.0,0.0,0.0,0.0,0.0,0.290736920776877,0.0,0.0,0.0,0.0,0.0,0.0,0.0,0.0,0.0,0.0,0.0,0.0,0.0,0.0,0.0,0.0,0.0,0.0,0.0,0.0,0.0,0.0,0.0,0.0,0.0,0.0,0.0,0.0,0.0,0.0,0.0,0.0,0.0,0.290736920776877,0.0,0.0,0.0,0.0,0.0,0.0,0.0,0.0,0.0,0.0,0.0,0.0,0.0,0.0,0.0,0.0,0.0,0.0,0.0,0.0,0.0,0.0,0.0,0.0,0.0,0.0,0.0,0.0,0.0,0.0,0.0,0.0,0.0,0.0,0.0,0.0,0.0,0.0,0.0,0.0,0.0,0.0,0.0,0.0,0.0,0.0,0.0,0.0,0.0,0.0,0.0,0.0,0.0,0.0,0.0,0.0,0.0,0.0,0.0,0.0,0.0,0.0,0.0,0.0,0.0,0.0,0.0,0.0,0.0,0.0,0.0,0.1929353486088587,0.0,0.0,0.0,0.0,0.0,0.0,0.0,0.0,0.0,0.0,0.0,0.0,0.0,0.0,0.0,0.0,0.0,0.0,0.0,0.0,0.0,0.0,0.0,0.0,0.2545200145037971,0.0,0.0,0.0,0.0,0.0,0.0,0.0,0.0,0.0,0.0,0.0,0.0,0.0,0.0,0.0,0.0,0.0,0.0,0.0,0.0,0.0,0.0,0.0,0.0,0.0,0.0,0.0,0.0,0.0,0.0,0.0,0.0,0.0,0.0,0.0,0.0,0.0,0.0,0.290736920776877,0.0,0.0,0.0,0.0,0.0,0.0,0.0,0.0,0.0,0.0,0.0,0.0,0.0,0.0,0.0,0.0,0.0,0.0,0.0,0.0,0.0,0.26955138871499246,0.0,0.0,0.0,0.0,0.0,0.0,0.0,0.0,0.0,0.0,0.0,0.0,0.0,0.0,0.0,0.0,0.0,0.0,0.0,0.0,0.0,0.0,0.0,0.0,0.0,0.0,0.0,0.0,0.0,0.0,0.0,0.0,0.0,0.0,0.0,0.0,0.0,0.0,0.0,0.0,0.0,0.0,0.0,0.0,0.0,0.0,0.0,0.0,0.0,0.0,0.0,0.0,0.0,0.0,0.0,0.0,0.0,0.0,0.0,0.0,0.0,0.0,0.0,0.0,0.0,0.0,0.0,0.0,0.0,0.0,0.0,0.0,0.0,0.0,0.0,0.0,0.0,0.0,0.0,0.0,0.0,0.0,0.0,0.0,0.0,0.0,0.0,0.0,0.0,0.0,0.0,0.0,0.0,0.0,0.0,0.0,0.0,0.0,0.0,0.0,0.0,0.0,0.0,0.0,0.0,0.0,0.0,0.0,0.0,0.0,0.0,0.0,0.0,0.0,0.0,0.0,0.0,0.0,0.0,0.0,0.0,0.0,0.0,0.0,0.0,0.0,0.0,0.0,0.0,0.0,0.0,0.0,0.0,0.0,0.0,0.0,0.0,0.0,0.0,0.0,0.0,0.0,0.0,0.0,0.0,0.0,0.0,0.0,0.0,0.0,0.0,0.0,0.0,0.0,0.0,0.0,0.0,0.0,0.0,0.0,0.0,0.0,0.0,0.0,0.0,0.0,0.0,0.0,0.0,0.290736920776877,0.0,0.0,0.0,0.0,0.0,0.0,0.0,0.0,0.0,0.0,0.0,0.0,0.0,0.0,0.0,0.0,0.0,0.0,0.0,0.0,0.0,0.0,0.0,0.0,0.0,0.0,0.0,0.0,0.0,0.0,0.0,0.0,0.0,0.0,0.0,0.0,0.26955138871499246,0.0,0.0,0.0,0.0,0.0,0.0,0.0,0.0,0.0,0.0,0.0,0.0,0.0,0.0,0.0,0.0,0.0,0.0,0.0,0.0,0.0,0.0,0.0,0.0,0.0,0.0,0.0,0.0,0.0,0.0,0.0,0.0,0.0,0.0,0.0,0.0,0.0,0.0,0.0,0.0,0.0,0.290736920776877,0.0,0.0,0.0,0.0,0.0,0.0,0.24286077486459032,0.0,0.0,0.0,0.0,0.0,0.0,0.0,0.0,0.0,0.0,0.0,0.0,0.0,0.0,0.0,0.0,0.0,0.0,0.0,0.0,0.0,0.0,0.0,0.0,0.0,0.0,0.0,0.0,0.0,0.0,0.0,0.0,0.0,0.0,0.0,0.0,0.0,0.0,0.0,0.0,0.0,0.0,0.0,0.0,0.0,0.0,0.0,0.0,0.0,0.0,0.26955138871499246
SD2401268,20대,음 근데 우리집이 꼭대기 층이라 그런지 좀 괜찮은 거 같은데. 층간 소음은 없는데 벽간 소음이 쪼금 있는 거 같아. 방이 그 방음이 잘 안 돼서 옆 문 그 첫 입구 문에만 서도 옆의 방이 뭐 유튜브 뭐 듣고 있는지 무슨 대화하고 있는지가 너무 잘 들려서 쪼끔 부담스럽긴 해. 근데 위에는 아무도 사람이 안 사니까 내가 살기에는 어 소음이 없어서 되게 좋은 거 같아. 그거 말고도 본가 살 때는 위층이 아빠 지인이 살았었는데 그래서 막 소음이 나도 뭐라 하기가 좀 그랬던 경험이 있어. 너는 지금 몇 층 정도에 살아? 층간 소음은 없어? 음 그 학 학교 들어오고 나서부터 2년 동안 여기 살고 올해 새로 계약해서 똑같은 데 연장해서 거기서 살고 있어. 아마 내년에는 교환 학생을 가서 없으니까 오빠가 혼자 살 거 같아 지금 같이 살고 있으니까. 그리고 사실 나는 올해 딱 계약 연장할 때쯤에 새로 구해서 따로따로 살고 싶었는데 아무래도 서울 뭐 월세가 비싸다 보니까 그냥 한집에서 해서 전세로 사는 게 낫겠다 싶어서 같이 살고 있는데. 어 아무래도 생활 패턴이나 그런 집안일 하는 거가 좀 안 맞아서 좀 그게 제일 힘들어서 따로 살고 싶었던 거 같아. 뭐 혼자 늦게 자고 그런 건 상관없는데 오빠가 게임을 하니까 늦게까지 게임하는 소리 계속 들려 오 들려 오고 하니까 나 자는 데 방에 돼서 그랬던 거 같아. 너는 그런 적은 없어? 어 중3 때까지 1곳에서 살았고 그 주 중3 이후에 약간 신도시 분양 그런 청약 담 당첨 돼 가지고 1번 이사를 갔었어. 근데 그 중3 때까지 계속 같은 지역에 살다 보니까 거기 유치원 초등학교 중학교 나오고 고등학교도 그쪽을 가려고 했는데 이사를 가게 돼서 혼자 떨어진 곳을 가니까 친구들이랑도 멀어지고 그러 그 뭐 원래 놀던 데에서도 못 놀고 이런 게 쪼끔 아쉽고 힘들긴 하더라고. 근데 집이 넓어서 되게 좋았던 거 같아. 나는 이사를 많이 안 해 봐서 막 해 보고 싶었다 이런 게 좀 컸었는데 주변에 이사 많이 다니는 사람은 안 그렇더라고. 이사를 그만 다니고 싶다 그러더라. 혹시 너도 그런 편이야? 음 나는 이사 간 다음에 우 이 이사 간 아파트 앞에 막 전원주택 같은 게 있는 거야. 그래서 나중에 이 또 이사를 가게 된다면은 저런 데에서 살고 싶다. 저런 데에서 마당에서 막 식물 키우고 동물 키우고 막 나만의 정원을 가꾸면서 2층 바 다락방에서 살고 싶다 막 이런 생각을 했었는데. 근데 막상 거기에 살면은 관리하는 게 되게 힘들어 보이더라고. 할머니 집도 그런 전원주택인데 조금만 뭘 관리를 안 해 줘도 잡초 자라고 먼지가 끼고 더러워지고 막 그런 게 많아서 관리가 힘들다고 하더라고. 근데 그럼에도 한 약간 한번쯤은 전원주택에 살고 싶다 이런 생각이 있는데. 너는 그런 어디에 살고 싶다 이런 로망 같은 게 있어? 어 전자레인지랑 냉장고 세탁기 이 이 정도는 원래 있었던 거 같고. 밥솥이랑 응 어 그 오븐 같은 거 뭐라고 하지. 그 아 에어프라이어는 사 왔고. 최근에 여름 되니까 벌레가 너무 많이 생기잖아. 특히 음식물에 벌레가 많이 생기는데 그래서 버리기가 너무 힘들어서 미생물로 분해해 주는 기계 그런 게 있더라고. 오빠가 인스타그램에서 찾아와서 막 우 이거 쓰자 막 그러면서 찾아왔던 기억이 있어. 그래서 그거를 지금 살까 고민 중에 있어. 그게 음식물 쓰레기를 넣으면은 미생물들이 분해를 해서 흙으로 바로 만들어 준대. 근데 그게 하루 만에 다 만들어 주고 냄새도 안 나서 좋다고 하더라고. 너는 혹시 집안일 같은 거는 어떻게 하는 편이야? 어 가끔 아니 자주 좀 싸운 싸우진 않고 이런 거에 대해 짜증을 내는 거 같긴 한데 내 방이 쓰레기 그 분리수거 하는 데 바로 앞에 있단 말이야. 그래서 오빠는 좀 멀어서 쓰레기 같은 걸 거기 내면 그만인데 나는 내고 나서 그게 분리수거가 잘 안 되어 있거나 막 더러운 게 섞여 있거나 하면은 냄새가 바로 내 방으로 들어온단 말이야. 그거 때문에 오빠한테 뭐라 한 적도 많았던 거 같고. 약간 분담 같은 게 예전에는 막 뭐 냉장고 청소 네가 1번 하면 내가 화장실 청소 1번 하고 이런 식으로 번갈아서 하자라고 말은 했는데 어느 순간 보니까 내가 다 하고 있더라고. 그래서 그거에 대해서 쌓아 놨다가 화내기 직전에 딱 말하면은 오빠가 또 눈치는 빨라 가지고 그제서야 부랴부랴 치우고 막 이래서 어 싸우지는 않았던 거 같아. 근데 자취를 하니까 확실히 본가 살 때는 엄마가 다 해 주고 그러는데 내가 다 해야 되니까 그게 힘든 거 같긴 해. 너는 자취하고 싶다는 생각은 없어? 아 나 처음에 집 들어올 때 막 냉장고랑 기본 가구에 막 여 연두색 띠가 막 둘러져 있는 거야. 기본 색깔로 막 있는 거야. 그래서 그걸 보고 아 진짜 별로다. 여기 살기 싫다 했었는데 막상 들어가 보니까 그런 거 별로 티도 안 나고 깔끔해 보이고 좋더라고. 그래서 그렇게 쓰고 있고. 뭔가 인테리어 아 그 자취하면 내 방식대로 바 집을 꾸미고 막 이렇게 써야지라는 생각은 있었는데 막상 있으니까 짐을 그 넣을 짐도 너무 많고 근데 그거에 비해 공간은 안 나오고 하니까 인테리어라고 할 것도 없이 그냥 짐을 넣어 놓은 거 같아. 내 방이 너무 작아서 옷장 같은 게 들어갈 공간이 안 나서 거실에다가 행거 설치해서 바로 옷 놓아두고. 그래서 뭔가 꾸미기도 애매하고 그랬던 거 같아. 너는 집 인테리어 어떤 편이야? 서울에서 살 수 있으면 좋을 거 같은데. 왜냐하면 여가 생활 같은 것도 훨씬 더 많이 할 수 있고 이제 거의 내 친구들이나 생활 반경이 서울에 중심에 맞춰져 있다 보니까 서울에서 생활하는 게 편하긴 한데 가끔씩 여기가 사람이 너무 많아서 내려가고 싶다라는 생각이 들긴 해. 근데 직장을 얻고 뭔가 더 발전을 하려면은 서울에서 사는 게 맞는 거 같아. 나는 그 본가 살 때는 지하에 헬스장이 있어서 그거를 썼단 말이야. 근데 자취를 하니까 그런 여가 시설 시 그 아무튼 시설들이 없어서 막 주변에서 주변 다른 헬스장을 등록해 놨단 말이야. 근데 너는 지금 어쨌든 본가에 살잖아. 큰 아파트에 사는데 그러면 거기에 막 여가 시설 같은 게 와 잘 마련되어 있어?,0.005747126436781609,0.017241379310344827,0.004597701149425287,0.0,0.005747126436781609,0.0034482758620689655,0.005747126436781609,0.008045977011494253,0.01839080459770115,0.029885057471264367,0.004597701149425287,0.027586206896551724,0.0,0.008045977011494253,0.0022988505747126436,0.0,0.0034482758620689655,0.0011494252873563218,0.03218390804597701,0.013793103448275862,0.0,0.0,0.0,0.0022988505747126436,0.0,0.004597701149425287,0.021839080459770115,0.0,0.0034482758620689655,0.0034482758620689655,0.04367816091954023,0.0,0.006896551724137931,0.0,0.004597701149425287,0.009195402298850575,0.0,0.0,0.011494252873563218,0.0011494252873563218,0.0,0.0022988505747126436,0.0,0.0,0.034482758620689655,0.004597701149425287,0.013793103448275862,0.0022988505747126436,0.004597701149425287,0.0367816091954023,0.009195402298850575,0.0011494252873563218,0.0,0.0022988505747126436,0.0,0.0011494252873563218,0.0011494252873563218,0.0022988505747126436,0.0,0.006896551724137931,0.0,0.0,0.0,0.0011494252873563218,0.006896551724137931,0.0022988505747126436,0.0022988505747126436,0.0011494252873563218,0.0011494252873563218,0.0,0.0,0.0,0.0022988505747126436,0.0,0.0,0.005747126436781609,0.0022988505747126436,0.0,0.006896551724137931,0.010344827586206896,0.0011494252873563218,0.0,0.0,0.0,0.0,0.004597701149425287,0.0034482758620689655,0.0,0.0022988505747126436,0.004597701149425287,0.0,0.0022988505747126436,0.0,0.0011494252873563218,0.0,0.0011494252873563218,0.0011494252873563218,0.0011494252873563218,0.0,0.0022988505747126436,0.004597701149425287,0.0011494252873563218,0.0,0.0,0.0,0.0,0.01264367816091954,0.009195402298850575,0.0,0.0011494252873563218,0.0011494252873563218,0.0022988505747126436,0.0011494252873563218,0.0,0.0,0.0011494252873563218,0.0,0.0,0.0011494252873563218,0.011494252873563218,0.0,0.005747126436781609,0.0011494252873563218,0.0,0.0022988505747126436,0.0011494252873563218,0.0011494252873563218,0.0,0.0022988505747126436,0.0,0.0,0.0,0.0,0.0034482758620689655,0.0,0.0,0.01839080459770115,0.0022988505747126436,0.0,0.0,0.0022988505747126436,0.0022988505747126436,0.0022988505747126436,0.0,0.0,0.005747126436781609,0.0011494252873563218,0.0,0.008045977011494253,0.0022988505747126436,0.0011494252873563218,0.005747126436781609,0.0011494252873563218,0.0,0.0,0.0011494252873563218,0.0,0.0011494252873563218,0.006896551724137931,0.0011494252873563218,0.0,0.0034482758620689655,0.0,0.0,0.0,0.004597701149425287,0.0011494252873563218,0.0011494252873563218,0.0,0.0,0.0011494252873563218,0.0,0.0,0.0,0.006896551724137931,0.0,0.0,0.0,0.0,0.0,0.0011494252873563218,0.0,0.0034482758620689655,0.0022988505747126436,0.0,0.0022988505747126436,0.0,0.0022988505747126436,0.0022988505747126436,0.0,0.0,0.0,0.0022988505747126436,0.0,0.0,0.0011494252873563218,0.0,0.0,0.0,0.0,0.0034482758620689655,0.0,0.004597701149425287,0.0,0.0,0.0,0.0,0.0,0.0,0.0011494252873563218,0.0,0.0,0.0,0.0,0.0011494252873563218,0.0,0.0011494252873563218,0.0,0.0011494252873563218,0.0,0.0022988505747126436,0.0,0.0011494252873563218,0.0022988505747126436,0.0,0.0,0.005747126436781609,0.0,0.0022988505747126436,0.0,0.0,0.0,0.0,0.0,0.0,0.0,0.0,0.0,0.0022988505747126436,0.0,0.0,0.0,0.004597701149425287,0.0,0.0,0.0,0.0,0.0,0.0,0.0,0.0,0.0,0.0,0.0,0.0,0.0,0.006896551724137931,0.0034482758620689655,0.0011494252873563218,0.0011494252873563218,0.0011494252873563218,0.0011494252873563218,0.0022988505747126436,0.0022988505747126436,0.0011494252873563218,0.0011494252873563218,0.0011494252873563218,0.0011494252873563218,0.0011494252873563218,0.0011494252873563218,0.0034482758620689655,0.0011494252873563218,0.005747126436781609,0.0011494252873563218,0.0011494252873563218,0.0011494252873563218,0.0022988505747126436,0.0022988505747126436,0.0011494252873563218,0.0022988505747126436,0.0011494252873563218,0.0011494252873563218,0.0011494252873563218,0.0011494252873563218,0.0022988505747126436,0.0011494252873563218,0.0011494252873563218,0.0011494252873563218,0.0022988505747126436,0.0011494252873563218,0.0011494252873563218,0.0011494252873563218,0.0011494252873563218,0.0011494252873563218,0.0011494252873563218,0.0011494252873563218,0.0011494252873563218,0.0022988505747126436,0.0022988505747126436,0.0011494252873563218,0.0011494252873563218,0.0011494252873563218,0.0022988505747126436,0.0011494252873563218,0.0011494252873563218,0.0034482758620689655,0.0011494252873563218,0.0011494252873563218,0.0011494252873563218,0.0011494252873563218,0.0011494252873563218,0.0011494252873563218,0.0011494252873563218,0.0022988505747126436,0.0011494252873563218,0.0022988505747126436,0.0022988505747126436,0.0011494252873563218,0.0011494252873563218,0.0034482758620689655,0.0011494252873563218,0.0011494252873563218,0.0022988505747126436,0.0011494252873563218,0.0022988505747126436,0.0011494252873563218,0.0011494252873563218,0.0022988505747126436,0.0011494252873563218,0.0011494252873563218,0.0011494252873563218,0.0022988505747126436,0.0011494252873563218,0.0034482758620689655,0.0034482758620689655,0.0022988505747126436,0.0011494252873563218,0.0011494252873563218,0.0011494252873563218,0.0011494252873563218,0.0011494252873563218,0.0011494252873563218,0.0011494252873563218,0.004597701149425287,0.0011494252873563218,0.0011494252873563218,0.0011494252873563218,0.0011494252873563218,0.0022988505747126436,0.0011494252873563218,0.0011494252873563218,0.0011494252873563218,0.0034482758620689655,0.0011494252873563218,0.0011494252873563218,0.0011494252873563218,0.0011494252873563218,0.0022988505747126436,0.0011494252873563218,0.0022988505747126436,0.0022988505747126436,0.0022988505747126436,0.0011494252873563218,0.0011494252873563218,0.0011494252873563218,0.0011494252873563218,0.0022988505747126436,0.0011494252873563218,0.0034482758620689655,0.0034482758620689655,0.0011494252873563218,0.004597701149425287,0.0011494252873563218,0.0011494252873563218,0.0022988505747126436,0.0022988505747126436,0.0011494252873563218,0.0011494252873563218,0.0011494252873563218,0.0022988505747126436,0.0011494252873563218,0.0022988505747126436,0.0022988505747126436,0.0011494252873563218,0.0011494252873563218,0.0011494252873563218,0.0011494252873563218,0.0011494252873563218,0.0011494252873563218,0.0011494252873563218,0.0011494252873563218,0.0011494252873563218,0.0011494252873563218,0.0011494252873563218,0.0011494252873563218,0.0022988505747126436,0.0011494252873563218,0.0011494252873563218,0.0011494252873563218,0.0011494252873563218,0.0011494252873563218,0.0011494252873563218,0.0011494252873563218,0.0011494252873563218,0.0011494252873563218,0.0011494252873563218,0.0011494252873563218,0.0022988505747126436,0.0011494252873563218,0.0011494252873563218,0.0011494252873563218,0.0011494252873563218,0.0011494252873563218,0.0022988505747126436,0.0011494252873563218,0.0022988505747126436,0.0011494252873563218,0.0011494252873563218,0.0011494252873563218,0.0034482758620689655,0.0011494252873563218,0.0011494252873563218,0.0011494252873563218,0.0011494252873563218,0.0011494252873563218,0.0011494252873563218,0.0011494252873563218,0.0011494252873563218,0.0011494252873563218,0.0011494252873563218,0.0011494252873563218,0.0011494252873563218,0.0034482758620689655,0.0011494252873563218,0.0022988505747126436,0.0011494252873563218,0.0011494252873563218,0.0011494252873563218,0.0011494252873563218,0.0011494252873563218,0.0011494252873563218,0.0011494252873563218,0.0011494252873563218,0.0011494252873563218,0.0011494252873563218,0.0011494252873563218,0.0011494252873563218,0.0011494252873563218,0.0011494252873563218,0.0011494252873563218,0.0011494252873563218,0.0011494252873563218,0.0011494252873563218,0.0,0.0,0.0,0.0,0.0,0.0,0.0,0.0,0.0,0.0,0.0,0.0,0.0,0.0,0.0,0.0,0.0,0.0,0.0,0.0,0.0,0.0,0.0,0.0,0.0,0.0,0.0,0.0,0.0,0.0,0.0,0.0,0.0,0.0,0.0,0.0,0.0,0.0,0.0,0.0,0.0,0.0,0.0,0.0,0.0,0.0,0.0,0.0,0.0,0.0,0.0,0.0,0.0,0.0,0.0,0.0,0.0,0.0,0.0,0.0,0.0,0.0,0.0,0.0,0.0,0.0,0.0,0.0,0.0,0.0,0.0,0.0,0.0,0.0,0.0,0.0,0.0,0.0,0.0,0.0,0.0,0.0,0.0,0.0,0.0,0.0,0.0,0.0,0.0,0.0,0.0,0.0,0.0,0.0,0.0,0.0,0.0,0.0,0.0,0.0,0.0,0.0,0.0,0.3096808858189964,0.0,0.0,0.0,0.0,0.0,0.0,0.0,0.0,0.0,0.0,0.0,0.0,0.0,0.0,0.0,0.0,0.0,0.0,0.0,0.0,0.0,0.0,0.0,0.0,0.0,0.0,0.0,0.0,0.0,0.0,0.0,0.0,0.0,0.0,0.0,0.0,0.0,0.0,0.0,0.0,0.0,0.0,0.0,0.0,0.0,0.0,0.0,0.0,0.0,0.0,0.0,0.0,0.0,0.0,0.0,0.0,0.0,0.0,0.0,0.0,0.0,0.0,0.0,0.0,0.0,0.0,0.0,0.0,0.0,0.0,0.0,0.0,0.4944672698891136,0.0,0.0,0.0,0.0,0.0,0.0,0.0,0.0,0.0,0.0,0.0,0.0,0.0,0.0,0.0,0.0,0.0,0.0,0.0,0.0,0.0,0.0,0.0,0.0,0.0,0.0,0.0,0.0,0.0,0.0,0.0,0.0,0.0,0.0,0.0,0.0,0.0,0.0,0.0,0.0,0.0,0.0,0.0,0.0,0.0,0.0,0.0,0.0,0.0,0.0,0.0,0.0,0.0,0.0,0.0,0.0,0.0,0.0,0.0,0.0,0.0,0.0,0.0,0.0,0.0,0.0,0.0,0.0,0.0,0.0,0.0,0.0,0.0,0.0,0.0,0.0,0.0,0.0,0.0,0.0,0.0,0.0,0.0,0.0,0.0,0.0,0.0,0.0,0.0,0.0,0.0,0.0,0.0,0.0,0.0,0.0,0.0,0.0,0.0,0.0,0.0,0.0,0.0,0.0,0.0,0.0,0.0,0.0,0.0,0.0,0.0,0.0,0.0,0.0,0.0,0.0,0.0,0.0,0.0,0.0,0.0,0.0,0.0,0.0,0.0,0.0,0.0,0.0,0.0,0.0,0.0,0.0,0.0,0.0,0.0,0.0,0.0,0.0,0.0,0.0,0.0,0.0,0.0,0.0,0.0,0.0,0.0,0.0,0.0,0.0,0.0,0.0,0.0,0.0,0.0,0.0,0.0,0.0,0.0,0.0,0.0,0.0,0.0,0.0,0.0,0.0,0.0,0.0,0.4944672698891136,0.0,0.0,0.0,0.0,0.0,0.0,0.0,0.0,0.0,0.0,0.0,0.0,0.0,0.0,0.0,0.0,0.0,0.0,0.0,0.0,0.0,0.0,0.0,0.0,0.0,0.0,0.0,0.0,0.0,0.0,0.0,0.0,0.0,0.0,0.0,0.0,0.0,0.0,0.0,0.0,0.0,0.0,0.0,0.0,0.0,0.0,0.0,0.0,0.0,0.0,0.0,0.0,0.0,0.0,0.0,0.0,0.0,0.0,0.0,0.0,0.0,0.0,0.0,0.0,0.0,0.0,0.0,0.0,0.0,0.0,0.0,0.0,0.0,0.0,0.0,0.0,0.0,0.0,0.0,0.0,0.0,0.0,0.0,0.0,0.0,0.0,0.0,0.0,0.0,0.0,0.0,0.0,0.0,0.0,0.0,0.0,0.0,0.0,0.0,0.0,0.0,0.0,0.0,0.0,0.0,0.0,0.0,0.0,0.0,0.0,0.0,0.0,0.0,0.0,0.0,0.0,0.0,0.0,0.0,0.0,0.0,0.0,0.0,0.0,0.0,0.0,0.0,0.0,0.0,0.0,0.0,0.0,0.0,0.0,0.0,0.0,0.0,0.0,0.0,0.0,0.0,0.0,0.0,0.0,0.0,0.0,0.0,0.0,0.0,0.0,0.0,0.0,0.0,0.0,0.0,0.0,0.0,0.0,0.0,0.0,0.0,0.0,0.0,0.0,0.0,0.0,0.0,0.0,0.0,0.0,0.0,0.0,0.0,0.0,0.0,0.0,0.0,0.0,0.0,0.0,0.0,0.0,0.0,0.0,0.0,0.0,0.0,0.0,0.0,0.0,0.0,0.0,0.0,0.0,0.0,0.0,0.0,0.0,0.0,0.0,0.0,0.0,0.0,0.0,0.0,0.0,0.0,0.0,0.0,0.4944672698891136,0.0,0.0,0.0,0.0,0.0,0.0,0.0,0.0,0.0,0.0,0.0,0.0,0.0,0.0,0.0,0.0,0.0,0.0,0.0,0.0,0.0,0.0,0.0,0.0,0.0,0.0,0.0,0.0,0.0,0.0,0.0,0.0,0.0,0.0,0.0,0.0,0.0,0.0,0.0,0.0,0.0,0.0,0.0,0.0,0.0,0.0,0.0,0.0,0.0,0.0,0.0,0.0,0.0,0.0,0.0,0.0,0.0,0.0,0.0,0.0,0.0,0.0,0.0,0.0,0.0,0.0,0.0,0.0,0.0,0.0,0.0,0.0,0.0,0.0,0.0,0.0,0.0,0.0,0.0,0.0,0.0,0.0,0.0,0.0,0.0,0.0,0.0,0.0,0.0,0.0,0.0,0.0,0.0,0.0,0.0,0.0,0.0,0.0,0.0,0.0,0.0,0.0,0.0,0.0,0.0,0.0,0.0,0.0,0.0,0.0,0.0,0.0,0.0,0.0,0.0,0.0,0.0,0.0,0.0,0.0,0.0,0.0,0.0,0.0,0.0,0.0,0.0,0.0,0.0,0.0,0.0,0.0,0.0,0.0,0.0,0.0,0.0,0.0,0.0,0.0,0.0,0.0,0.0,0.0,0.0,0.0,0.0,0.0,0.0,0.0,0.0,0.0,0.0,0.0,0.0,0.0,0.4130424990041354,0.0,0.0,0.0,0.0,0.0,0.0,0.0,0.0,0.0,0.0,0.0,0.0,0.0,0.0
SD2401268,20대,음 근데 우리집이 꼭대기 층이라 그런지 좀 괜찮은 거 같은데. 층간 소음은 없는데 벽간 소음이 쪼금 있는 거 같아. 방이 그 방음이 잘 안 돼서 옆 문 그 첫 입구 문에만 서도 옆의 방이 뭐 유튜브 뭐 듣고 있는지 무슨 대화하고 있는지가 너무 잘 들려서 쪼끔 부담스럽긴 해. 근데 위에는 아무도 사람이 안 사니까 내가 살기에는 어 소음이 없어서 되게 좋은 거 같아. 그거 말고도 본가 살 때는 위층이 아빠 지인이 살았었는데 그래서 막 소음이 나도 뭐라 하기가 좀 그랬던 경험이 있어. 너는 지금 몇 층 정도에 살아? 층간 소음은 없어? 음 그 학 학교 들어오고 나서부터 2년 동안 여기 살고 올해 새로 계약해서 똑같은 데 연장해서 거기서 살고 있어. 아마 내년에는 교환 학생을 가서 없으니까 오빠가 혼자 살 거 같아 지금 같이 살고 있으니까. 그리고 사실 나는 올해 딱 계약 연장할 때쯤에 새로 구해서 따로따로 살고 싶었는데 아무래도 서울 뭐 월세가 비싸다 보니까 그냥 한집에서 해서 전세로 사는 게 낫겠다 싶어서 같이 살고 있는데. 어 아무래도 생활 패턴이나 그런 집안일 하는 거가 좀 안 맞아서 좀 그게 제일 힘들어서 따로 살고 싶었던 거 같아. 뭐 혼자 늦게 자고 그런 건 상관없는데 오빠가 게임을 하니까 늦게까지 게임하는 소리 계속 들려 오 들려 오고 하니까 나 자는 데 방에 돼서 그랬던 거 같아. 너는 그런 적은 없어? 어 중3 때까지 1곳에서 살았고 그 주 중3 이후에 약간 신도시 분양 그런 청약 담 당첨 돼 가지고 1번 이사를 갔었어. 근데 그 중3 때까지 계속 같은 지역에 살다 보니까 거기 유치원 초등학교 중학교 나오고 고등학교도 그쪽을 가려고 했는데 이사를 가게 돼서 혼자 떨어진 곳을 가니까 친구들이랑도 멀어지고 그러 그 뭐 원래 놀던 데에서도 못 놀고 이런 게 쪼끔 아쉽고 힘들긴 하더라고. 근데 집이 넓어서 되게 좋았던 거 같아. 나는 이사를 많이 안 해 봐서 막 해 보고 싶었다 이런 게 좀 컸었는데 주변에 이사 많이 다니는 사람은 안 그렇더라고. 이사를 그만 다니고 싶다 그러더라. 혹시 너도 그런 편이야? 음 나는 이사 간 다음에 우 이 이사 간 아파트 앞에 막 전원주택 같은 게 있는 거야. 그래서 나중에 이 또 이사를 가게 된다면은 저런 데에서 살고 싶다. 저런 데에서 마당에서 막 식물 키우고 동물 키우고 막 나만의 정원을 가꾸면서 2층 바 다락방에서 살고 싶다 막 이런 생각을 했었는데. 근데 막상 거기에 살면은 관리하는 게 되게 힘들어 보이더라고. 할머니 집도 그런 전원주택인데 조금만 뭘 관리를 안 해 줘도 잡초 자라고 먼지가 끼고 더러워지고 막 그런 게 많아서 관리가 힘들다고 하더라고. 근데 그럼에도 한 약간 한번쯤은 전원주택에 살고 싶다 이런 생각이 있는데. 너는 그런 어디에 살고 싶다 이런 로망 같은 게 있어? 어 전자레인지랑 냉장고 세탁기 이 이 정도는 원래 있었던 거 같고. 밥솥이랑 응 어 그 오븐 같은 거 뭐라고 하지. 그 아 에어프라이어는 사 왔고. 최근에 여름 되니까 벌레가 너무 많이 생기잖아. 특히 음식물에 벌레가 많이 생기는데 그래서 버리기가 너무 힘들어서 미생물로 분해해 주는 기계 그런 게 있더라고. 오빠가 인스타그램에서 찾아와서 막 우 이거 쓰자 막 그러면서 찾아왔던 기억이 있어. 그래서 그거를 지금 살까 고민 중에 있어. 그게 음식물 쓰레기를 넣으면은 미생물들이 분해를 해서 흙으로 바로 만들어 준대. 근데 그게 하루 만에 다 만들어 주고 냄새도 안 나서 좋다고 하더라고. 너는 혹시 집안일 같은 거는 어떻게 하는 편이야? 어 가끔 아니 자주 좀 싸운 싸우진 않고 이런 거에 대해 짜증을 내는 거 같긴 한데 내 방이 쓰레기 그 분리수거 하는 데 바로 앞에 있단 말이야. 그래서 오빠는 좀 멀어서 쓰레기 같은 걸 거기 내면 그만인데 나는 내고 나서 그게 분리수거가 잘 안 되어 있거나 막 더러운 게 섞여 있거나 하면은 냄새가 바로 내 방으로 들어온단 말이야. 그거 때문에 오빠한테 뭐라 한 적도 많았던 거 같고. 약간 분담 같은 게 예전에는 막 뭐 냉장고 청소 네가 1번 하면 내가 화장실 청소 1번 하고 이런 식으로 번갈아서 하자라고 말은 했는데 어느 순간 보니까 내가 다 하고 있더라고. 그래서 그거에 대해서 쌓아 놨다가 화내기 직전에 딱 말하면은 오빠가 또 눈치는 빨라 가지고 그제서야 부랴부랴 치우고 막 이래서 어 싸우지는 않았던 거 같아. 근데 자취를 하니까 확실히 본가 살 때는 엄마가 다 해 주고 그러는데 내가 다 해야 되니까 그게 힘든 거 같긴 해. 너는 자취하고 싶다는 생각은 없어? 아 나 처음에 집 들어올 때 막 냉장고랑 기본 가구에 막 여 연두색 띠가 막 둘러져 있는 거야. 기본 색깔로 막 있는 거야. 그래서 그걸 보고 아 진짜 별로다. 여기 살기 싫다 했었는데 막상 들어가 보니까 그런 거 별로 티도 안 나고 깔끔해 보이고 좋더라고. 그래서 그렇게 쓰고 있고. 뭔가 인테리어 아 그 자취하면 내 방식대로 바 집을 꾸미고 막 이렇게 써야지라는 생각은 있었는데 막상 있으니까 짐을 그 넣을 짐도 너무 많고 근데 그거에 비해 공간은 안 나오고 하니까 인테리어라고 할 것도 없이 그냥 짐을 넣어 놓은 거 같아. 내 방이 너무 작아서 옷장 같은 게 들어갈 공간이 안 나서 거실에다가 행거 설치해서 바로 옷 놓아두고. 그래서 뭔가 꾸미기도 애매하고 그랬던 거 같아. 너는 집 인테리어 어떤 편이야? 서울에서 살 수 있으면 좋을 거 같은데. 왜냐하면 여가 생활 같은 것도 훨씬 더 많이 할 수 있고 이제 거의 내 친구들이나 생활 반경이 서울에 중심에 맞춰져 있다 보니까 서울에서 생활하는 게 편하긴 한데 가끔씩 여기가 사람이 너무 많아서 내려가고 싶다라는 생각이 들긴 해. 근데 직장을 얻고 뭔가 더 발전을 하려면은 서울에서 사는 게 맞는 거 같아. 나는 그 본가 살 때는 지하에 헬스장이 있어서 그거를 썼단 말이야. 근데 자취를 하니까 그런 여가 시설 시 그 아무튼 시설들이 없어서 막 주변에서 주변 다른 헬스장을 등록해 놨단 말이야. 근데 너는 지금 어쨌든 본가에 살잖아. 큰 아파트에 사는데 그러면 거기에 막 여가 시설 같은 게 와 잘 마련되어 있어?,0.005747126436781609,0.017241379310344827,0.004597701149425287,0.0,0.005747126436781609,0.0034482758620689655,0.005747126436781609,0.008045977011494253,0.01839080459770115,0.029885057471264367,0.004597701149425287,0.027586206896551724,0.0,0.008045977011494253,0.0022988505747126436,0.0,0.0034482758620689655,0.0011494252873563218,0.03218390804597701,0.013793103448275862,0.0,0.0,0.0,0.0022988505747126436,0.0,0.004597701149425287,0.021839080459770115,0.0,0.0034482758620689655,0.0034482758620689655,0.04367816091954023,0.0,0.006896551724137931,0.0,0.004597701149425287,0.009195402298850575,0.0,0.0,0.011494252873563218,0.0011494252873563218,0.0,0.0022988505747126436,0.0,0.0,0.034482758620689655,0.004597701149425287,0.013793103448275862,0.0022988505747126436,0.004597701149425287,0.0367816091954023,0.009195402298850575,0.0011494252873563218,0.0,0.0022988505747126436,0.0,0.0011494252873563218,0.0011494252873563218,0.0022988505747126436,0.0,0.006896551724137931,0.0,0.0,0.0,0.0011494252873563218,0.006896551724137931,0.0022988505747126436,0.0022988505747126436,0.0011494252873563218,0.0011494252873563218,0.0,0.0,0.0,0.0022988505747126436,0.0,0.0,0.005747126436781609,0.0022988505747126436,0.0,0.006896551724137931,0.010344827586206896,0.0011494252873563218,0.0,0.0,0.0,0.0,0.004597701149425287,0.0034482758620689655,0.0,0.0022988505747126436,0.004597701149425287,0.0,0.0022988505747126436,0.0,0.0011494252873563218,0.0,0.0011494252873563218,0.0011494252873563218,0.0011494252873563218,0.0,0.0022988505747126436,0.004597701149425287,0.0011494252873563218,0.0,0.0,0.0,0.0,0.01264367816091954,0.009195402298850575,0.0,0.0011494252873563218,0.0011494252873563218,0.0022988505747126436,0.0011494252873563218,0.0,0.0,0.0011494252873563218,0.0,0.0,0.0011494252873563218,0.011494252873563218,0.0,0.005747126436781609,0.0011494252873563218,0.0,0.0022988505747126436,0.0011494252873563218,0.0011494252873563218,0.0,0.0022988505747126436,0.0,0.0,0.0,0.0,0.0034482758620689655,0.0,0.0,0.01839080459770115,0.0022988505747126436,0.0,0.0,0.0022988505747126436,0.0022988505747126436,0.0022988505747126436,0.0,0.0,0.005747126436781609,0.0011494252873563218,0.0,0.008045977011494253,0.0022988505747126436,0.0011494252873563218,0.005747126436781609,0.0011494252873563218,0.0,0.0,0.0011494252873563218,0.0,0.0011494252873563218,0.006896551724137931,0.0011494252873563218,0.0,0.0034482758620689655,0.0,0.0,0.0,0.004597701149425287,0.0011494252873563218,0.0011494252873563218,0.0,0.0,0.0011494252873563218,0.0,0.0,0.0,0.006896551724137931,0.0,0.0,0.0,0.0,0.0,0.0011494252873563218,0.0,0.0034482758620689655,0.0022988505747126436,0.0,0.0022988505747126436,0.0,0.0022988505747126436,0.0022988505747126436,0.0,0.0,0.0,0.0022988505747126436,0.0,0.0,0.0011494252873563218,0.0,0.0,0.0,0.0,0.0034482758620689655,0.0,0.004597701149425287,0.0,0.0,0.0,0.0,0.0,0.0,0.0011494252873563218,0.0,0.0,0.0,0.0,0.0011494252873563218,0.0,0.0011494252873563218,0.0,0.0011494252873563218,0.0,0.0022988505747126436,0.0,0.0011494252873563218,0.0022988505747126436,0.0,0.0,0.005747126436781609,0.0,0.0022988505747126436,0.0,0.0,0.0,0.0,0.0,0.0,0.0,0.0,0.0,0.0022988505747126436,0.0,0.0,0.0,0.004597701149425287,0.0,0.0,0.0,0.0,0.0,0.0,0.0,0.0,0.0,0.0,0.0,0.0,0.0,0.006896551724137931,0.0034482758620689655,0.0011494252873563218,0.0011494252873563218,0.0011494252873563218,0.0011494252873563218,0.0022988505747126436,0.0022988505747126436,0.0011494252873563218,0.0011494252873563218,0.0011494252873563218,0.0011494252873563218,0.0011494252873563218,0.0011494252873563218,0.0034482758620689655,0.0011494252873563218,0.005747126436781609,0.0011494252873563218,0.0011494252873563218,0.0011494252873563218,0.0022988505747126436,0.0022988505747126436,0.0011494252873563218,0.0022988505747126436,0.0011494252873563218,0.0011494252873563218,0.0011494252873563218,0.0011494252873563218,0.0022988505747126436,0.0011494252873563218,0.0011494252873563218,0.0011494252873563218,0.0022988505747126436,0.0011494252873563218,0.0011494252873563218,0.0011494252873563218,0.0011494252873563218,0.0011494252873563218,0.0011494252873563218,0.0011494252873563218,0.0011494252873563218,0.0022988505747126436,0.0022988505747126436,0.0011494252873563218,0.0011494252873563218,0.0011494252873563218,0.0022988505747126436,0.0011494252873563218,0.0011494252873563218,0.0034482758620689655,0.0011494252873563218,0.0011494252873563218,0.0011494252873563218,0.0011494252873563218,0.0011494252873563218,0.0011494252873563218,0.0011494252873563218,0.0022988505747126436,0.0011494252873563218,0.0022988505747126436,0.0022988505747126436,0.0011494252873563218,0.0011494252873563218,0.0034482758620689655,0.0011494252873563218,0.0011494252873563218,0.0022988505747126436,0.0011494252873563218,0.0022988505747126436,0.0011494252873563218,0.0011494252873563218,0.0022988505747126436,0.0011494252873563218,0.0011494252873563218,0.0011494252873563218,0.0022988505747126436,0.0011494252873563218,0.0034482758620689655,0.0034482758620689655,0.0022988505747126436,0.0011494252873563218,0.0011494252873563218,0.0011494252873563218,0.0011494252873563218,0.0011494252873563218,0.0011494252873563218,0.0011494252873563218,0.004597701149425287,0.0011494252873563218,0.0011494252873563218,0.0011494252873563218,0.0011494252873563218,0.0022988505747126436,0.0011494252873563218,0.0011494252873563218,0.0011494252873563218,0.0034482758620689655,0.0011494252873563218,0.0011494252873563218,0.0011494252873563218,0.0011494252873563218,0.0022988505747126436,0.0011494252873563218,0.0022988505747126436,0.0022988505747126436,0.0022988505747126436,0.0011494252873563218,0.0011494252873563218,0.0011494252873563218,0.0011494252873563218,0.0022988505747126436,0.0011494252873563218,0.0034482758620689655,0.0034482758620689655,0.0011494252873563218,0.004597701149425287,0.0011494252873563218,0.0011494252873563218,0.0022988505747126436,0.0022988505747126436,0.0011494252873563218,0.0011494252873563218,0.0011494252873563218,0.0022988505747126436,0.0011494252873563218,0.0022988505747126436,0.0022988505747126436,0.0011494252873563218,0.0011494252873563218,0.0011494252873563218,0.0011494252873563218,0.0011494252873563218,0.0011494252873563218,0.0011494252873563218,0.0011494252873563218,0.0011494252873563218,0.0011494252873563218,0.0011494252873563218,0.0011494252873563218,0.0022988505747126436,0.0011494252873563218,0.0011494252873563218,0.0011494252873563218,0.0011494252873563218,0.0011494252873563218,0.0011494252873563218,0.0011494252873563218,0.0011494252873563218,0.0011494252873563218,0.0011494252873563218,0.0011494252873563218,0.0022988505747126436,0.0011494252873563218,0.0011494252873563218,0.0011494252873563218,0.0011494252873563218,0.0011494252873563218,0.0022988505747126436,0.0011494252873563218,0.0022988505747126436,0.0011494252873563218,0.0011494252873563218,0.0011494252873563218,0.0034482758620689655,0.0011494252873563218,0.0011494252873563218,0.0011494252873563218,0.0011494252873563218,0.0011494252873563218,0.0011494252873563218,0.0011494252873563218,0.0011494252873563218,0.0011494252873563218,0.0011494252873563218,0.0011494252873563218,0.0011494252873563218,0.0034482758620689655,0.0011494252873563218,0.0022988505747126436,0.0011494252873563218,0.0011494252873563218,0.0011494252873563218,0.0011494252873563218,0.0011494252873563218,0.0011494252873563218,0.0011494252873563218,0.0011494252873563218,0.0011494252873563218,0.0011494252873563218,0.0011494252873563218,0.0011494252873563218,0.0011494252873563218,0.0011494252873563218,0.0011494252873563218,0.0011494252873563218,0.0011494252873563218,0.0011494252873563218,0.0,0.0,0.0,0.0,0.0,0.0,0.0,0.0,0.0,0.0,0.0,0.0,0.0,0.0,0.0,0.0,0.0,0.0,0.0,0.0,0.0,0.0,0.0,0.0,0.0,0.0,0.0,0.0,0.0,0.0,0.0,0.0,0.0,0.0,0.0,0.0,0.0,0.0,0.0,0.0,0.0,0.0,0.0,0.0,0.0,0.0,0.0,0.0,0.0,0.0,0.0,0.0,0.0,0.0,0.0,0.0,0.0,0.0,0.0,0.0,0.0,0.6534580663419354,0.0,0.0,0.0,0.0,0.0,0.0,0.0,0.0,0.0,0.0,0.0,0.0,0.0,0.0,0.0,0.0,0.0,0.0,0.0,0.0,0.0,0.0,0.0,0.0,0.0,0.0,0.0,0.0,0.0,0.0,0.0,0.0,0.0,0.0,0.0,0.0,0.0,0.0,0.0,0.0,0.0,0.0,0.0,0.0,0.0,0.0,0.0,0.0,0.0,0.0,0.0,0.0,0.0,0.0,0.0,0.0,0.0,0.0,0.0,0.0,0.0,0.0,0.0,0.0,0.0,0.0,0.0,0.0,0.0,0.0,0.0,0.0,0.0,0.0,0.0,0.0,0.0,0.0,0.0,0.0,0.0,0.0,0.0,0.0,0.0,0.0,0.0,0.0,0.0,0.0,0.0,0.0,0.0,0.0,0.0,0.0,0.0,0.0,0.0,0.0,0.0,0.0,0.0,0.0,0.0,0.0,0.0,0.0,0.0,0.0,0.0,0.0,0.0,0.0,0.0,0.0,0.0,0.0,0.0,0.0,0.0,0.0,0.0,0.0,0.0,0.0,0.0,0.0,0.0,0.0,0.0,0.0,0.0,0.0,0.0,0.0,0.0,0.0,0.0,0.0,0.0,0.0,0.0,0.0,0.0,0.0,0.0,0.0,0.0,0.0,0.0,0.0,0.0,0.0,0.0,0.0,0.0,0.0,0.0,0.0,0.0,0.0,0.0,0.0,0.0,0.0,0.0,0.0,0.0,0.0,0.0,0.0,0.0,0.0,0.0,0.0,0.0,0.0,0.0,0.0,0.0,0.0,0.0,0.0,0.0,0.0,0.0,0.0,0.0,0.0,0.0,0.0,0.0,0.0,0.0,0.0,0.0,0.0,0.0,0.0,0.0,0.0,0.0,0.0,0.0,0.0,0.0,0.0,0.0,0.0,0.0,0.0,0.0,0.0,0.0,0.0,0.0,0.0,0.0,0.0,0.0,0.0,0.0,0.0,0.0,0.0,0.0,0.0,0.0,0.0,0.0,0.0,0.0,0.0,0.0,0.0,0.0,0.0,0.0,0.0,0.0,0.0,0.0,0.0,0.0,0.0,0.0,0.0,0.0,0.0,0.0,0.0,0.0,0.0,0.0,0.0,0.0,0.0,0.0,0.0,0.0,0.0,0.0,0.0,0.0,0.0,0.0,0.0,0.0,0.0,0.0,0.0,0.0,0.0,0.0,0.0,0.0,0.0,0.0,0.0,0.0,0.0,0.0,0.0,0.0,0.0,0.0,0.0,0.0,0.0,0.0,0.0,0.0,0.0,0.0,0.0,0.0,0.0,0.0,0.0,0.0,0.0,0.0,0.0,0.0,0.0,0.0,0.0,0.0,0.0,0.0,0.0,0.0,0.0,0.0,0.0,0.0,0.0,0.0,0.0,0.0,0.0,0.0,0.0,0.0,0.0,0.0,0.0,0.0,0.0,0.0,0.0,0.0,0.0,0.0,0.0,0.0,0.0,0.0,0.0,0.0,0.0,0.0,0.0,0.0,0.0,0.0,0.0,0.0,0.0,0.0,0.0,0.0,0.0,0.0,0.0,0.0,0.0,0.0,0.0,0.0,0.0,0.0,0.0,0.0,0.0,0.0,0.0,0.0,0.0,0.0,0.0,0.0,0.0,0.0,0.0,0.0,0.0,0.0,0.0,0.0,0.0,0.0,0.0,0.0,0.0,0.0,0.0,0.0,0.0,0.0,0.0,0.0,0.0,0.0,0.0,0.0,0.0,0.0,0.0,0.0,0.0,0.0,0.0,0.0,0.0,0.0,0.0,0.0,0.0,0.0,0.0,0.0,0.0,0.0,0.5458520091265306,0.0,0.0,0.0,0.0,0.0,0.0,0.0,0.0,0.0,0.0,0.0,0.0,0.0,0.0,0.0,0.0,0.0,0.0,0.0,0.0,0.0,0.0,0.0,0.0,0.0,0.0,0.0,0.0,0.0,0.0,0.0,0.0,0.0,0.0,0.0,0.0,0.0,0.0,0.0,0.0,0.0,0.0,0.0,0.0,0.0,0.0,0.0,0.0,0.0,0.0,0.0,0.0,0.0,0.0,0.0,0.0,0.0,0.0,0.0,0.0,0.0,0.0,0.0,0.0,0.0,0.0,0.0,0.0,0.0,0.0,0.0,0.0,0.0,0.0,0.0,0.0,0.0,0.0,0.0,0.0,0.0,0.0,0.0,0.0,0.0,0.0,0.0,0.0,0.0,0.0,0.0,0.0,0.0,0.0,0.0,0.0,0.0,0.0,0.0,0.0,0.0,0.0,0.0,0.0,0.0,0.0,0.0,0.0,0.0,0.0,0.0,0.0,0.0,0.0,0.0,0.0,0.0,0.0,0.0,0.0,0.0,0.0,0.0,0.0,0.0,0.0,0.0,0.0,0.0,0.0,0.0,0.0,0.0,0.0,0.0,0.0,0.0,0.0,0.0,0.0,0.0,0.0,0.0,0.0,0.0,0.0,0.0,0.0,0.0,0.0,0.0,0.0,0.0,0.0,0.0,0.0,0.0,0.0,0.0,0.0,0.0,0.0,0.0,0.0,0.0,0.0,0.0,0.0,0.0,0.0,0.0,0.0,0.0,0.0,0.0,0.0,0.0,0.0,0.0,0.0,0.0,0.0,0.0,0.0,0.0,0.0,0.0,0.0,0.0,0.0,0.0,0.0,0.0,0.0,0.0,0.0,0.0,0.0,0.0,0.5244407875682333,0.0,0.0,0.0,0.0,0.0,0.0,0.0,0.0,0.0,0.0,0.0,0.0,0.0,0.0,0.0,0.0,0.0,0.0,0.0,0.0,0.0,0.0,0.0,0.0,0.0,0.0,0.0,0.0,0.0,0.0,0.0,0.0,0.0,0.0,0.0,0.0,0.0,0.0,0.0,0.0,0.0,0.0,0.0,0.0,0.0,0.0,0.0,0.0,0.0
SD2401268,20대,음 근데 우리집이 꼭대기 층이라 그런지 좀 괜찮은 거 같은데. 층간 소음은 없는데 벽간 소음이 쪼금 있는 거 같아. 방이 그 방음이 잘 안 돼서 옆 문 그 첫 입구 문에만 서도 옆의 방이 뭐 유튜브 뭐 듣고 있는지 무슨 대화하고 있는지가 너무 잘 들려서 쪼끔 부담스럽긴 해. 근데 위에는 아무도 사람이 안 사니까 내가 살기에는 어 소음이 없어서 되게 좋은 거 같아. 그거 말고도 본가 살 때는 위층이 아빠 지인이 살았었는데 그래서 막 소음이 나도 뭐라 하기가 좀 그랬던 경험이 있어. 너는 지금 몇 층 정도에 살아? 층간 소음은 없어? 음 그 학 학교 들어오고 나서부터 2년 동안 여기 살고 올해 새로 계약해서 똑같은 데 연장해서 거기서 살고 있어. 아마 내년에는 교환 학생을 가서 없으니까 오빠가 혼자 살 거 같아 지금 같이 살고 있으니까. 그리고 사실 나는 올해 딱 계약 연장할 때쯤에 새로 구해서 따로따로 살고 싶었는데 아무래도 서울 뭐 월세가 비싸다 보니까 그냥 한집에서 해서 전세로 사는 게 낫겠다 싶어서 같이 살고 있는데. 어 아무래도 생활 패턴이나 그런 집안일 하는 거가 좀 안 맞아서 좀 그게 제일 힘들어서 따로 살고 싶었던 거 같아. 뭐 혼자 늦게 자고 그런 건 상관없는데 오빠가 게임을 하니까 늦게까지 게임하는 소리 계속 들려 오 들려 오고 하니까 나 자는 데 방에 돼서 그랬던 거 같아. 너는 그런 적은 없어? 어 중3 때까지 1곳에서 살았고 그 주 중3 이후에 약간 신도시 분양 그런 청약 담 당첨 돼 가지고 1번 이사를 갔었어. 근데 그 중3 때까지 계속 같은 지역에 살다 보니까 거기 유치원 초등학교 중학교 나오고 고등학교도 그쪽을 가려고 했는데 이사를 가게 돼서 혼자 떨어진 곳을 가니까 친구들이랑도 멀어지고 그러 그 뭐 원래 놀던 데에서도 못 놀고 이런 게 쪼끔 아쉽고 힘들긴 하더라고. 근데 집이 넓어서 되게 좋았던 거 같아. 나는 이사를 많이 안 해 봐서 막 해 보고 싶었다 이런 게 좀 컸었는데 주변에 이사 많이 다니는 사람은 안 그렇더라고. 이사를 그만 다니고 싶다 그러더라. 혹시 너도 그런 편이야? 음 나는 이사 간 다음에 우 이 이사 간 아파트 앞에 막 전원주택 같은 게 있는 거야. 그래서 나중에 이 또 이사를 가게 된다면은 저런 데에서 살고 싶다. 저런 데에서 마당에서 막 식물 키우고 동물 키우고 막 나만의 정원을 가꾸면서 2층 바 다락방에서 살고 싶다 막 이런 생각을 했었는데. 근데 막상 거기에 살면은 관리하는 게 되게 힘들어 보이더라고. 할머니 집도 그런 전원주택인데 조금만 뭘 관리를 안 해 줘도 잡초 자라고 먼지가 끼고 더러워지고 막 그런 게 많아서 관리가 힘들다고 하더라고. 근데 그럼에도 한 약간 한번쯤은 전원주택에 살고 싶다 이런 생각이 있는데. 너는 그런 어디에 살고 싶다 이런 로망 같은 게 있어? 어 전자레인지랑 냉장고 세탁기 이 이 정도는 원래 있었던 거 같고. 밥솥이랑 응 어 그 오븐 같은 거 뭐라고 하지. 그 아 에어프라이어는 사 왔고. 최근에 여름 되니까 벌레가 너무 많이 생기잖아. 특히 음식물에 벌레가 많이 생기는데 그래서 버리기가 너무 힘들어서 미생물로 분해해 주는 기계 그런 게 있더라고. 오빠가 인스타그램에서 찾아와서 막 우 이거 쓰자 막 그러면서 찾아왔던 기억이 있어. 그래서 그거를 지금 살까 고민 중에 있어. 그게 음식물 쓰레기를 넣으면은 미생물들이 분해를 해서 흙으로 바로 만들어 준대. 근데 그게 하루 만에 다 만들어 주고 냄새도 안 나서 좋다고 하더라고. 너는 혹시 집안일 같은 거는 어떻게 하는 편이야? 어 가끔 아니 자주 좀 싸운 싸우진 않고 이런 거에 대해 짜증을 내는 거 같긴 한데 내 방이 쓰레기 그 분리수거 하는 데 바로 앞에 있단 말이야. 그래서 오빠는 좀 멀어서 쓰레기 같은 걸 거기 내면 그만인데 나는 내고 나서 그게 분리수거가 잘 안 되어 있거나 막 더러운 게 섞여 있거나 하면은 냄새가 바로 내 방으로 들어온단 말이야. 그거 때문에 오빠한테 뭐라 한 적도 많았던 거 같고. 약간 분담 같은 게 예전에는 막 뭐 냉장고 청소 네가 1번 하면 내가 화장실 청소 1번 하고 이런 식으로 번갈아서 하자라고 말은 했는데 어느 순간 보니까 내가 다 하고 있더라고. 그래서 그거에 대해서 쌓아 놨다가 화내기 직전에 딱 말하면은 오빠가 또 눈치는 빨라 가지고 그제서야 부랴부랴 치우고 막 이래서 어 싸우지는 않았던 거 같아. 근데 자취를 하니까 확실히 본가 살 때는 엄마가 다 해 주고 그러는데 내가 다 해야 되니까 그게 힘든 거 같긴 해. 너는 자취하고 싶다는 생각은 없어? 아 나 처음에 집 들어올 때 막 냉장고랑 기본 가구에 막 여 연두색 띠가 막 둘러져 있는 거야. 기본 색깔로 막 있는 거야. 그래서 그걸 보고 아 진짜 별로다. 여기 살기 싫다 했었는데 막상 들어가 보니까 그런 거 별로 티도 안 나고 깔끔해 보이고 좋더라고. 그래서 그렇게 쓰고 있고. 뭔가 인테리어 아 그 자취하면 내 방식대로 바 집을 꾸미고 막 이렇게 써야지라는 생각은 있었는데 막상 있으니까 짐을 그 넣을 짐도 너무 많고 근데 그거에 비해 공간은 안 나오고 하니까 인테리어라고 할 것도 없이 그냥 짐을 넣어 놓은 거 같아. 내 방이 너무 작아서 옷장 같은 게 들어갈 공간이 안 나서 거실에다가 행거 설치해서 바로 옷 놓아두고. 그래서 뭔가 꾸미기도 애매하고 그랬던 거 같아. 너는 집 인테리어 어떤 편이야? 서울에서 살 수 있으면 좋을 거 같은데. 왜냐하면 여가 생활 같은 것도 훨씬 더 많이 할 수 있고 이제 거의 내 친구들이나 생활 반경이 서울에 중심에 맞춰져 있다 보니까 서울에서 생활하는 게 편하긴 한데 가끔씩 여기가 사람이 너무 많아서 내려가고 싶다라는 생각이 들긴 해. 근데 직장을 얻고 뭔가 더 발전을 하려면은 서울에서 사는 게 맞는 거 같아. 나는 그 본가 살 때는 지하에 헬스장이 있어서 그거를 썼단 말이야. 근데 자취를 하니까 그런 여가 시설 시 그 아무튼 시설들이 없어서 막 주변에서 주변 다른 헬스장을 등록해 놨단 말이야. 근데 너는 지금 어쨌든 본가에 살잖아. 큰 아파트에 사는데 그러면 거기에 막 여가 시설 같은 게 와 잘 마련되어 있어?,0.005747126436781609,0.017241379310344827,0.004597701149425287,0.0,0.005747126436781609,0.0034482758620689655,0.005747126436781609,0.008045977011494253,0.01839080459770115,0.029885057471264367,0.004597701149425287,0.027586206896551724,0.0,0.008045977011494253,0.0022988505747126436,0.0,0.0034482758620689655,0.0011494252873563218,0.03218390804597701,0.013793103448275862,0.0,0.0,0.0,0.0022988505747126436,0.0,0.004597701149425287,0.021839080459770115,0.0,0.0034482758620689655,0.0034482758620689655,0.04367816091954023,0.0,0.006896551724137931,0.0,0.004597701149425287,0.009195402298850575,0.0,0.0,0.011494252873563218,0.0011494252873563218,0.0,0.0022988505747126436,0.0,0.0,0.034482758620689655,0.004597701149425287,0.013793103448275862,0.0022988505747126436,0.004597701149425287,0.0367816091954023,0.009195402298850575,0.0011494252873563218,0.0,0.0022988505747126436,0.0,0.0011494252873563218,0.0011494252873563218,0.0022988505747126436,0.0,0.006896551724137931,0.0,0.0,0.0,0.0011494252873563218,0.006896551724137931,0.0022988505747126436,0.0022988505747126436,0.0011494252873563218,0.0011494252873563218,0.0,0.0,0.0,0.0022988505747126436,0.0,0.0,0.005747126436781609,0.0022988505747126436,0.0,0.006896551724137931,0.010344827586206896,0.0011494252873563218,0.0,0.0,0.0,0.0,0.004597701149425287,0.0034482758620689655,0.0,0.0022988505747126436,0.004597701149425287,0.0,0.0022988505747126436,0.0,0.0011494252873563218,0.0,0.0011494252873563218,0.0011494252873563218,0.0011494252873563218,0.0,0.0022988505747126436,0.004597701149425287,0.0011494252873563218,0.0,0.0,0.0,0.0,0.01264367816091954,0.009195402298850575,0.0,0.0011494252873563218,0.0011494252873563218,0.0022988505747126436,0.0011494252873563218,0.0,0.0,0.0011494252873563218,0.0,0.0,0.0011494252873563218,0.011494252873563218,0.0,0.005747126436781609,0.0011494252873563218,0.0,0.0022988505747126436,0.0011494252873563218,0.0011494252873563218,0.0,0.0022988505747126436,0.0,0.0,0.0,0.0,0.0034482758620689655,0.0,0.0,0.01839080459770115,0.0022988505747126436,0.0,0.0,0.0022988505747126436,0.0022988505747126436,0.0022988505747126436,0.0,0.0,0.005747126436781609,0.0011494252873563218,0.0,0.008045977011494253,0.0022988505747126436,0.0011494252873563218,0.005747126436781609,0.0011494252873563218,0.0,0.0,0.0011494252873563218,0.0,0.0011494252873563218,0.006896551724137931,0.0011494252873563218,0.0,0.0034482758620689655,0.0,0.0,0.0,0.004597701149425287,0.0011494252873563218,0.0011494252873563218,0.0,0.0,0.0011494252873563218,0.0,0.0,0.0,0.006896551724137931,0.0,0.0,0.0,0.0,0.0,0.0011494252873563218,0.0,0.0034482758620689655,0.0022988505747126436,0.0,0.0022988505747126436,0.0,0.0022988505747126436,0.0022988505747126436,0.0,0.0,0.0,0.0022988505747126436,0.0,0.0,0.0011494252873563218,0.0,0.0,0.0,0.0,0.0034482758620689655,0.0,0.004597701149425287,0.0,0.0,0.0,0.0,0.0,0.0,0.0011494252873563218,0.0,0.0,0.0,0.0,0.0011494252873563218,0.0,0.0011494252873563218,0.0,0.0011494252873563218,0.0,0.0022988505747126436,0.0,0.0011494252873563218,0.0022988505747126436,0.0,0.0,0.005747126436781609,0.0,0.0022988505747126436,0.0,0.0,0.0,0.0,0.0,0.0,0.0,0.0,0.0,0.0022988505747126436,0.0,0.0,0.0,0.004597701149425287,0.0,0.0,0.0,0.0,0.0,0.0,0.0,0.0,0.0,0.0,0.0,0.0,0.0,0.006896551724137931,0.0034482758620689655,0.0011494252873563218,0.0011494252873563218,0.0011494252873563218,0.0011494252873563218,0.0022988505747126436,0.0022988505747126436,0.0011494252873563218,0.0011494252873563218,0.0011494252873563218,0.0011494252873563218,0.0011494252873563218,0.0011494252873563218,0.0034482758620689655,0.0011494252873563218,0.005747126436781609,0.0011494252873563218,0.0011494252873563218,0.0011494252873563218,0.0022988505747126436,0.0022988505747126436,0.0011494252873563218,0.0022988505747126436,0.0011494252873563218,0.0011494252873563218,0.0011494252873563218,0.0011494252873563218,0.0022988505747126436,0.0011494252873563218,0.0011494252873563218,0.0011494252873563218,0.0022988505747126436,0.0011494252873563218,0.0011494252873563218,0.0011494252873563218,0.0011494252873563218,0.0011494252873563218,0.0011494252873563218,0.0011494252873563218,0.0011494252873563218,0.0022988505747126436,0.0022988505747126436,0.0011494252873563218,0.0011494252873563218,0.0011494252873563218,0.0022988505747126436,0.0011494252873563218,0.0011494252873563218,0.0034482758620689655,0.0011494252873563218,0.0011494252873563218,0.0011494252873563218,0.0011494252873563218,0.0011494252873563218,0.0011494252873563218,0.0011494252873563218,0.0022988505747126436,0.0011494252873563218,0.0022988505747126436,0.0022988505747126436,0.0011494252873563218,0.0011494252873563218,0.0034482758620689655,0.0011494252873563218,0.0011494252873563218,0.0022988505747126436,0.0011494252873563218,0.0022988505747126436,0.0011494252873563218,0.0011494252873563218,0.0022988505747126436,0.0011494252873563218,0.0011494252873563218,0.0011494252873563218,0.0022988505747126436,0.0011494252873563218,0.0034482758620689655,0.0034482758620689655,0.0022988505747126436,0.0011494252873563218,0.0011494252873563218,0.0011494252873563218,0.0011494252873563218,0.0011494252873563218,0.0011494252873563218,0.0011494252873563218,0.004597701149425287,0.0011494252873563218,0.0011494252873563218,0.0011494252873563218,0.0011494252873563218,0.0022988505747126436,0.0011494252873563218,0.0011494252873563218,0.0011494252873563218,0.0034482758620689655,0.0011494252873563218,0.0011494252873563218,0.0011494252873563218,0.0011494252873563218,0.0022988505747126436,0.0011494252873563218,0.0022988505747126436,0.0022988505747126436,0.0022988505747126436,0.0011494252873563218,0.0011494252873563218,0.0011494252873563218,0.0011494252873563218,0.0022988505747126436,0.0011494252873563218,0.0034482758620689655,0.0034482758620689655,0.0011494252873563218,0.004597701149425287,0.0011494252873563218,0.0011494252873563218,0.0022988505747126436,0.0022988505747126436,0.0011494252873563218,0.0011494252873563218,0.0011494252873563218,0.0022988505747126436,0.0011494252873563218,0.0022988505747126436,0.0022988505747126436,0.0011494252873563218,0.0011494252873563218,0.0011494252873563218,0.0011494252873563218,0.0011494252873563218,0.0011494252873563218,0.0011494252873563218,0.0011494252873563218,0.0011494252873563218,0.0011494252873563218,0.0011494252873563218,0.0011494252873563218,0.0022988505747126436,0.0011494252873563218,0.0011494252873563218,0.0011494252873563218,0.0011494252873563218,0.0011494252873563218,0.0011494252873563218,0.0011494252873563218,0.0011494252873563218,0.0011494252873563218,0.0011494252873563218,0.0011494252873563218,0.0022988505747126436,0.0011494252873563218,0.0011494252873563218,0.0011494252873563218,0.0011494252873563218,0.0011494252873563218,0.0022988505747126436,0.0011494252873563218,0.0022988505747126436,0.0011494252873563218,0.0011494252873563218,0.0011494252873563218,0.0034482758620689655,0.0011494252873563218,0.0011494252873563218,0.0011494252873563218,0.0011494252873563218,0.0011494252873563218,0.0011494252873563218,0.0011494252873563218,0.0011494252873563218,0.0011494252873563218,0.0011494252873563218,0.0011494252873563218,0.0011494252873563218,0.0034482758620689655,0.0011494252873563218,0.0022988505747126436,0.0011494252873563218,0.0011494252873563218,0.0011494252873563218,0.0011494252873563218,0.0011494252873563218,0.0011494252873563218,0.0011494252873563218,0.0011494252873563218,0.0011494252873563218,0.0011494252873563218,0.0011494252873563218,0.0011494252873563218,0.0011494252873563218,0.0011494252873563218,0.0011494252873563218,0.0011494252873563218,0.0011494252873563218,0.0011494252873563218,0.0,0.0,0.0,0.0,0.0,0.0,0.0,0.0,0.0,0.0,0.0,0.0,0.0,0.0,0.0,0.0,0.0,0.0,0.0,0.0,0.0,0.0,0.0,0.0,0.0,0.0,0.0,0.0,0.0,0.0,0.0,0.0,0.0,0.0,0.0,0.0,0.0,0.0,0.0,0.0,0.0,0.0,0.0,0.0,0.0,0.0,0.0,0.0,0.0,0.0,0.0,0.0,0.0,0.0,0.0,0.0,0.0,0.0,0.0,0.0,0.0,0.0,0.3271770772315673,0.0,0.0,0.2733002684422386,0.0,0.0,0.0,0.0,0.0,0.0,0.0,0.0,0.0,0.0,0.0,0.0,0.0,0.0,0.0,0.0,0.0,0.0,0.0,0.0,0.0,0.0,0.0,0.0,0.0,0.0,0.0,0.0,0.0,0.0,0.0,0.0,0.0,0.0,0.0,0.0,0.0,0.0,0.0,0.0,0.0,0.0,0.0,0.0,0.0,0.0,0.0,0.0,0.0,0.0,0.0,0.0,0.0,0.0,0.0,0.0,0.0,0.0,0.0,0.0,0.0,0.0,0.0,0.0,0.0,0.0,0.0,0.0,0.0,0.0,0.0,0.0,0.0,0.0,0.0,0.0,0.0,0.0,0.0,0.0,0.0,0.0,0.0,0.0,0.0,0.0,0.0,0.0,0.0,0.0,0.0,0.0,0.0,0.0,0.0,0.0,0.0,0.0,0.0,0.0,0.0,0.0,0.0,0.0,0.0,0.0,0.0,0.0,0.0,0.0,0.0,0.3271770772315673,0.0,0.0,0.0,0.0,0.0,0.0,0.0,0.0,0.0,0.0,0.0,0.0,0.0,0.0,0.0,0.0,0.0,0.0,0.0,0.0,0.0,0.0,0.0,0.0,0.0,0.0,0.0,0.0,0.0,0.0,0.0,0.0,0.0,0.0,0.0,0.0,0.0,0.0,0.0,0.0,0.6543541544631346,0.0,0.0,0.0,0.0,0.0,0.0,0.0,0.0,0.0,0.0,0.0,0.0,0.0,0.0,0.0,0.0,0.0,0.0,0.0,0.0,0.0,0.0,0.0,0.0,0.0,0.0,0.0,0.0,0.0,0.0,0.0,0.0,0.0,0.0,0.0,0.0,0.0,0.0,0.0,0.0,0.0,0.0,0.0,0.0,0.0,0.0,0.0,0.0,0.0,0.0,0.0,0.0,0.0,0.0,0.0,0.0,0.0,0.0,0.0,0.0,0.0,0.0,0.0,0.0,0.0,0.0,0.0,0.0,0.0,0.0,0.0,0.0,0.0,0.0,0.0,0.0,0.0,0.0,0.0,0.0,0.0,0.0,0.0,0.0,0.0,0.0,0.0,0.0,0.0,0.0,0.0,0.0,0.0,0.0,0.0,0.0,0.0,0.0,0.0,0.0,0.0,0.0,0.0,0.0,0.0,0.0,0.0,0.0,0.0,0.0,0.0,0.0,0.0,0.0,0.0,0.0,0.0,0.0,0.0,0.0,0.0,0.0,0.0,0.0,0.0,0.0,0.0,0.0,0.0,0.0,0.0,0.0,0.0,0.0,0.0,0.0,0.0,0.0,0.0,0.0,0.0,0.0,0.0,0.0,0.0,0.0,0.0,0.0,0.0,0.0,0.0,0.0,0.3271770772315673,0.0,0.0,0.0,0.0,0.0,0.0,0.0,0.0,0.0,0.0,0.0,0.0,0.0,0.0,0.0,0.0,0.0,0.0,0.0,0.0,0.0,0.0,0.0,0.0,0.0,0.0,0.0,0.0,0.0,0.0,0.0,0.0,0.0,0.0,0.0,0.0,0.0,0.0,0.0,0.0,0.0,0.0,0.0,0.0,0.0,0.0,0.0,0.0,0.0,0.0,0.0,0.0,0.0,0.0,0.0,0.0,0.0,0.0,0.0,0.0,0.0,0.0,0.0,0.0,0.0,0.0,0.0,0.0,0.0,0.0,0.0,0.0,0.0,0.0,0.0,0.0,0.0,0.0,0.0,0.0,0.0,0.0,0.0,0.0,0.0,0.0,0.0,0.0,0.0,0.0,0.0,0.0,0.0,0.0,0.0,0.0,0.0,0.0,0.0,0.0,0.0,0.0,0.0,0.3271770772315673,0.0,0.0,0.0,0.0,0.0,0.0,0.0,0.0,0.0,0.0,0.0,0.0,0.0,0.0,0.0,0.0,0.0,0.0,0.0,0.0,0.0,0.0,0.0,0.0,0.0,0.0,0.0,0.0,0.0,0.0,0.0,0.0,0.0,0.0,0.0,0.0,0.0,0.0,0.0,0.0,0.0,0.0,0.0,0.0,0.0,0.0,0.0,0.0,0.0,0.0,0.0,0.0,0.0,0.0,0.0,0.0,0.0,0.0,0.0,0.0,0.0,0.0,0.0,0.0,0.0,0.0,0.0,0.0,0.0,0.0,0.0,0.0,0.0,0.0,0.0,0.0,0.0,0.0,0.0,0.0,0.0,0.0,0.0,0.0,0.0,0.0,0.0,0.0,0.0,0.0,0.0,0.0,0.0,0.0,0.0,0.0,0.0,0.0,0.0,0.0,0.0,0.0,0.0,0.0,0.0,0.0,0.0,0.0,0.0,0.0,0.0,0.0,0.0,0.0,0.0,0.0,0.0,0.0,0.0,0.0,0.0,0.0,0.0,0.0,0.0,0.0,0.0,0.0,0.0,0.0,0.0,0.0,0.0,0.0,0.0,0.0,0.0,0.0,0.0,0.0,0.0,0.0,0.0,0.0,0.0,0.0,0.0,0.0,0.0,0.0,0.0,0.0,0.0,0.0,0.0,0.0,0.0,0.0,0.0,0.0,0.0,0.0,0.0,0.0,0.0,0.0,0.0,0.0,0.0,0.0,0.0,0.0,0.0,0.0,0.0,0.0,0.0,0.0,0.0,0.0,0.0,0.0,0.0,0.0,0.0,0.0,0.0,0.0,0.0,0.0,0.0,0.0,0.0,0.0,0.0,0.0,0.0,0.0,0.0,0.0,0.0,0.26257997704141967,0.0,0.0,0.0,0.0,0.0,0.0,0.0,0.0,0.0,0.0,0.0,0.0,0.0,0.0,0.0,0.0,0.0,0.0,0.0,0.0,0.0,0.0,0.0,0.0,0.0,0.0,0.0,0.0,0.0,0.0,0.0,0.0,0.0,0.0,0.0,0.0,0.0,0.0,0.0,0.0,0.0,0.0,0.0,0.0,0.0,0.0,0.0,0.0,0.0
SD2401268,20대,음 근데 우리집이 꼭대기 층이라 그런지 좀 괜찮은 거 같은데. 층간 소음은 없는데 벽간 소음이 쪼금 있는 거 같아. 방이 그 방음이 잘 안 돼서 옆 문 그 첫 입구 문에만 서도 옆의 방이 뭐 유튜브 뭐 듣고 있는지 무슨 대화하고 있는지가 너무 잘 들려서 쪼끔 부담스럽긴 해. 근데 위에는 아무도 사람이 안 사니까 내가 살기에는 어 소음이 없어서 되게 좋은 거 같아. 그거 말고도 본가 살 때는 위층이 아빠 지인이 살았었는데 그래서 막 소음이 나도 뭐라 하기가 좀 그랬던 경험이 있어. 너는 지금 몇 층 정도에 살아? 층간 소음은 없어? 음 그 학 학교 들어오고 나서부터 2년 동안 여기 살고 올해 새로 계약해서 똑같은 데 연장해서 거기서 살고 있어. 아마 내년에는 교환 학생을 가서 없으니까 오빠가 혼자 살 거 같아 지금 같이 살고 있으니까. 그리고 사실 나는 올해 딱 계약 연장할 때쯤에 새로 구해서 따로따로 살고 싶었는데 아무래도 서울 뭐 월세가 비싸다 보니까 그냥 한집에서 해서 전세로 사는 게 낫겠다 싶어서 같이 살고 있는데. 어 아무래도 생활 패턴이나 그런 집안일 하는 거가 좀 안 맞아서 좀 그게 제일 힘들어서 따로 살고 싶었던 거 같아. 뭐 혼자 늦게 자고 그런 건 상관없는데 오빠가 게임을 하니까 늦게까지 게임하는 소리 계속 들려 오 들려 오고 하니까 나 자는 데 방에 돼서 그랬던 거 같아. 너는 그런 적은 없어? 어 중3 때까지 1곳에서 살았고 그 주 중3 이후에 약간 신도시 분양 그런 청약 담 당첨 돼 가지고 1번 이사를 갔었어. 근데 그 중3 때까지 계속 같은 지역에 살다 보니까 거기 유치원 초등학교 중학교 나오고 고등학교도 그쪽을 가려고 했는데 이사를 가게 돼서 혼자 떨어진 곳을 가니까 친구들이랑도 멀어지고 그러 그 뭐 원래 놀던 데에서도 못 놀고 이런 게 쪼끔 아쉽고 힘들긴 하더라고. 근데 집이 넓어서 되게 좋았던 거 같아. 나는 이사를 많이 안 해 봐서 막 해 보고 싶었다 이런 게 좀 컸었는데 주변에 이사 많이 다니는 사람은 안 그렇더라고. 이사를 그만 다니고 싶다 그러더라. 혹시 너도 그런 편이야? 음 나는 이사 간 다음에 우 이 이사 간 아파트 앞에 막 전원주택 같은 게 있는 거야. 그래서 나중에 이 또 이사를 가게 된다면은 저런 데에서 살고 싶다. 저런 데에서 마당에서 막 식물 키우고 동물 키우고 막 나만의 정원을 가꾸면서 2층 바 다락방에서 살고 싶다 막 이런 생각을 했었는데. 근데 막상 거기에 살면은 관리하는 게 되게 힘들어 보이더라고. 할머니 집도 그런 전원주택인데 조금만 뭘 관리를 안 해 줘도 잡초 자라고 먼지가 끼고 더러워지고 막 그런 게 많아서 관리가 힘들다고 하더라고. 근데 그럼에도 한 약간 한번쯤은 전원주택에 살고 싶다 이런 생각이 있는데. 너는 그런 어디에 살고 싶다 이런 로망 같은 게 있어? 어 전자레인지랑 냉장고 세탁기 이 이 정도는 원래 있었던 거 같고. 밥솥이랑 응 어 그 오븐 같은 거 뭐라고 하지. 그 아 에어프라이어는 사 왔고. 최근에 여름 되니까 벌레가 너무 많이 생기잖아. 특히 음식물에 벌레가 많이 생기는데 그래서 버리기가 너무 힘들어서 미생물로 분해해 주는 기계 그런 게 있더라고. 오빠가 인스타그램에서 찾아와서 막 우 이거 쓰자 막 그러면서 찾아왔던 기억이 있어. 그래서 그거를 지금 살까 고민 중에 있어. 그게 음식물 쓰레기를 넣으면은 미생물들이 분해를 해서 흙으로 바로 만들어 준대. 근데 그게 하루 만에 다 만들어 주고 냄새도 안 나서 좋다고 하더라고. 너는 혹시 집안일 같은 거는 어떻게 하는 편이야? 어 가끔 아니 자주 좀 싸운 싸우진 않고 이런 거에 대해 짜증을 내는 거 같긴 한데 내 방이 쓰레기 그 분리수거 하는 데 바로 앞에 있단 말이야. 그래서 오빠는 좀 멀어서 쓰레기 같은 걸 거기 내면 그만인데 나는 내고 나서 그게 분리수거가 잘 안 되어 있거나 막 더러운 게 섞여 있거나 하면은 냄새가 바로 내 방으로 들어온단 말이야. 그거 때문에 오빠한테 뭐라 한 적도 많았던 거 같고. 약간 분담 같은 게 예전에는 막 뭐 냉장고 청소 네가 1번 하면 내가 화장실 청소 1번 하고 이런 식으로 번갈아서 하자라고 말은 했는데 어느 순간 보니까 내가 다 하고 있더라고. 그래서 그거에 대해서 쌓아 놨다가 화내기 직전에 딱 말하면은 오빠가 또 눈치는 빨라 가지고 그제서야 부랴부랴 치우고 막 이래서 어 싸우지는 않았던 거 같아. 근데 자취를 하니까 확실히 본가 살 때는 엄마가 다 해 주고 그러는데 내가 다 해야 되니까 그게 힘든 거 같긴 해. 너는 자취하고 싶다는 생각은 없어? 아 나 처음에 집 들어올 때 막 냉장고랑 기본 가구에 막 여 연두색 띠가 막 둘러져 있는 거야. 기본 색깔로 막 있는 거야. 그래서 그걸 보고 아 진짜 별로다. 여기 살기 싫다 했었는데 막상 들어가 보니까 그런 거 별로 티도 안 나고 깔끔해 보이고 좋더라고. 그래서 그렇게 쓰고 있고. 뭔가 인테리어 아 그 자취하면 내 방식대로 바 집을 꾸미고 막 이렇게 써야지라는 생각은 있었는데 막상 있으니까 짐을 그 넣을 짐도 너무 많고 근데 그거에 비해 공간은 안 나오고 하니까 인테리어라고 할 것도 없이 그냥 짐을 넣어 놓은 거 같아. 내 방이 너무 작아서 옷장 같은 게 들어갈 공간이 안 나서 거실에다가 행거 설치해서 바로 옷 놓아두고. 그래서 뭔가 꾸미기도 애매하고 그랬던 거 같아. 너는 집 인테리어 어떤 편이야? 서울에서 살 수 있으면 좋을 거 같은데. 왜냐하면 여가 생활 같은 것도 훨씬 더 많이 할 수 있고 이제 거의 내 친구들이나 생활 반경이 서울에 중심에 맞춰져 있다 보니까 서울에서 생활하는 게 편하긴 한데 가끔씩 여기가 사람이 너무 많아서 내려가고 싶다라는 생각이 들긴 해. 근데 직장을 얻고 뭔가 더 발전을 하려면은 서울에서 사는 게 맞는 거 같아. 나는 그 본가 살 때는 지하에 헬스장이 있어서 그거를 썼단 말이야. 근데 자취를 하니까 그런 여가 시설 시 그 아무튼 시설들이 없어서 막 주변에서 주변 다른 헬스장을 등록해 놨단 말이야. 근데 너는 지금 어쨌든 본가에 살잖아. 큰 아파트에 사는데 그러면 거기에 막 여가 시설 같은 게 와 잘 마련되어 있어?,0.005747126436781609,0.017241379310344827,0.004597701149425287,0.0,0.005747126436781609,0.0034482758620689655,0.005747126436781609,0.008045977011494253,0.01839080459770115,0.029885057471264367,0.004597701149425287,0.027586206896551724,0.0,0.008045977011494253,0.0022988505747126436,0.0,0.0034482758620689655,0.0011494252873563218,0.03218390804597701,0.013793103448275862,0.0,0.0,0.0,0.0022988505747126436,0.0,0.004597701149425287,0.021839080459770115,0.0,0.0034482758620689655,0.0034482758620689655,0.04367816091954023,0.0,0.006896551724137931,0.0,0.004597701149425287,0.009195402298850575,0.0,0.0,0.011494252873563218,0.0011494252873563218,0.0,0.0022988505747126436,0.0,0.0,0.034482758620689655,0.004597701149425287,0.013793103448275862,0.0022988505747126436,0.004597701149425287,0.0367816091954023,0.009195402298850575,0.0011494252873563218,0.0,0.0022988505747126436,0.0,0.0011494252873563218,0.0011494252873563218,0.0022988505747126436,0.0,0.006896551724137931,0.0,0.0,0.0,0.0011494252873563218,0.006896551724137931,0.0022988505747126436,0.0022988505747126436,0.0011494252873563218,0.0011494252873563218,0.0,0.0,0.0,0.0022988505747126436,0.0,0.0,0.005747126436781609,0.0022988505747126436,0.0,0.006896551724137931,0.010344827586206896,0.0011494252873563218,0.0,0.0,0.0,0.0,0.004597701149425287,0.0034482758620689655,0.0,0.0022988505747126436,0.004597701149425287,0.0,0.0022988505747126436,0.0,0.0011494252873563218,0.0,0.0011494252873563218,0.0011494252873563218,0.0011494252873563218,0.0,0.0022988505747126436,0.004597701149425287,0.0011494252873563218,0.0,0.0,0.0,0.0,0.01264367816091954,0.009195402298850575,0.0,0.0011494252873563218,0.0011494252873563218,0.0022988505747126436,0.0011494252873563218,0.0,0.0,0.0011494252873563218,0.0,0.0,0.0011494252873563218,0.011494252873563218,0.0,0.005747126436781609,0.0011494252873563218,0.0,0.0022988505747126436,0.0011494252873563218,0.0011494252873563218,0.0,0.0022988505747126436,0.0,0.0,0.0,0.0,0.0034482758620689655,0.0,0.0,0.01839080459770115,0.0022988505747126436,0.0,0.0,0.0022988505747126436,0.0022988505747126436,0.0022988505747126436,0.0,0.0,0.005747126436781609,0.0011494252873563218,0.0,0.008045977011494253,0.0022988505747126436,0.0011494252873563218,0.005747126436781609,0.0011494252873563218,0.0,0.0,0.0011494252873563218,0.0,0.0011494252873563218,0.006896551724137931,0.0011494252873563218,0.0,0.0034482758620689655,0.0,0.0,0.0,0.004597701149425287,0.0011494252873563218,0.0011494252873563218,0.0,0.0,0.0011494252873563218,0.0,0.0,0.0,0.006896551724137931,0.0,0.0,0.0,0.0,0.0,0.0011494252873563218,0.0,0.0034482758620689655,0.0022988505747126436,0.0,0.0022988505747126436,0.0,0.0022988505747126436,0.0022988505747126436,0.0,0.0,0.0,0.0022988505747126436,0.0,0.0,0.0011494252873563218,0.0,0.0,0.0,0.0,0.0034482758620689655,0.0,0.004597701149425287,0.0,0.0,0.0,0.0,0.0,0.0,0.0011494252873563218,0.0,0.0,0.0,0.0,0.0011494252873563218,0.0,0.0011494252873563218,0.0,0.0011494252873563218,0.0,0.0022988505747126436,0.0,0.0011494252873563218,0.0022988505747126436,0.0,0.0,0.005747126436781609,0.0,0.0022988505747126436,0.0,0.0,0.0,0.0,0.0,0.0,0.0,0.0,0.0,0.0022988505747126436,0.0,0.0,0.0,0.004597701149425287,0.0,0.0,0.0,0.0,0.0,0.0,0.0,0.0,0.0,0.0,0.0,0.0,0.0,0.006896551724137931,0.0034482758620689655,0.0011494252873563218,0.0011494252873563218,0.0011494252873563218,0.0011494252873563218,0.0022988505747126436,0.0022988505747126436,0.0011494252873563218,0.0011494252873563218,0.0011494252873563218,0.0011494252873563218,0.0011494252873563218,0.0011494252873563218,0.0034482758620689655,0.0011494252873563218,0.005747126436781609,0.0011494252873563218,0.0011494252873563218,0.0011494252873563218,0.0022988505747126436,0.0022988505747126436,0.0011494252873563218,0.0022988505747126436,0.0011494252873563218,0.0011494252873563218,0.0011494252873563218,0.0011494252873563218,0.0022988505747126436,0.0011494252873563218,0.0011494252873563218,0.0011494252873563218,0.0022988505747126436,0.0011494252873563218,0.0011494252873563218,0.0011494252873563218,0.0011494252873563218,0.0011494252873563218,0.0011494252873563218,0.0011494252873563218,0.0011494252873563218,0.0022988505747126436,0.0022988505747126436,0.0011494252873563218,0.0011494252873563218,0.0011494252873563218,0.0022988505747126436,0.0011494252873563218,0.0011494252873563218,0.0034482758620689655,0.0011494252873563218,0.0011494252873563218,0.0011494252873563218,0.0011494252873563218,0.0011494252873563218,0.0011494252873563218,0.0011494252873563218,0.0022988505747126436,0.0011494252873563218,0.0022988505747126436,0.0022988505747126436,0.0011494252873563218,0.0011494252873563218,0.0034482758620689655,0.0011494252873563218,0.0011494252873563218,0.0022988505747126436,0.0011494252873563218,0.0022988505747126436,0.0011494252873563218,0.0011494252873563218,0.0022988505747126436,0.0011494252873563218,0.0011494252873563218,0.0011494252873563218,0.0022988505747126436,0.0011494252873563218,0.0034482758620689655,0.0034482758620689655,0.0022988505747126436,0.0011494252873563218,0.0011494252873563218,0.0011494252873563218,0.0011494252873563218,0.0011494252873563218,0.0011494252873563218,0.0011494252873563218,0.004597701149425287,0.0011494252873563218,0.0011494252873563218,0.0011494252873563218,0.0011494252873563218,0.0022988505747126436,0.0011494252873563218,0.0011494252873563218,0.0011494252873563218,0.0034482758620689655,0.0011494252873563218,0.0011494252873563218,0.0011494252873563218,0.0011494252873563218,0.0022988505747126436,0.0011494252873563218,0.0022988505747126436,0.0022988505747126436,0.0022988505747126436,0.0011494252873563218,0.0011494252873563218,0.0011494252873563218,0.0011494252873563218,0.0022988505747126436,0.0011494252873563218,0.0034482758620689655,0.0034482758620689655,0.0011494252873563218,0.004597701149425287,0.0011494252873563218,0.0011494252873563218,0.0022988505747126436,0.0022988505747126436,0.0011494252873563218,0.0011494252873563218,0.0011494252873563218,0.0022988505747126436,0.0011494252873563218,0.0022988505747126436,0.0022988505747126436,0.0011494252873563218,0.0011494252873563218,0.0011494252873563218,0.0011494252873563218,0.0011494252873563218,0.0011494252873563218,0.0011494252873563218,0.0011494252873563218,0.0011494252873563218,0.0011494252873563218,0.0011494252873563218,0.0011494252873563218,0.0022988505747126436,0.0011494252873563218,0.0011494252873563218,0.0011494252873563218,0.0011494252873563218,0.0011494252873563218,0.0011494252873563218,0.0011494252873563218,0.0011494252873563218,0.0011494252873563218,0.0011494252873563218,0.0011494252873563218,0.0022988505747126436,0.0011494252873563218,0.0011494252873563218,0.0011494252873563218,0.0011494252873563218,0.0011494252873563218,0.0022988505747126436,0.0011494252873563218,0.0022988505747126436,0.0011494252873563218,0.0011494252873563218,0.0011494252873563218,0.0034482758620689655,0.0011494252873563218,0.0011494252873563218,0.0011494252873563218,0.0011494252873563218,0.0011494252873563218,0.0011494252873563218,0.0011494252873563218,0.0011494252873563218,0.0011494252873563218,0.0011494252873563218,0.0011494252873563218,0.0011494252873563218,0.0034482758620689655,0.0011494252873563218,0.0022988505747126436,0.0011494252873563218,0.0011494252873563218,0.0011494252873563218,0.0011494252873563218,0.0011494252873563218,0.0011494252873563218,0.0011494252873563218,0.0011494252873563218,0.0011494252873563218,0.0011494252873563218,0.0011494252873563218,0.0011494252873563218,0.0011494252873563218,0.0011494252873563218,0.0011494252873563218,0.0011494252873563218,0.0011494252873563218,0.0011494252873563218,0.0,0.0,0.0,0.0,0.0,0.0,0.0,0.0,0.0,0.0,0.0,0.0,0.0,0.0,0.0,0.0,0.0,0.0,0.0,0.0,0.0,0.0,0.0,0.0,0.0,0.0,0.0,0.0,0.0,0.0,0.0,0.0,0.0,0.0,0.0,0.0,0.0,0.0,0.3019898039065743,0.0,0.0,0.0,0.0,0.0,0.0,0.0,0.0,0.0,0.0,0.0,0.0,0.0,0.0,0.0,0.0,0.0,0.0,0.0,0.0,0.0,0.0,0.0,0.0,0.0,0.0,0.0,0.0,0.0,0.0,0.0,0.0,0.0,0.0,0.0,0.0,0.0,0.0,0.0,0.0,0.0,0.0,0.0,0.0,0.0,0.0,0.0,0.0,0.0,0.0,0.0,0.0,0.0,0.0,0.0,0.0,0.4440169027135384,0.0,0.0,0.0,0.0,0.0,0.0,0.0,0.0,0.0,0.0,0.0,0.0,0.0,0.0,0.0,0.0,0.0,0.0,0.0,0.0,0.0,0.0,0.0,0.0,0.0,0.0,0.0,0.0,0.0,0.0,0.0,0.0,0.0,0.0,0.0,0.0,0.0,0.0,0.0,0.0,0.0,0.0,0.0,0.0,0.0,0.0,0.0,0.0,0.0,0.0,0.0,0.0,0.0,0.0,0.0,0.0,0.0,0.0,0.0,0.0,0.0,0.0,0.0,0.0,0.0,0.0,0.0,0.0,0.0,0.0,0.0,0.0,0.0,0.0,0.0,0.0,0.0,0.0,0.0,0.0,0.0,0.0,0.0,0.0,0.0,0.0,0.0,0.0,0.0,0.0,0.0,0.0,0.0,0.0,0.0,0.0,0.0,0.0,0.0,0.0,0.0,0.0,0.0,0.0,0.0,0.0,0.0,0.0,0.0,0.0,0.4440169027135384,0.0,0.0,0.0,0.0,0.0,0.0,0.0,0.0,0.0,0.0,0.0,0.0,0.0,0.0,0.0,0.0,0.0,0.0,0.0,0.0,0.0,0.0,0.0,0.0,0.0,0.0,0.0,0.0,0.0,0.0,0.0,0.0,0.0,0.0,0.0,0.0,0.0,0.0,0.0,0.0,0.0,0.0,0.0,0.0,0.0,0.0,0.0,0.0,0.0,0.0,0.0,0.0,0.0,0.0,0.0,0.0,0.0,0.0,0.0,0.0,0.0,0.0,0.0,0.0,0.0,0.0,0.0,0.0,0.0,0.0,0.0,0.0,0.0,0.0,0.0,0.0,0.0,0.0,0.0,0.0,0.0,0.0,0.0,0.5071982544064111,0.0,0.0,0.0,0.0,0.0,0.0,0.0,0.0,0.0,0.0,0.0,0.0,0.0,0.0,0.0,0.0,0.0,0.0,0.0,0.0,0.0,0.0,0.0,0.0,0.0,0.0,0.0,0.0,0.0,0.0,0.0,0.0,0.0,0.0,0.0,0.0,0.0,0.0,0.0,0.0,0.0,0.0,0.0,0.0,0.0,0.0,0.0,0.0,0.0,0.0,0.0,0.0,0.0,0.0,0.0,0.0,0.0,0.0,0.0,0.0,0.0,0.0,0.0,0.0,0.0,0.0,0.0,0.0,0.0,0.0,0.0,0.0,0.0,0.0,0.0,0.0,0.0,0.0,0.0,0.0,0.0,0.0,0.0,0.0,0.0,0.0,0.0,0.0,0.0,0.0,0.0,0.0,0.0,0.0,0.0,0.0,0.0,0.0,0.0,0.0,0.0,0.0,0.0,0.0,0.0,0.0,0.0,0.0,0.0,0.0,0.0,0.0,0.0,0.0,0.0,0.0,0.0,0.0,0.0,0.0,0.0,0.0,0.0,0.0,0.0,0.0,0.0,0.0,0.0,0.0,0.0,0.0,0.0,0.0,0.0,0.0,0.0,0.0,0.0,0.0,0.0,0.0,0.0,0.0,0.0,0.0,0.0,0.0,0.0,0.0,0.0,0.0,0.0,0.0,0.0,0.0,0.0,0.0,0.0,0.0,0.0,0.0,0.0,0.0,0.0,0.0,0.0,0.0,0.0,0.0,0.0,0.0,0.0,0.0,0.0,0.0,0.0,0.0,0.0,0.0,0.0,0.0,0.0,0.0,0.0,0.0,0.0,0.0,0.0,0.0,0.0,0.0,0.0,0.0,0.0,0.0,0.0,0.0,0.0,0.0,0.0,0.0,0.0,0.0,0.0,0.0,0.0,0.0,0.0,0.0,0.0,0.0,0.0,0.0,0.0,0.0,0.0,0.0,0.0,0.0,0.0,0.0,0.0,0.0,0.0,0.0,0.0,0.0,0.0,0.0,0.0,0.0,0.0,0.0,0.0,0.0,0.0,0.0,0.0,0.0,0.0,0.0,0.0,0.0,0.0,0.0,0.0,0.0,0.0,0.0,0.0,0.0,0.0,0.0,0.0,0.0,0.0,0.0,0.0,0.0,0.0,0.0,0.0,0.0,0.0,0.5071982544064111,0.0,0.0,0.0,0.0,0.0,0.0,0.0,0.0,0.0,0.0,0.0,0.0,0.0,0.0,0.0,0.0,0.0,0.0,0.0,0.0,0.0,0.0,0.0,0.0,0.0,0.0,0.0,0.0,0.0,0.0,0.0,0.0,0.0,0.0,0.0,0.0,0.0,0.0,0.0,0.0,0.0,0.0,0.0,0.0,0.0,0.0,0.0,0.0,0.0,0.0,0.0,0.0,0.0,0.0,0.0,0.0,0.0,0.0,0.0,0.0,0.0,0.0,0.0,0.0,0.0,0.0,0.0,0.0,0.0,0.0,0.0,0.0,0.0,0.0,0.0,0.0,0.0,0.0,0.0,0.0,0.0,0.0,0.0,0.0,0.0,0.0,0.0,0.0,0.0,0.0,0.0,0.0,0.0,0.0,0.0,0.0,0.0,0.0,0.0,0.0,0.0,0.0,0.0,0.0,0.0,0.0,0.0,0.0,0.0,0.0,0.0,0.0,0.0,0.0,0.0,0.0,0.0,0.0,0.0,0.0,0.0,0.0,0.0,0.0,0.0,0.0,0.0,0.0,0.0,0.0,0.0,0.0,0.0,0.0,0.0,0.0,0.0,0.0,0.0,0.0,0.0,0.0,0.0,0.0,0.0,0.0,0.0,0.0,0.0,0.0,0.0,0.0,0.0,0.0,0.0,0.0,0.0,0.0,0.0,0.0,0.0,0.0,0.0,0.0,0.0,0.0,0.0,0.0,0.0,0.0
SD2401268,20대,음 근데 우리집이 꼭대기 층이라 그런지 좀 괜찮은 거 같은데. 층간 소음은 없는데 벽간 소음이 쪼금 있는 거 같아. 방이 그 방음이 잘 안 돼서 옆 문 그 첫 입구 문에만 서도 옆의 방이 뭐 유튜브 뭐 듣고 있는지 무슨 대화하고 있는지가 너무 잘 들려서 쪼끔 부담스럽긴 해. 근데 위에는 아무도 사람이 안 사니까 내가 살기에는 어 소음이 없어서 되게 좋은 거 같아. 그거 말고도 본가 살 때는 위층이 아빠 지인이 살았었는데 그래서 막 소음이 나도 뭐라 하기가 좀 그랬던 경험이 있어. 너는 지금 몇 층 정도에 살아? 층간 소음은 없어? 음 그 학 학교 들어오고 나서부터 2년 동안 여기 살고 올해 새로 계약해서 똑같은 데 연장해서 거기서 살고 있어. 아마 내년에는 교환 학생을 가서 없으니까 오빠가 혼자 살 거 같아 지금 같이 살고 있으니까. 그리고 사실 나는 올해 딱 계약 연장할 때쯤에 새로 구해서 따로따로 살고 싶었는데 아무래도 서울 뭐 월세가 비싸다 보니까 그냥 한집에서 해서 전세로 사는 게 낫겠다 싶어서 같이 살고 있는데. 어 아무래도 생활 패턴이나 그런 집안일 하는 거가 좀 안 맞아서 좀 그게 제일 힘들어서 따로 살고 싶었던 거 같아. 뭐 혼자 늦게 자고 그런 건 상관없는데 오빠가 게임을 하니까 늦게까지 게임하는 소리 계속 들려 오 들려 오고 하니까 나 자는 데 방에 돼서 그랬던 거 같아. 너는 그런 적은 없어? 어 중3 때까지 1곳에서 살았고 그 주 중3 이후에 약간 신도시 분양 그런 청약 담 당첨 돼 가지고 1번 이사를 갔었어. 근데 그 중3 때까지 계속 같은 지역에 살다 보니까 거기 유치원 초등학교 중학교 나오고 고등학교도 그쪽을 가려고 했는데 이사를 가게 돼서 혼자 떨어진 곳을 가니까 친구들이랑도 멀어지고 그러 그 뭐 원래 놀던 데에서도 못 놀고 이런 게 쪼끔 아쉽고 힘들긴 하더라고. 근데 집이 넓어서 되게 좋았던 거 같아. 나는 이사를 많이 안 해 봐서 막 해 보고 싶었다 이런 게 좀 컸었는데 주변에 이사 많이 다니는 사람은 안 그렇더라고. 이사를 그만 다니고 싶다 그러더라. 혹시 너도 그런 편이야? 음 나는 이사 간 다음에 우 이 이사 간 아파트 앞에 막 전원주택 같은 게 있는 거야. 그래서 나중에 이 또 이사를 가게 된다면은 저런 데에서 살고 싶다. 저런 데에서 마당에서 막 식물 키우고 동물 키우고 막 나만의 정원을 가꾸면서 2층 바 다락방에서 살고 싶다 막 이런 생각을 했었는데. 근데 막상 거기에 살면은 관리하는 게 되게 힘들어 보이더라고. 할머니 집도 그런 전원주택인데 조금만 뭘 관리를 안 해 줘도 잡초 자라고 먼지가 끼고 더러워지고 막 그런 게 많아서 관리가 힘들다고 하더라고. 근데 그럼에도 한 약간 한번쯤은 전원주택에 살고 싶다 이런 생각이 있는데. 너는 그런 어디에 살고 싶다 이런 로망 같은 게 있어? 어 전자레인지랑 냉장고 세탁기 이 이 정도는 원래 있었던 거 같고. 밥솥이랑 응 어 그 오븐 같은 거 뭐라고 하지. 그 아 에어프라이어는 사 왔고. 최근에 여름 되니까 벌레가 너무 많이 생기잖아. 특히 음식물에 벌레가 많이 생기는데 그래서 버리기가 너무 힘들어서 미생물로 분해해 주는 기계 그런 게 있더라고. 오빠가 인스타그램에서 찾아와서 막 우 이거 쓰자 막 그러면서 찾아왔던 기억이 있어. 그래서 그거를 지금 살까 고민 중에 있어. 그게 음식물 쓰레기를 넣으면은 미생물들이 분해를 해서 흙으로 바로 만들어 준대. 근데 그게 하루 만에 다 만들어 주고 냄새도 안 나서 좋다고 하더라고. 너는 혹시 집안일 같은 거는 어떻게 하는 편이야? 어 가끔 아니 자주 좀 싸운 싸우진 않고 이런 거에 대해 짜증을 내는 거 같긴 한데 내 방이 쓰레기 그 분리수거 하는 데 바로 앞에 있단 말이야. 그래서 오빠는 좀 멀어서 쓰레기 같은 걸 거기 내면 그만인데 나는 내고 나서 그게 분리수거가 잘 안 되어 있거나 막 더러운 게 섞여 있거나 하면은 냄새가 바로 내 방으로 들어온단 말이야. 그거 때문에 오빠한테 뭐라 한 적도 많았던 거 같고. 약간 분담 같은 게 예전에는 막 뭐 냉장고 청소 네가 1번 하면 내가 화장실 청소 1번 하고 이런 식으로 번갈아서 하자라고 말은 했는데 어느 순간 보니까 내가 다 하고 있더라고. 그래서 그거에 대해서 쌓아 놨다가 화내기 직전에 딱 말하면은 오빠가 또 눈치는 빨라 가지고 그제서야 부랴부랴 치우고 막 이래서 어 싸우지는 않았던 거 같아. 근데 자취를 하니까 확실히 본가 살 때는 엄마가 다 해 주고 그러는데 내가 다 해야 되니까 그게 힘든 거 같긴 해. 너는 자취하고 싶다는 생각은 없어? 아 나 처음에 집 들어올 때 막 냉장고랑 기본 가구에 막 여 연두색 띠가 막 둘러져 있는 거야. 기본 색깔로 막 있는 거야. 그래서 그걸 보고 아 진짜 별로다. 여기 살기 싫다 했었는데 막상 들어가 보니까 그런 거 별로 티도 안 나고 깔끔해 보이고 좋더라고. 그래서 그렇게 쓰고 있고. 뭔가 인테리어 아 그 자취하면 내 방식대로 바 집을 꾸미고 막 이렇게 써야지라는 생각은 있었는데 막상 있으니까 짐을 그 넣을 짐도 너무 많고 근데 그거에 비해 공간은 안 나오고 하니까 인테리어라고 할 것도 없이 그냥 짐을 넣어 놓은 거 같아. 내 방이 너무 작아서 옷장 같은 게 들어갈 공간이 안 나서 거실에다가 행거 설치해서 바로 옷 놓아두고. 그래서 뭔가 꾸미기도 애매하고 그랬던 거 같아. 너는 집 인테리어 어떤 편이야? 서울에서 살 수 있으면 좋을 거 같은데. 왜냐하면 여가 생활 같은 것도 훨씬 더 많이 할 수 있고 이제 거의 내 친구들이나 생활 반경이 서울에 중심에 맞춰져 있다 보니까 서울에서 생활하는 게 편하긴 한데 가끔씩 여기가 사람이 너무 많아서 내려가고 싶다라는 생각이 들긴 해. 근데 직장을 얻고 뭔가 더 발전을 하려면은 서울에서 사는 게 맞는 거 같아. 나는 그 본가 살 때는 지하에 헬스장이 있어서 그거를 썼단 말이야. 근데 자취를 하니까 그런 여가 시설 시 그 아무튼 시설들이 없어서 막 주변에서 주변 다른 헬스장을 등록해 놨단 말이야. 근데 너는 지금 어쨌든 본가에 살잖아. 큰 아파트에 사는데 그러면 거기에 막 여가 시설 같은 게 와 잘 마련되어 있어?,0.005747126436781609,0.017241379310344827,0.004597701149425287,0.0,0.005747126436781609,0.0034482758620689655,0.005747126436781609,0.008045977011494253,0.01839080459770115,0.029885057471264367,0.004597701149425287,0.027586206896551724,0.0,0.008045977011494253,0.0022988505747126436,0.0,0.0034482758620689655,0.0011494252873563218,0.03218390804597701,0.013793103448275862,0.0,0.0,0.0,0.0022988505747126436,0.0,0.004597701149425287,0.021839080459770115,0.0,0.0034482758620689655,0.0034482758620689655,0.04367816091954023,0.0,0.006896551724137931,0.0,0.004597701149425287,0.009195402298850575,0.0,0.0,0.011494252873563218,0.0011494252873563218,0.0,0.0022988505747126436,0.0,0.0,0.034482758620689655,0.004597701149425287,0.013793103448275862,0.0022988505747126436,0.004597701149425287,0.0367816091954023,0.009195402298850575,0.0011494252873563218,0.0,0.0022988505747126436,0.0,0.0011494252873563218,0.0011494252873563218,0.0022988505747126436,0.0,0.006896551724137931,0.0,0.0,0.0,0.0011494252873563218,0.006896551724137931,0.0022988505747126436,0.0022988505747126436,0.0011494252873563218,0.0011494252873563218,0.0,0.0,0.0,0.0022988505747126436,0.0,0.0,0.005747126436781609,0.0022988505747126436,0.0,0.006896551724137931,0.010344827586206896,0.0011494252873563218,0.0,0.0,0.0,0.0,0.004597701149425287,0.0034482758620689655,0.0,0.0022988505747126436,0.004597701149425287,0.0,0.0022988505747126436,0.0,0.0011494252873563218,0.0,0.0011494252873563218,0.0011494252873563218,0.0011494252873563218,0.0,0.0022988505747126436,0.004597701149425287,0.0011494252873563218,0.0,0.0,0.0,0.0,0.01264367816091954,0.009195402298850575,0.0,0.0011494252873563218,0.0011494252873563218,0.0022988505747126436,0.0011494252873563218,0.0,0.0,0.0011494252873563218,0.0,0.0,0.0011494252873563218,0.011494252873563218,0.0,0.005747126436781609,0.0011494252873563218,0.0,0.0022988505747126436,0.0011494252873563218,0.0011494252873563218,0.0,0.0022988505747126436,0.0,0.0,0.0,0.0,0.0034482758620689655,0.0,0.0,0.01839080459770115,0.0022988505747126436,0.0,0.0,0.0022988505747126436,0.0022988505747126436,0.0022988505747126436,0.0,0.0,0.005747126436781609,0.0011494252873563218,0.0,0.008045977011494253,0.0022988505747126436,0.0011494252873563218,0.005747126436781609,0.0011494252873563218,0.0,0.0,0.0011494252873563218,0.0,0.0011494252873563218,0.006896551724137931,0.0011494252873563218,0.0,0.0034482758620689655,0.0,0.0,0.0,0.004597701149425287,0.0011494252873563218,0.0011494252873563218,0.0,0.0,0.0011494252873563218,0.0,0.0,0.0,0.006896551724137931,0.0,0.0,0.0,0.0,0.0,0.0011494252873563218,0.0,0.0034482758620689655,0.0022988505747126436,0.0,0.0022988505747126436,0.0,0.0022988505747126436,0.0022988505747126436,0.0,0.0,0.0,0.0022988505747126436,0.0,0.0,0.0011494252873563218,0.0,0.0,0.0,0.0,0.0034482758620689655,0.0,0.004597701149425287,0.0,0.0,0.0,0.0,0.0,0.0,0.0011494252873563218,0.0,0.0,0.0,0.0,0.0011494252873563218,0.0,0.0011494252873563218,0.0,0.0011494252873563218,0.0,0.0022988505747126436,0.0,0.0011494252873563218,0.0022988505747126436,0.0,0.0,0.005747126436781609,0.0,0.0022988505747126436,0.0,0.0,0.0,0.0,0.0,0.0,0.0,0.0,0.0,0.0022988505747126436,0.0,0.0,0.0,0.004597701149425287,0.0,0.0,0.0,0.0,0.0,0.0,0.0,0.0,0.0,0.0,0.0,0.0,0.0,0.006896551724137931,0.0034482758620689655,0.0011494252873563218,0.0011494252873563218,0.0011494252873563218,0.0011494252873563218,0.0022988505747126436,0.0022988505747126436,0.0011494252873563218,0.0011494252873563218,0.0011494252873563218,0.0011494252873563218,0.0011494252873563218,0.0011494252873563218,0.0034482758620689655,0.0011494252873563218,0.005747126436781609,0.0011494252873563218,0.0011494252873563218,0.0011494252873563218,0.0022988505747126436,0.0022988505747126436,0.0011494252873563218,0.0022988505747126436,0.0011494252873563218,0.0011494252873563218,0.0011494252873563218,0.0011494252873563218,0.0022988505747126436,0.0011494252873563218,0.0011494252873563218,0.0011494252873563218,0.0022988505747126436,0.0011494252873563218,0.0011494252873563218,0.0011494252873563218,0.0011494252873563218,0.0011494252873563218,0.0011494252873563218,0.0011494252873563218,0.0011494252873563218,0.0022988505747126436,0.0022988505747126436,0.0011494252873563218,0.0011494252873563218,0.0011494252873563218,0.0022988505747126436,0.0011494252873563218,0.0011494252873563218,0.0034482758620689655,0.0011494252873563218,0.0011494252873563218,0.0011494252873563218,0.0011494252873563218,0.0011494252873563218,0.0011494252873563218,0.0011494252873563218,0.0022988505747126436,0.0011494252873563218,0.0022988505747126436,0.0022988505747126436,0.0011494252873563218,0.0011494252873563218,0.0034482758620689655,0.0011494252873563218,0.0011494252873563218,0.0022988505747126436,0.0011494252873563218,0.0022988505747126436,0.0011494252873563218,0.0011494252873563218,0.0022988505747126436,0.0011494252873563218,0.0011494252873563218,0.0011494252873563218,0.0022988505747126436,0.0011494252873563218,0.0034482758620689655,0.0034482758620689655,0.0022988505747126436,0.0011494252873563218,0.0011494252873563218,0.0011494252873563218,0.0011494252873563218,0.0011494252873563218,0.0011494252873563218,0.0011494252873563218,0.004597701149425287,0.0011494252873563218,0.0011494252873563218,0.0011494252873563218,0.0011494252873563218,0.0022988505747126436,0.0011494252873563218,0.0011494252873563218,0.0011494252873563218,0.0034482758620689655,0.0011494252873563218,0.0011494252873563218,0.0011494252873563218,0.0011494252873563218,0.0022988505747126436,0.0011494252873563218,0.0022988505747126436,0.0022988505747126436,0.0022988505747126436,0.0011494252873563218,0.0011494252873563218,0.0011494252873563218,0.0011494252873563218,0.0022988505747126436,0.0011494252873563218,0.0034482758620689655,0.0034482758620689655,0.0011494252873563218,0.004597701149425287,0.0011494252873563218,0.0011494252873563218,0.0022988505747126436,0.0022988505747126436,0.0011494252873563218,0.0011494252873563218,0.0011494252873563218,0.0022988505747126436,0.0011494252873563218,0.0022988505747126436,0.0022988505747126436,0.0011494252873563218,0.0011494252873563218,0.0011494252873563218,0.0011494252873563218,0.0011494252873563218,0.0011494252873563218,0.0011494252873563218,0.0011494252873563218,0.0011494252873563218,0.0011494252873563218,0.0011494252873563218,0.0011494252873563218,0.0022988505747126436,0.0011494252873563218,0.0011494252873563218,0.0011494252873563218,0.0011494252873563218,0.0011494252873563218,0.0011494252873563218,0.0011494252873563218,0.0011494252873563218,0.0011494252873563218,0.0011494252873563218,0.0011494252873563218,0.0022988505747126436,0.0011494252873563218,0.0011494252873563218,0.0011494252873563218,0.0011494252873563218,0.0011494252873563218,0.0022988505747126436,0.0011494252873563218,0.0022988505747126436,0.0011494252873563218,0.0011494252873563218,0.0011494252873563218,0.0034482758620689655,0.0011494252873563218,0.0011494252873563218,0.0011494252873563218,0.0011494252873563218,0.0011494252873563218,0.0011494252873563218,0.0011494252873563218,0.0011494252873563218,0.0011494252873563218,0.0011494252873563218,0.0011494252873563218,0.0011494252873563218,0.0034482758620689655,0.0011494252873563218,0.0022988505747126436,0.0011494252873563218,0.0011494252873563218,0.0011494252873563218,0.0011494252873563218,0.0011494252873563218,0.0011494252873563218,0.0011494252873563218,0.0011494252873563218,0.0011494252873563218,0.0011494252873563218,0.0011494252873563218,0.0011494252873563218,0.0011494252873563218,0.0011494252873563218,0.0011494252873563218,0.0011494252873563218,0.0011494252873563218,0.0011494252873563218,0.0,0.0,0.0,0.0,0.0,0.0,0.0,0.0,0.0,0.0,0.0,0.0,0.0,0.0,0.0,0.0,0.0,0.0,0.0,0.0,0.0,0.0,0.0,0.0,0.0,0.0,0.0,0.0,0.0,0.0,0.0,0.0,0.0,0.0,0.0,0.0,0.0,0.0,0.0,0.0,0.0,0.0,0.0,0.0,0.0,0.0,0.0,0.0,0.0,0.0,0.0,0.0,0.0,0.0,0.0,0.0,0.0,0.0,0.0,0.0,0.0,0.0,0.0,0.0,0.0,0.0,0.0,0.0,0.0,0.0,0.0,0.0,0.0,0.0,0.0,0.0,0.0,0.0,0.0,0.0,0.0,0.0,0.0,0.0,0.0,0.0,0.0,0.0,0.0,0.0,0.0,0.0,0.0,0.0,0.0,0.0,0.0,0.0,0.0,0.0,0.0,0.0,0.0,0.3961559943472943,0.0,0.0,0.0,0.0,0.0,0.0,0.0,0.0,0.0,0.0,0.0,0.0,0.0,0.0,0.0,0.0,0.0,0.0,0.0,0.0,0.0,0.0,0.0,0.0,0.0,0.0,0.0,0.0,0.0,0.0,0.0,0.0,0.0,0.0,0.0,0.0,0.0,0.0,0.0,0.0,0.0,0.0,0.0,0.0,0.0,0.0,0.0,0.0,0.4387502647125879,0.0,0.0,0.0,0.0,0.0,0.0,0.0,0.0,0.0,0.0,0.0,0.0,0.0,0.0,0.0,0.0,0.0,0.0,0.0,0.0,0.0,0.0,0.0,0.0,0.0,0.0,0.0,0.0,0.0,0.0,0.0,0.0,0.0,0.0,0.0,0.0,0.0,0.0,0.0,0.0,0.0,0.0,0.0,0.0,0.0,0.0,0.0,0.0,0.0,0.0,0.0,0.0,0.0,0.0,0.0,0.0,0.0,0.0,0.0,0.0,0.0,0.0,0.0,0.0,0.0,0.0,0.0,0.0,0.0,0.0,0.0,0.0,0.0,0.0,0.0,0.0,0.0,0.0,0.0,0.0,0.0,0.0,0.0,0.0,0.0,0.0,0.0,0.0,0.0,0.0,0.0,0.0,0.0,0.0,0.0,0.0,0.0,0.0,0.0,0.0,0.0,0.0,0.0,0.0,0.0,0.0,0.0,0.0,0.0,0.0,0.0,0.0,0.0,0.0,0.0,0.0,0.0,0.0,0.0,0.0,0.0,0.0,0.0,0.0,0.0,0.0,0.0,0.0,0.0,0.0,0.0,0.0,0.0,0.0,0.0,0.0,0.0,0.0,0.0,0.0,0.0,0.0,0.0,0.0,0.0,0.0,0.0,0.0,0.0,0.0,0.0,0.0,0.0,0.0,0.0,0.0,0.0,0.0,0.0,0.0,0.0,0.0,0.0,0.0,0.0,0.0,0.0,0.0,0.0,0.0,0.0,0.0,0.0,0.0,0.0,0.0,0.0,0.0,0.0,0.0,0.0,0.0,0.0,0.0,0.0,0.0,0.0,0.0,0.0,0.0,0.0,0.0,0.0,0.0,0.0,0.0,0.0,0.0,0.0,0.0,0.0,0.0,0.0,0.0,0.0,0.0,0.0,0.0,0.0,0.0,0.0,0.0,0.0,0.0,0.0,0.0,0.0,0.0,0.0,0.0,0.0,0.0,0.0,0.0,0.0,0.0,0.0,0.0,0.0,0.0,0.0,0.0,0.0,0.0,0.0,0.0,0.0,0.0,0.0,0.0,0.0,0.0,0.0,0.0,0.0,0.0,0.0,0.0,0.0,0.0,0.0,0.0,0.0,0.0,0.0,0.0,0.0,0.0,0.0,0.0,0.0,0.0,0.0,0.0,0.0,0.0,0.0,0.0,0.0,0.0,0.0,0.0,0.0,0.0,0.0,0.0,0.0,0.0,0.0,0.0,0.0,0.0,0.0,0.0,0.0,0.0,0.0,0.0,0.0,0.0,0.0,0.0,0.0,0.0,0.0,0.0,0.0,0.0,0.0,0.0,0.0,0.0,0.0,0.0,0.0,0.0,0.0,0.0,0.5537466779086191,0.0,0.0,0.0,0.0,0.0,0.0,0.0,0.0,0.0,0.0,0.0,0.0,0.0,0.0,0.0,0.0,0.0,0.0,0.0,0.0,0.0,0.0,0.0,0.0,0.0,0.0,0.0,0.0,0.0,0.0,0.0,0.0,0.0,0.0,0.0,0.0,0.0,0.0,0.0,0.0,0.0,0.0,0.0,0.0,0.0,0.0,0.0,0.0,0.0,0.0,0.0,0.0,0.0,0.0,0.0,0.0,0.0,0.0,0.0,0.0,0.0,0.0,0.0,0.0,0.0,0.0,0.0,0.0,0.0,0.0,0.0,0.0,0.0,0.0,0.0,0.0,0.0,0.0,0.0,0.0,0.0,0.0,0.0,0.0,0.0,0.0,0.0,0.0,0.0,0.0,0.0,0.0,0.0,0.0,0.0,0.0,0.0,0.0,0.0,0.0,0.0,0.0,0.0,0.0,0.0,0.0,0.0,0.0,0.0,0.5864496995160869,0.0,0.0,0.0,0.0,0.0,0.0,0.0,0.0,0.0,0.0,0.0,0.0,0.0,0.0,0.0,0.0,0.0,0.0,0.0,0.0,0.0,0.0,0.0,0.0,0.0,0.0,0.0,0.0,0.0,0.0,0.0,0.0,0.0,0.0,0.0,0.0,0.0,0.0,0.0,0.0,0.0,0.0,0.0,0.0,0.0,0.0,0.0,0.0,0.0,0.0,0.0,0.0,0.0,0.0,0.0,0.0,0.0,0.0,0.0,0.0,0.0,0.0,0.0,0.0,0.0,0.0,0.0,0.0,0.0,0.0,0.0,0.0,0.0,0.0,0.0,0.0,0.0,0.0,0.0,0.0,0.0,0.0,0.0,0.0,0.0,0.0,0.0,0.0,0.0,0.0,0.0,0.0,0.0,0.0,0.0,0.0,0.0,0.0,0.0,0.0,0.0,0.0,0.0,0.0,0.0,0.0,0.0,0.0,0.0,0.0,0.0,0.0,0.0,0.0,0.0,0.0,0.0,0.0,0.0,0.0,0.0,0.0,0.0,0.0,0.0,0.0,0.0,0.0,0.0,0.0,0.0,0.0,0.0,0.0,0.0,0.0,0.0,0.0,0.0,0.0,0.0,0.0,0.0,0.0,0.0,0.0,0.0,0.0,0.0,0.0,0.0,0.0,0.0,0.0,0.0
SD2401268,20대,음 근데 우리집이 꼭대기 층이라 그런지 좀 괜찮은 거 같은데. 층간 소음은 없는데 벽간 소음이 쪼금 있는 거 같아. 방이 그 방음이 잘 안 돼서 옆 문 그 첫 입구 문에만 서도 옆의 방이 뭐 유튜브 뭐 듣고 있는지 무슨 대화하고 있는지가 너무 잘 들려서 쪼끔 부담스럽긴 해. 근데 위에는 아무도 사람이 안 사니까 내가 살기에는 어 소음이 없어서 되게 좋은 거 같아. 그거 말고도 본가 살 때는 위층이 아빠 지인이 살았었는데 그래서 막 소음이 나도 뭐라 하기가 좀 그랬던 경험이 있어. 너는 지금 몇 층 정도에 살아? 층간 소음은 없어? 음 그 학 학교 들어오고 나서부터 2년 동안 여기 살고 올해 새로 계약해서 똑같은 데 연장해서 거기서 살고 있어. 아마 내년에는 교환 학생을 가서 없으니까 오빠가 혼자 살 거 같아 지금 같이 살고 있으니까. 그리고 사실 나는 올해 딱 계약 연장할 때쯤에 새로 구해서 따로따로 살고 싶었는데 아무래도 서울 뭐 월세가 비싸다 보니까 그냥 한집에서 해서 전세로 사는 게 낫겠다 싶어서 같이 살고 있는데. 어 아무래도 생활 패턴이나 그런 집안일 하는 거가 좀 안 맞아서 좀 그게 제일 힘들어서 따로 살고 싶었던 거 같아. 뭐 혼자 늦게 자고 그런 건 상관없는데 오빠가 게임을 하니까 늦게까지 게임하는 소리 계속 들려 오 들려 오고 하니까 나 자는 데 방에 돼서 그랬던 거 같아. 너는 그런 적은 없어? 어 중3 때까지 1곳에서 살았고 그 주 중3 이후에 약간 신도시 분양 그런 청약 담 당첨 돼 가지고 1번 이사를 갔었어. 근데 그 중3 때까지 계속 같은 지역에 살다 보니까 거기 유치원 초등학교 중학교 나오고 고등학교도 그쪽을 가려고 했는데 이사를 가게 돼서 혼자 떨어진 곳을 가니까 친구들이랑도 멀어지고 그러 그 뭐 원래 놀던 데에서도 못 놀고 이런 게 쪼끔 아쉽고 힘들긴 하더라고. 근데 집이 넓어서 되게 좋았던 거 같아. 나는 이사를 많이 안 해 봐서 막 해 보고 싶었다 이런 게 좀 컸었는데 주변에 이사 많이 다니는 사람은 안 그렇더라고. 이사를 그만 다니고 싶다 그러더라. 혹시 너도 그런 편이야? 음 나는 이사 간 다음에 우 이 이사 간 아파트 앞에 막 전원주택 같은 게 있는 거야. 그래서 나중에 이 또 이사를 가게 된다면은 저런 데에서 살고 싶다. 저런 데에서 마당에서 막 식물 키우고 동물 키우고 막 나만의 정원을 가꾸면서 2층 바 다락방에서 살고 싶다 막 이런 생각을 했었는데. 근데 막상 거기에 살면은 관리하는 게 되게 힘들어 보이더라고. 할머니 집도 그런 전원주택인데 조금만 뭘 관리를 안 해 줘도 잡초 자라고 먼지가 끼고 더러워지고 막 그런 게 많아서 관리가 힘들다고 하더라고. 근데 그럼에도 한 약간 한번쯤은 전원주택에 살고 싶다 이런 생각이 있는데. 너는 그런 어디에 살고 싶다 이런 로망 같은 게 있어? 어 전자레인지랑 냉장고 세탁기 이 이 정도는 원래 있었던 거 같고. 밥솥이랑 응 어 그 오븐 같은 거 뭐라고 하지. 그 아 에어프라이어는 사 왔고. 최근에 여름 되니까 벌레가 너무 많이 생기잖아. 특히 음식물에 벌레가 많이 생기는데 그래서 버리기가 너무 힘들어서 미생물로 분해해 주는 기계 그런 게 있더라고. 오빠가 인스타그램에서 찾아와서 막 우 이거 쓰자 막 그러면서 찾아왔던 기억이 있어. 그래서 그거를 지금 살까 고민 중에 있어. 그게 음식물 쓰레기를 넣으면은 미생물들이 분해를 해서 흙으로 바로 만들어 준대. 근데 그게 하루 만에 다 만들어 주고 냄새도 안 나서 좋다고 하더라고. 너는 혹시 집안일 같은 거는 어떻게 하는 편이야? 어 가끔 아니 자주 좀 싸운 싸우진 않고 이런 거에 대해 짜증을 내는 거 같긴 한데 내 방이 쓰레기 그 분리수거 하는 데 바로 앞에 있단 말이야. 그래서 오빠는 좀 멀어서 쓰레기 같은 걸 거기 내면 그만인데 나는 내고 나서 그게 분리수거가 잘 안 되어 있거나 막 더러운 게 섞여 있거나 하면은 냄새가 바로 내 방으로 들어온단 말이야. 그거 때문에 오빠한테 뭐라 한 적도 많았던 거 같고. 약간 분담 같은 게 예전에는 막 뭐 냉장고 청소 네가 1번 하면 내가 화장실 청소 1번 하고 이런 식으로 번갈아서 하자라고 말은 했는데 어느 순간 보니까 내가 다 하고 있더라고. 그래서 그거에 대해서 쌓아 놨다가 화내기 직전에 딱 말하면은 오빠가 또 눈치는 빨라 가지고 그제서야 부랴부랴 치우고 막 이래서 어 싸우지는 않았던 거 같아. 근데 자취를 하니까 확실히 본가 살 때는 엄마가 다 해 주고 그러는데 내가 다 해야 되니까 그게 힘든 거 같긴 해. 너는 자취하고 싶다는 생각은 없어? 아 나 처음에 집 들어올 때 막 냉장고랑 기본 가구에 막 여 연두색 띠가 막 둘러져 있는 거야. 기본 색깔로 막 있는 거야. 그래서 그걸 보고 아 진짜 별로다. 여기 살기 싫다 했었는데 막상 들어가 보니까 그런 거 별로 티도 안 나고 깔끔해 보이고 좋더라고. 그래서 그렇게 쓰고 있고. 뭔가 인테리어 아 그 자취하면 내 방식대로 바 집을 꾸미고 막 이렇게 써야지라는 생각은 있었는데 막상 있으니까 짐을 그 넣을 짐도 너무 많고 근데 그거에 비해 공간은 안 나오고 하니까 인테리어라고 할 것도 없이 그냥 짐을 넣어 놓은 거 같아. 내 방이 너무 작아서 옷장 같은 게 들어갈 공간이 안 나서 거실에다가 행거 설치해서 바로 옷 놓아두고. 그래서 뭔가 꾸미기도 애매하고 그랬던 거 같아. 너는 집 인테리어 어떤 편이야? 서울에서 살 수 있으면 좋을 거 같은데. 왜냐하면 여가 생활 같은 것도 훨씬 더 많이 할 수 있고 이제 거의 내 친구들이나 생활 반경이 서울에 중심에 맞춰져 있다 보니까 서울에서 생활하는 게 편하긴 한데 가끔씩 여기가 사람이 너무 많아서 내려가고 싶다라는 생각이 들긴 해. 근데 직장을 얻고 뭔가 더 발전을 하려면은 서울에서 사는 게 맞는 거 같아. 나는 그 본가 살 때는 지하에 헬스장이 있어서 그거를 썼단 말이야. 근데 자취를 하니까 그런 여가 시설 시 그 아무튼 시설들이 없어서 막 주변에서 주변 다른 헬스장을 등록해 놨단 말이야. 근데 너는 지금 어쨌든 본가에 살잖아. 큰 아파트에 사는데 그러면 거기에 막 여가 시설 같은 게 와 잘 마련되어 있어?,0.005747126436781609,0.017241379310344827,0.004597701149425287,0.0,0.005747126436781609,0.0034482758620689655,0.005747126436781609,0.008045977011494253,0.01839080459770115,0.029885057471264367,0.004597701149425287,0.027586206896551724,0.0,0.008045977011494253,0.0022988505747126436,0.0,0.0034482758620689655,0.0011494252873563218,0.03218390804597701,0.013793103448275862,0.0,0.0,0.0,0.0022988505747126436,0.0,0.004597701149425287,0.021839080459770115,0.0,0.0034482758620689655,0.0034482758620689655,0.04367816091954023,0.0,0.006896551724137931,0.0,0.004597701149425287,0.009195402298850575,0.0,0.0,0.011494252873563218,0.0011494252873563218,0.0,0.0022988505747126436,0.0,0.0,0.034482758620689655,0.004597701149425287,0.013793103448275862,0.0022988505747126436,0.004597701149425287,0.0367816091954023,0.009195402298850575,0.0011494252873563218,0.0,0.0022988505747126436,0.0,0.0011494252873563218,0.0011494252873563218,0.0022988505747126436,0.0,0.006896551724137931,0.0,0.0,0.0,0.0011494252873563218,0.006896551724137931,0.0022988505747126436,0.0022988505747126436,0.0011494252873563218,0.0011494252873563218,0.0,0.0,0.0,0.0022988505747126436,0.0,0.0,0.005747126436781609,0.0022988505747126436,0.0,0.006896551724137931,0.010344827586206896,0.0011494252873563218,0.0,0.0,0.0,0.0,0.004597701149425287,0.0034482758620689655,0.0,0.0022988505747126436,0.004597701149425287,0.0,0.0022988505747126436,0.0,0.0011494252873563218,0.0,0.0011494252873563218,0.0011494252873563218,0.0011494252873563218,0.0,0.0022988505747126436,0.004597701149425287,0.0011494252873563218,0.0,0.0,0.0,0.0,0.01264367816091954,0.009195402298850575,0.0,0.0011494252873563218,0.0011494252873563218,0.0022988505747126436,0.0011494252873563218,0.0,0.0,0.0011494252873563218,0.0,0.0,0.0011494252873563218,0.011494252873563218,0.0,0.005747126436781609,0.0011494252873563218,0.0,0.0022988505747126436,0.0011494252873563218,0.0011494252873563218,0.0,0.0022988505747126436,0.0,0.0,0.0,0.0,0.0034482758620689655,0.0,0.0,0.01839080459770115,0.0022988505747126436,0.0,0.0,0.0022988505747126436,0.0022988505747126436,0.0022988505747126436,0.0,0.0,0.005747126436781609,0.0011494252873563218,0.0,0.008045977011494253,0.0022988505747126436,0.0011494252873563218,0.005747126436781609,0.0011494252873563218,0.0,0.0,0.0011494252873563218,0.0,0.0011494252873563218,0.006896551724137931,0.0011494252873563218,0.0,0.0034482758620689655,0.0,0.0,0.0,0.004597701149425287,0.0011494252873563218,0.0011494252873563218,0.0,0.0,0.0011494252873563218,0.0,0.0,0.0,0.006896551724137931,0.0,0.0,0.0,0.0,0.0,0.0011494252873563218,0.0,0.0034482758620689655,0.0022988505747126436,0.0,0.0022988505747126436,0.0,0.0022988505747126436,0.0022988505747126436,0.0,0.0,0.0,0.0022988505747126436,0.0,0.0,0.0011494252873563218,0.0,0.0,0.0,0.0,0.0034482758620689655,0.0,0.004597701149425287,0.0,0.0,0.0,0.0,0.0,0.0,0.0011494252873563218,0.0,0.0,0.0,0.0,0.0011494252873563218,0.0,0.0011494252873563218,0.0,0.0011494252873563218,0.0,0.0022988505747126436,0.0,0.0011494252873563218,0.0022988505747126436,0.0,0.0,0.005747126436781609,0.0,0.0022988505747126436,0.0,0.0,0.0,0.0,0.0,0.0,0.0,0.0,0.0,0.0022988505747126436,0.0,0.0,0.0,0.004597701149425287,0.0,0.0,0.0,0.0,0.0,0.0,0.0,0.0,0.0,0.0,0.0,0.0,0.0,0.006896551724137931,0.0034482758620689655,0.0011494252873563218,0.0011494252873563218,0.0011494252873563218,0.0011494252873563218,0.0022988505747126436,0.0022988505747126436,0.0011494252873563218,0.0011494252873563218,0.0011494252873563218,0.0011494252873563218,0.0011494252873563218,0.0011494252873563218,0.0034482758620689655,0.0011494252873563218,0.005747126436781609,0.0011494252873563218,0.0011494252873563218,0.0011494252873563218,0.0022988505747126436,0.0022988505747126436,0.0011494252873563218,0.0022988505747126436,0.0011494252873563218,0.0011494252873563218,0.0011494252873563218,0.0011494252873563218,0.0022988505747126436,0.0011494252873563218,0.0011494252873563218,0.0011494252873563218,0.0022988505747126436,0.0011494252873563218,0.0011494252873563218,0.0011494252873563218,0.0011494252873563218,0.0011494252873563218,0.0011494252873563218,0.0011494252873563218,0.0011494252873563218,0.0022988505747126436,0.0022988505747126436,0.0011494252873563218,0.0011494252873563218,0.0011494252873563218,0.0022988505747126436,0.0011494252873563218,0.0011494252873563218,0.0034482758620689655,0.0011494252873563218,0.0011494252873563218,0.0011494252873563218,0.0011494252873563218,0.0011494252873563218,0.0011494252873563218,0.0011494252873563218,0.0022988505747126436,0.0011494252873563218,0.0022988505747126436,0.0022988505747126436,0.0011494252873563218,0.0011494252873563218,0.0034482758620689655,0.0011494252873563218,0.0011494252873563218,0.0022988505747126436,0.0011494252873563218,0.0022988505747126436,0.0011494252873563218,0.0011494252873563218,0.0022988505747126436,0.0011494252873563218,0.0011494252873563218,0.0011494252873563218,0.0022988505747126436,0.0011494252873563218,0.0034482758620689655,0.0034482758620689655,0.0022988505747126436,0.0011494252873563218,0.0011494252873563218,0.0011494252873563218,0.0011494252873563218,0.0011494252873563218,0.0011494252873563218,0.0011494252873563218,0.004597701149425287,0.0011494252873563218,0.0011494252873563218,0.0011494252873563218,0.0011494252873563218,0.0022988505747126436,0.0011494252873563218,0.0011494252873563218,0.0011494252873563218,0.0034482758620689655,0.0011494252873563218,0.0011494252873563218,0.0011494252873563218,0.0011494252873563218,0.0022988505747126436,0.0011494252873563218,0.0022988505747126436,0.0022988505747126436,0.0022988505747126436,0.0011494252873563218,0.0011494252873563218,0.0011494252873563218,0.0011494252873563218,0.0022988505747126436,0.0011494252873563218,0.0034482758620689655,0.0034482758620689655,0.0011494252873563218,0.004597701149425287,0.0011494252873563218,0.0011494252873563218,0.0022988505747126436,0.0022988505747126436,0.0011494252873563218,0.0011494252873563218,0.0011494252873563218,0.0022988505747126436,0.0011494252873563218,0.0022988505747126436,0.0022988505747126436,0.0011494252873563218,0.0011494252873563218,0.0011494252873563218,0.0011494252873563218,0.0011494252873563218,0.0011494252873563218,0.0011494252873563218,0.0011494252873563218,0.0011494252873563218,0.0011494252873563218,0.0011494252873563218,0.0011494252873563218,0.0022988505747126436,0.0011494252873563218,0.0011494252873563218,0.0011494252873563218,0.0011494252873563218,0.0011494252873563218,0.0011494252873563218,0.0011494252873563218,0.0011494252873563218,0.0011494252873563218,0.0011494252873563218,0.0011494252873563218,0.0022988505747126436,0.0011494252873563218,0.0011494252873563218,0.0011494252873563218,0.0011494252873563218,0.0011494252873563218,0.0022988505747126436,0.0011494252873563218,0.0022988505747126436,0.0011494252873563218,0.0011494252873563218,0.0011494252873563218,0.0034482758620689655,0.0011494252873563218,0.0011494252873563218,0.0011494252873563218,0.0011494252873563218,0.0011494252873563218,0.0011494252873563218,0.0011494252873563218,0.0011494252873563218,0.0011494252873563218,0.0011494252873563218,0.0011494252873563218,0.0011494252873563218,0.0034482758620689655,0.0011494252873563218,0.0022988505747126436,0.0011494252873563218,0.0011494252873563218,0.0011494252873563218,0.0011494252873563218,0.0011494252873563218,0.0011494252873563218,0.0011494252873563218,0.0011494252873563218,0.0011494252873563218,0.0011494252873563218,0.0011494252873563218,0.0011494252873563218,0.0011494252873563218,0.0011494252873563218,0.0011494252873563218,0.0011494252873563218,0.0011494252873563218,0.0011494252873563218,0.0,0.0,0.5251567876997435,0.0,0.0,0.0,0.0,0.0,0.0,0.0,0.0,0.0,0.0,0.0,0.0,0.0,0.0,0.0,0.0,0.0,0.0,0.0,0.0,0.0,0.0,0.0,0.0,0.0,0.0,0.0,0.0,0.0,0.0,0.0,0.0,0.0,0.0,0.0,0.0,0.0,0.0,0.0,0.0,0.0,0.0,0.0,0.0,0.0,0.0,0.0,0.0,0.0,0.0,0.0,0.0,0.0,0.0,0.0,0.0,0.0,0.0,0.0,0.0,0.0,0.0,0.0,0.0,0.0,0.0,0.0,0.0,0.0,0.0,0.0,0.0,0.0,0.0,0.0,0.0,0.0,0.0,0.0,0.0,0.0,0.0,0.0,0.0,0.0,0.0,0.0,0.0,0.0,0.0,0.0,0.0,0.0,0.0,0.0,0.0,0.0,0.0,0.0,0.0,0.0,0.0,0.0,0.0,0.0,0.0,0.0,0.0,0.0,0.0,0.0,0.0,0.0,0.0,0.0,0.0,0.0,0.0,0.0,0.0,0.0,0.0,0.0,0.0,0.0,0.0,0.0,0.0,0.0,0.0,0.0,0.0,0.0,0.0,0.0,0.0,0.0,0.0,0.0,0.0,0.0,0.0,0.0,0.0,0.0,0.0,0.0,0.0,0.0,0.0,0.0,0.0,0.0,0.0,0.0,0.0,0.0,0.0,0.0,0.0,0.0,0.0,0.0,0.0,0.0,0.0,0.0,0.0,0.0,0.0,0.0,0.0,0.0,0.0,0.0,0.0,0.0,0.0,0.0,0.0,0.0,0.0,0.0,0.0,0.0,0.0,0.0,0.0,0.0,0.0,0.0,0.0,0.0,0.0,0.0,0.0,0.0,0.0,0.0,0.0,0.0,0.0,0.0,0.0,0.0,0.0,0.0,0.0,0.0,0.0,0.0,0.0,0.0,0.0,0.0,0.0,0.0,0.0,0.0,0.0,0.0,0.0,0.0,0.0,0.0,0.0,0.0,0.48688945676151857,0.0,0.0,0.0,0.0,0.0,0.0,0.0,0.0,0.0,0.0,0.0,0.0,0.0,0.0,0.0,0.0,0.0,0.0,0.0,0.0,0.0,0.0,0.0,0.0,0.0,0.0,0.0,0.0,0.0,0.0,0.0,0.0,0.0,0.0,0.0,0.0,0.0,0.0,0.0,0.0,0.0,0.0,0.0,0.0,0.0,0.0,0.0,0.0,0.0,0.0,0.0,0.0,0.0,0.0,0.0,0.0,0.0,0.0,0.0,0.0,0.0,0.0,0.0,0.0,0.0,0.0,0.0,0.0,0.0,0.0,0.0,0.0,0.0,0.0,0.0,0.0,0.0,0.0,0.0,0.0,0.0,0.0,0.0,0.0,0.0,0.0,0.0,0.0,0.0,0.0,0.0,0.0,0.0,0.0,0.0,0.0,0.0,0.0,0.0,0.0,0.0,0.0,0.0,0.0,0.0,0.0,0.0,0.0,0.0,0.0,0.0,0.5251567876997435,0.0,0.0,0.0,0.0,0.0,0.0,0.0,0.0,0.0,0.0,0.0,0.0,0.0,0.0,0.0,0.0,0.0,0.0,0.0,0.0,0.0,0.0,0.0,0.0,0.0,0.0,0.0,0.0,0.0,0.0,0.0,0.0,0.0,0.0,0.0,0.0,0.0,0.0,0.0,0.0,0.0,0.0,0.0,0.0,0.0,0.0,0.0,0.0,0.0,0.0,0.0,0.0,0.0,0.0,0.0,0.0,0.0,0.0,0.0,0.0,0.0,0.0,0.0,0.0,0.0,0.0,0.0,0.0,0.0,0.0,0.0,0.0,0.0,0.0,0.0,0.0,0.0,0.0,0.0,0.0,0.0,0.0,0.0,0.0,0.0,0.0,0.0,0.0,0.0,0.0,0.0,0.0,0.0,0.0,0.0,0.0,0.0,0.0,0.0,0.0,0.0,0.0,0.0,0.0,0.0,0.0,0.0,0.0,0.0,0.0,0.0,0.0,0.0,0.0,0.0,0.0,0.0,0.0,0.0,0.0,0.0,0.0,0.0,0.0,0.0,0.0,0.0,0.0,0.0,0.0,0.0,0.0,0.0,0.0,0.0,0.0,0.0,0.0,0.0,0.0,0.0,0.0,0.0,0.0,0.0,0.0,0.0,0.0,0.0,0.0,0.0,0.0,0.0,0.0,0.0,0.0,0.0,0.0,0.0,0.0,0.0,0.0,0.0,0.0,0.0,0.0,0.0,0.0,0.0,0.0,0.0,0.0,0.0,0.0,0.0,0.0,0.0,0.0,0.0,0.0,0.0,0.0,0.0,0.0,0.0,0.0,0.0,0.0,0.0,0.0,0.0,0.0,0.0,0.0,0.0,0.0,0.0,0.0,0.0,0.0,0.0,0.0,0.0,0.0,0.0,0.0,0.0,0.0,0.0,0.0,0.0,0.0,0.0,0.0,0.0,0.0,0.0,0.0,0.0,0.0,0.0,0.0,0.0,0.0,0.0,0.0,0.0,0.0,0.0,0.0,0.0,0.0,0.0,0.0,0.0,0.0,0.0,0.0,0.0,0.0,0.0,0.0,0.0,0.0,0.0,0.0,0.0,0.0,0.0,0.0,0.0,0.0,0.0,0.0,0.0,0.0,0.0,0.0,0.0,0.0,0.0,0.0,0.0,0.4597383533709652,0.0,0.0,0.0,0.0,0.0,0.0,0.0,0.0,0.0,0.0,0.0,0.0,0.0,0.0,0.0,0.0,0.0,0.0,0.0,0.0,0.0,0.0,0.0,0.0,0.0,0.0,0.0,0.0,0.0,0.0,0.0,0.0,0.0,0.0,0.0,0.0,0.0,0.0,0.0,0.0,0.0,0.0,0.0,0.0,0.0,0.0,0.0,0.0,0.0,0.0,0.0,0.0,0.0,0.0,0.0,0.0,0.0,0.0,0.0,0.0,0.0,0.0,0.0,0.0,0.0,0.0,0.0,0.0,0.0,0.0,0.0,0.0,0.0,0.0,0.0,0.0,0.0,0.0,0.0,0.0,0.0,0.0,0.0,0.0,0.0,0.0,0.0,0.0,0.0,0.0,0.0,0.0,0.0,0.0,0.0,0.0,0.0,0.0,0.0,0.0,0.0,0.0,0.0,0.0,0.0,0.0,0.0,0.0,0.0,0.0,0.0,0.0,0.0,0.0,0.0,0.0,0.0,0.0,0.0,0.0
SD2401268,20대,음 근데 우리집이 꼭대기 층이라 그런지 좀 괜찮은 거 같은데. 층간 소음은 없는데 벽간 소음이 쪼금 있는 거 같아. 방이 그 방음이 잘 안 돼서 옆 문 그 첫 입구 문에만 서도 옆의 방이 뭐 유튜브 뭐 듣고 있는지 무슨 대화하고 있는지가 너무 잘 들려서 쪼끔 부담스럽긴 해. 근데 위에는 아무도 사람이 안 사니까 내가 살기에는 어 소음이 없어서 되게 좋은 거 같아. 그거 말고도 본가 살 때는 위층이 아빠 지인이 살았었는데 그래서 막 소음이 나도 뭐라 하기가 좀 그랬던 경험이 있어. 너는 지금 몇 층 정도에 살아? 층간 소음은 없어? 음 그 학 학교 들어오고 나서부터 2년 동안 여기 살고 올해 새로 계약해서 똑같은 데 연장해서 거기서 살고 있어. 아마 내년에는 교환 학생을 가서 없으니까 오빠가 혼자 살 거 같아 지금 같이 살고 있으니까. 그리고 사실 나는 올해 딱 계약 연장할 때쯤에 새로 구해서 따로따로 살고 싶었는데 아무래도 서울 뭐 월세가 비싸다 보니까 그냥 한집에서 해서 전세로 사는 게 낫겠다 싶어서 같이 살고 있는데. 어 아무래도 생활 패턴이나 그런 집안일 하는 거가 좀 안 맞아서 좀 그게 제일 힘들어서 따로 살고 싶었던 거 같아. 뭐 혼자 늦게 자고 그런 건 상관없는데 오빠가 게임을 하니까 늦게까지 게임하는 소리 계속 들려 오 들려 오고 하니까 나 자는 데 방에 돼서 그랬던 거 같아. 너는 그런 적은 없어? 어 중3 때까지 1곳에서 살았고 그 주 중3 이후에 약간 신도시 분양 그런 청약 담 당첨 돼 가지고 1번 이사를 갔었어. 근데 그 중3 때까지 계속 같은 지역에 살다 보니까 거기 유치원 초등학교 중학교 나오고 고등학교도 그쪽을 가려고 했는데 이사를 가게 돼서 혼자 떨어진 곳을 가니까 친구들이랑도 멀어지고 그러 그 뭐 원래 놀던 데에서도 못 놀고 이런 게 쪼끔 아쉽고 힘들긴 하더라고. 근데 집이 넓어서 되게 좋았던 거 같아. 나는 이사를 많이 안 해 봐서 막 해 보고 싶었다 이런 게 좀 컸었는데 주변에 이사 많이 다니는 사람은 안 그렇더라고. 이사를 그만 다니고 싶다 그러더라. 혹시 너도 그런 편이야? 음 나는 이사 간 다음에 우 이 이사 간 아파트 앞에 막 전원주택 같은 게 있는 거야. 그래서 나중에 이 또 이사를 가게 된다면은 저런 데에서 살고 싶다. 저런 데에서 마당에서 막 식물 키우고 동물 키우고 막 나만의 정원을 가꾸면서 2층 바 다락방에서 살고 싶다 막 이런 생각을 했었는데. 근데 막상 거기에 살면은 관리하는 게 되게 힘들어 보이더라고. 할머니 집도 그런 전원주택인데 조금만 뭘 관리를 안 해 줘도 잡초 자라고 먼지가 끼고 더러워지고 막 그런 게 많아서 관리가 힘들다고 하더라고. 근데 그럼에도 한 약간 한번쯤은 전원주택에 살고 싶다 이런 생각이 있는데. 너는 그런 어디에 살고 싶다 이런 로망 같은 게 있어? 어 전자레인지랑 냉장고 세탁기 이 이 정도는 원래 있었던 거 같고. 밥솥이랑 응 어 그 오븐 같은 거 뭐라고 하지. 그 아 에어프라이어는 사 왔고. 최근에 여름 되니까 벌레가 너무 많이 생기잖아. 특히 음식물에 벌레가 많이 생기는데 그래서 버리기가 너무 힘들어서 미생물로 분해해 주는 기계 그런 게 있더라고. 오빠가 인스타그램에서 찾아와서 막 우 이거 쓰자 막 그러면서 찾아왔던 기억이 있어. 그래서 그거를 지금 살까 고민 중에 있어. 그게 음식물 쓰레기를 넣으면은 미생물들이 분해를 해서 흙으로 바로 만들어 준대. 근데 그게 하루 만에 다 만들어 주고 냄새도 안 나서 좋다고 하더라고. 너는 혹시 집안일 같은 거는 어떻게 하는 편이야? 어 가끔 아니 자주 좀 싸운 싸우진 않고 이런 거에 대해 짜증을 내는 거 같긴 한데 내 방이 쓰레기 그 분리수거 하는 데 바로 앞에 있단 말이야. 그래서 오빠는 좀 멀어서 쓰레기 같은 걸 거기 내면 그만인데 나는 내고 나서 그게 분리수거가 잘 안 되어 있거나 막 더러운 게 섞여 있거나 하면은 냄새가 바로 내 방으로 들어온단 말이야. 그거 때문에 오빠한테 뭐라 한 적도 많았던 거 같고. 약간 분담 같은 게 예전에는 막 뭐 냉장고 청소 네가 1번 하면 내가 화장실 청소 1번 하고 이런 식으로 번갈아서 하자라고 말은 했는데 어느 순간 보니까 내가 다 하고 있더라고. 그래서 그거에 대해서 쌓아 놨다가 화내기 직전에 딱 말하면은 오빠가 또 눈치는 빨라 가지고 그제서야 부랴부랴 치우고 막 이래서 어 싸우지는 않았던 거 같아. 근데 자취를 하니까 확실히 본가 살 때는 엄마가 다 해 주고 그러는데 내가 다 해야 되니까 그게 힘든 거 같긴 해. 너는 자취하고 싶다는 생각은 없어? 아 나 처음에 집 들어올 때 막 냉장고랑 기본 가구에 막 여 연두색 띠가 막 둘러져 있는 거야. 기본 색깔로 막 있는 거야. 그래서 그걸 보고 아 진짜 별로다. 여기 살기 싫다 했었는데 막상 들어가 보니까 그런 거 별로 티도 안 나고 깔끔해 보이고 좋더라고. 그래서 그렇게 쓰고 있고. 뭔가 인테리어 아 그 자취하면 내 방식대로 바 집을 꾸미고 막 이렇게 써야지라는 생각은 있었는데 막상 있으니까 짐을 그 넣을 짐도 너무 많고 근데 그거에 비해 공간은 안 나오고 하니까 인테리어라고 할 것도 없이 그냥 짐을 넣어 놓은 거 같아. 내 방이 너무 작아서 옷장 같은 게 들어갈 공간이 안 나서 거실에다가 행거 설치해서 바로 옷 놓아두고. 그래서 뭔가 꾸미기도 애매하고 그랬던 거 같아. 너는 집 인테리어 어떤 편이야? 서울에서 살 수 있으면 좋을 거 같은데. 왜냐하면 여가 생활 같은 것도 훨씬 더 많이 할 수 있고 이제 거의 내 친구들이나 생활 반경이 서울에 중심에 맞춰져 있다 보니까 서울에서 생활하는 게 편하긴 한데 가끔씩 여기가 사람이 너무 많아서 내려가고 싶다라는 생각이 들긴 해. 근데 직장을 얻고 뭔가 더 발전을 하려면은 서울에서 사는 게 맞는 거 같아. 나는 그 본가 살 때는 지하에 헬스장이 있어서 그거를 썼단 말이야. 근데 자취를 하니까 그런 여가 시설 시 그 아무튼 시설들이 없어서 막 주변에서 주변 다른 헬스장을 등록해 놨단 말이야. 근데 너는 지금 어쨌든 본가에 살잖아. 큰 아파트에 사는데 그러면 거기에 막 여가 시설 같은 게 와 잘 마련되어 있어?,0.005747126436781609,0.017241379310344827,0.004597701149425287,0.0,0.005747126436781609,0.0034482758620689655,0.005747126436781609,0.008045977011494253,0.01839080459770115,0.029885057471264367,0.004597701149425287,0.027586206896551724,0.0,0.008045977011494253,0.0022988505747126436,0.0,0.0034482758620689655,0.0011494252873563218,0.03218390804597701,0.013793103448275862,0.0,0.0,0.0,0.0022988505747126436,0.0,0.004597701149425287,0.021839080459770115,0.0,0.0034482758620689655,0.0034482758620689655,0.04367816091954023,0.0,0.006896551724137931,0.0,0.004597701149425287,0.009195402298850575,0.0,0.0,0.011494252873563218,0.0011494252873563218,0.0,0.0022988505747126436,0.0,0.0,0.034482758620689655,0.004597701149425287,0.013793103448275862,0.0022988505747126436,0.004597701149425287,0.0367816091954023,0.009195402298850575,0.0011494252873563218,0.0,0.0022988505747126436,0.0,0.0011494252873563218,0.0011494252873563218,0.0022988505747126436,0.0,0.006896551724137931,0.0,0.0,0.0,0.0011494252873563218,0.006896551724137931,0.0022988505747126436,0.0022988505747126436,0.0011494252873563218,0.0011494252873563218,0.0,0.0,0.0,0.0022988505747126436,0.0,0.0,0.005747126436781609,0.0022988505747126436,0.0,0.006896551724137931,0.010344827586206896,0.0011494252873563218,0.0,0.0,0.0,0.0,0.004597701149425287,0.0034482758620689655,0.0,0.0022988505747126436,0.004597701149425287,0.0,0.0022988505747126436,0.0,0.0011494252873563218,0.0,0.0011494252873563218,0.0011494252873563218,0.0011494252873563218,0.0,0.0022988505747126436,0.004597701149425287,0.0011494252873563218,0.0,0.0,0.0,0.0,0.01264367816091954,0.009195402298850575,0.0,0.0011494252873563218,0.0011494252873563218,0.0022988505747126436,0.0011494252873563218,0.0,0.0,0.0011494252873563218,0.0,0.0,0.0011494252873563218,0.011494252873563218,0.0,0.005747126436781609,0.0011494252873563218,0.0,0.0022988505747126436,0.0011494252873563218,0.0011494252873563218,0.0,0.0022988505747126436,0.0,0.0,0.0,0.0,0.0034482758620689655,0.0,0.0,0.01839080459770115,0.0022988505747126436,0.0,0.0,0.0022988505747126436,0.0022988505747126436,0.0022988505747126436,0.0,0.0,0.005747126436781609,0.0011494252873563218,0.0,0.008045977011494253,0.0022988505747126436,0.0011494252873563218,0.005747126436781609,0.0011494252873563218,0.0,0.0,0.0011494252873563218,0.0,0.0011494252873563218,0.006896551724137931,0.0011494252873563218,0.0,0.0034482758620689655,0.0,0.0,0.0,0.004597701149425287,0.0011494252873563218,0.0011494252873563218,0.0,0.0,0.0011494252873563218,0.0,0.0,0.0,0.006896551724137931,0.0,0.0,0.0,0.0,0.0,0.0011494252873563218,0.0,0.0034482758620689655,0.0022988505747126436,0.0,0.0022988505747126436,0.0,0.0022988505747126436,0.0022988505747126436,0.0,0.0,0.0,0.0022988505747126436,0.0,0.0,0.0011494252873563218,0.0,0.0,0.0,0.0,0.0034482758620689655,0.0,0.004597701149425287,0.0,0.0,0.0,0.0,0.0,0.0,0.0011494252873563218,0.0,0.0,0.0,0.0,0.0011494252873563218,0.0,0.0011494252873563218,0.0,0.0011494252873563218,0.0,0.0022988505747126436,0.0,0.0011494252873563218,0.0022988505747126436,0.0,0.0,0.005747126436781609,0.0,0.0022988505747126436,0.0,0.0,0.0,0.0,0.0,0.0,0.0,0.0,0.0,0.0022988505747126436,0.0,0.0,0.0,0.004597701149425287,0.0,0.0,0.0,0.0,0.0,0.0,0.0,0.0,0.0,0.0,0.0,0.0,0.0,0.006896551724137931,0.0034482758620689655,0.0011494252873563218,0.0011494252873563218,0.0011494252873563218,0.0011494252873563218,0.0022988505747126436,0.0022988505747126436,0.0011494252873563218,0.0011494252873563218,0.0011494252873563218,0.0011494252873563218,0.0011494252873563218,0.0011494252873563218,0.0034482758620689655,0.0011494252873563218,0.005747126436781609,0.0011494252873563218,0.0011494252873563218,0.0011494252873563218,0.0022988505747126436,0.0022988505747126436,0.0011494252873563218,0.0022988505747126436,0.0011494252873563218,0.0011494252873563218,0.0011494252873563218,0.0011494252873563218,0.0022988505747126436,0.0011494252873563218,0.0011494252873563218,0.0011494252873563218,0.0022988505747126436,0.0011494252873563218,0.0011494252873563218,0.0011494252873563218,0.0011494252873563218,0.0011494252873563218,0.0011494252873563218,0.0011494252873563218,0.0011494252873563218,0.0022988505747126436,0.0022988505747126436,0.0011494252873563218,0.0011494252873563218,0.0011494252873563218,0.0022988505747126436,0.0011494252873563218,0.0011494252873563218,0.0034482758620689655,0.0011494252873563218,0.0011494252873563218,0.0011494252873563218,0.0011494252873563218,0.0011494252873563218,0.0011494252873563218,0.0011494252873563218,0.0022988505747126436,0.0011494252873563218,0.0022988505747126436,0.0022988505747126436,0.0011494252873563218,0.0011494252873563218,0.0034482758620689655,0.0011494252873563218,0.0011494252873563218,0.0022988505747126436,0.0011494252873563218,0.0022988505747126436,0.0011494252873563218,0.0011494252873563218,0.0022988505747126436,0.0011494252873563218,0.0011494252873563218,0.0011494252873563218,0.0022988505747126436,0.0011494252873563218,0.0034482758620689655,0.0034482758620689655,0.0022988505747126436,0.0011494252873563218,0.0011494252873563218,0.0011494252873563218,0.0011494252873563218,0.0011494252873563218,0.0011494252873563218,0.0011494252873563218,0.004597701149425287,0.0011494252873563218,0.0011494252873563218,0.0011494252873563218,0.0011494252873563218,0.0022988505747126436,0.0011494252873563218,0.0011494252873563218,0.0011494252873563218,0.0034482758620689655,0.0011494252873563218,0.0011494252873563218,0.0011494252873563218,0.0011494252873563218,0.0022988505747126436,0.0011494252873563218,0.0022988505747126436,0.0022988505747126436,0.0022988505747126436,0.0011494252873563218,0.0011494252873563218,0.0011494252873563218,0.0011494252873563218,0.0022988505747126436,0.0011494252873563218,0.0034482758620689655,0.0034482758620689655,0.0011494252873563218,0.004597701149425287,0.0011494252873563218,0.0011494252873563218,0.0022988505747126436,0.0022988505747126436,0.0011494252873563218,0.0011494252873563218,0.0011494252873563218,0.0022988505747126436,0.0011494252873563218,0.0022988505747126436,0.0022988505747126436,0.0011494252873563218,0.0011494252873563218,0.0011494252873563218,0.0011494252873563218,0.0011494252873563218,0.0011494252873563218,0.0011494252873563218,0.0011494252873563218,0.0011494252873563218,0.0011494252873563218,0.0011494252873563218,0.0011494252873563218,0.0022988505747126436,0.0011494252873563218,0.0011494252873563218,0.0011494252873563218,0.0011494252873563218,0.0011494252873563218,0.0011494252873563218,0.0011494252873563218,0.0011494252873563218,0.0011494252873563218,0.0011494252873563218,0.0011494252873563218,0.0022988505747126436,0.0011494252873563218,0.0011494252873563218,0.0011494252873563218,0.0011494252873563218,0.0011494252873563218,0.0022988505747126436,0.0011494252873563218,0.0022988505747126436,0.0011494252873563218,0.0011494252873563218,0.0011494252873563218,0.0034482758620689655,0.0011494252873563218,0.0011494252873563218,0.0011494252873563218,0.0011494252873563218,0.0011494252873563218,0.0011494252873563218,0.0011494252873563218,0.0011494252873563218,0.0011494252873563218,0.0011494252873563218,0.0011494252873563218,0.0011494252873563218,0.0034482758620689655,0.0011494252873563218,0.0022988505747126436,0.0011494252873563218,0.0011494252873563218,0.0011494252873563218,0.0011494252873563218,0.0011494252873563218,0.0011494252873563218,0.0011494252873563218,0.0011494252873563218,0.0011494252873563218,0.0011494252873563218,0.0011494252873563218,0.0011494252873563218,0.0011494252873563218,0.0011494252873563218,0.0011494252873563218,0.0011494252873563218,0.0011494252873563218,0.0011494252873563218,0.0,0.0,0.0,0.0,0.0,0.0,0.0,0.0,0.0,0.0,0.0,0.0,0.0,0.0,0.0,0.0,0.0,0.0,0.0,0.0,0.0,0.0,0.0,0.0,0.0,0.0,0.0,0.0,0.0,0.23989761718875838,0.0,0.0,0.0,0.0,0.0,0.0,0.0,0.0,0.0,0.0,0.0,0.0,0.0,0.0,0.0,0.0,0.0,0.0,0.0,0.0,0.0,0.0,0.0,0.0,0.0,0.0,0.0,0.0,0.0,0.0,0.0,0.0,0.0,0.0,0.0,0.0,0.0,0.0,0.0,0.0,0.0,0.0,0.0,0.0,0.0,0.0,0.0,0.0,0.0,0.0,0.0,0.0,0.0,0.0,0.0,0.0,0.0,0.0,0.0,0.0,0.0,0.0,0.0,0.0,0.0,0.0,0.0,0.0,0.0,0.0,0.0,0.0,0.0,0.2310446639158148,0.0,0.0,0.0,0.0,0.0,0.0,0.0,0.0,0.0,0.0,0.0,0.0,0.0,0.0,0.0,0.0,0.0,0.0,0.0,0.0,0.0,0.0,0.0,0.0,0.0,0.0,0.0,0.0,0.0,0.0,0.0,0.0,0.0,0.0,0.0,0.0,0.0,0.0,0.0,0.0,0.0,0.0,0.0,0.0,0.0,0.0,0.0,0.0,0.0,0.0,0.0,0.0,0.0,0.0,0.0,0.0,0.0,0.0,0.0,0.0,0.0,0.0,0.0,0.0,0.0,0.0,0.0,0.0,0.0,0.0,0.0,0.0,0.0,0.0,0.0,0.0,0.0,0.0,0.0,0.0,0.0,0.0,0.0,0.0,0.0,0.0,0.3689088652881037,0.0,0.0,0.0,0.0,0.0,0.0,0.0,0.0,0.0,0.0,0.0,0.0,0.0,0.0,0.0,0.0,0.0,0.0,0.0,0.0,0.0,0.0,0.0,0.0,0.0,0.0,0.0,0.0,0.0,0.0,0.0,0.0,0.0,0.0,0.0,0.0,0.0,0.0,0.0,0.0,0.0,0.0,0.0,0.0,0.0,0.0,0.0,0.0,0.0,0.0,0.0,0.0,0.0,0.0,0.0,0.0,0.0,0.0,0.0,0.0,0.0,0.0,0.0,0.0,0.0,0.0,0.0,0.0,0.0,0.0,0.0,0.0,0.0,0.0,0.0,0.0,0.0,0.0,0.0,0.0,0.0,0.0,0.0,0.0,0.0,0.0,0.0,0.0,0.0,0.0,0.0,0.0,0.0,0.0,0.0,0.0,0.0,0.0,0.0,0.0,0.0,0.0,0.0,0.0,0.0,0.0,0.0,0.0,0.0,0.0,0.0,0.0,0.0,0.0,0.0,0.0,0.0,0.0,0.0,0.0,0.0,0.0,0.0,0.3689088652881037,0.0,0.0,0.0,0.0,0.0,0.0,0.0,0.0,0.0,0.0,0.0,0.0,0.0,0.0,0.0,0.0,0.0,0.0,0.0,0.0,0.0,0.0,0.0,0.0,0.0,0.0,0.0,0.0,0.0,0.0,0.0,0.0,0.0,0.0,0.0,0.0,0.0,0.0,0.0,0.0,0.0,0.0,0.0,0.0,0.0,0.0,0.0,0.0,0.0,0.0,0.0,0.0,0.0,0.0,0.0,0.0,0.0,0.0,0.0,0.0,0.0,0.0,0.0,0.0,0.0,0.0,0.0,0.0,0.0,0.0,0.0,0.0,0.0,0.3689088652881037,0.0,0.0,0.0,0.0,0.0,0.0,0.0,0.0,0.0,0.0,0.0,0.0,0.0,0.0,0.0,0.0,0.0,0.0,0.0,0.0,0.0,0.0,0.0,0.0,0.0,0.0,0.0,0.0,0.0,0.0,0.0,0.0,0.0,0.0,0.0,0.0,0.0,0.0,0.0,0.0,0.0,0.0,0.0,0.0,0.0,0.0,0.0,0.0,0.0,0.0,0.0,0.0,0.0,0.3229541314973407,0.0,0.0,0.0,0.0,0.0,0.0,0.0,0.0,0.0,0.0,0.0,0.0,0.0,0.0,0.0,0.0,0.0,0.0,0.0,0.0,0.0,0.0,0.0,0.0,0.0,0.0,0.0,0.0,0.0,0.0,0.0,0.0,0.0,0.0,0.0,0.0,0.0,0.0,0.0,0.0,0.0,0.0,0.0,0.0,0.0,0.0,0.0,0.0,0.0,0.0,0.0,0.0,0.0,0.0,0.0,0.0,0.0,0.0,0.0,0.0,0.0,0.0,0.0,0.0,0.0,0.0,0.0,0.0,0.0,0.0,0.0,0.0,0.0,0.0,0.0,0.0,0.0,0.0,0.0,0.0,0.0,0.0,0.3689088652881037,0.0,0.0,0.0,0.0,0.0,0.0,0.0,0.0,0.0,0.0,0.0,0.0,0.0,0.0,0.0,0.0,0.0,0.0,0.0,0.0,0.0,0.0,0.0,0.0,0.0,0.0,0.0,0.0,0.0,0.0,0.0,0.0,0.0,0.0,0.0,0.0,0.0,0.0,0.0,0.0,0.0,0.0,0.0,0.0,0.0,0.0,0.0,0.0,0.0,0.0,0.0,0.0,0.0,0.0,0.0,0.0,0.0,0.0,0.0,0.0,0.0,0.0,0.0,0.0,0.0,0.0,0.0,0.0,0.0,0.0,0.0,0.0,0.0,0.0,0.0,0.0,0.0,0.0,0.0,0.0,0.3229541314973407,0.0,0.0,0.0,0.0,0.0,0.0,0.0,0.0,0.0,0.0,0.0,0.0,0.0,0.0,0.0,0.0,0.0,0.0,0.0,0.0,0.0,0.0,0.0,0.0,0.0,0.0,0.0,0.0,0.0,0.0,0.0,0.0,0.0,0.0,0.0,0.0,0.0,0.0,0.0,0.0,0.3689088652881037,0.0,0.0,0.0,0.0,0.0,0.0,0.0,0.0,0.0,0.0,0.0,0.0,0.0,0.0,0.0,0.0,0.0,0.0,0.0,0.0,0.0,0.0,0.0,0.0,0.0,0.0,0.0,0.0,0.0,0.0,0.0,0.0,0.0,0.0,0.0,0.0,0.0,0.0,0.0,0.0,0.0,0.0,0.0,0.0,0.0,0.0,0.0,0.0,0.0,0.0,0.0,0.0,0.0,0.0,0.0,0.0,0.0,0.0,0.0,0.0,0.0,0.0,0.0,0.0,0.0,0.0,0.0,0.0,0.0,0.0,0.0,0.0,0.0,0.0,0.0,0.0,0.0,0.0,0.0
SD2401268,20대,음 근데 우리집이 꼭대기 층이라 그런지 좀 괜찮은 거 같은데. 층간 소음은 없는데 벽간 소음이 쪼금 있는 거 같아. 방이 그 방음이 잘 안 돼서 옆 문 그 첫 입구 문에만 서도 옆의 방이 뭐 유튜브 뭐 듣고 있는지 무슨 대화하고 있는지가 너무 잘 들려서 쪼끔 부담스럽긴 해. 근데 위에는 아무도 사람이 안 사니까 내가 살기에는 어 소음이 없어서 되게 좋은 거 같아. 그거 말고도 본가 살 때는 위층이 아빠 지인이 살았었는데 그래서 막 소음이 나도 뭐라 하기가 좀 그랬던 경험이 있어. 너는 지금 몇 층 정도에 살아? 층간 소음은 없어? 음 그 학 학교 들어오고 나서부터 2년 동안 여기 살고 올해 새로 계약해서 똑같은 데 연장해서 거기서 살고 있어. 아마 내년에는 교환 학생을 가서 없으니까 오빠가 혼자 살 거 같아 지금 같이 살고 있으니까. 그리고 사실 나는 올해 딱 계약 연장할 때쯤에 새로 구해서 따로따로 살고 싶었는데 아무래도 서울 뭐 월세가 비싸다 보니까 그냥 한집에서 해서 전세로 사는 게 낫겠다 싶어서 같이 살고 있는데. 어 아무래도 생활 패턴이나 그런 집안일 하는 거가 좀 안 맞아서 좀 그게 제일 힘들어서 따로 살고 싶었던 거 같아. 뭐 혼자 늦게 자고 그런 건 상관없는데 오빠가 게임을 하니까 늦게까지 게임하는 소리 계속 들려 오 들려 오고 하니까 나 자는 데 방에 돼서 그랬던 거 같아. 너는 그런 적은 없어? 어 중3 때까지 1곳에서 살았고 그 주 중3 이후에 약간 신도시 분양 그런 청약 담 당첨 돼 가지고 1번 이사를 갔었어. 근데 그 중3 때까지 계속 같은 지역에 살다 보니까 거기 유치원 초등학교 중학교 나오고 고등학교도 그쪽을 가려고 했는데 이사를 가게 돼서 혼자 떨어진 곳을 가니까 친구들이랑도 멀어지고 그러 그 뭐 원래 놀던 데에서도 못 놀고 이런 게 쪼끔 아쉽고 힘들긴 하더라고. 근데 집이 넓어서 되게 좋았던 거 같아. 나는 이사를 많이 안 해 봐서 막 해 보고 싶었다 이런 게 좀 컸었는데 주변에 이사 많이 다니는 사람은 안 그렇더라고. 이사를 그만 다니고 싶다 그러더라. 혹시 너도 그런 편이야? 음 나는 이사 간 다음에 우 이 이사 간 아파트 앞에 막 전원주택 같은 게 있는 거야. 그래서 나중에 이 또 이사를 가게 된다면은 저런 데에서 살고 싶다. 저런 데에서 마당에서 막 식물 키우고 동물 키우고 막 나만의 정원을 가꾸면서 2층 바 다락방에서 살고 싶다 막 이런 생각을 했었는데. 근데 막상 거기에 살면은 관리하는 게 되게 힘들어 보이더라고. 할머니 집도 그런 전원주택인데 조금만 뭘 관리를 안 해 줘도 잡초 자라고 먼지가 끼고 더러워지고 막 그런 게 많아서 관리가 힘들다고 하더라고. 근데 그럼에도 한 약간 한번쯤은 전원주택에 살고 싶다 이런 생각이 있는데. 너는 그런 어디에 살고 싶다 이런 로망 같은 게 있어? 어 전자레인지랑 냉장고 세탁기 이 이 정도는 원래 있었던 거 같고. 밥솥이랑 응 어 그 오븐 같은 거 뭐라고 하지. 그 아 에어프라이어는 사 왔고. 최근에 여름 되니까 벌레가 너무 많이 생기잖아. 특히 음식물에 벌레가 많이 생기는데 그래서 버리기가 너무 힘들어서 미생물로 분해해 주는 기계 그런 게 있더라고. 오빠가 인스타그램에서 찾아와서 막 우 이거 쓰자 막 그러면서 찾아왔던 기억이 있어. 그래서 그거를 지금 살까 고민 중에 있어. 그게 음식물 쓰레기를 넣으면은 미생물들이 분해를 해서 흙으로 바로 만들어 준대. 근데 그게 하루 만에 다 만들어 주고 냄새도 안 나서 좋다고 하더라고. 너는 혹시 집안일 같은 거는 어떻게 하는 편이야? 어 가끔 아니 자주 좀 싸운 싸우진 않고 이런 거에 대해 짜증을 내는 거 같긴 한데 내 방이 쓰레기 그 분리수거 하는 데 바로 앞에 있단 말이야. 그래서 오빠는 좀 멀어서 쓰레기 같은 걸 거기 내면 그만인데 나는 내고 나서 그게 분리수거가 잘 안 되어 있거나 막 더러운 게 섞여 있거나 하면은 냄새가 바로 내 방으로 들어온단 말이야. 그거 때문에 오빠한테 뭐라 한 적도 많았던 거 같고. 약간 분담 같은 게 예전에는 막 뭐 냉장고 청소 네가 1번 하면 내가 화장실 청소 1번 하고 이런 식으로 번갈아서 하자라고 말은 했는데 어느 순간 보니까 내가 다 하고 있더라고. 그래서 그거에 대해서 쌓아 놨다가 화내기 직전에 딱 말하면은 오빠가 또 눈치는 빨라 가지고 그제서야 부랴부랴 치우고 막 이래서 어 싸우지는 않았던 거 같아. 근데 자취를 하니까 확실히 본가 살 때는 엄마가 다 해 주고 그러는데 내가 다 해야 되니까 그게 힘든 거 같긴 해. 너는 자취하고 싶다는 생각은 없어? 아 나 처음에 집 들어올 때 막 냉장고랑 기본 가구에 막 여 연두색 띠가 막 둘러져 있는 거야. 기본 색깔로 막 있는 거야. 그래서 그걸 보고 아 진짜 별로다. 여기 살기 싫다 했었는데 막상 들어가 보니까 그런 거 별로 티도 안 나고 깔끔해 보이고 좋더라고. 그래서 그렇게 쓰고 있고. 뭔가 인테리어 아 그 자취하면 내 방식대로 바 집을 꾸미고 막 이렇게 써야지라는 생각은 있었는데 막상 있으니까 짐을 그 넣을 짐도 너무 많고 근데 그거에 비해 공간은 안 나오고 하니까 인테리어라고 할 것도 없이 그냥 짐을 넣어 놓은 거 같아. 내 방이 너무 작아서 옷장 같은 게 들어갈 공간이 안 나서 거실에다가 행거 설치해서 바로 옷 놓아두고. 그래서 뭔가 꾸미기도 애매하고 그랬던 거 같아. 너는 집 인테리어 어떤 편이야? 서울에서 살 수 있으면 좋을 거 같은데. 왜냐하면 여가 생활 같은 것도 훨씬 더 많이 할 수 있고 이제 거의 내 친구들이나 생활 반경이 서울에 중심에 맞춰져 있다 보니까 서울에서 생활하는 게 편하긴 한데 가끔씩 여기가 사람이 너무 많아서 내려가고 싶다라는 생각이 들긴 해. 근데 직장을 얻고 뭔가 더 발전을 하려면은 서울에서 사는 게 맞는 거 같아. 나는 그 본가 살 때는 지하에 헬스장이 있어서 그거를 썼단 말이야. 근데 자취를 하니까 그런 여가 시설 시 그 아무튼 시설들이 없어서 막 주변에서 주변 다른 헬스장을 등록해 놨단 말이야. 근데 너는 지금 어쨌든 본가에 살잖아. 큰 아파트에 사는데 그러면 거기에 막 여가 시설 같은 게 와 잘 마련되어 있어?,0.005747126436781609,0.017241379310344827,0.004597701149425287,0.0,0.005747126436781609,0.0034482758620689655,0.005747126436781609,0.008045977011494253,0.01839080459770115,0.029885057471264367,0.004597701149425287,0.027586206896551724,0.0,0.008045977011494253,0.0022988505747126436,0.0,0.0034482758620689655,0.0011494252873563218,0.03218390804597701,0.013793103448275862,0.0,0.0,0.0,0.0022988505747126436,0.0,0.004597701149425287,0.021839080459770115,0.0,0.0034482758620689655,0.0034482758620689655,0.04367816091954023,0.0,0.006896551724137931,0.0,0.004597701149425287,0.009195402298850575,0.0,0.0,0.011494252873563218,0.0011494252873563218,0.0,0.0022988505747126436,0.0,0.0,0.034482758620689655,0.004597701149425287,0.013793103448275862,0.0022988505747126436,0.004597701149425287,0.0367816091954023,0.009195402298850575,0.0011494252873563218,0.0,0.0022988505747126436,0.0,0.0011494252873563218,0.0011494252873563218,0.0022988505747126436,0.0,0.006896551724137931,0.0,0.0,0.0,0.0011494252873563218,0.006896551724137931,0.0022988505747126436,0.0022988505747126436,0.0011494252873563218,0.0011494252873563218,0.0,0.0,0.0,0.0022988505747126436,0.0,0.0,0.005747126436781609,0.0022988505747126436,0.0,0.006896551724137931,0.010344827586206896,0.0011494252873563218,0.0,0.0,0.0,0.0,0.004597701149425287,0.0034482758620689655,0.0,0.0022988505747126436,0.004597701149425287,0.0,0.0022988505747126436,0.0,0.0011494252873563218,0.0,0.0011494252873563218,0.0011494252873563218,0.0011494252873563218,0.0,0.0022988505747126436,0.004597701149425287,0.0011494252873563218,0.0,0.0,0.0,0.0,0.01264367816091954,0.009195402298850575,0.0,0.0011494252873563218,0.0011494252873563218,0.0022988505747126436,0.0011494252873563218,0.0,0.0,0.0011494252873563218,0.0,0.0,0.0011494252873563218,0.011494252873563218,0.0,0.005747126436781609,0.0011494252873563218,0.0,0.0022988505747126436,0.0011494252873563218,0.0011494252873563218,0.0,0.0022988505747126436,0.0,0.0,0.0,0.0,0.0034482758620689655,0.0,0.0,0.01839080459770115,0.0022988505747126436,0.0,0.0,0.0022988505747126436,0.0022988505747126436,0.0022988505747126436,0.0,0.0,0.005747126436781609,0.0011494252873563218,0.0,0.008045977011494253,0.0022988505747126436,0.0011494252873563218,0.005747126436781609,0.0011494252873563218,0.0,0.0,0.0011494252873563218,0.0,0.0011494252873563218,0.006896551724137931,0.0011494252873563218,0.0,0.0034482758620689655,0.0,0.0,0.0,0.004597701149425287,0.0011494252873563218,0.0011494252873563218,0.0,0.0,0.0011494252873563218,0.0,0.0,0.0,0.006896551724137931,0.0,0.0,0.0,0.0,0.0,0.0011494252873563218,0.0,0.0034482758620689655,0.0022988505747126436,0.0,0.0022988505747126436,0.0,0.0022988505747126436,0.0022988505747126436,0.0,0.0,0.0,0.0022988505747126436,0.0,0.0,0.0011494252873563218,0.0,0.0,0.0,0.0,0.0034482758620689655,0.0,0.004597701149425287,0.0,0.0,0.0,0.0,0.0,0.0,0.0011494252873563218,0.0,0.0,0.0,0.0,0.0011494252873563218,0.0,0.0011494252873563218,0.0,0.0011494252873563218,0.0,0.0022988505747126436,0.0,0.0011494252873563218,0.0022988505747126436,0.0,0.0,0.005747126436781609,0.0,0.0022988505747126436,0.0,0.0,0.0,0.0,0.0,0.0,0.0,0.0,0.0,0.0022988505747126436,0.0,0.0,0.0,0.004597701149425287,0.0,0.0,0.0,0.0,0.0,0.0,0.0,0.0,0.0,0.0,0.0,0.0,0.0,0.006896551724137931,0.0034482758620689655,0.0011494252873563218,0.0011494252873563218,0.0011494252873563218,0.0011494252873563218,0.0022988505747126436,0.0022988505747126436,0.0011494252873563218,0.0011494252873563218,0.0011494252873563218,0.0011494252873563218,0.0011494252873563218,0.0011494252873563218,0.0034482758620689655,0.0011494252873563218,0.005747126436781609,0.0011494252873563218,0.0011494252873563218,0.0011494252873563218,0.0022988505747126436,0.0022988505747126436,0.0011494252873563218,0.0022988505747126436,0.0011494252873563218,0.0011494252873563218,0.0011494252873563218,0.0011494252873563218,0.0022988505747126436,0.0011494252873563218,0.0011494252873563218,0.0011494252873563218,0.0022988505747126436,0.0011494252873563218,0.0011494252873563218,0.0011494252873563218,0.0011494252873563218,0.0011494252873563218,0.0011494252873563218,0.0011494252873563218,0.0011494252873563218,0.0022988505747126436,0.0022988505747126436,0.0011494252873563218,0.0011494252873563218,0.0011494252873563218,0.0022988505747126436,0.0011494252873563218,0.0011494252873563218,0.0034482758620689655,0.0011494252873563218,0.0011494252873563218,0.0011494252873563218,0.0011494252873563218,0.0011494252873563218,0.0011494252873563218,0.0011494252873563218,0.0022988505747126436,0.0011494252873563218,0.0022988505747126436,0.0022988505747126436,0.0011494252873563218,0.0011494252873563218,0.0034482758620689655,0.0011494252873563218,0.0011494252873563218,0.0022988505747126436,0.0011494252873563218,0.0022988505747126436,0.0011494252873563218,0.0011494252873563218,0.0022988505747126436,0.0011494252873563218,0.0011494252873563218,0.0011494252873563218,0.0022988505747126436,0.0011494252873563218,0.0034482758620689655,0.0034482758620689655,0.0022988505747126436,0.0011494252873563218,0.0011494252873563218,0.0011494252873563218,0.0011494252873563218,0.0011494252873563218,0.0011494252873563218,0.0011494252873563218,0.004597701149425287,0.0011494252873563218,0.0011494252873563218,0.0011494252873563218,0.0011494252873563218,0.0022988505747126436,0.0011494252873563218,0.0011494252873563218,0.0011494252873563218,0.0034482758620689655,0.0011494252873563218,0.0011494252873563218,0.0011494252873563218,0.0011494252873563218,0.0022988505747126436,0.0011494252873563218,0.0022988505747126436,0.0022988505747126436,0.0022988505747126436,0.0011494252873563218,0.0011494252873563218,0.0011494252873563218,0.0011494252873563218,0.0022988505747126436,0.0011494252873563218,0.0034482758620689655,0.0034482758620689655,0.0011494252873563218,0.004597701149425287,0.0011494252873563218,0.0011494252873563218,0.0022988505747126436,0.0022988505747126436,0.0011494252873563218,0.0011494252873563218,0.0011494252873563218,0.0022988505747126436,0.0011494252873563218,0.0022988505747126436,0.0022988505747126436,0.0011494252873563218,0.0011494252873563218,0.0011494252873563218,0.0011494252873563218,0.0011494252873563218,0.0011494252873563218,0.0011494252873563218,0.0011494252873563218,0.0011494252873563218,0.0011494252873563218,0.0011494252873563218,0.0011494252873563218,0.0022988505747126436,0.0011494252873563218,0.0011494252873563218,0.0011494252873563218,0.0011494252873563218,0.0011494252873563218,0.0011494252873563218,0.0011494252873563218,0.0011494252873563218,0.0011494252873563218,0.0011494252873563218,0.0011494252873563218,0.0022988505747126436,0.0011494252873563218,0.0011494252873563218,0.0011494252873563218,0.0011494252873563218,0.0011494252873563218,0.0022988505747126436,0.0011494252873563218,0.0022988505747126436,0.0011494252873563218,0.0011494252873563218,0.0011494252873563218,0.0034482758620689655,0.0011494252873563218,0.0011494252873563218,0.0011494252873563218,0.0011494252873563218,0.0011494252873563218,0.0011494252873563218,0.0011494252873563218,0.0011494252873563218,0.0011494252873563218,0.0011494252873563218,0.0011494252873563218,0.0011494252873563218,0.0034482758620689655,0.0011494252873563218,0.0022988505747126436,0.0011494252873563218,0.0011494252873563218,0.0011494252873563218,0.0011494252873563218,0.0011494252873563218,0.0011494252873563218,0.0011494252873563218,0.0011494252873563218,0.0011494252873563218,0.0011494252873563218,0.0011494252873563218,0.0011494252873563218,0.0011494252873563218,0.0011494252873563218,0.0011494252873563218,0.0011494252873563218,0.0011494252873563218,0.0011494252873563218,0.0,0.0,0.0,0.0,0.5773885092115828,0.0,0.0,0.0,0.0,0.0,0.0,0.0,0.0,0.0,0.0,0.0,0.0,0.0,0.0,0.0,0.0,0.0,0.0,0.0,0.0,0.0,0.0,0.0,0.0,0.0,0.0,0.0,0.659547963594913,0.0,0.0,0.0,0.0,0.0,0.0,0.0,0.0,0.0,0.0,0.0,0.0,0.0,0.0,0.0,0.0,0.0,0.0,0.0,0.0,0.0,0.0,0.0,0.0,0.0,0.0,0.0,0.0,0.0,0.0,0.0,0.0,0.0,0.0,0.0,0.0,0.0,0.0,0.0,0.0,0.0,0.0,0.0,0.0,0.0,0.0,0.0,0.0,0.0,0.0,0.0,0.0,0.0,0.0,0.0,0.0,0.0,0.0,0.0,0.0,0.0,0.0,0.0,0.0,0.0,0.0,0.0,0.0,0.0,0.0,0.0,0.0,0.0,0.0,0.0,0.0,0.0,0.0,0.0,0.0,0.0,0.0,0.0,0.0,0.0,0.0,0.0,0.0,0.0,0.0,0.0,0.0,0.0,0.0,0.0,0.0,0.0,0.0,0.0,0.0,0.0,0.0,0.0,0.0,0.0,0.0,0.0,0.0,0.0,0.0,0.0,0.0,0.0,0.0,0.0,0.0,0.0,0.0,0.0,0.0,0.0,0.0,0.0,0.0,0.0,0.0,0.0,0.0,0.0,0.0,0.0,0.0,0.0,0.0,0.0,0.0,0.0,0.0,0.0,0.0,0.0,0.0,0.0,0.0,0.0,0.0,0.0,0.0,0.0,0.0,0.0,0.0,0.0,0.0,0.0,0.0,0.0,0.0,0.0,0.0,0.0,0.0,0.0,0.0,0.0,0.0,0.0,0.0,0.0,0.0,0.0,0.0,0.0,0.0,0.0,0.0,0.0,0.0,0.0,0.0,0.0,0.0,0.0,0.0,0.0,0.0,0.0,0.0,0.0,0.0,0.0,0.0,0.0,0.0,0.0,0.0,0.0,0.0,0.0,0.0,0.0,0.0,0.0,0.0,0.0,0.0,0.0,0.0,0.0,0.0,0.0,0.0,0.0,0.0,0.0,0.0,0.0,0.0,0.0,0.0,0.0,0.0,0.0,0.0,0.0,0.0,0.0,0.0,0.0,0.0,0.0,0.0,0.0,0.0,0.0,0.0,0.0,0.0,0.0,0.0,0.0,0.0,0.0,0.0,0.0,0.0,0.0,0.0,0.0,0.0,0.0,0.0,0.0,0.0,0.0,0.0,0.0,0.0,0.0,0.0,0.0,0.0,0.0,0.0,0.0,0.0,0.0,0.0,0.0,0.0,0.0,0.0,0.0,0.0,0.0,0.0,0.0,0.0,0.0,0.0,0.0,0.0,0.0,0.0,0.0,0.0,0.0,0.0,0.0,0.0,0.0,0.0,0.0,0.0,0.0,0.0,0.0,0.0,0.0,0.0,0.0,0.0,0.0,0.0,0.0,0.0,0.0,0.0,0.0,0.0,0.0,0.0,0.0,0.0,0.0,0.0,0.0,0.0,0.0,0.0,0.0,0.0,0.0,0.0,0.0,0.0,0.0,0.0,0.0,0.0,0.0,0.0,0.0,0.0,0.0,0.0,0.0,0.0,0.0,0.0,0.0,0.0,0.0,0.0,0.0,0.0,0.0,0.0,0.0,0.0,0.0,0.0,0.0,0.0,0.0,0.0,0.0,0.0,0.0,0.0,0.0,0.0,0.0,0.0,0.0,0.0,0.0,0.0,0.0,0.0,0.0,0.0,0.0,0.0,0.0,0.0,0.0,0.0,0.0,0.0,0.0,0.0,0.0,0.0,0.0,0.0,0.0,0.0,0.0,0.0,0.0,0.0,0.0,0.0,0.0,0.0,0.0,0.0,0.0,0.0,0.0,0.0,0.0,0.0,0.0,0.0,0.0,0.0,0.0,0.0,0.0,0.0,0.0,0.0,0.0,0.0,0.0,0.0,0.0,0.0,0.0,0.0,0.0,0.0,0.0,0.0,0.0,0.0,0.0,0.0,0.0,0.0,0.0,0.0,0.0,0.0,0.0,0.0,0.0,0.0,0.0,0.0,0.0,0.0,0.0,0.0,0.0,0.0,0.0,0.0,0.0,0.0,0.0,0.0,0.0,0.0,0.0,0.0,0.0,0.0,0.0,0.0,0.0,0.0,0.0,0.0,0.0,0.0,0.0,0.0,0.0,0.0,0.0,0.0,0.0,0.0,0.0,0.0,0.0,0.0,0.0,0.0,0.0,0.0,0.0,0.0,0.0,0.4812681094236656,0.0,0.0,0.0,0.0,0.0,0.0,0.0,0.0,0.0,0.0,0.0,0.0,0.0,0.0,0.0,0.0,0.0,0.0,0.0,0.0,0.0,0.0,0.0,0.0,0.0,0.0,0.0,0.0,0.0,0.0,0.0,0.0,0.0,0.0,0.0,0.0,0.0,0.0,0.0,0.0,0.0,0.0,0.0,0.0,0.0,0.0,0.0,0.0,0.0,0.0,0.0,0.0,0.0,0.0,0.0,0.0,0.0,0.0,0.0,0.0,0.0,0.0,0.0,0.0,0.0,0.0,0.0,0.0,0.0,0.0,0.0,0.0,0.0,0.0,0.0,0.0,0.0,0.0,0.0,0.0,0.0,0.0,0.0,0.0,0.0,0.0,0.0,0.0,0.0,0.0,0.0,0.0,0.0,0.0,0.0,0.0,0.0,0.0,0.0,0.0,0.0,0.0,0.0,0.0,0.0,0.0,0.0,0.0,0.0,0.0,0.0,0.0,0.0,0.0,0.0,0.0,0.0,0.0,0.0,0.0,0.0,0.0,0.0,0.0,0.0,0.0,0.0,0.0,0.0,0.0,0.0,0.0,0.0,0.0,0.0,0.0,0.0,0.0,0.0,0.0,0.0,0.0,0.0,0.0,0.0,0.0,0.0,0.0,0.0,0.0,0.0,0.0,0.0,0.0,0.0,0.0,0.0,0.0,0.0,0.0,0.0,0.0,0.0,0.0,0.0,0.0,0.0,0.0,0.0,0.0,0.0,0.0,0.0,0.0,0.0,0.0,0.0,0.0,0.0,0.0,0.0,0.0,0.0,0.0,0.0,0.0,0.0,0.0,0.0,0.0,0.0,0.0,0.0,0.0,0.0,0.0,0.0,0.0,0.0,0.0,0.0,0.0,0.0,0.0,0.0,0.0
SD2401268,20대,음 근데 우리집이 꼭대기 층이라 그런지 좀 괜찮은 거 같은데. 층간 소음은 없는데 벽간 소음이 쪼금 있는 거 같아. 방이 그 방음이 잘 안 돼서 옆 문 그 첫 입구 문에만 서도 옆의 방이 뭐 유튜브 뭐 듣고 있는지 무슨 대화하고 있는지가 너무 잘 들려서 쪼끔 부담스럽긴 해. 근데 위에는 아무도 사람이 안 사니까 내가 살기에는 어 소음이 없어서 되게 좋은 거 같아. 그거 말고도 본가 살 때는 위층이 아빠 지인이 살았었는데 그래서 막 소음이 나도 뭐라 하기가 좀 그랬던 경험이 있어. 너는 지금 몇 층 정도에 살아? 층간 소음은 없어? 음 그 학 학교 들어오고 나서부터 2년 동안 여기 살고 올해 새로 계약해서 똑같은 데 연장해서 거기서 살고 있어. 아마 내년에는 교환 학생을 가서 없으니까 오빠가 혼자 살 거 같아 지금 같이 살고 있으니까. 그리고 사실 나는 올해 딱 계약 연장할 때쯤에 새로 구해서 따로따로 살고 싶었는데 아무래도 서울 뭐 월세가 비싸다 보니까 그냥 한집에서 해서 전세로 사는 게 낫겠다 싶어서 같이 살고 있는데. 어 아무래도 생활 패턴이나 그런 집안일 하는 거가 좀 안 맞아서 좀 그게 제일 힘들어서 따로 살고 싶었던 거 같아. 뭐 혼자 늦게 자고 그런 건 상관없는데 오빠가 게임을 하니까 늦게까지 게임하는 소리 계속 들려 오 들려 오고 하니까 나 자는 데 방에 돼서 그랬던 거 같아. 너는 그런 적은 없어? 어 중3 때까지 1곳에서 살았고 그 주 중3 이후에 약간 신도시 분양 그런 청약 담 당첨 돼 가지고 1번 이사를 갔었어. 근데 그 중3 때까지 계속 같은 지역에 살다 보니까 거기 유치원 초등학교 중학교 나오고 고등학교도 그쪽을 가려고 했는데 이사를 가게 돼서 혼자 떨어진 곳을 가니까 친구들이랑도 멀어지고 그러 그 뭐 원래 놀던 데에서도 못 놀고 이런 게 쪼끔 아쉽고 힘들긴 하더라고. 근데 집이 넓어서 되게 좋았던 거 같아. 나는 이사를 많이 안 해 봐서 막 해 보고 싶었다 이런 게 좀 컸었는데 주변에 이사 많이 다니는 사람은 안 그렇더라고. 이사를 그만 다니고 싶다 그러더라. 혹시 너도 그런 편이야? 음 나는 이사 간 다음에 우 이 이사 간 아파트 앞에 막 전원주택 같은 게 있는 거야. 그래서 나중에 이 또 이사를 가게 된다면은 저런 데에서 살고 싶다. 저런 데에서 마당에서 막 식물 키우고 동물 키우고 막 나만의 정원을 가꾸면서 2층 바 다락방에서 살고 싶다 막 이런 생각을 했었는데. 근데 막상 거기에 살면은 관리하는 게 되게 힘들어 보이더라고. 할머니 집도 그런 전원주택인데 조금만 뭘 관리를 안 해 줘도 잡초 자라고 먼지가 끼고 더러워지고 막 그런 게 많아서 관리가 힘들다고 하더라고. 근데 그럼에도 한 약간 한번쯤은 전원주택에 살고 싶다 이런 생각이 있는데. 너는 그런 어디에 살고 싶다 이런 로망 같은 게 있어? 어 전자레인지랑 냉장고 세탁기 이 이 정도는 원래 있었던 거 같고. 밥솥이랑 응 어 그 오븐 같은 거 뭐라고 하지. 그 아 에어프라이어는 사 왔고. 최근에 여름 되니까 벌레가 너무 많이 생기잖아. 특히 음식물에 벌레가 많이 생기는데 그래서 버리기가 너무 힘들어서 미생물로 분해해 주는 기계 그런 게 있더라고. 오빠가 인스타그램에서 찾아와서 막 우 이거 쓰자 막 그러면서 찾아왔던 기억이 있어. 그래서 그거를 지금 살까 고민 중에 있어. 그게 음식물 쓰레기를 넣으면은 미생물들이 분해를 해서 흙으로 바로 만들어 준대. 근데 그게 하루 만에 다 만들어 주고 냄새도 안 나서 좋다고 하더라고. 너는 혹시 집안일 같은 거는 어떻게 하는 편이야? 어 가끔 아니 자주 좀 싸운 싸우진 않고 이런 거에 대해 짜증을 내는 거 같긴 한데 내 방이 쓰레기 그 분리수거 하는 데 바로 앞에 있단 말이야. 그래서 오빠는 좀 멀어서 쓰레기 같은 걸 거기 내면 그만인데 나는 내고 나서 그게 분리수거가 잘 안 되어 있거나 막 더러운 게 섞여 있거나 하면은 냄새가 바로 내 방으로 들어온단 말이야. 그거 때문에 오빠한테 뭐라 한 적도 많았던 거 같고. 약간 분담 같은 게 예전에는 막 뭐 냉장고 청소 네가 1번 하면 내가 화장실 청소 1번 하고 이런 식으로 번갈아서 하자라고 말은 했는데 어느 순간 보니까 내가 다 하고 있더라고. 그래서 그거에 대해서 쌓아 놨다가 화내기 직전에 딱 말하면은 오빠가 또 눈치는 빨라 가지고 그제서야 부랴부랴 치우고 막 이래서 어 싸우지는 않았던 거 같아. 근데 자취를 하니까 확실히 본가 살 때는 엄마가 다 해 주고 그러는데 내가 다 해야 되니까 그게 힘든 거 같긴 해. 너는 자취하고 싶다는 생각은 없어? 아 나 처음에 집 들어올 때 막 냉장고랑 기본 가구에 막 여 연두색 띠가 막 둘러져 있는 거야. 기본 색깔로 막 있는 거야. 그래서 그걸 보고 아 진짜 별로다. 여기 살기 싫다 했었는데 막상 들어가 보니까 그런 거 별로 티도 안 나고 깔끔해 보이고 좋더라고. 그래서 그렇게 쓰고 있고. 뭔가 인테리어 아 그 자취하면 내 방식대로 바 집을 꾸미고 막 이렇게 써야지라는 생각은 있었는데 막상 있으니까 짐을 그 넣을 짐도 너무 많고 근데 그거에 비해 공간은 안 나오고 하니까 인테리어라고 할 것도 없이 그냥 짐을 넣어 놓은 거 같아. 내 방이 너무 작아서 옷장 같은 게 들어갈 공간이 안 나서 거실에다가 행거 설치해서 바로 옷 놓아두고. 그래서 뭔가 꾸미기도 애매하고 그랬던 거 같아. 너는 집 인테리어 어떤 편이야? 서울에서 살 수 있으면 좋을 거 같은데. 왜냐하면 여가 생활 같은 것도 훨씬 더 많이 할 수 있고 이제 거의 내 친구들이나 생활 반경이 서울에 중심에 맞춰져 있다 보니까 서울에서 생활하는 게 편하긴 한데 가끔씩 여기가 사람이 너무 많아서 내려가고 싶다라는 생각이 들긴 해. 근데 직장을 얻고 뭔가 더 발전을 하려면은 서울에서 사는 게 맞는 거 같아. 나는 그 본가 살 때는 지하에 헬스장이 있어서 그거를 썼단 말이야. 근데 자취를 하니까 그런 여가 시설 시 그 아무튼 시설들이 없어서 막 주변에서 주변 다른 헬스장을 등록해 놨단 말이야. 근데 너는 지금 어쨌든 본가에 살잖아. 큰 아파트에 사는데 그러면 거기에 막 여가 시설 같은 게 와 잘 마련되어 있어?,0.005747126436781609,0.017241379310344827,0.004597701149425287,0.0,0.005747126436781609,0.0034482758620689655,0.005747126436781609,0.008045977011494253,0.01839080459770115,0.029885057471264367,0.004597701149425287,0.027586206896551724,0.0,0.008045977011494253,0.0022988505747126436,0.0,0.0034482758620689655,0.0011494252873563218,0.03218390804597701,0.013793103448275862,0.0,0.0,0.0,0.0022988505747126436,0.0,0.004597701149425287,0.021839080459770115,0.0,0.0034482758620689655,0.0034482758620689655,0.04367816091954023,0.0,0.006896551724137931,0.0,0.004597701149425287,0.009195402298850575,0.0,0.0,0.011494252873563218,0.0011494252873563218,0.0,0.0022988505747126436,0.0,0.0,0.034482758620689655,0.004597701149425287,0.013793103448275862,0.0022988505747126436,0.004597701149425287,0.0367816091954023,0.009195402298850575,0.0011494252873563218,0.0,0.0022988505747126436,0.0,0.0011494252873563218,0.0011494252873563218,0.0022988505747126436,0.0,0.006896551724137931,0.0,0.0,0.0,0.0011494252873563218,0.006896551724137931,0.0022988505747126436,0.0022988505747126436,0.0011494252873563218,0.0011494252873563218,0.0,0.0,0.0,0.0022988505747126436,0.0,0.0,0.005747126436781609,0.0022988505747126436,0.0,0.006896551724137931,0.010344827586206896,0.0011494252873563218,0.0,0.0,0.0,0.0,0.004597701149425287,0.0034482758620689655,0.0,0.0022988505747126436,0.004597701149425287,0.0,0.0022988505747126436,0.0,0.0011494252873563218,0.0,0.0011494252873563218,0.0011494252873563218,0.0011494252873563218,0.0,0.0022988505747126436,0.004597701149425287,0.0011494252873563218,0.0,0.0,0.0,0.0,0.01264367816091954,0.009195402298850575,0.0,0.0011494252873563218,0.0011494252873563218,0.0022988505747126436,0.0011494252873563218,0.0,0.0,0.0011494252873563218,0.0,0.0,0.0011494252873563218,0.011494252873563218,0.0,0.005747126436781609,0.0011494252873563218,0.0,0.0022988505747126436,0.0011494252873563218,0.0011494252873563218,0.0,0.0022988505747126436,0.0,0.0,0.0,0.0,0.0034482758620689655,0.0,0.0,0.01839080459770115,0.0022988505747126436,0.0,0.0,0.0022988505747126436,0.0022988505747126436,0.0022988505747126436,0.0,0.0,0.005747126436781609,0.0011494252873563218,0.0,0.008045977011494253,0.0022988505747126436,0.0011494252873563218,0.005747126436781609,0.0011494252873563218,0.0,0.0,0.0011494252873563218,0.0,0.0011494252873563218,0.006896551724137931,0.0011494252873563218,0.0,0.0034482758620689655,0.0,0.0,0.0,0.004597701149425287,0.0011494252873563218,0.0011494252873563218,0.0,0.0,0.0011494252873563218,0.0,0.0,0.0,0.006896551724137931,0.0,0.0,0.0,0.0,0.0,0.0011494252873563218,0.0,0.0034482758620689655,0.0022988505747126436,0.0,0.0022988505747126436,0.0,0.0022988505747126436,0.0022988505747126436,0.0,0.0,0.0,0.0022988505747126436,0.0,0.0,0.0011494252873563218,0.0,0.0,0.0,0.0,0.0034482758620689655,0.0,0.004597701149425287,0.0,0.0,0.0,0.0,0.0,0.0,0.0011494252873563218,0.0,0.0,0.0,0.0,0.0011494252873563218,0.0,0.0011494252873563218,0.0,0.0011494252873563218,0.0,0.0022988505747126436,0.0,0.0011494252873563218,0.0022988505747126436,0.0,0.0,0.005747126436781609,0.0,0.0022988505747126436,0.0,0.0,0.0,0.0,0.0,0.0,0.0,0.0,0.0,0.0022988505747126436,0.0,0.0,0.0,0.004597701149425287,0.0,0.0,0.0,0.0,0.0,0.0,0.0,0.0,0.0,0.0,0.0,0.0,0.0,0.006896551724137931,0.0034482758620689655,0.0011494252873563218,0.0011494252873563218,0.0011494252873563218,0.0011494252873563218,0.0022988505747126436,0.0022988505747126436,0.0011494252873563218,0.0011494252873563218,0.0011494252873563218,0.0011494252873563218,0.0011494252873563218,0.0011494252873563218,0.0034482758620689655,0.0011494252873563218,0.005747126436781609,0.0011494252873563218,0.0011494252873563218,0.0011494252873563218,0.0022988505747126436,0.0022988505747126436,0.0011494252873563218,0.0022988505747126436,0.0011494252873563218,0.0011494252873563218,0.0011494252873563218,0.0011494252873563218,0.0022988505747126436,0.0011494252873563218,0.0011494252873563218,0.0011494252873563218,0.0022988505747126436,0.0011494252873563218,0.0011494252873563218,0.0011494252873563218,0.0011494252873563218,0.0011494252873563218,0.0011494252873563218,0.0011494252873563218,0.0011494252873563218,0.0022988505747126436,0.0022988505747126436,0.0011494252873563218,0.0011494252873563218,0.0011494252873563218,0.0022988505747126436,0.0011494252873563218,0.0011494252873563218,0.0034482758620689655,0.0011494252873563218,0.0011494252873563218,0.0011494252873563218,0.0011494252873563218,0.0011494252873563218,0.0011494252873563218,0.0011494252873563218,0.0022988505747126436,0.0011494252873563218,0.0022988505747126436,0.0022988505747126436,0.0011494252873563218,0.0011494252873563218,0.0034482758620689655,0.0011494252873563218,0.0011494252873563218,0.0022988505747126436,0.0011494252873563218,0.0022988505747126436,0.0011494252873563218,0.0011494252873563218,0.0022988505747126436,0.0011494252873563218,0.0011494252873563218,0.0011494252873563218,0.0022988505747126436,0.0011494252873563218,0.0034482758620689655,0.0034482758620689655,0.0022988505747126436,0.0011494252873563218,0.0011494252873563218,0.0011494252873563218,0.0011494252873563218,0.0011494252873563218,0.0011494252873563218,0.0011494252873563218,0.004597701149425287,0.0011494252873563218,0.0011494252873563218,0.0011494252873563218,0.0011494252873563218,0.0022988505747126436,0.0011494252873563218,0.0011494252873563218,0.0011494252873563218,0.0034482758620689655,0.0011494252873563218,0.0011494252873563218,0.0011494252873563218,0.0011494252873563218,0.0022988505747126436,0.0011494252873563218,0.0022988505747126436,0.0022988505747126436,0.0022988505747126436,0.0011494252873563218,0.0011494252873563218,0.0011494252873563218,0.0011494252873563218,0.0022988505747126436,0.0011494252873563218,0.0034482758620689655,0.0034482758620689655,0.0011494252873563218,0.004597701149425287,0.0011494252873563218,0.0011494252873563218,0.0022988505747126436,0.0022988505747126436,0.0011494252873563218,0.0011494252873563218,0.0011494252873563218,0.0022988505747126436,0.0011494252873563218,0.0022988505747126436,0.0022988505747126436,0.0011494252873563218,0.0011494252873563218,0.0011494252873563218,0.0011494252873563218,0.0011494252873563218,0.0011494252873563218,0.0011494252873563218,0.0011494252873563218,0.0011494252873563218,0.0011494252873563218,0.0011494252873563218,0.0011494252873563218,0.0022988505747126436,0.0011494252873563218,0.0011494252873563218,0.0011494252873563218,0.0011494252873563218,0.0011494252873563218,0.0011494252873563218,0.0011494252873563218,0.0011494252873563218,0.0011494252873563218,0.0011494252873563218,0.0011494252873563218,0.0022988505747126436,0.0011494252873563218,0.0011494252873563218,0.0011494252873563218,0.0011494252873563218,0.0011494252873563218,0.0022988505747126436,0.0011494252873563218,0.0022988505747126436,0.0011494252873563218,0.0011494252873563218,0.0011494252873563218,0.0034482758620689655,0.0011494252873563218,0.0011494252873563218,0.0011494252873563218,0.0011494252873563218,0.0011494252873563218,0.0011494252873563218,0.0011494252873563218,0.0011494252873563218,0.0011494252873563218,0.0011494252873563218,0.0011494252873563218,0.0011494252873563218,0.0034482758620689655,0.0011494252873563218,0.0022988505747126436,0.0011494252873563218,0.0011494252873563218,0.0011494252873563218,0.0011494252873563218,0.0011494252873563218,0.0011494252873563218,0.0011494252873563218,0.0011494252873563218,0.0011494252873563218,0.0011494252873563218,0.0011494252873563218,0.0011494252873563218,0.0011494252873563218,0.0011494252873563218,0.0011494252873563218,0.0011494252873563218,0.0011494252873563218,0.0011494252873563218,0.0,0.0,0.0,0.0,0.0,0.0,0.0,0.0,0.0,0.0,0.0,0.0,0.0,0.0,0.0,0.0,0.0,0.0,0.0,0.0,0.0,0.0,0.0,0.0,0.0,0.0,0.0,0.0,0.0,0.0,0.0,0.0,0.0,0.0,0.0,0.0,0.0,0.0,0.0,0.0,0.2029335612213241,0.0,0.0,0.0,0.0,0.28932663866550995,0.0,0.0,0.0,0.0,0.0,0.0,0.0,0.0,0.0,0.0,0.0,0.0,0.0,0.0,0.0,0.0,0.0,0.0,0.0,0.26067790631777543,0.0,0.0,0.0,0.0,0.0,0.0,0.0,0.0,0.0,0.0,0.0,0.0,0.0,0.0,0.0,0.0,0.0,0.0,0.0,0.0,0.0,0.0,0.0,0.0,0.0,0.0,0.0,0.0,0.0,0.0,0.0,0.0,0.0,0.0,0.0,0.0,0.0,0.0,0.0,0.0,0.0,0.0,0.0,0.0,0.0,0.0,0.0,0.0,0.0,0.19544469427859482,0.0,0.0,0.0,0.0,0.0,0.0,0.0,0.0,0.0,0.0,0.0,0.0,0.0,0.0,0.0,0.0,0.0,0.0,0.0,0.28932663866550995,0.0,0.0,0.0,0.0,0.0,0.0,0.0,0.0,0.0,0.0,0.0,0.0,0.0,0.0,0.0,0.0,0.0,0.0,0.0,0.0,0.0,0.0,0.0,0.0,0.0,0.0,0.0,0.0,0.0,0.0,0.0,0.0,0.0,0.0,0.0,0.0,0.0,0.0,0.0,0.0,0.0,0.0,0.0,0.0,0.0,0.0,0.0,0.0,0.0,0.0,0.0,0.0,0.0,0.0,0.0,0.0,0.0,0.0,0.0,0.0,0.0,0.0,0.0,0.0,0.0,0.0,0.0,0.0,0.0,0.0,0.0,0.0,0.0,0.0,0.0,0.0,0.0,0.0,0.0,0.0,0.0,0.0,0.0,0.0,0.0,0.0,0.0,0.0,0.0,0.0,0.0,0.0,0.0,0.0,0.28932663866550995,0.0,0.0,0.0,0.0,0.0,0.0,0.0,0.0,0.0,0.0,0.0,0.0,0.0,0.0,0.0,0.0,0.0,0.0,0.0,0.0,0.0,0.0,0.0,0.0,0.0,0.0,0.0,0.0,0.0,0.0,0.0,0.0,0.0,0.0,0.0,0.0,0.0,0.0,0.0,0.0,0.0,0.0,0.0,0.0,0.0,0.0,0.0,0.0,0.0,0.0,0.0,0.0,0.0,0.0,0.0,0.0,0.0,0.0,0.0,0.0,0.0,0.0,0.0,0.0,0.0,0.0,0.0,0.0,0.0,0.0,0.25045273115270766,0.0,0.0,0.0,0.0,0.0,0.0,0.0,0.0,0.0,0.0,0.0,0.0,0.0,0.0,0.0,0.0,0.0,0.0,0.0,0.0,0.0,0.0,0.0,0.0,0.0,0.0,0.0,0.0,0.0,0.0,0.0,0.0,0.0,0.0,0.0,0.3120664168170017,0.0,0.0,0.0,0.0,0.0,0.0,0.0,0.0,0.0,0.0,0.0,0.0,0.0,0.0,0.0,0.0,0.0,0.0,0.0,0.0,0.0,0.0,0.0,0.0,0.0,0.0,0.0,0.0,0.0,0.0,0.0,0.0,0.0,0.0,0.0,0.0,0.0,0.0,0.0,0.0,0.0,0.0,0.0,0.0,0.0,0.0,0.0,0.0,0.0,0.0,0.0,0.0,0.0,0.0,0.0,0.0,0.0,0.0,0.0,0.0,0.0,0.0,0.0,0.0,0.0,0.0,0.0,0.0,0.0,0.0,0.0,0.0,0.0,0.0,0.0,0.0,0.0,0.0,0.0,0.0,0.0,0.0,0.0,0.0,0.0,0.0,0.0,0.0,0.0,0.0,0.0,0.0,0.0,0.0,0.0,0.0,0.0,0.0,0.0,0.0,0.0,0.0,0.0,0.0,0.0,0.0,0.0,0.0,0.0,0.0,0.0,0.0,0.0,0.0,0.0,0.0,0.0,0.0,0.0,0.0,0.0,0.0,0.0,0.0,0.0,0.0,0.0,0.0,0.0,0.0,0.0,0.0,0.0,0.0,0.0,0.0,0.0,0.0,0.0,0.0,0.0,0.0,0.0,0.0,0.0,0.0,0.0,0.0,0.0,0.0,0.0,0.0,0.0,0.0,0.0,0.0,0.0,0.0,0.0,0.0,0.0,0.0,0.0,0.0,0.0,0.0,0.0,0.0,0.0,0.3120664168170017,0.0,0.0,0.0,0.0,0.0,0.0,0.0,0.0,0.0,0.0,0.0,0.0,0.0,0.0,0.0,0.0,0.0,0.0,0.0,0.0,0.0,0.0,0.0,0.0,0.0,0.0,0.0,0.0,0.0,0.0,0.0,0.0,0.0,0.0,0.0,0.0,0.0,0.0,0.0,0.0,0.0,0.0,0.0,0.0,0.0,0.0,0.0,0.0,0.0,0.0,0.0,0.0,0.0,0.0,0.0,0.0,0.0,0.0,0.0,0.0,0.0,0.0,0.0,0.0,0.0,0.0,0.0,0.0,0.0,0.0,0.0,0.0,0.0,0.0,0.0,0.0,0.0,0.0,0.0,0.0,0.0,0.0,0.0,0.0,0.0,0.0,0.0,0.0,0.0,0.0,0.0,0.0,0.0,0.0,0.0,0.0,0.0,0.0,0.2731925093041994,0.0,0.0,0.2731925093041994,0.0,0.0,0.0,0.0,0.3120664168170017,0.0,0.0,0.0,0.0,0.0,0.0,0.0,0.0,0.0,0.0,0.0,0.0,0.0,0.0,0.0,0.0,0.0,0.0,0.0,0.0,0.0,0.0,0.0,0.0,0.0,0.0,0.0,0.0,0.0,0.0,0.0,0.0,0.0,0.3120664168170017,0.0,0.0,0.0,0.0,0.0,0.0,0.0,0.0,0.0,0.0,0.0,0.0,0.0,0.0,0.0,0.0,0.0,0.0,0.0,0.0,0.0,0.0,0.0,0.0,0.0,0.0,0.0,0.0,0.0,0.0,0.0,0.0,0.0,0.0,0.0,0.0,0.0,0.0,0.0,0.0,0.0,0.0,0.0,0.0,0.0,0.0,0.0,0.0,0.0,0.0,0.0,0.0,0.0,0.0,0.0,0.0,0.0,0.0,0.0,0.0,0.0,0.0,0.0,0.0,0.0,0.0,0.0,0.0,0.0,0.0,0.0,0.0,0.0,0.0,0.0,0.0,0.0,0.0
SD2401268,20대,음 근데 우리집이 꼭대기 층이라 그런지 좀 괜찮은 거 같은데. 층간 소음은 없는데 벽간 소음이 쪼금 있는 거 같아. 방이 그 방음이 잘 안 돼서 옆 문 그 첫 입구 문에만 서도 옆의 방이 뭐 유튜브 뭐 듣고 있는지 무슨 대화하고 있는지가 너무 잘 들려서 쪼끔 부담스럽긴 해. 근데 위에는 아무도 사람이 안 사니까 내가 살기에는 어 소음이 없어서 되게 좋은 거 같아. 그거 말고도 본가 살 때는 위층이 아빠 지인이 살았었는데 그래서 막 소음이 나도 뭐라 하기가 좀 그랬던 경험이 있어. 너는 지금 몇 층 정도에 살아? 층간 소음은 없어? 음 그 학 학교 들어오고 나서부터 2년 동안 여기 살고 올해 새로 계약해서 똑같은 데 연장해서 거기서 살고 있어. 아마 내년에는 교환 학생을 가서 없으니까 오빠가 혼자 살 거 같아 지금 같이 살고 있으니까. 그리고 사실 나는 올해 딱 계약 연장할 때쯤에 새로 구해서 따로따로 살고 싶었는데 아무래도 서울 뭐 월세가 비싸다 보니까 그냥 한집에서 해서 전세로 사는 게 낫겠다 싶어서 같이 살고 있는데. 어 아무래도 생활 패턴이나 그런 집안일 하는 거가 좀 안 맞아서 좀 그게 제일 힘들어서 따로 살고 싶었던 거 같아. 뭐 혼자 늦게 자고 그런 건 상관없는데 오빠가 게임을 하니까 늦게까지 게임하는 소리 계속 들려 오 들려 오고 하니까 나 자는 데 방에 돼서 그랬던 거 같아. 너는 그런 적은 없어? 어 중3 때까지 1곳에서 살았고 그 주 중3 이후에 약간 신도시 분양 그런 청약 담 당첨 돼 가지고 1번 이사를 갔었어. 근데 그 중3 때까지 계속 같은 지역에 살다 보니까 거기 유치원 초등학교 중학교 나오고 고등학교도 그쪽을 가려고 했는데 이사를 가게 돼서 혼자 떨어진 곳을 가니까 친구들이랑도 멀어지고 그러 그 뭐 원래 놀던 데에서도 못 놀고 이런 게 쪼끔 아쉽고 힘들긴 하더라고. 근데 집이 넓어서 되게 좋았던 거 같아. 나는 이사를 많이 안 해 봐서 막 해 보고 싶었다 이런 게 좀 컸었는데 주변에 이사 많이 다니는 사람은 안 그렇더라고. 이사를 그만 다니고 싶다 그러더라. 혹시 너도 그런 편이야? 음 나는 이사 간 다음에 우 이 이사 간 아파트 앞에 막 전원주택 같은 게 있는 거야. 그래서 나중에 이 또 이사를 가게 된다면은 저런 데에서 살고 싶다. 저런 데에서 마당에서 막 식물 키우고 동물 키우고 막 나만의 정원을 가꾸면서 2층 바 다락방에서 살고 싶다 막 이런 생각을 했었는데. 근데 막상 거기에 살면은 관리하는 게 되게 힘들어 보이더라고. 할머니 집도 그런 전원주택인데 조금만 뭘 관리를 안 해 줘도 잡초 자라고 먼지가 끼고 더러워지고 막 그런 게 많아서 관리가 힘들다고 하더라고. 근데 그럼에도 한 약간 한번쯤은 전원주택에 살고 싶다 이런 생각이 있는데. 너는 그런 어디에 살고 싶다 이런 로망 같은 게 있어? 어 전자레인지랑 냉장고 세탁기 이 이 정도는 원래 있었던 거 같고. 밥솥이랑 응 어 그 오븐 같은 거 뭐라고 하지. 그 아 에어프라이어는 사 왔고. 최근에 여름 되니까 벌레가 너무 많이 생기잖아. 특히 음식물에 벌레가 많이 생기는데 그래서 버리기가 너무 힘들어서 미생물로 분해해 주는 기계 그런 게 있더라고. 오빠가 인스타그램에서 찾아와서 막 우 이거 쓰자 막 그러면서 찾아왔던 기억이 있어. 그래서 그거를 지금 살까 고민 중에 있어. 그게 음식물 쓰레기를 넣으면은 미생물들이 분해를 해서 흙으로 바로 만들어 준대. 근데 그게 하루 만에 다 만들어 주고 냄새도 안 나서 좋다고 하더라고. 너는 혹시 집안일 같은 거는 어떻게 하는 편이야? 어 가끔 아니 자주 좀 싸운 싸우진 않고 이런 거에 대해 짜증을 내는 거 같긴 한데 내 방이 쓰레기 그 분리수거 하는 데 바로 앞에 있단 말이야. 그래서 오빠는 좀 멀어서 쓰레기 같은 걸 거기 내면 그만인데 나는 내고 나서 그게 분리수거가 잘 안 되어 있거나 막 더러운 게 섞여 있거나 하면은 냄새가 바로 내 방으로 들어온단 말이야. 그거 때문에 오빠한테 뭐라 한 적도 많았던 거 같고. 약간 분담 같은 게 예전에는 막 뭐 냉장고 청소 네가 1번 하면 내가 화장실 청소 1번 하고 이런 식으로 번갈아서 하자라고 말은 했는데 어느 순간 보니까 내가 다 하고 있더라고. 그래서 그거에 대해서 쌓아 놨다가 화내기 직전에 딱 말하면은 오빠가 또 눈치는 빨라 가지고 그제서야 부랴부랴 치우고 막 이래서 어 싸우지는 않았던 거 같아. 근데 자취를 하니까 확실히 본가 살 때는 엄마가 다 해 주고 그러는데 내가 다 해야 되니까 그게 힘든 거 같긴 해. 너는 자취하고 싶다는 생각은 없어? 아 나 처음에 집 들어올 때 막 냉장고랑 기본 가구에 막 여 연두색 띠가 막 둘러져 있는 거야. 기본 색깔로 막 있는 거야. 그래서 그걸 보고 아 진짜 별로다. 여기 살기 싫다 했었는데 막상 들어가 보니까 그런 거 별로 티도 안 나고 깔끔해 보이고 좋더라고. 그래서 그렇게 쓰고 있고. 뭔가 인테리어 아 그 자취하면 내 방식대로 바 집을 꾸미고 막 이렇게 써야지라는 생각은 있었는데 막상 있으니까 짐을 그 넣을 짐도 너무 많고 근데 그거에 비해 공간은 안 나오고 하니까 인테리어라고 할 것도 없이 그냥 짐을 넣어 놓은 거 같아. 내 방이 너무 작아서 옷장 같은 게 들어갈 공간이 안 나서 거실에다가 행거 설치해서 바로 옷 놓아두고. 그래서 뭔가 꾸미기도 애매하고 그랬던 거 같아. 너는 집 인테리어 어떤 편이야? 서울에서 살 수 있으면 좋을 거 같은데. 왜냐하면 여가 생활 같은 것도 훨씬 더 많이 할 수 있고 이제 거의 내 친구들이나 생활 반경이 서울에 중심에 맞춰져 있다 보니까 서울에서 생활하는 게 편하긴 한데 가끔씩 여기가 사람이 너무 많아서 내려가고 싶다라는 생각이 들긴 해. 근데 직장을 얻고 뭔가 더 발전을 하려면은 서울에서 사는 게 맞는 거 같아. 나는 그 본가 살 때는 지하에 헬스장이 있어서 그거를 썼단 말이야. 근데 자취를 하니까 그런 여가 시설 시 그 아무튼 시설들이 없어서 막 주변에서 주변 다른 헬스장을 등록해 놨단 말이야. 근데 너는 지금 어쨌든 본가에 살잖아. 큰 아파트에 사는데 그러면 거기에 막 여가 시설 같은 게 와 잘 마련되어 있어?,0.005747126436781609,0.017241379310344827,0.004597701149425287,0.0,0.005747126436781609,0.0034482758620689655,0.005747126436781609,0.008045977011494253,0.01839080459770115,0.029885057471264367,0.004597701149425287,0.027586206896551724,0.0,0.008045977011494253,0.0022988505747126436,0.0,0.0034482758620689655,0.0011494252873563218,0.03218390804597701,0.013793103448275862,0.0,0.0,0.0,0.0022988505747126436,0.0,0.004597701149425287,0.021839080459770115,0.0,0.0034482758620689655,0.0034482758620689655,0.04367816091954023,0.0,0.006896551724137931,0.0,0.004597701149425287,0.009195402298850575,0.0,0.0,0.011494252873563218,0.0011494252873563218,0.0,0.0022988505747126436,0.0,0.0,0.034482758620689655,0.004597701149425287,0.013793103448275862,0.0022988505747126436,0.004597701149425287,0.0367816091954023,0.009195402298850575,0.0011494252873563218,0.0,0.0022988505747126436,0.0,0.0011494252873563218,0.0011494252873563218,0.0022988505747126436,0.0,0.006896551724137931,0.0,0.0,0.0,0.0011494252873563218,0.006896551724137931,0.0022988505747126436,0.0022988505747126436,0.0011494252873563218,0.0011494252873563218,0.0,0.0,0.0,0.0022988505747126436,0.0,0.0,0.005747126436781609,0.0022988505747126436,0.0,0.006896551724137931,0.010344827586206896,0.0011494252873563218,0.0,0.0,0.0,0.0,0.004597701149425287,0.0034482758620689655,0.0,0.0022988505747126436,0.004597701149425287,0.0,0.0022988505747126436,0.0,0.0011494252873563218,0.0,0.0011494252873563218,0.0011494252873563218,0.0011494252873563218,0.0,0.0022988505747126436,0.004597701149425287,0.0011494252873563218,0.0,0.0,0.0,0.0,0.01264367816091954,0.009195402298850575,0.0,0.0011494252873563218,0.0011494252873563218,0.0022988505747126436,0.0011494252873563218,0.0,0.0,0.0011494252873563218,0.0,0.0,0.0011494252873563218,0.011494252873563218,0.0,0.005747126436781609,0.0011494252873563218,0.0,0.0022988505747126436,0.0011494252873563218,0.0011494252873563218,0.0,0.0022988505747126436,0.0,0.0,0.0,0.0,0.0034482758620689655,0.0,0.0,0.01839080459770115,0.0022988505747126436,0.0,0.0,0.0022988505747126436,0.0022988505747126436,0.0022988505747126436,0.0,0.0,0.005747126436781609,0.0011494252873563218,0.0,0.008045977011494253,0.0022988505747126436,0.0011494252873563218,0.005747126436781609,0.0011494252873563218,0.0,0.0,0.0011494252873563218,0.0,0.0011494252873563218,0.006896551724137931,0.0011494252873563218,0.0,0.0034482758620689655,0.0,0.0,0.0,0.004597701149425287,0.0011494252873563218,0.0011494252873563218,0.0,0.0,0.0011494252873563218,0.0,0.0,0.0,0.006896551724137931,0.0,0.0,0.0,0.0,0.0,0.0011494252873563218,0.0,0.0034482758620689655,0.0022988505747126436,0.0,0.0022988505747126436,0.0,0.0022988505747126436,0.0022988505747126436,0.0,0.0,0.0,0.0022988505747126436,0.0,0.0,0.0011494252873563218,0.0,0.0,0.0,0.0,0.0034482758620689655,0.0,0.004597701149425287,0.0,0.0,0.0,0.0,0.0,0.0,0.0011494252873563218,0.0,0.0,0.0,0.0,0.0011494252873563218,0.0,0.0011494252873563218,0.0,0.0011494252873563218,0.0,0.0022988505747126436,0.0,0.0011494252873563218,0.0022988505747126436,0.0,0.0,0.005747126436781609,0.0,0.0022988505747126436,0.0,0.0,0.0,0.0,0.0,0.0,0.0,0.0,0.0,0.0022988505747126436,0.0,0.0,0.0,0.004597701149425287,0.0,0.0,0.0,0.0,0.0,0.0,0.0,0.0,0.0,0.0,0.0,0.0,0.0,0.006896551724137931,0.0034482758620689655,0.0011494252873563218,0.0011494252873563218,0.0011494252873563218,0.0011494252873563218,0.0022988505747126436,0.0022988505747126436,0.0011494252873563218,0.0011494252873563218,0.0011494252873563218,0.0011494252873563218,0.0011494252873563218,0.0011494252873563218,0.0034482758620689655,0.0011494252873563218,0.005747126436781609,0.0011494252873563218,0.0011494252873563218,0.0011494252873563218,0.0022988505747126436,0.0022988505747126436,0.0011494252873563218,0.0022988505747126436,0.0011494252873563218,0.0011494252873563218,0.0011494252873563218,0.0011494252873563218,0.0022988505747126436,0.0011494252873563218,0.0011494252873563218,0.0011494252873563218,0.0022988505747126436,0.0011494252873563218,0.0011494252873563218,0.0011494252873563218,0.0011494252873563218,0.0011494252873563218,0.0011494252873563218,0.0011494252873563218,0.0011494252873563218,0.0022988505747126436,0.0022988505747126436,0.0011494252873563218,0.0011494252873563218,0.0011494252873563218,0.0022988505747126436,0.0011494252873563218,0.0011494252873563218,0.0034482758620689655,0.0011494252873563218,0.0011494252873563218,0.0011494252873563218,0.0011494252873563218,0.0011494252873563218,0.0011494252873563218,0.0011494252873563218,0.0022988505747126436,0.0011494252873563218,0.0022988505747126436,0.0022988505747126436,0.0011494252873563218,0.0011494252873563218,0.0034482758620689655,0.0011494252873563218,0.0011494252873563218,0.0022988505747126436,0.0011494252873563218,0.0022988505747126436,0.0011494252873563218,0.0011494252873563218,0.0022988505747126436,0.0011494252873563218,0.0011494252873563218,0.0011494252873563218,0.0022988505747126436,0.0011494252873563218,0.0034482758620689655,0.0034482758620689655,0.0022988505747126436,0.0011494252873563218,0.0011494252873563218,0.0011494252873563218,0.0011494252873563218,0.0011494252873563218,0.0011494252873563218,0.0011494252873563218,0.004597701149425287,0.0011494252873563218,0.0011494252873563218,0.0011494252873563218,0.0011494252873563218,0.0022988505747126436,0.0011494252873563218,0.0011494252873563218,0.0011494252873563218,0.0034482758620689655,0.0011494252873563218,0.0011494252873563218,0.0011494252873563218,0.0011494252873563218,0.0022988505747126436,0.0011494252873563218,0.0022988505747126436,0.0022988505747126436,0.0022988505747126436,0.0011494252873563218,0.0011494252873563218,0.0011494252873563218,0.0011494252873563218,0.0022988505747126436,0.0011494252873563218,0.0034482758620689655,0.0034482758620689655,0.0011494252873563218,0.004597701149425287,0.0011494252873563218,0.0011494252873563218,0.0022988505747126436,0.0022988505747126436,0.0011494252873563218,0.0011494252873563218,0.0011494252873563218,0.0022988505747126436,0.0011494252873563218,0.0022988505747126436,0.0022988505747126436,0.0011494252873563218,0.0011494252873563218,0.0011494252873563218,0.0011494252873563218,0.0011494252873563218,0.0011494252873563218,0.0011494252873563218,0.0011494252873563218,0.0011494252873563218,0.0011494252873563218,0.0011494252873563218,0.0011494252873563218,0.0022988505747126436,0.0011494252873563218,0.0011494252873563218,0.0011494252873563218,0.0011494252873563218,0.0011494252873563218,0.0011494252873563218,0.0011494252873563218,0.0011494252873563218,0.0011494252873563218,0.0011494252873563218,0.0011494252873563218,0.0022988505747126436,0.0011494252873563218,0.0011494252873563218,0.0011494252873563218,0.0011494252873563218,0.0011494252873563218,0.0022988505747126436,0.0011494252873563218,0.0022988505747126436,0.0011494252873563218,0.0011494252873563218,0.0011494252873563218,0.0034482758620689655,0.0011494252873563218,0.0011494252873563218,0.0011494252873563218,0.0011494252873563218,0.0011494252873563218,0.0011494252873563218,0.0011494252873563218,0.0011494252873563218,0.0011494252873563218,0.0011494252873563218,0.0011494252873563218,0.0011494252873563218,0.0034482758620689655,0.0011494252873563218,0.0022988505747126436,0.0011494252873563218,0.0011494252873563218,0.0011494252873563218,0.0011494252873563218,0.0011494252873563218,0.0011494252873563218,0.0011494252873563218,0.0011494252873563218,0.0011494252873563218,0.0011494252873563218,0.0011494252873563218,0.0011494252873563218,0.0011494252873563218,0.0011494252873563218,0.0011494252873563218,0.0011494252873563218,0.0011494252873563218,0.0011494252873563218,0.0,0.0,0.0,0.0,0.0,0.0,0.0,0.0,0.0,0.0,0.0,0.0,0.0,0.0,0.0,0.0,0.0,0.0,0.0,0.0,0.0,0.0,0.0,0.5090147522319297,0.0,0.0,0.0,0.0,0.0,0.0,0.0,0.0,0.0,0.0,0.0,0.0,0.0,0.0,0.0,0.0,0.0,0.0,0.0,0.0,0.0,0.0,0.0,0.0,0.0,0.0,0.0,0.0,0.0,0.0,0.0,0.0,0.0,0.0,0.0,0.0,0.0,0.0,0.0,0.0,0.0,0.0,0.0,0.0,0.0,0.5090147522319297,0.0,0.0,0.0,0.0,0.0,0.0,0.0,0.0,0.0,0.0,0.0,0.0,0.0,0.0,0.0,0.0,0.0,0.0,0.0,0.0,0.0,0.0,0.0,0.0,0.0,0.0,0.0,0.0,0.0,0.0,0.0,0.0,0.0,0.0,0.0,0.0,0.0,0.0,0.0,0.0,0.0,0.0,0.0,0.0,0.5090147522319297,0.0,0.0,0.0,0.0,0.0,0.0,0.0,0.0,0.0,0.0,0.0,0.0,0.0,0.0,0.0,0.0,0.0,0.0,0.0,0.0,0.0,0.0,0.0,0.0,0.0,0.0,0.0,0.0,0.0,0.0,0.0,0.0,0.0,0.0,0.0,0.0,0.0,0.0,0.0,0.0,0.0,0.0,0.0,0.0,0.0,0.0,0.0,0.0,0.0,0.0,0.0,0.0,0.0,0.0,0.0,0.0,0.0,0.0,0.0,0.0,0.0,0.0,0.0,0.0,0.0,0.0,0.0,0.0,0.0,0.0,0.0,0.0,0.0,0.0,0.0,0.0,0.0,0.0,0.0,0.0,0.0,0.0,0.0,0.0,0.0,0.0,0.0,0.0,0.0,0.0,0.0,0.0,0.0,0.0,0.0,0.0,0.0,0.0,0.0,0.0,0.0,0.0,0.0,0.0,0.0,0.0,0.0,0.0,0.0,0.0,0.0,0.0,0.0,0.0,0.0,0.0,0.0,0.0,0.0,0.0,0.0,0.0,0.0,0.0,0.0,0.0,0.0,0.0,0.0,0.0,0.0,0.0,0.0,0.0,0.0,0.0,0.0,0.0,0.0,0.0,0.0,0.0,0.0,0.0,0.0,0.0,0.0,0.0,0.0,0.0,0.0,0.0,0.0,0.0,0.0,0.0,0.0,0.0,0.0,0.0,0.0,0.0,0.0,0.0,0.0,0.0,0.0,0.0,0.0,0.0,0.0,0.0,0.0,0.0,0.0,0.0,0.0,0.0,0.0,0.0,0.0,0.0,0.0,0.0,0.0,0.0,0.0,0.0,0.0,0.0,0.0,0.0,0.0,0.0,0.0,0.0,0.0,0.0,0.0,0.0,0.0,0.0,0.0,0.0,0.0,0.0,0.0,0.0,0.0,0.0,0.0,0.0,0.0,0.0,0.0,0.0,0.0,0.0,0.0,0.0,0.0,0.0,0.0,0.0,0.0,0.0,0.0,0.0,0.0,0.0,0.0,0.0,0.0,0.0,0.0,0.0,0.0,0.0,0.0,0.0,0.0,0.0,0.0,0.0,0.0,0.0,0.0,0.0,0.0,0.0,0.0,0.0,0.0,0.0,0.0,0.0,0.0,0.0,0.0,0.0,0.0,0.0,0.0,0.0,0.0,0.0,0.0,0.0,0.0,0.0,0.0,0.0,0.0,0.0,0.0,0.0,0.0,0.0,0.0,0.0,0.0,0.0,0.0,0.0,0.0,0.0,0.0,0.0,0.0,0.0,0.0,0.0,0.0,0.0,0.0,0.0,0.0,0.0,0.0,0.0,0.0,0.0,0.0,0.0,0.0,0.0,0.0,0.0,0.0,0.0,0.0,0.0,0.0,0.0,0.0,0.0,0.0,0.0,0.0,0.0,0.0,0.0,0.0,0.0,0.0,0.0,0.0,0.0,0.0,0.0,0.0,0.0,0.0,0.0,0.0,0.0,0.0,0.0,0.0,0.0,0.0,0.0,0.0,0.0,0.0,0.0,0.0,0.0,0.0,0.0,0.0,0.0,0.0,0.0,0.0,0.0,0.0,0.0,0.0,0.0,0.0,0.0,0.0,0.0,0.0,0.0,0.0,0.0,0.0,0.0,0.0,0.0,0.0,0.0,0.0,0.0,0.0,0.0,0.0,0.0,0.0,0.0,0.0,0.0,0.0,0.0,0.0,0.0,0.0,0.0,0.0,0.0,0.0,0.0,0.0,0.0,0.0,0.0,0.0,0.0,0.0,0.0,0.0,0.0,0.0,0.0,0.0,0.0,0.0,0.0,0.0,0.0,0.0,0.0,0.0,0.0,0.0,0.0,0.0,0.0,0.0,0.0,0.0,0.0,0.0,0.0,0.0,0.0,0.0,0.0,0.0,0.0,0.0,0.0,0.0,0.0,0.0,0.0,0.0,0.0,0.0,0.0,0.0,0.0,0.0,0.0,0.0,0.0,0.0,0.0,0.0,0.0,0.0,0.0,0.0,0.0,0.0,0.0,0.0,0.0,0.0,0.0,0.0,0.0,0.0,0.0,0.0,0.0,0.0,0.0,0.0,0.0,0.0,0.0,0.0,0.0,0.0,0.0,0.0,0.0,0.0,0.0,0.0,0.0,0.0,0.0,0.0,0.0,0.0,0.0,0.0,0.0,0.0,0.0,0.0,0.0,0.0,0.0,0.0,0.0,0.0,0.0,0.0,0.0,0.0,0.0,0.0,0.0,0.0,0.0,0.0,0.0,0.0,0.0,0.0,0.0,0.0,0.0,0.0,0.0,0.0,0.0,0.0,0.0,0.0,0.0,0.0,0.0,0.0,0.0,0.0,0.0,0.0,0.0,0.0,0.0,0.0,0.0,0.0,0.0,0.0,0.0,0.0,0.0,0.0,0.0,0.0,0.0,0.0,0.0,0.0,0.0,0.0,0.0,0.0,0.0,0.0,0.0,0.0,0.0,0.0,0.0,0.0,0.0,0.0,0.0,0.0,0.0,0.0,0.0,0.0,0.0,0.0,0.0,0.0,0.0,0.0,0.0,0.0,0.0,0.0,0.0,0.0,0.4719236654701708,0.0,0.0,0.0,0.0,0.0,0.0,0.0,0.0,0.0,0.0,0.0,0.0,0.0,0.0,0.0,0.0,0.0,0.0,0.0,0.0,0.0,0.0,0.0,0.0,0.0,0.0,0.0,0.0
SD2401268,20대,음 근데 우리집이 꼭대기 층이라 그런지 좀 괜찮은 거 같은데. 층간 소음은 없는데 벽간 소음이 쪼금 있는 거 같아. 방이 그 방음이 잘 안 돼서 옆 문 그 첫 입구 문에만 서도 옆의 방이 뭐 유튜브 뭐 듣고 있는지 무슨 대화하고 있는지가 너무 잘 들려서 쪼끔 부담스럽긴 해. 근데 위에는 아무도 사람이 안 사니까 내가 살기에는 어 소음이 없어서 되게 좋은 거 같아. 그거 말고도 본가 살 때는 위층이 아빠 지인이 살았었는데 그래서 막 소음이 나도 뭐라 하기가 좀 그랬던 경험이 있어. 너는 지금 몇 층 정도에 살아? 층간 소음은 없어? 음 그 학 학교 들어오고 나서부터 2년 동안 여기 살고 올해 새로 계약해서 똑같은 데 연장해서 거기서 살고 있어. 아마 내년에는 교환 학생을 가서 없으니까 오빠가 혼자 살 거 같아 지금 같이 살고 있으니까. 그리고 사실 나는 올해 딱 계약 연장할 때쯤에 새로 구해서 따로따로 살고 싶었는데 아무래도 서울 뭐 월세가 비싸다 보니까 그냥 한집에서 해서 전세로 사는 게 낫겠다 싶어서 같이 살고 있는데. 어 아무래도 생활 패턴이나 그런 집안일 하는 거가 좀 안 맞아서 좀 그게 제일 힘들어서 따로 살고 싶었던 거 같아. 뭐 혼자 늦게 자고 그런 건 상관없는데 오빠가 게임을 하니까 늦게까지 게임하는 소리 계속 들려 오 들려 오고 하니까 나 자는 데 방에 돼서 그랬던 거 같아. 너는 그런 적은 없어? 어 중3 때까지 1곳에서 살았고 그 주 중3 이후에 약간 신도시 분양 그런 청약 담 당첨 돼 가지고 1번 이사를 갔었어. 근데 그 중3 때까지 계속 같은 지역에 살다 보니까 거기 유치원 초등학교 중학교 나오고 고등학교도 그쪽을 가려고 했는데 이사를 가게 돼서 혼자 떨어진 곳을 가니까 친구들이랑도 멀어지고 그러 그 뭐 원래 놀던 데에서도 못 놀고 이런 게 쪼끔 아쉽고 힘들긴 하더라고. 근데 집이 넓어서 되게 좋았던 거 같아. 나는 이사를 많이 안 해 봐서 막 해 보고 싶었다 이런 게 좀 컸었는데 주변에 이사 많이 다니는 사람은 안 그렇더라고. 이사를 그만 다니고 싶다 그러더라. 혹시 너도 그런 편이야? 음 나는 이사 간 다음에 우 이 이사 간 아파트 앞에 막 전원주택 같은 게 있는 거야. 그래서 나중에 이 또 이사를 가게 된다면은 저런 데에서 살고 싶다. 저런 데에서 마당에서 막 식물 키우고 동물 키우고 막 나만의 정원을 가꾸면서 2층 바 다락방에서 살고 싶다 막 이런 생각을 했었는데. 근데 막상 거기에 살면은 관리하는 게 되게 힘들어 보이더라고. 할머니 집도 그런 전원주택인데 조금만 뭘 관리를 안 해 줘도 잡초 자라고 먼지가 끼고 더러워지고 막 그런 게 많아서 관리가 힘들다고 하더라고. 근데 그럼에도 한 약간 한번쯤은 전원주택에 살고 싶다 이런 생각이 있는데. 너는 그런 어디에 살고 싶다 이런 로망 같은 게 있어? 어 전자레인지랑 냉장고 세탁기 이 이 정도는 원래 있었던 거 같고. 밥솥이랑 응 어 그 오븐 같은 거 뭐라고 하지. 그 아 에어프라이어는 사 왔고. 최근에 여름 되니까 벌레가 너무 많이 생기잖아. 특히 음식물에 벌레가 많이 생기는데 그래서 버리기가 너무 힘들어서 미생물로 분해해 주는 기계 그런 게 있더라고. 오빠가 인스타그램에서 찾아와서 막 우 이거 쓰자 막 그러면서 찾아왔던 기억이 있어. 그래서 그거를 지금 살까 고민 중에 있어. 그게 음식물 쓰레기를 넣으면은 미생물들이 분해를 해서 흙으로 바로 만들어 준대. 근데 그게 하루 만에 다 만들어 주고 냄새도 안 나서 좋다고 하더라고. 너는 혹시 집안일 같은 거는 어떻게 하는 편이야? 어 가끔 아니 자주 좀 싸운 싸우진 않고 이런 거에 대해 짜증을 내는 거 같긴 한데 내 방이 쓰레기 그 분리수거 하는 데 바로 앞에 있단 말이야. 그래서 오빠는 좀 멀어서 쓰레기 같은 걸 거기 내면 그만인데 나는 내고 나서 그게 분리수거가 잘 안 되어 있거나 막 더러운 게 섞여 있거나 하면은 냄새가 바로 내 방으로 들어온단 말이야. 그거 때문에 오빠한테 뭐라 한 적도 많았던 거 같고. 약간 분담 같은 게 예전에는 막 뭐 냉장고 청소 네가 1번 하면 내가 화장실 청소 1번 하고 이런 식으로 번갈아서 하자라고 말은 했는데 어느 순간 보니까 내가 다 하고 있더라고. 그래서 그거에 대해서 쌓아 놨다가 화내기 직전에 딱 말하면은 오빠가 또 눈치는 빨라 가지고 그제서야 부랴부랴 치우고 막 이래서 어 싸우지는 않았던 거 같아. 근데 자취를 하니까 확실히 본가 살 때는 엄마가 다 해 주고 그러는데 내가 다 해야 되니까 그게 힘든 거 같긴 해. 너는 자취하고 싶다는 생각은 없어? 아 나 처음에 집 들어올 때 막 냉장고랑 기본 가구에 막 여 연두색 띠가 막 둘러져 있는 거야. 기본 색깔로 막 있는 거야. 그래서 그걸 보고 아 진짜 별로다. 여기 살기 싫다 했었는데 막상 들어가 보니까 그런 거 별로 티도 안 나고 깔끔해 보이고 좋더라고. 그래서 그렇게 쓰고 있고. 뭔가 인테리어 아 그 자취하면 내 방식대로 바 집을 꾸미고 막 이렇게 써야지라는 생각은 있었는데 막상 있으니까 짐을 그 넣을 짐도 너무 많고 근데 그거에 비해 공간은 안 나오고 하니까 인테리어라고 할 것도 없이 그냥 짐을 넣어 놓은 거 같아. 내 방이 너무 작아서 옷장 같은 게 들어갈 공간이 안 나서 거실에다가 행거 설치해서 바로 옷 놓아두고. 그래서 뭔가 꾸미기도 애매하고 그랬던 거 같아. 너는 집 인테리어 어떤 편이야? 서울에서 살 수 있으면 좋을 거 같은데. 왜냐하면 여가 생활 같은 것도 훨씬 더 많이 할 수 있고 이제 거의 내 친구들이나 생활 반경이 서울에 중심에 맞춰져 있다 보니까 서울에서 생활하는 게 편하긴 한데 가끔씩 여기가 사람이 너무 많아서 내려가고 싶다라는 생각이 들긴 해. 근데 직장을 얻고 뭔가 더 발전을 하려면은 서울에서 사는 게 맞는 거 같아. 나는 그 본가 살 때는 지하에 헬스장이 있어서 그거를 썼단 말이야. 근데 자취를 하니까 그런 여가 시설 시 그 아무튼 시설들이 없어서 막 주변에서 주변 다른 헬스장을 등록해 놨단 말이야. 근데 너는 지금 어쨌든 본가에 살잖아. 큰 아파트에 사는데 그러면 거기에 막 여가 시설 같은 게 와 잘 마련되어 있어?,0.005747126436781609,0.017241379310344827,0.004597701149425287,0.0,0.005747126436781609,0.0034482758620689655,0.005747126436781609,0.008045977011494253,0.01839080459770115,0.029885057471264367,0.004597701149425287,0.027586206896551724,0.0,0.008045977011494253,0.0022988505747126436,0.0,0.0034482758620689655,0.0011494252873563218,0.03218390804597701,0.013793103448275862,0.0,0.0,0.0,0.0022988505747126436,0.0,0.004597701149425287,0.021839080459770115,0.0,0.0034482758620689655,0.0034482758620689655,0.04367816091954023,0.0,0.006896551724137931,0.0,0.004597701149425287,0.009195402298850575,0.0,0.0,0.011494252873563218,0.0011494252873563218,0.0,0.0022988505747126436,0.0,0.0,0.034482758620689655,0.004597701149425287,0.013793103448275862,0.0022988505747126436,0.004597701149425287,0.0367816091954023,0.009195402298850575,0.0011494252873563218,0.0,0.0022988505747126436,0.0,0.0011494252873563218,0.0011494252873563218,0.0022988505747126436,0.0,0.006896551724137931,0.0,0.0,0.0,0.0011494252873563218,0.006896551724137931,0.0022988505747126436,0.0022988505747126436,0.0011494252873563218,0.0011494252873563218,0.0,0.0,0.0,0.0022988505747126436,0.0,0.0,0.005747126436781609,0.0022988505747126436,0.0,0.006896551724137931,0.010344827586206896,0.0011494252873563218,0.0,0.0,0.0,0.0,0.004597701149425287,0.0034482758620689655,0.0,0.0022988505747126436,0.004597701149425287,0.0,0.0022988505747126436,0.0,0.0011494252873563218,0.0,0.0011494252873563218,0.0011494252873563218,0.0011494252873563218,0.0,0.0022988505747126436,0.004597701149425287,0.0011494252873563218,0.0,0.0,0.0,0.0,0.01264367816091954,0.009195402298850575,0.0,0.0011494252873563218,0.0011494252873563218,0.0022988505747126436,0.0011494252873563218,0.0,0.0,0.0011494252873563218,0.0,0.0,0.0011494252873563218,0.011494252873563218,0.0,0.005747126436781609,0.0011494252873563218,0.0,0.0022988505747126436,0.0011494252873563218,0.0011494252873563218,0.0,0.0022988505747126436,0.0,0.0,0.0,0.0,0.0034482758620689655,0.0,0.0,0.01839080459770115,0.0022988505747126436,0.0,0.0,0.0022988505747126436,0.0022988505747126436,0.0022988505747126436,0.0,0.0,0.005747126436781609,0.0011494252873563218,0.0,0.008045977011494253,0.0022988505747126436,0.0011494252873563218,0.005747126436781609,0.0011494252873563218,0.0,0.0,0.0011494252873563218,0.0,0.0011494252873563218,0.006896551724137931,0.0011494252873563218,0.0,0.0034482758620689655,0.0,0.0,0.0,0.004597701149425287,0.0011494252873563218,0.0011494252873563218,0.0,0.0,0.0011494252873563218,0.0,0.0,0.0,0.006896551724137931,0.0,0.0,0.0,0.0,0.0,0.0011494252873563218,0.0,0.0034482758620689655,0.0022988505747126436,0.0,0.0022988505747126436,0.0,0.0022988505747126436,0.0022988505747126436,0.0,0.0,0.0,0.0022988505747126436,0.0,0.0,0.0011494252873563218,0.0,0.0,0.0,0.0,0.0034482758620689655,0.0,0.004597701149425287,0.0,0.0,0.0,0.0,0.0,0.0,0.0011494252873563218,0.0,0.0,0.0,0.0,0.0011494252873563218,0.0,0.0011494252873563218,0.0,0.0011494252873563218,0.0,0.0022988505747126436,0.0,0.0011494252873563218,0.0022988505747126436,0.0,0.0,0.005747126436781609,0.0,0.0022988505747126436,0.0,0.0,0.0,0.0,0.0,0.0,0.0,0.0,0.0,0.0022988505747126436,0.0,0.0,0.0,0.004597701149425287,0.0,0.0,0.0,0.0,0.0,0.0,0.0,0.0,0.0,0.0,0.0,0.0,0.0,0.006896551724137931,0.0034482758620689655,0.0011494252873563218,0.0011494252873563218,0.0011494252873563218,0.0011494252873563218,0.0022988505747126436,0.0022988505747126436,0.0011494252873563218,0.0011494252873563218,0.0011494252873563218,0.0011494252873563218,0.0011494252873563218,0.0011494252873563218,0.0034482758620689655,0.0011494252873563218,0.005747126436781609,0.0011494252873563218,0.0011494252873563218,0.0011494252873563218,0.0022988505747126436,0.0022988505747126436,0.0011494252873563218,0.0022988505747126436,0.0011494252873563218,0.0011494252873563218,0.0011494252873563218,0.0011494252873563218,0.0022988505747126436,0.0011494252873563218,0.0011494252873563218,0.0011494252873563218,0.0022988505747126436,0.0011494252873563218,0.0011494252873563218,0.0011494252873563218,0.0011494252873563218,0.0011494252873563218,0.0011494252873563218,0.0011494252873563218,0.0011494252873563218,0.0022988505747126436,0.0022988505747126436,0.0011494252873563218,0.0011494252873563218,0.0011494252873563218,0.0022988505747126436,0.0011494252873563218,0.0011494252873563218,0.0034482758620689655,0.0011494252873563218,0.0011494252873563218,0.0011494252873563218,0.0011494252873563218,0.0011494252873563218,0.0011494252873563218,0.0011494252873563218,0.0022988505747126436,0.0011494252873563218,0.0022988505747126436,0.0022988505747126436,0.0011494252873563218,0.0011494252873563218,0.0034482758620689655,0.0011494252873563218,0.0011494252873563218,0.0022988505747126436,0.0011494252873563218,0.0022988505747126436,0.0011494252873563218,0.0011494252873563218,0.0022988505747126436,0.0011494252873563218,0.0011494252873563218,0.0011494252873563218,0.0022988505747126436,0.0011494252873563218,0.0034482758620689655,0.0034482758620689655,0.0022988505747126436,0.0011494252873563218,0.0011494252873563218,0.0011494252873563218,0.0011494252873563218,0.0011494252873563218,0.0011494252873563218,0.0011494252873563218,0.004597701149425287,0.0011494252873563218,0.0011494252873563218,0.0011494252873563218,0.0011494252873563218,0.0022988505747126436,0.0011494252873563218,0.0011494252873563218,0.0011494252873563218,0.0034482758620689655,0.0011494252873563218,0.0011494252873563218,0.0011494252873563218,0.0011494252873563218,0.0022988505747126436,0.0011494252873563218,0.0022988505747126436,0.0022988505747126436,0.0022988505747126436,0.0011494252873563218,0.0011494252873563218,0.0011494252873563218,0.0011494252873563218,0.0022988505747126436,0.0011494252873563218,0.0034482758620689655,0.0034482758620689655,0.0011494252873563218,0.004597701149425287,0.0011494252873563218,0.0011494252873563218,0.0022988505747126436,0.0022988505747126436,0.0011494252873563218,0.0011494252873563218,0.0011494252873563218,0.0022988505747126436,0.0011494252873563218,0.0022988505747126436,0.0022988505747126436,0.0011494252873563218,0.0011494252873563218,0.0011494252873563218,0.0011494252873563218,0.0011494252873563218,0.0011494252873563218,0.0011494252873563218,0.0011494252873563218,0.0011494252873563218,0.0011494252873563218,0.0011494252873563218,0.0011494252873563218,0.0022988505747126436,0.0011494252873563218,0.0011494252873563218,0.0011494252873563218,0.0011494252873563218,0.0011494252873563218,0.0011494252873563218,0.0011494252873563218,0.0011494252873563218,0.0011494252873563218,0.0011494252873563218,0.0011494252873563218,0.0022988505747126436,0.0011494252873563218,0.0011494252873563218,0.0011494252873563218,0.0011494252873563218,0.0011494252873563218,0.0022988505747126436,0.0011494252873563218,0.0022988505747126436,0.0011494252873563218,0.0011494252873563218,0.0011494252873563218,0.0034482758620689655,0.0011494252873563218,0.0011494252873563218,0.0011494252873563218,0.0011494252873563218,0.0011494252873563218,0.0011494252873563218,0.0011494252873563218,0.0011494252873563218,0.0011494252873563218,0.0011494252873563218,0.0011494252873563218,0.0011494252873563218,0.0034482758620689655,0.0011494252873563218,0.0022988505747126436,0.0011494252873563218,0.0011494252873563218,0.0011494252873563218,0.0011494252873563218,0.0011494252873563218,0.0011494252873563218,0.0011494252873563218,0.0011494252873563218,0.0011494252873563218,0.0011494252873563218,0.0011494252873563218,0.0011494252873563218,0.0011494252873563218,0.0011494252873563218,0.0011494252873563218,0.0011494252873563218,0.0011494252873563218,0.0011494252873563218,0.0,0.0,0.0,0.0,0.0,0.0,0.0,0.0,0.0,0.0,0.0,0.0,0.0,0.0,0.0,0.0,0.3831194842297997,0.0,0.0,0.0,0.0,0.41323096002436555,0.0,0.0,0.0,0.0,0.0,0.0,0.0,0.0,0.0,0.0,0.0,0.0,0.0,0.0,0.0,0.0,0.0,0.0,0.0,0.0,0.0,0.0,0.0,0.0,0.0,0.0,0.0,0.0,0.0,0.0,0.0,0.0,0.0,0.0,0.0,0.0,0.0,0.0,0.0,0.0,0.0,0.0,0.0,0.0,0.0,0.0,0.0,0.0,0.0,0.41323096002436555,0.0,0.0,0.0,0.0,0.0,0.0,0.0,0.0,0.0,0.0,0.0,0.0,0.0,0.0,0.0,0.0,0.0,0.0,0.0,0.0,0.0,0.0,0.0,0.0,0.0,0.0,0.0,0.0,0.0,0.0,0.0,0.0,0.0,0.0,0.0,0.0,0.0,0.0,0.0,0.0,0.0,0.0,0.0,0.0,0.0,0.0,0.0,0.0,0.0,0.0,0.0,0.0,0.0,0.0,0.0,0.0,0.0,0.0,0.0,0.0,0.0,0.0,0.0,0.0,0.0,0.0,0.0,0.0,0.0,0.0,0.0,0.0,0.0,0.0,0.0,0.0,0.0,0.0,0.0,0.0,0.0,0.0,0.0,0.0,0.0,0.0,0.0,0.0,0.0,0.0,0.0,0.0,0.0,0.0,0.0,0.0,0.0,0.0,0.0,0.0,0.0,0.0,0.0,0.0,0.0,0.0,0.0,0.0,0.0,0.0,0.0,0.0,0.0,0.0,0.0,0.0,0.0,0.0,0.0,0.0,0.0,0.0,0.0,0.0,0.0,0.0,0.0,0.0,0.0,0.0,0.0,0.0,0.0,0.0,0.3617550521542992,0.0,0.0,0.0,0.0,0.0,0.0,0.0,0.0,0.0,0.0,0.0,0.0,0.0,0.0,0.0,0.0,0.0,0.0,0.0,0.0,0.0,0.0,0.0,0.0,0.0,0.0,0.0,0.0,0.0,0.0,0.0,0.0,0.0,0.41323096002436555,0.0,0.0,0.0,0.0,0.0,0.0,0.0,0.0,0.0,0.0,0.0,0.0,0.0,0.0,0.0,0.0,0.0,0.0,0.0,0.0,0.0,0.0,0.0,0.0,0.0,0.0,0.0,0.0,0.0,0.0,0.0,0.0,0.0,0.0,0.0,0.0,0.0,0.0,0.0,0.0,0.0,0.0,0.0,0.0,0.0,0.0,0.0,0.0,0.0,0.0,0.0,0.0,0.0,0.0,0.0,0.0,0.0,0.0,0.0,0.0,0.0,0.0,0.0,0.0,0.0,0.0,0.0,0.0,0.0,0.0,0.0,0.0,0.0,0.0,0.0,0.0,0.0,0.0,0.0,0.0,0.0,0.0,0.0,0.0,0.0,0.0,0.0,0.0,0.0,0.0,0.0,0.0,0.0,0.0,0.0,0.0,0.0,0.0,0.0,0.0,0.0,0.0,0.0,0.0,0.0,0.0,0.0,0.0,0.0,0.0,0.0,0.0,0.0,0.0,0.0,0.0,0.0,0.0,0.0,0.0,0.0,0.0,0.0,0.0,0.0,0.0,0.0,0.0,0.0,0.0,0.0,0.0,0.0,0.0,0.0,0.0,0.0,0.0,0.0,0.0,0.0,0.0,0.0,0.0,0.0,0.0,0.0,0.0,0.0,0.0,0.0,0.0,0.0,0.0,0.0,0.0,0.0,0.0,0.0,0.0,0.0,0.0,0.0,0.0,0.0,0.0,0.0,0.0,0.0,0.0,0.0,0.0,0.0,0.0,0.0,0.0,0.0,0.0,0.0,0.0,0.0,0.0,0.0,0.0,0.0,0.0,0.0,0.0,0.0,0.0,0.0,0.0,0.0,0.0,0.0,0.0,0.0,0.0,0.0,0.0,0.0,0.0,0.0,0.0,0.0,0.0,0.0,0.0,0.0,0.0,0.0,0.0,0.0,0.0,0.0,0.0,0.0,0.0,0.0,0.0,0.0,0.0,0.0,0.0,0.0,0.0,0.0,0.0,0.0,0.0,0.0,0.0,0.0,0.0,0.0,0.0,0.0,0.0,0.0,0.0,0.0,0.0,0.0,0.0,0.0,0.0,0.0,0.0,0.0,0.0,0.0,0.0,0.0,0.0,0.0,0.0,0.0,0.0,0.0,0.0,0.0,0.0,0.0,0.0,0.0,0.0,0.0,0.0,0.0,0.0,0.0,0.0,0.0,0.0,0.0,0.0,0.0,0.0,0.0,0.3015321005651675,0.0,0.0,0.0,0.0,0.0,0.0,0.0,0.0,0.0,0.0,0.0,0.0,0.0,0.0,0.0,0.0,0.0,0.0,0.0,0.0,0.0,0.0,0.0,0.0,0.0,0.0,0.0,0.0,0.0,0.0,0.0,0.0,0.0,0.0,0.0,0.0,0.0,0.0,0.0,0.0,0.0,0.0,0.0,0.0,0.0,0.0,0.0,0.0,0.0,0.0,0.0,0.0,0.0,0.0,0.0,0.0,0.0,0.0,0.0,0.0,0.0,0.0,0.0,0.0,0.0,0.0,0.0,0.0,0.0,0.0,0.0,0.0,0.0,0.0,0.0,0.0,0.0,0.0,0.0,0.0,0.0,0.0,0.0,0.0,0.0,0.0,0.0,0.0,0.0,0.0,0.0,0.0,0.0,0.0,0.0,0.0,0.0,0.0,0.0,0.0,0.0,0.0,0.0,0.0,0.0,0.0,0.0,0.0,0.0,0.0,0.0,0.0,0.0,0.0,0.0,0.0,0.0,0.0,0.0,0.0,0.0,0.0,0.0,0.0,0.0,0.0,0.0,0.0,0.0,0.0,0.0,0.0,0.0,0.0,0.0,0.0,0.0,0.0,0.0,0.0,0.0,0.0,0.0,0.0,0.0,0.0,0.0,0.0,0.0,0.0,0.0,0.0,0.0,0.0,0.0,0.0,0.0,0.0,0.0,0.0,0.0,0.0,0.0,0.0,0.0,0.0,0.0,0.0,0.0,0.0,0.0,0.0,0.0,0.0,0.0,0.0,0.0,0.0,0.0,0.0,0.0,0.0,0.0,0.0,0.0,0.0,0.0,0.0,0.0,0.0,0.0,0.34518351120109136,0.0,0.0,0.0,0.0,0.0,0.0,0.0,0.0,0.0,0.0,0.0,0.0,0.0,0.0
SD2401268,20대,음 근데 우리집이 꼭대기 층이라 그런지 좀 괜찮은 거 같은데. 층간 소음은 없는데 벽간 소음이 쪼금 있는 거 같아. 방이 그 방음이 잘 안 돼서 옆 문 그 첫 입구 문에만 서도 옆의 방이 뭐 유튜브 뭐 듣고 있는지 무슨 대화하고 있는지가 너무 잘 들려서 쪼끔 부담스럽긴 해. 근데 위에는 아무도 사람이 안 사니까 내가 살기에는 어 소음이 없어서 되게 좋은 거 같아. 그거 말고도 본가 살 때는 위층이 아빠 지인이 살았었는데 그래서 막 소음이 나도 뭐라 하기가 좀 그랬던 경험이 있어. 너는 지금 몇 층 정도에 살아? 층간 소음은 없어? 음 그 학 학교 들어오고 나서부터 2년 동안 여기 살고 올해 새로 계약해서 똑같은 데 연장해서 거기서 살고 있어. 아마 내년에는 교환 학생을 가서 없으니까 오빠가 혼자 살 거 같아 지금 같이 살고 있으니까. 그리고 사실 나는 올해 딱 계약 연장할 때쯤에 새로 구해서 따로따로 살고 싶었는데 아무래도 서울 뭐 월세가 비싸다 보니까 그냥 한집에서 해서 전세로 사는 게 낫겠다 싶어서 같이 살고 있는데. 어 아무래도 생활 패턴이나 그런 집안일 하는 거가 좀 안 맞아서 좀 그게 제일 힘들어서 따로 살고 싶었던 거 같아. 뭐 혼자 늦게 자고 그런 건 상관없는데 오빠가 게임을 하니까 늦게까지 게임하는 소리 계속 들려 오 들려 오고 하니까 나 자는 데 방에 돼서 그랬던 거 같아. 너는 그런 적은 없어? 어 중3 때까지 1곳에서 살았고 그 주 중3 이후에 약간 신도시 분양 그런 청약 담 당첨 돼 가지고 1번 이사를 갔었어. 근데 그 중3 때까지 계속 같은 지역에 살다 보니까 거기 유치원 초등학교 중학교 나오고 고등학교도 그쪽을 가려고 했는데 이사를 가게 돼서 혼자 떨어진 곳을 가니까 친구들이랑도 멀어지고 그러 그 뭐 원래 놀던 데에서도 못 놀고 이런 게 쪼끔 아쉽고 힘들긴 하더라고. 근데 집이 넓어서 되게 좋았던 거 같아. 나는 이사를 많이 안 해 봐서 막 해 보고 싶었다 이런 게 좀 컸었는데 주변에 이사 많이 다니는 사람은 안 그렇더라고. 이사를 그만 다니고 싶다 그러더라. 혹시 너도 그런 편이야? 음 나는 이사 간 다음에 우 이 이사 간 아파트 앞에 막 전원주택 같은 게 있는 거야. 그래서 나중에 이 또 이사를 가게 된다면은 저런 데에서 살고 싶다. 저런 데에서 마당에서 막 식물 키우고 동물 키우고 막 나만의 정원을 가꾸면서 2층 바 다락방에서 살고 싶다 막 이런 생각을 했었는데. 근데 막상 거기에 살면은 관리하는 게 되게 힘들어 보이더라고. 할머니 집도 그런 전원주택인데 조금만 뭘 관리를 안 해 줘도 잡초 자라고 먼지가 끼고 더러워지고 막 그런 게 많아서 관리가 힘들다고 하더라고. 근데 그럼에도 한 약간 한번쯤은 전원주택에 살고 싶다 이런 생각이 있는데. 너는 그런 어디에 살고 싶다 이런 로망 같은 게 있어? 어 전자레인지랑 냉장고 세탁기 이 이 정도는 원래 있었던 거 같고. 밥솥이랑 응 어 그 오븐 같은 거 뭐라고 하지. 그 아 에어프라이어는 사 왔고. 최근에 여름 되니까 벌레가 너무 많이 생기잖아. 특히 음식물에 벌레가 많이 생기는데 그래서 버리기가 너무 힘들어서 미생물로 분해해 주는 기계 그런 게 있더라고. 오빠가 인스타그램에서 찾아와서 막 우 이거 쓰자 막 그러면서 찾아왔던 기억이 있어. 그래서 그거를 지금 살까 고민 중에 있어. 그게 음식물 쓰레기를 넣으면은 미생물들이 분해를 해서 흙으로 바로 만들어 준대. 근데 그게 하루 만에 다 만들어 주고 냄새도 안 나서 좋다고 하더라고. 너는 혹시 집안일 같은 거는 어떻게 하는 편이야? 어 가끔 아니 자주 좀 싸운 싸우진 않고 이런 거에 대해 짜증을 내는 거 같긴 한데 내 방이 쓰레기 그 분리수거 하는 데 바로 앞에 있단 말이야. 그래서 오빠는 좀 멀어서 쓰레기 같은 걸 거기 내면 그만인데 나는 내고 나서 그게 분리수거가 잘 안 되어 있거나 막 더러운 게 섞여 있거나 하면은 냄새가 바로 내 방으로 들어온단 말이야. 그거 때문에 오빠한테 뭐라 한 적도 많았던 거 같고. 약간 분담 같은 게 예전에는 막 뭐 냉장고 청소 네가 1번 하면 내가 화장실 청소 1번 하고 이런 식으로 번갈아서 하자라고 말은 했는데 어느 순간 보니까 내가 다 하고 있더라고. 그래서 그거에 대해서 쌓아 놨다가 화내기 직전에 딱 말하면은 오빠가 또 눈치는 빨라 가지고 그제서야 부랴부랴 치우고 막 이래서 어 싸우지는 않았던 거 같아. 근데 자취를 하니까 확실히 본가 살 때는 엄마가 다 해 주고 그러는데 내가 다 해야 되니까 그게 힘든 거 같긴 해. 너는 자취하고 싶다는 생각은 없어? 아 나 처음에 집 들어올 때 막 냉장고랑 기본 가구에 막 여 연두색 띠가 막 둘러져 있는 거야. 기본 색깔로 막 있는 거야. 그래서 그걸 보고 아 진짜 별로다. 여기 살기 싫다 했었는데 막상 들어가 보니까 그런 거 별로 티도 안 나고 깔끔해 보이고 좋더라고. 그래서 그렇게 쓰고 있고. 뭔가 인테리어 아 그 자취하면 내 방식대로 바 집을 꾸미고 막 이렇게 써야지라는 생각은 있었는데 막상 있으니까 짐을 그 넣을 짐도 너무 많고 근데 그거에 비해 공간은 안 나오고 하니까 인테리어라고 할 것도 없이 그냥 짐을 넣어 놓은 거 같아. 내 방이 너무 작아서 옷장 같은 게 들어갈 공간이 안 나서 거실에다가 행거 설치해서 바로 옷 놓아두고. 그래서 뭔가 꾸미기도 애매하고 그랬던 거 같아. 너는 집 인테리어 어떤 편이야? 서울에서 살 수 있으면 좋을 거 같은데. 왜냐하면 여가 생활 같은 것도 훨씬 더 많이 할 수 있고 이제 거의 내 친구들이나 생활 반경이 서울에 중심에 맞춰져 있다 보니까 서울에서 생활하는 게 편하긴 한데 가끔씩 여기가 사람이 너무 많아서 내려가고 싶다라는 생각이 들긴 해. 근데 직장을 얻고 뭔가 더 발전을 하려면은 서울에서 사는 게 맞는 거 같아. 나는 그 본가 살 때는 지하에 헬스장이 있어서 그거를 썼단 말이야. 근데 자취를 하니까 그런 여가 시설 시 그 아무튼 시설들이 없어서 막 주변에서 주변 다른 헬스장을 등록해 놨단 말이야. 근데 너는 지금 어쨌든 본가에 살잖아. 큰 아파트에 사는데 그러면 거기에 막 여가 시설 같은 게 와 잘 마련되어 있어?,0.005747126436781609,0.017241379310344827,0.004597701149425287,0.0,0.005747126436781609,0.0034482758620689655,0.005747126436781609,0.008045977011494253,0.01839080459770115,0.029885057471264367,0.004597701149425287,0.027586206896551724,0.0,0.008045977011494253,0.0022988505747126436,0.0,0.0034482758620689655,0.0011494252873563218,0.03218390804597701,0.013793103448275862,0.0,0.0,0.0,0.0022988505747126436,0.0,0.004597701149425287,0.021839080459770115,0.0,0.0034482758620689655,0.0034482758620689655,0.04367816091954023,0.0,0.006896551724137931,0.0,0.004597701149425287,0.009195402298850575,0.0,0.0,0.011494252873563218,0.0011494252873563218,0.0,0.0022988505747126436,0.0,0.0,0.034482758620689655,0.004597701149425287,0.013793103448275862,0.0022988505747126436,0.004597701149425287,0.0367816091954023,0.009195402298850575,0.0011494252873563218,0.0,0.0022988505747126436,0.0,0.0011494252873563218,0.0011494252873563218,0.0022988505747126436,0.0,0.006896551724137931,0.0,0.0,0.0,0.0011494252873563218,0.006896551724137931,0.0022988505747126436,0.0022988505747126436,0.0011494252873563218,0.0011494252873563218,0.0,0.0,0.0,0.0022988505747126436,0.0,0.0,0.005747126436781609,0.0022988505747126436,0.0,0.006896551724137931,0.010344827586206896,0.0011494252873563218,0.0,0.0,0.0,0.0,0.004597701149425287,0.0034482758620689655,0.0,0.0022988505747126436,0.004597701149425287,0.0,0.0022988505747126436,0.0,0.0011494252873563218,0.0,0.0011494252873563218,0.0011494252873563218,0.0011494252873563218,0.0,0.0022988505747126436,0.004597701149425287,0.0011494252873563218,0.0,0.0,0.0,0.0,0.01264367816091954,0.009195402298850575,0.0,0.0011494252873563218,0.0011494252873563218,0.0022988505747126436,0.0011494252873563218,0.0,0.0,0.0011494252873563218,0.0,0.0,0.0011494252873563218,0.011494252873563218,0.0,0.005747126436781609,0.0011494252873563218,0.0,0.0022988505747126436,0.0011494252873563218,0.0011494252873563218,0.0,0.0022988505747126436,0.0,0.0,0.0,0.0,0.0034482758620689655,0.0,0.0,0.01839080459770115,0.0022988505747126436,0.0,0.0,0.0022988505747126436,0.0022988505747126436,0.0022988505747126436,0.0,0.0,0.005747126436781609,0.0011494252873563218,0.0,0.008045977011494253,0.0022988505747126436,0.0011494252873563218,0.005747126436781609,0.0011494252873563218,0.0,0.0,0.0011494252873563218,0.0,0.0011494252873563218,0.006896551724137931,0.0011494252873563218,0.0,0.0034482758620689655,0.0,0.0,0.0,0.004597701149425287,0.0011494252873563218,0.0011494252873563218,0.0,0.0,0.0011494252873563218,0.0,0.0,0.0,0.006896551724137931,0.0,0.0,0.0,0.0,0.0,0.0011494252873563218,0.0,0.0034482758620689655,0.0022988505747126436,0.0,0.0022988505747126436,0.0,0.0022988505747126436,0.0022988505747126436,0.0,0.0,0.0,0.0022988505747126436,0.0,0.0,0.0011494252873563218,0.0,0.0,0.0,0.0,0.0034482758620689655,0.0,0.004597701149425287,0.0,0.0,0.0,0.0,0.0,0.0,0.0011494252873563218,0.0,0.0,0.0,0.0,0.0011494252873563218,0.0,0.0011494252873563218,0.0,0.0011494252873563218,0.0,0.0022988505747126436,0.0,0.0011494252873563218,0.0022988505747126436,0.0,0.0,0.005747126436781609,0.0,0.0022988505747126436,0.0,0.0,0.0,0.0,0.0,0.0,0.0,0.0,0.0,0.0022988505747126436,0.0,0.0,0.0,0.004597701149425287,0.0,0.0,0.0,0.0,0.0,0.0,0.0,0.0,0.0,0.0,0.0,0.0,0.0,0.006896551724137931,0.0034482758620689655,0.0011494252873563218,0.0011494252873563218,0.0011494252873563218,0.0011494252873563218,0.0022988505747126436,0.0022988505747126436,0.0011494252873563218,0.0011494252873563218,0.0011494252873563218,0.0011494252873563218,0.0011494252873563218,0.0011494252873563218,0.0034482758620689655,0.0011494252873563218,0.005747126436781609,0.0011494252873563218,0.0011494252873563218,0.0011494252873563218,0.0022988505747126436,0.0022988505747126436,0.0011494252873563218,0.0022988505747126436,0.0011494252873563218,0.0011494252873563218,0.0011494252873563218,0.0011494252873563218,0.0022988505747126436,0.0011494252873563218,0.0011494252873563218,0.0011494252873563218,0.0022988505747126436,0.0011494252873563218,0.0011494252873563218,0.0011494252873563218,0.0011494252873563218,0.0011494252873563218,0.0011494252873563218,0.0011494252873563218,0.0011494252873563218,0.0022988505747126436,0.0022988505747126436,0.0011494252873563218,0.0011494252873563218,0.0011494252873563218,0.0022988505747126436,0.0011494252873563218,0.0011494252873563218,0.0034482758620689655,0.0011494252873563218,0.0011494252873563218,0.0011494252873563218,0.0011494252873563218,0.0011494252873563218,0.0011494252873563218,0.0011494252873563218,0.0022988505747126436,0.0011494252873563218,0.0022988505747126436,0.0022988505747126436,0.0011494252873563218,0.0011494252873563218,0.0034482758620689655,0.0011494252873563218,0.0011494252873563218,0.0022988505747126436,0.0011494252873563218,0.0022988505747126436,0.0011494252873563218,0.0011494252873563218,0.0022988505747126436,0.0011494252873563218,0.0011494252873563218,0.0011494252873563218,0.0022988505747126436,0.0011494252873563218,0.0034482758620689655,0.0034482758620689655,0.0022988505747126436,0.0011494252873563218,0.0011494252873563218,0.0011494252873563218,0.0011494252873563218,0.0011494252873563218,0.0011494252873563218,0.0011494252873563218,0.004597701149425287,0.0011494252873563218,0.0011494252873563218,0.0011494252873563218,0.0011494252873563218,0.0022988505747126436,0.0011494252873563218,0.0011494252873563218,0.0011494252873563218,0.0034482758620689655,0.0011494252873563218,0.0011494252873563218,0.0011494252873563218,0.0011494252873563218,0.0022988505747126436,0.0011494252873563218,0.0022988505747126436,0.0022988505747126436,0.0022988505747126436,0.0011494252873563218,0.0011494252873563218,0.0011494252873563218,0.0011494252873563218,0.0022988505747126436,0.0011494252873563218,0.0034482758620689655,0.0034482758620689655,0.0011494252873563218,0.004597701149425287,0.0011494252873563218,0.0011494252873563218,0.0022988505747126436,0.0022988505747126436,0.0011494252873563218,0.0011494252873563218,0.0011494252873563218,0.0022988505747126436,0.0011494252873563218,0.0022988505747126436,0.0022988505747126436,0.0011494252873563218,0.0011494252873563218,0.0011494252873563218,0.0011494252873563218,0.0011494252873563218,0.0011494252873563218,0.0011494252873563218,0.0011494252873563218,0.0011494252873563218,0.0011494252873563218,0.0011494252873563218,0.0011494252873563218,0.0022988505747126436,0.0011494252873563218,0.0011494252873563218,0.0011494252873563218,0.0011494252873563218,0.0011494252873563218,0.0011494252873563218,0.0011494252873563218,0.0011494252873563218,0.0011494252873563218,0.0011494252873563218,0.0011494252873563218,0.0022988505747126436,0.0011494252873563218,0.0011494252873563218,0.0011494252873563218,0.0011494252873563218,0.0011494252873563218,0.0022988505747126436,0.0011494252873563218,0.0022988505747126436,0.0011494252873563218,0.0011494252873563218,0.0011494252873563218,0.0034482758620689655,0.0011494252873563218,0.0011494252873563218,0.0011494252873563218,0.0011494252873563218,0.0011494252873563218,0.0011494252873563218,0.0011494252873563218,0.0011494252873563218,0.0011494252873563218,0.0011494252873563218,0.0011494252873563218,0.0011494252873563218,0.0034482758620689655,0.0011494252873563218,0.0022988505747126436,0.0011494252873563218,0.0011494252873563218,0.0011494252873563218,0.0011494252873563218,0.0011494252873563218,0.0011494252873563218,0.0011494252873563218,0.0011494252873563218,0.0011494252873563218,0.0011494252873563218,0.0011494252873563218,0.0011494252873563218,0.0011494252873563218,0.0011494252873563218,0.0011494252873563218,0.0011494252873563218,0.0011494252873563218,0.0011494252873563218,0.0,0.0,0.0,0.0,0.0,0.0,0.0,0.0,0.0,0.0,0.0,0.0,0.0,0.0,0.0,0.0,0.0,0.0,0.0,0.0,0.0,0.0,0.0,0.0,0.0,0.0,0.0,0.0,0.0,0.0,0.0,0.0,0.0,0.0,0.0,0.0,0.0,0.0,0.0,0.0,0.0,0.0,0.0,0.0,0.0,0.0,0.0,0.0,0.0,0.0,0.0,0.0,0.0,0.0,0.0,0.0,0.0,0.0,0.0,0.0,0.0,0.0,0.0,0.0,0.0,0.0,0.0,0.0,0.0,0.0,0.0,0.0,0.0,0.0,0.0,0.0,0.0,0.0,0.0,0.0,0.0,0.0,0.0,0.0,0.0,0.0,0.0,0.0,0.0,0.0,0.0,0.0,0.0,0.0,0.0,0.0,0.3073645082097293,0.0,0.0,0.0,0.0,0.0,0.0,0.0,0.0,0.0,0.0,0.0,0.0,0.0,0.0,0.0,0.0,0.0,0.0,0.0,0.0,0.0,0.0,0.0,0.0,0.0,0.0,0.0,0.0,0.0,0.0,0.0,0.0,0.0,0.0,0.0,0.0,0.0,0.0,0.0,0.0,0.0,0.0,0.0,0.0,0.0,0.0,0.0,0.0,0.0,0.0,0.0,0.0,0.0,0.0,0.0,0.0,0.0,0.0,0.0,0.0,0.0,0.0,0.0,0.0,0.0,0.0,0.3073645082097293,0.3073645082097293,0.0,0.0,0.0,0.0,0.0,0.0,0.0,0.0,0.0,0.0,0.0,0.0,0.0,0.0,0.0,0.0,0.0,0.0,0.0,0.0,0.0,0.0,0.0,0.0,0.0,0.0,0.0,0.0,0.0,0.0,0.0,0.0,0.0,0.3073645082097293,0.0,0.0,0.0,0.0,0.0,0.0,0.0,0.0,0.0,0.0,0.0,0.0,0.0,0.0,0.0,0.0,0.0,0.0,0.0,0.0,0.0,0.0,0.0,0.0,0.0,0.0,0.0,0.0,0.0,0.0,0.0,0.0,0.0,0.0,0.0,0.0,0.0,0.0,0.0,0.0,0.0,0.0,0.0,0.0,0.0,0.0,0.0,0.0,0.0,0.0,0.0,0.0,0.0,0.0,0.0,0.0,0.0,0.0,0.0,0.0,0.0,0.0,0.0,0.0,0.0,0.0,0.0,0.3073645082097293,0.0,0.0,0.0,0.0,0.0,0.0,0.0,0.0,0.0,0.0,0.0,0.0,0.0,0.0,0.0,0.0,0.0,0.0,0.0,0.0,0.0,0.0,0.0,0.0,0.0,0.0,0.0,0.0,0.0,0.0,0.0,0.0,0.0,0.0,0.0,0.0,0.0,0.0,0.0,0.0,0.0,0.0,0.0,0.0,0.0,0.0,0.0,0.0,0.0,0.0,0.0,0.0,0.0,0.0,0.0,0.0,0.0,0.0,0.0,0.0,0.0,0.0,0.0,0.0,0.0,0.0,0.0,0.0,0.0,0.0,0.0,0.0,0.0,0.0,0.0,0.0,0.0,0.0,0.0,0.0,0.0,0.0,0.0,0.0,0.0,0.0,0.0,0.0,0.0,0.0,0.0,0.0,0.0,0.0,0.0,0.0,0.0,0.0,0.0,0.0,0.0,0.0,0.0,0.0,0.0,0.0,0.0,0.0,0.0,0.0,0.0,0.0,0.0,0.0,0.0,0.0,0.0,0.0,0.0,0.0,0.0,0.0,0.0,0.0,0.0,0.0,0.0,0.0,0.0,0.0,0.0,0.0,0.0,0.0,0.0,0.0,0.0,0.0,0.0,0.0,0.0,0.0,0.0,0.0,0.0,0.0,0.0,0.0,0.0,0.0,0.0,0.0,0.0,0.0,0.0,0.0,0.0,0.3073645082097293,0.0,0.0,0.0,0.0,0.0,0.0,0.0,0.0,0.0,0.0,0.0,0.0,0.0,0.0,0.0,0.0,0.0,0.0,0.0,0.0,0.0,0.0,0.0,0.0,0.0,0.0,0.0,0.0,0.0,0.0,0.0,0.0,0.0,0.0,0.0,0.0,0.0,0.0,0.0,0.0,0.0,0.0,0.0,0.0,0.0,0.0,0.0,0.0,0.0,0.0,0.0,0.0,0.0,0.0,0.0,0.0,0.0,0.0,0.0,0.0,0.0,0.0,0.0,0.0,0.0,0.0,0.0,0.0,0.0,0.0,0.0,0.0,0.0,0.0,0.0,0.0,0.0,0.25675026904125287,0.0,0.0,0.0,0.0,0.0,0.0,0.0,0.0,0.0,0.0,0.0,0.0,0.0,0.1830072299257573,0.0,0.0,0.0,0.0,0.0,0.0,0.0,0.0,0.0,0.0,0.0,0.0,0.0,0.0,0.0,0.0,0.0,0.0,0.0,0.0,0.0,0.0,0.0,0.0,0.0,0.0,0.0,0.0,0.0,0.0,0.0,0.0,0.0,0.0,0.0,0.0,0.0,0.0,0.0,0.0,0.0,0.0,0.0,0.0,0.0,0.0,0.0,0.0,0.0,0.0,0.0,0.0,0.0,0.0,0.0,0.0,0.0,0.0,0.0,0.0,0.0,0.0,0.0,0.0,0.0,0.0,0.0,0.0,0.0,0.0,0.0,0.0,0.0,0.0,0.0,0.0,0.0,0.0,0.0,0.0,0.0,0.0,0.0,0.0,0.0,0.0,0.0,0.0,0.0,0.0,0.0,0.0,0.0,0.0,0.0,0.0,0.0,0.0,0.0,0.0,0.0,0.0,0.0,0.0,0.0,0.0,0.0,0.0,0.0,0.0,0.0,0.0,0.0,0.0,0.0,0.0,0.0,0.0,0.0,0.269076314347877,0.0,0.0,0.0,0.0,0.0,0.0,0.0,0.0,0.0,0.0,0.0,0.0,0.0,0.0,0.0,0.0,0.0,0.0,0.0,0.0,0.0,0.3073645082097293,0.0,0.0,0.0,0.0,0.0,0.0,0.0,0.0,0.0,0.0,0.0,0.0,0.0,0.0,0.0,0.0,0.0,0.0,0.0,0.269076314347877,0.0,0.0,0.0,0.0,0.0,0.0,0.0,0.0,0.0,0.0,0.0,0.0,0.0,0.0,0.0,0.0,0.0,0.0,0.0,0.0,0.0,0.0,0.0,0.0,0.0,0.0,0.0,0.0,0.0,0.0,0.0,0.0,0.0,0.0,0.0,0.0,0.0,0.0,0.0,0.0,0.0,0.0,0.0,0.0,0.3073645082097293,0.0,0.0,0.0
SD2401268,20대,음 근데 우리집이 꼭대기 층이라 그런지 좀 괜찮은 거 같은데. 층간 소음은 없는데 벽간 소음이 쪼금 있는 거 같아. 방이 그 방음이 잘 안 돼서 옆 문 그 첫 입구 문에만 서도 옆의 방이 뭐 유튜브 뭐 듣고 있는지 무슨 대화하고 있는지가 너무 잘 들려서 쪼끔 부담스럽긴 해. 근데 위에는 아무도 사람이 안 사니까 내가 살기에는 어 소음이 없어서 되게 좋은 거 같아. 그거 말고도 본가 살 때는 위층이 아빠 지인이 살았었는데 그래서 막 소음이 나도 뭐라 하기가 좀 그랬던 경험이 있어. 너는 지금 몇 층 정도에 살아? 층간 소음은 없어? 음 그 학 학교 들어오고 나서부터 2년 동안 여기 살고 올해 새로 계약해서 똑같은 데 연장해서 거기서 살고 있어. 아마 내년에는 교환 학생을 가서 없으니까 오빠가 혼자 살 거 같아 지금 같이 살고 있으니까. 그리고 사실 나는 올해 딱 계약 연장할 때쯤에 새로 구해서 따로따로 살고 싶었는데 아무래도 서울 뭐 월세가 비싸다 보니까 그냥 한집에서 해서 전세로 사는 게 낫겠다 싶어서 같이 살고 있는데. 어 아무래도 생활 패턴이나 그런 집안일 하는 거가 좀 안 맞아서 좀 그게 제일 힘들어서 따로 살고 싶었던 거 같아. 뭐 혼자 늦게 자고 그런 건 상관없는데 오빠가 게임을 하니까 늦게까지 게임하는 소리 계속 들려 오 들려 오고 하니까 나 자는 데 방에 돼서 그랬던 거 같아. 너는 그런 적은 없어? 어 중3 때까지 1곳에서 살았고 그 주 중3 이후에 약간 신도시 분양 그런 청약 담 당첨 돼 가지고 1번 이사를 갔었어. 근데 그 중3 때까지 계속 같은 지역에 살다 보니까 거기 유치원 초등학교 중학교 나오고 고등학교도 그쪽을 가려고 했는데 이사를 가게 돼서 혼자 떨어진 곳을 가니까 친구들이랑도 멀어지고 그러 그 뭐 원래 놀던 데에서도 못 놀고 이런 게 쪼끔 아쉽고 힘들긴 하더라고. 근데 집이 넓어서 되게 좋았던 거 같아. 나는 이사를 많이 안 해 봐서 막 해 보고 싶었다 이런 게 좀 컸었는데 주변에 이사 많이 다니는 사람은 안 그렇더라고. 이사를 그만 다니고 싶다 그러더라. 혹시 너도 그런 편이야? 음 나는 이사 간 다음에 우 이 이사 간 아파트 앞에 막 전원주택 같은 게 있는 거야. 그래서 나중에 이 또 이사를 가게 된다면은 저런 데에서 살고 싶다. 저런 데에서 마당에서 막 식물 키우고 동물 키우고 막 나만의 정원을 가꾸면서 2층 바 다락방에서 살고 싶다 막 이런 생각을 했었는데. 근데 막상 거기에 살면은 관리하는 게 되게 힘들어 보이더라고. 할머니 집도 그런 전원주택인데 조금만 뭘 관리를 안 해 줘도 잡초 자라고 먼지가 끼고 더러워지고 막 그런 게 많아서 관리가 힘들다고 하더라고. 근데 그럼에도 한 약간 한번쯤은 전원주택에 살고 싶다 이런 생각이 있는데. 너는 그런 어디에 살고 싶다 이런 로망 같은 게 있어? 어 전자레인지랑 냉장고 세탁기 이 이 정도는 원래 있었던 거 같고. 밥솥이랑 응 어 그 오븐 같은 거 뭐라고 하지. 그 아 에어프라이어는 사 왔고. 최근에 여름 되니까 벌레가 너무 많이 생기잖아. 특히 음식물에 벌레가 많이 생기는데 그래서 버리기가 너무 힘들어서 미생물로 분해해 주는 기계 그런 게 있더라고. 오빠가 인스타그램에서 찾아와서 막 우 이거 쓰자 막 그러면서 찾아왔던 기억이 있어. 그래서 그거를 지금 살까 고민 중에 있어. 그게 음식물 쓰레기를 넣으면은 미생물들이 분해를 해서 흙으로 바로 만들어 준대. 근데 그게 하루 만에 다 만들어 주고 냄새도 안 나서 좋다고 하더라고. 너는 혹시 집안일 같은 거는 어떻게 하는 편이야? 어 가끔 아니 자주 좀 싸운 싸우진 않고 이런 거에 대해 짜증을 내는 거 같긴 한데 내 방이 쓰레기 그 분리수거 하는 데 바로 앞에 있단 말이야. 그래서 오빠는 좀 멀어서 쓰레기 같은 걸 거기 내면 그만인데 나는 내고 나서 그게 분리수거가 잘 안 되어 있거나 막 더러운 게 섞여 있거나 하면은 냄새가 바로 내 방으로 들어온단 말이야. 그거 때문에 오빠한테 뭐라 한 적도 많았던 거 같고. 약간 분담 같은 게 예전에는 막 뭐 냉장고 청소 네가 1번 하면 내가 화장실 청소 1번 하고 이런 식으로 번갈아서 하자라고 말은 했는데 어느 순간 보니까 내가 다 하고 있더라고. 그래서 그거에 대해서 쌓아 놨다가 화내기 직전에 딱 말하면은 오빠가 또 눈치는 빨라 가지고 그제서야 부랴부랴 치우고 막 이래서 어 싸우지는 않았던 거 같아. 근데 자취를 하니까 확실히 본가 살 때는 엄마가 다 해 주고 그러는데 내가 다 해야 되니까 그게 힘든 거 같긴 해. 너는 자취하고 싶다는 생각은 없어? 아 나 처음에 집 들어올 때 막 냉장고랑 기본 가구에 막 여 연두색 띠가 막 둘러져 있는 거야. 기본 색깔로 막 있는 거야. 그래서 그걸 보고 아 진짜 별로다. 여기 살기 싫다 했었는데 막상 들어가 보니까 그런 거 별로 티도 안 나고 깔끔해 보이고 좋더라고. 그래서 그렇게 쓰고 있고. 뭔가 인테리어 아 그 자취하면 내 방식대로 바 집을 꾸미고 막 이렇게 써야지라는 생각은 있었는데 막상 있으니까 짐을 그 넣을 짐도 너무 많고 근데 그거에 비해 공간은 안 나오고 하니까 인테리어라고 할 것도 없이 그냥 짐을 넣어 놓은 거 같아. 내 방이 너무 작아서 옷장 같은 게 들어갈 공간이 안 나서 거실에다가 행거 설치해서 바로 옷 놓아두고. 그래서 뭔가 꾸미기도 애매하고 그랬던 거 같아. 너는 집 인테리어 어떤 편이야? 서울에서 살 수 있으면 좋을 거 같은데. 왜냐하면 여가 생활 같은 것도 훨씬 더 많이 할 수 있고 이제 거의 내 친구들이나 생활 반경이 서울에 중심에 맞춰져 있다 보니까 서울에서 생활하는 게 편하긴 한데 가끔씩 여기가 사람이 너무 많아서 내려가고 싶다라는 생각이 들긴 해. 근데 직장을 얻고 뭔가 더 발전을 하려면은 서울에서 사는 게 맞는 거 같아. 나는 그 본가 살 때는 지하에 헬스장이 있어서 그거를 썼단 말이야. 근데 자취를 하니까 그런 여가 시설 시 그 아무튼 시설들이 없어서 막 주변에서 주변 다른 헬스장을 등록해 놨단 말이야. 근데 너는 지금 어쨌든 본가에 살잖아. 큰 아파트에 사는데 그러면 거기에 막 여가 시설 같은 게 와 잘 마련되어 있어?,0.005747126436781609,0.017241379310344827,0.004597701149425287,0.0,0.005747126436781609,0.0034482758620689655,0.005747126436781609,0.008045977011494253,0.01839080459770115,0.029885057471264367,0.004597701149425287,0.027586206896551724,0.0,0.008045977011494253,0.0022988505747126436,0.0,0.0034482758620689655,0.0011494252873563218,0.03218390804597701,0.013793103448275862,0.0,0.0,0.0,0.0022988505747126436,0.0,0.004597701149425287,0.021839080459770115,0.0,0.0034482758620689655,0.0034482758620689655,0.04367816091954023,0.0,0.006896551724137931,0.0,0.004597701149425287,0.009195402298850575,0.0,0.0,0.011494252873563218,0.0011494252873563218,0.0,0.0022988505747126436,0.0,0.0,0.034482758620689655,0.004597701149425287,0.013793103448275862,0.0022988505747126436,0.004597701149425287,0.0367816091954023,0.009195402298850575,0.0011494252873563218,0.0,0.0022988505747126436,0.0,0.0011494252873563218,0.0011494252873563218,0.0022988505747126436,0.0,0.006896551724137931,0.0,0.0,0.0,0.0011494252873563218,0.006896551724137931,0.0022988505747126436,0.0022988505747126436,0.0011494252873563218,0.0011494252873563218,0.0,0.0,0.0,0.0022988505747126436,0.0,0.0,0.005747126436781609,0.0022988505747126436,0.0,0.006896551724137931,0.010344827586206896,0.0011494252873563218,0.0,0.0,0.0,0.0,0.004597701149425287,0.0034482758620689655,0.0,0.0022988505747126436,0.004597701149425287,0.0,0.0022988505747126436,0.0,0.0011494252873563218,0.0,0.0011494252873563218,0.0011494252873563218,0.0011494252873563218,0.0,0.0022988505747126436,0.004597701149425287,0.0011494252873563218,0.0,0.0,0.0,0.0,0.01264367816091954,0.009195402298850575,0.0,0.0011494252873563218,0.0011494252873563218,0.0022988505747126436,0.0011494252873563218,0.0,0.0,0.0011494252873563218,0.0,0.0,0.0011494252873563218,0.011494252873563218,0.0,0.005747126436781609,0.0011494252873563218,0.0,0.0022988505747126436,0.0011494252873563218,0.0011494252873563218,0.0,0.0022988505747126436,0.0,0.0,0.0,0.0,0.0034482758620689655,0.0,0.0,0.01839080459770115,0.0022988505747126436,0.0,0.0,0.0022988505747126436,0.0022988505747126436,0.0022988505747126436,0.0,0.0,0.005747126436781609,0.0011494252873563218,0.0,0.008045977011494253,0.0022988505747126436,0.0011494252873563218,0.005747126436781609,0.0011494252873563218,0.0,0.0,0.0011494252873563218,0.0,0.0011494252873563218,0.006896551724137931,0.0011494252873563218,0.0,0.0034482758620689655,0.0,0.0,0.0,0.004597701149425287,0.0011494252873563218,0.0011494252873563218,0.0,0.0,0.0011494252873563218,0.0,0.0,0.0,0.006896551724137931,0.0,0.0,0.0,0.0,0.0,0.0011494252873563218,0.0,0.0034482758620689655,0.0022988505747126436,0.0,0.0022988505747126436,0.0,0.0022988505747126436,0.0022988505747126436,0.0,0.0,0.0,0.0022988505747126436,0.0,0.0,0.0011494252873563218,0.0,0.0,0.0,0.0,0.0034482758620689655,0.0,0.004597701149425287,0.0,0.0,0.0,0.0,0.0,0.0,0.0011494252873563218,0.0,0.0,0.0,0.0,0.0011494252873563218,0.0,0.0011494252873563218,0.0,0.0011494252873563218,0.0,0.0022988505747126436,0.0,0.0011494252873563218,0.0022988505747126436,0.0,0.0,0.005747126436781609,0.0,0.0022988505747126436,0.0,0.0,0.0,0.0,0.0,0.0,0.0,0.0,0.0,0.0022988505747126436,0.0,0.0,0.0,0.004597701149425287,0.0,0.0,0.0,0.0,0.0,0.0,0.0,0.0,0.0,0.0,0.0,0.0,0.0,0.006896551724137931,0.0034482758620689655,0.0011494252873563218,0.0011494252873563218,0.0011494252873563218,0.0011494252873563218,0.0022988505747126436,0.0022988505747126436,0.0011494252873563218,0.0011494252873563218,0.0011494252873563218,0.0011494252873563218,0.0011494252873563218,0.0011494252873563218,0.0034482758620689655,0.0011494252873563218,0.005747126436781609,0.0011494252873563218,0.0011494252873563218,0.0011494252873563218,0.0022988505747126436,0.0022988505747126436,0.0011494252873563218,0.0022988505747126436,0.0011494252873563218,0.0011494252873563218,0.0011494252873563218,0.0011494252873563218,0.0022988505747126436,0.0011494252873563218,0.0011494252873563218,0.0011494252873563218,0.0022988505747126436,0.0011494252873563218,0.0011494252873563218,0.0011494252873563218,0.0011494252873563218,0.0011494252873563218,0.0011494252873563218,0.0011494252873563218,0.0011494252873563218,0.0022988505747126436,0.0022988505747126436,0.0011494252873563218,0.0011494252873563218,0.0011494252873563218,0.0022988505747126436,0.0011494252873563218,0.0011494252873563218,0.0034482758620689655,0.0011494252873563218,0.0011494252873563218,0.0011494252873563218,0.0011494252873563218,0.0011494252873563218,0.0011494252873563218,0.0011494252873563218,0.0022988505747126436,0.0011494252873563218,0.0022988505747126436,0.0022988505747126436,0.0011494252873563218,0.0011494252873563218,0.0034482758620689655,0.0011494252873563218,0.0011494252873563218,0.0022988505747126436,0.0011494252873563218,0.0022988505747126436,0.0011494252873563218,0.0011494252873563218,0.0022988505747126436,0.0011494252873563218,0.0011494252873563218,0.0011494252873563218,0.0022988505747126436,0.0011494252873563218,0.0034482758620689655,0.0034482758620689655,0.0022988505747126436,0.0011494252873563218,0.0011494252873563218,0.0011494252873563218,0.0011494252873563218,0.0011494252873563218,0.0011494252873563218,0.0011494252873563218,0.004597701149425287,0.0011494252873563218,0.0011494252873563218,0.0011494252873563218,0.0011494252873563218,0.0022988505747126436,0.0011494252873563218,0.0011494252873563218,0.0011494252873563218,0.0034482758620689655,0.0011494252873563218,0.0011494252873563218,0.0011494252873563218,0.0011494252873563218,0.0022988505747126436,0.0011494252873563218,0.0022988505747126436,0.0022988505747126436,0.0022988505747126436,0.0011494252873563218,0.0011494252873563218,0.0011494252873563218,0.0011494252873563218,0.0022988505747126436,0.0011494252873563218,0.0034482758620689655,0.0034482758620689655,0.0011494252873563218,0.004597701149425287,0.0011494252873563218,0.0011494252873563218,0.0022988505747126436,0.0022988505747126436,0.0011494252873563218,0.0011494252873563218,0.0011494252873563218,0.0022988505747126436,0.0011494252873563218,0.0022988505747126436,0.0022988505747126436,0.0011494252873563218,0.0011494252873563218,0.0011494252873563218,0.0011494252873563218,0.0011494252873563218,0.0011494252873563218,0.0011494252873563218,0.0011494252873563218,0.0011494252873563218,0.0011494252873563218,0.0011494252873563218,0.0011494252873563218,0.0022988505747126436,0.0011494252873563218,0.0011494252873563218,0.0011494252873563218,0.0011494252873563218,0.0011494252873563218,0.0011494252873563218,0.0011494252873563218,0.0011494252873563218,0.0011494252873563218,0.0011494252873563218,0.0011494252873563218,0.0022988505747126436,0.0011494252873563218,0.0011494252873563218,0.0011494252873563218,0.0011494252873563218,0.0011494252873563218,0.0022988505747126436,0.0011494252873563218,0.0022988505747126436,0.0011494252873563218,0.0011494252873563218,0.0011494252873563218,0.0034482758620689655,0.0011494252873563218,0.0011494252873563218,0.0011494252873563218,0.0011494252873563218,0.0011494252873563218,0.0011494252873563218,0.0011494252873563218,0.0011494252873563218,0.0011494252873563218,0.0011494252873563218,0.0011494252873563218,0.0011494252873563218,0.0034482758620689655,0.0011494252873563218,0.0022988505747126436,0.0011494252873563218,0.0011494252873563218,0.0011494252873563218,0.0011494252873563218,0.0011494252873563218,0.0011494252873563218,0.0011494252873563218,0.0011494252873563218,0.0011494252873563218,0.0011494252873563218,0.0011494252873563218,0.0011494252873563218,0.0011494252873563218,0.0011494252873563218,0.0011494252873563218,0.0011494252873563218,0.0011494252873563218,0.0011494252873563218,0.0,0.0,0.0,0.0,0.0,0.0,0.0,0.0,0.0,0.0,0.0,0.0,0.0,0.0,0.0,0.0,0.0,0.0,0.0,0.0,0.0,0.0,0.0,0.0,0.0,0.0,0.0,0.0,0.0,0.0,0.0,0.0,0.0,0.0,0.0,0.0,0.0,0.0,0.2888005582020568,0.0,0.0,0.0,0.0,0.0,0.0,0.0,0.0,0.0,0.0,0.0,0.0,0.0,0.0,0.0,0.0,0.0,0.0,0.0,0.0,0.0,0.0,0.0,0.0,0.0,0.0,0.0,0.0,0.0,0.0,0.0,0.0,0.0,0.0,0.0,0.0,0.0,0.0,0.0,0.0,0.0,0.0,0.0,0.0,0.0,0.0,0.0,0.0,0.0,0.0,0.0,0.0,0.0,0.0,0.0,0.0,0.0,0.0,0.0,0.0,0.0,0.0,0.0,0.0,0.0,0.0,0.0,0.0,0.0,0.0,0.0,0.0,0.0,0.0,0.0,0.0,0.3037808193997005,0.0,0.0,0.0,0.0,0.0,0.0,0.0,0.0,0.0,0.0,0.0,0.0,0.0,0.0,0.0,0.0,0.0,0.0,0.0,0.0,0.0,0.0,0.0,0.0,0.0,0.0,0.0,0.0,0.0,0.0,0.0,0.0,0.0,0.0,0.0,0.0,0.0,0.0,0.0,0.0,0.0,0.48504663765733014,0.0,0.0,0.0,0.0,0.0,0.0,0.0,0.0,0.0,0.0,0.0,0.0,0.0,0.0,0.0,0.0,0.0,0.0,0.0,0.0,0.0,0.0,0.0,0.0,0.0,0.0,0.0,0.0,0.0,0.0,0.0,0.0,0.0,0.0,0.0,0.0,0.0,0.0,0.0,0.0,0.0,0.0,0.0,0.0,0.0,0.0,0.0,0.0,0.0,0.38928012945703705,0.0,0.0,0.0,0.0,0.0,0.0,0.0,0.0,0.0,0.0,0.0,0.0,0.0,0.0,0.0,0.0,0.0,0.0,0.0,0.0,0.0,0.0,0.0,0.0,0.0,0.0,0.0,0.0,0.0,0.0,0.0,0.0,0.0,0.0,0.0,0.0,0.0,0.0,0.0,0.0,0.0,0.0,0.0,0.0,0.0,0.0,0.0,0.0,0.0,0.0,0.0,0.0,0.0,0.0,0.0,0.0,0.0,0.0,0.0,0.0,0.0,0.0,0.0,0.0,0.0,0.0,0.0,0.0,0.0,0.0,0.0,0.0,0.0,0.0,0.0,0.0,0.0,0.0,0.0,0.0,0.0,0.0,0.0,0.0,0.0,0.0,0.0,0.0,0.0,0.0,0.0,0.0,0.0,0.0,0.0,0.0,0.0,0.0,0.0,0.0,0.0,0.0,0.0,0.0,0.0,0.0,0.0,0.0,0.0,0.0,0.0,0.0,0.0,0.0,0.0,0.0,0.0,0.0,0.0,0.0,0.0,0.0,0.0,0.0,0.0,0.0,0.0,0.0,0.0,0.0,0.0,0.0,0.0,0.0,0.0,0.0,0.0,0.0,0.0,0.0,0.0,0.0,0.0,0.0,0.0,0.0,0.0,0.0,0.0,0.0,0.0,0.0,0.0,0.0,0.0,0.0,0.0,0.0,0.0,0.0,0.0,0.0,0.0,0.0,0.0,0.0,0.0,0.0,0.0,0.0,0.0,0.0,0.0,0.0,0.0,0.0,0.0,0.0,0.0,0.0,0.0,0.0,0.0,0.0,0.0,0.0,0.0,0.0,0.0,0.0,0.0,0.0,0.0,0.0,0.0,0.0,0.0,0.0,0.0,0.0,0.0,0.0,0.0,0.0,0.0,0.0,0.0,0.0,0.0,0.0,0.0,0.0,0.0,0.0,0.0,0.0,0.0,0.0,0.0,0.0,0.0,0.0,0.0,0.0,0.0,0.0,0.0,0.0,0.0,0.0,0.0,0.0,0.0,0.0,0.0,0.0,0.0,0.0,0.0,0.0,0.0,0.0,0.0,0.0,0.0,0.0,0.0,0.0,0.0,0.0,0.0,0.0,0.0,0.0,0.0,0.0,0.0,0.0,0.0,0.0,0.0,0.0,0.0,0.0,0.0,0.0,0.0,0.0,0.0,0.0,0.0,0.0,0.0,0.0,0.0,0.0,0.0,0.0,0.0,0.0,0.0,0.0,0.0,0.0,0.0,0.0,0.0,0.0,0.0,0.0,0.0,0.0,0.0,0.0,0.0,0.0,0.0,0.0,0.0,0.0,0.0,0.0,0.0,0.0,0.0,0.0,0.0,0.0,0.0,0.0,0.0,0.0,0.0,0.0,0.0,0.0,0.0,0.0,0.0,0.0,0.0,0.0,0.0,0.0,0.0,0.0,0.0,0.0,0.0,0.0,0.0,0.0,0.0,0.0,0.0,0.0,0.0,0.0,0.0,0.0,0.0,0.0,0.0,0.0,0.0,0.0,0.0,0.0,0.0,0.0,0.0,0.0,0.0,0.0,0.0,0.0,0.0,0.0,0.0,0.0,0.0,0.0,0.0,0.0,0.0,0.0,0.0,0.0,0.0,0.0,0.0,0.0,0.0,0.0,0.0,0.0,0.0,0.0,0.0,0.0,0.0,0.0,0.0,0.0,0.0,0.0,0.0,0.0,0.4497020688762469,0.0,0.0,0.0,0.0,0.0,0.0,0.0,0.0,0.0,0.0,0.0,0.0,0.0,0.0,0.0,0.0,0.0,0.0,0.0,0.0,0.0,0.0,0.0,0.0,0.0,0.0,0.0,0.0,0.0,0.0,0.0,0.0,0.0,0.0,0.0,0.48504663765733014,0.0,0.0,0.0,0.0,0.0,0.0,0.0,0.0,0.0,0.0,0.0,0.0,0.0,0.0,0.0,0.0,0.0,0.0,0.0,0.0,0.0,0.0,0.0,0.0,0.0,0.0,0.0,0.0,0.0,0.0,0.0,0.0,0.0,0.0,0.0,0.0,0.0,0.0,0.0,0.0,0.0,0.0,0.0,0.0,0.0,0.0,0.0,0.0,0.0,0.0,0.0,0.0,0.0,0.0,0.0,0.0,0.0,0.0,0.0,0.0,0.0,0.0,0.0,0.0,0.0,0.0,0.0,0.0,0.0,0.0,0.0,0.0,0.0,0.0,0.0,0.0,0.0,0.0,0.0,0.0,0.0,0.0,0.0,0.0,0.0,0.0,0.0,0.0,0.0,0.0,0.0,0.0,0.0,0.0
SD2401268,20대,음 근데 우리집이 꼭대기 층이라 그런지 좀 괜찮은 거 같은데. 층간 소음은 없는데 벽간 소음이 쪼금 있는 거 같아. 방이 그 방음이 잘 안 돼서 옆 문 그 첫 입구 문에만 서도 옆의 방이 뭐 유튜브 뭐 듣고 있는지 무슨 대화하고 있는지가 너무 잘 들려서 쪼끔 부담스럽긴 해. 근데 위에는 아무도 사람이 안 사니까 내가 살기에는 어 소음이 없어서 되게 좋은 거 같아. 그거 말고도 본가 살 때는 위층이 아빠 지인이 살았었는데 그래서 막 소음이 나도 뭐라 하기가 좀 그랬던 경험이 있어. 너는 지금 몇 층 정도에 살아? 층간 소음은 없어? 음 그 학 학교 들어오고 나서부터 2년 동안 여기 살고 올해 새로 계약해서 똑같은 데 연장해서 거기서 살고 있어. 아마 내년에는 교환 학생을 가서 없으니까 오빠가 혼자 살 거 같아 지금 같이 살고 있으니까. 그리고 사실 나는 올해 딱 계약 연장할 때쯤에 새로 구해서 따로따로 살고 싶었는데 아무래도 서울 뭐 월세가 비싸다 보니까 그냥 한집에서 해서 전세로 사는 게 낫겠다 싶어서 같이 살고 있는데. 어 아무래도 생활 패턴이나 그런 집안일 하는 거가 좀 안 맞아서 좀 그게 제일 힘들어서 따로 살고 싶었던 거 같아. 뭐 혼자 늦게 자고 그런 건 상관없는데 오빠가 게임을 하니까 늦게까지 게임하는 소리 계속 들려 오 들려 오고 하니까 나 자는 데 방에 돼서 그랬던 거 같아. 너는 그런 적은 없어? 어 중3 때까지 1곳에서 살았고 그 주 중3 이후에 약간 신도시 분양 그런 청약 담 당첨 돼 가지고 1번 이사를 갔었어. 근데 그 중3 때까지 계속 같은 지역에 살다 보니까 거기 유치원 초등학교 중학교 나오고 고등학교도 그쪽을 가려고 했는데 이사를 가게 돼서 혼자 떨어진 곳을 가니까 친구들이랑도 멀어지고 그러 그 뭐 원래 놀던 데에서도 못 놀고 이런 게 쪼끔 아쉽고 힘들긴 하더라고. 근데 집이 넓어서 되게 좋았던 거 같아. 나는 이사를 많이 안 해 봐서 막 해 보고 싶었다 이런 게 좀 컸었는데 주변에 이사 많이 다니는 사람은 안 그렇더라고. 이사를 그만 다니고 싶다 그러더라. 혹시 너도 그런 편이야? 음 나는 이사 간 다음에 우 이 이사 간 아파트 앞에 막 전원주택 같은 게 있는 거야. 그래서 나중에 이 또 이사를 가게 된다면은 저런 데에서 살고 싶다. 저런 데에서 마당에서 막 식물 키우고 동물 키우고 막 나만의 정원을 가꾸면서 2층 바 다락방에서 살고 싶다 막 이런 생각을 했었는데. 근데 막상 거기에 살면은 관리하는 게 되게 힘들어 보이더라고. 할머니 집도 그런 전원주택인데 조금만 뭘 관리를 안 해 줘도 잡초 자라고 먼지가 끼고 더러워지고 막 그런 게 많아서 관리가 힘들다고 하더라고. 근데 그럼에도 한 약간 한번쯤은 전원주택에 살고 싶다 이런 생각이 있는데. 너는 그런 어디에 살고 싶다 이런 로망 같은 게 있어? 어 전자레인지랑 냉장고 세탁기 이 이 정도는 원래 있었던 거 같고. 밥솥이랑 응 어 그 오븐 같은 거 뭐라고 하지. 그 아 에어프라이어는 사 왔고. 최근에 여름 되니까 벌레가 너무 많이 생기잖아. 특히 음식물에 벌레가 많이 생기는데 그래서 버리기가 너무 힘들어서 미생물로 분해해 주는 기계 그런 게 있더라고. 오빠가 인스타그램에서 찾아와서 막 우 이거 쓰자 막 그러면서 찾아왔던 기억이 있어. 그래서 그거를 지금 살까 고민 중에 있어. 그게 음식물 쓰레기를 넣으면은 미생물들이 분해를 해서 흙으로 바로 만들어 준대. 근데 그게 하루 만에 다 만들어 주고 냄새도 안 나서 좋다고 하더라고. 너는 혹시 집안일 같은 거는 어떻게 하는 편이야? 어 가끔 아니 자주 좀 싸운 싸우진 않고 이런 거에 대해 짜증을 내는 거 같긴 한데 내 방이 쓰레기 그 분리수거 하는 데 바로 앞에 있단 말이야. 그래서 오빠는 좀 멀어서 쓰레기 같은 걸 거기 내면 그만인데 나는 내고 나서 그게 분리수거가 잘 안 되어 있거나 막 더러운 게 섞여 있거나 하면은 냄새가 바로 내 방으로 들어온단 말이야. 그거 때문에 오빠한테 뭐라 한 적도 많았던 거 같고. 약간 분담 같은 게 예전에는 막 뭐 냉장고 청소 네가 1번 하면 내가 화장실 청소 1번 하고 이런 식으로 번갈아서 하자라고 말은 했는데 어느 순간 보니까 내가 다 하고 있더라고. 그래서 그거에 대해서 쌓아 놨다가 화내기 직전에 딱 말하면은 오빠가 또 눈치는 빨라 가지고 그제서야 부랴부랴 치우고 막 이래서 어 싸우지는 않았던 거 같아. 근데 자취를 하니까 확실히 본가 살 때는 엄마가 다 해 주고 그러는데 내가 다 해야 되니까 그게 힘든 거 같긴 해. 너는 자취하고 싶다는 생각은 없어? 아 나 처음에 집 들어올 때 막 냉장고랑 기본 가구에 막 여 연두색 띠가 막 둘러져 있는 거야. 기본 색깔로 막 있는 거야. 그래서 그걸 보고 아 진짜 별로다. 여기 살기 싫다 했었는데 막상 들어가 보니까 그런 거 별로 티도 안 나고 깔끔해 보이고 좋더라고. 그래서 그렇게 쓰고 있고. 뭔가 인테리어 아 그 자취하면 내 방식대로 바 집을 꾸미고 막 이렇게 써야지라는 생각은 있었는데 막상 있으니까 짐을 그 넣을 짐도 너무 많고 근데 그거에 비해 공간은 안 나오고 하니까 인테리어라고 할 것도 없이 그냥 짐을 넣어 놓은 거 같아. 내 방이 너무 작아서 옷장 같은 게 들어갈 공간이 안 나서 거실에다가 행거 설치해서 바로 옷 놓아두고. 그래서 뭔가 꾸미기도 애매하고 그랬던 거 같아. 너는 집 인테리어 어떤 편이야? 서울에서 살 수 있으면 좋을 거 같은데. 왜냐하면 여가 생활 같은 것도 훨씬 더 많이 할 수 있고 이제 거의 내 친구들이나 생활 반경이 서울에 중심에 맞춰져 있다 보니까 서울에서 생활하는 게 편하긴 한데 가끔씩 여기가 사람이 너무 많아서 내려가고 싶다라는 생각이 들긴 해. 근데 직장을 얻고 뭔가 더 발전을 하려면은 서울에서 사는 게 맞는 거 같아. 나는 그 본가 살 때는 지하에 헬스장이 있어서 그거를 썼단 말이야. 근데 자취를 하니까 그런 여가 시설 시 그 아무튼 시설들이 없어서 막 주변에서 주변 다른 헬스장을 등록해 놨단 말이야. 근데 너는 지금 어쨌든 본가에 살잖아. 큰 아파트에 사는데 그러면 거기에 막 여가 시설 같은 게 와 잘 마련되어 있어?,0.005747126436781609,0.017241379310344827,0.004597701149425287,0.0,0.005747126436781609,0.0034482758620689655,0.005747126436781609,0.008045977011494253,0.01839080459770115,0.029885057471264367,0.004597701149425287,0.027586206896551724,0.0,0.008045977011494253,0.0022988505747126436,0.0,0.0034482758620689655,0.0011494252873563218,0.03218390804597701,0.013793103448275862,0.0,0.0,0.0,0.0022988505747126436,0.0,0.004597701149425287,0.021839080459770115,0.0,0.0034482758620689655,0.0034482758620689655,0.04367816091954023,0.0,0.006896551724137931,0.0,0.004597701149425287,0.009195402298850575,0.0,0.0,0.011494252873563218,0.0011494252873563218,0.0,0.0022988505747126436,0.0,0.0,0.034482758620689655,0.004597701149425287,0.013793103448275862,0.0022988505747126436,0.004597701149425287,0.0367816091954023,0.009195402298850575,0.0011494252873563218,0.0,0.0022988505747126436,0.0,0.0011494252873563218,0.0011494252873563218,0.0022988505747126436,0.0,0.006896551724137931,0.0,0.0,0.0,0.0011494252873563218,0.006896551724137931,0.0022988505747126436,0.0022988505747126436,0.0011494252873563218,0.0011494252873563218,0.0,0.0,0.0,0.0022988505747126436,0.0,0.0,0.005747126436781609,0.0022988505747126436,0.0,0.006896551724137931,0.010344827586206896,0.0011494252873563218,0.0,0.0,0.0,0.0,0.004597701149425287,0.0034482758620689655,0.0,0.0022988505747126436,0.004597701149425287,0.0,0.0022988505747126436,0.0,0.0011494252873563218,0.0,0.0011494252873563218,0.0011494252873563218,0.0011494252873563218,0.0,0.0022988505747126436,0.004597701149425287,0.0011494252873563218,0.0,0.0,0.0,0.0,0.01264367816091954,0.009195402298850575,0.0,0.0011494252873563218,0.0011494252873563218,0.0022988505747126436,0.0011494252873563218,0.0,0.0,0.0011494252873563218,0.0,0.0,0.0011494252873563218,0.011494252873563218,0.0,0.005747126436781609,0.0011494252873563218,0.0,0.0022988505747126436,0.0011494252873563218,0.0011494252873563218,0.0,0.0022988505747126436,0.0,0.0,0.0,0.0,0.0034482758620689655,0.0,0.0,0.01839080459770115,0.0022988505747126436,0.0,0.0,0.0022988505747126436,0.0022988505747126436,0.0022988505747126436,0.0,0.0,0.005747126436781609,0.0011494252873563218,0.0,0.008045977011494253,0.0022988505747126436,0.0011494252873563218,0.005747126436781609,0.0011494252873563218,0.0,0.0,0.0011494252873563218,0.0,0.0011494252873563218,0.006896551724137931,0.0011494252873563218,0.0,0.0034482758620689655,0.0,0.0,0.0,0.004597701149425287,0.0011494252873563218,0.0011494252873563218,0.0,0.0,0.0011494252873563218,0.0,0.0,0.0,0.006896551724137931,0.0,0.0,0.0,0.0,0.0,0.0011494252873563218,0.0,0.0034482758620689655,0.0022988505747126436,0.0,0.0022988505747126436,0.0,0.0022988505747126436,0.0022988505747126436,0.0,0.0,0.0,0.0022988505747126436,0.0,0.0,0.0011494252873563218,0.0,0.0,0.0,0.0,0.0034482758620689655,0.0,0.004597701149425287,0.0,0.0,0.0,0.0,0.0,0.0,0.0011494252873563218,0.0,0.0,0.0,0.0,0.0011494252873563218,0.0,0.0011494252873563218,0.0,0.0011494252873563218,0.0,0.0022988505747126436,0.0,0.0011494252873563218,0.0022988505747126436,0.0,0.0,0.005747126436781609,0.0,0.0022988505747126436,0.0,0.0,0.0,0.0,0.0,0.0,0.0,0.0,0.0,0.0022988505747126436,0.0,0.0,0.0,0.004597701149425287,0.0,0.0,0.0,0.0,0.0,0.0,0.0,0.0,0.0,0.0,0.0,0.0,0.0,0.006896551724137931,0.0034482758620689655,0.0011494252873563218,0.0011494252873563218,0.0011494252873563218,0.0011494252873563218,0.0022988505747126436,0.0022988505747126436,0.0011494252873563218,0.0011494252873563218,0.0011494252873563218,0.0011494252873563218,0.0011494252873563218,0.0011494252873563218,0.0034482758620689655,0.0011494252873563218,0.005747126436781609,0.0011494252873563218,0.0011494252873563218,0.0011494252873563218,0.0022988505747126436,0.0022988505747126436,0.0011494252873563218,0.0022988505747126436,0.0011494252873563218,0.0011494252873563218,0.0011494252873563218,0.0011494252873563218,0.0022988505747126436,0.0011494252873563218,0.0011494252873563218,0.0011494252873563218,0.0022988505747126436,0.0011494252873563218,0.0011494252873563218,0.0011494252873563218,0.0011494252873563218,0.0011494252873563218,0.0011494252873563218,0.0011494252873563218,0.0011494252873563218,0.0022988505747126436,0.0022988505747126436,0.0011494252873563218,0.0011494252873563218,0.0011494252873563218,0.0022988505747126436,0.0011494252873563218,0.0011494252873563218,0.0034482758620689655,0.0011494252873563218,0.0011494252873563218,0.0011494252873563218,0.0011494252873563218,0.0011494252873563218,0.0011494252873563218,0.0011494252873563218,0.0022988505747126436,0.0011494252873563218,0.0022988505747126436,0.0022988505747126436,0.0011494252873563218,0.0011494252873563218,0.0034482758620689655,0.0011494252873563218,0.0011494252873563218,0.0022988505747126436,0.0011494252873563218,0.0022988505747126436,0.0011494252873563218,0.0011494252873563218,0.0022988505747126436,0.0011494252873563218,0.0011494252873563218,0.0011494252873563218,0.0022988505747126436,0.0011494252873563218,0.0034482758620689655,0.0034482758620689655,0.0022988505747126436,0.0011494252873563218,0.0011494252873563218,0.0011494252873563218,0.0011494252873563218,0.0011494252873563218,0.0011494252873563218,0.0011494252873563218,0.004597701149425287,0.0011494252873563218,0.0011494252873563218,0.0011494252873563218,0.0011494252873563218,0.0022988505747126436,0.0011494252873563218,0.0011494252873563218,0.0011494252873563218,0.0034482758620689655,0.0011494252873563218,0.0011494252873563218,0.0011494252873563218,0.0011494252873563218,0.0022988505747126436,0.0011494252873563218,0.0022988505747126436,0.0022988505747126436,0.0022988505747126436,0.0011494252873563218,0.0011494252873563218,0.0011494252873563218,0.0011494252873563218,0.0022988505747126436,0.0011494252873563218,0.0034482758620689655,0.0034482758620689655,0.0011494252873563218,0.004597701149425287,0.0011494252873563218,0.0011494252873563218,0.0022988505747126436,0.0022988505747126436,0.0011494252873563218,0.0011494252873563218,0.0011494252873563218,0.0022988505747126436,0.0011494252873563218,0.0022988505747126436,0.0022988505747126436,0.0011494252873563218,0.0011494252873563218,0.0011494252873563218,0.0011494252873563218,0.0011494252873563218,0.0011494252873563218,0.0011494252873563218,0.0011494252873563218,0.0011494252873563218,0.0011494252873563218,0.0011494252873563218,0.0011494252873563218,0.0022988505747126436,0.0011494252873563218,0.0011494252873563218,0.0011494252873563218,0.0011494252873563218,0.0011494252873563218,0.0011494252873563218,0.0011494252873563218,0.0011494252873563218,0.0011494252873563218,0.0011494252873563218,0.0011494252873563218,0.0022988505747126436,0.0011494252873563218,0.0011494252873563218,0.0011494252873563218,0.0011494252873563218,0.0011494252873563218,0.0022988505747126436,0.0011494252873563218,0.0022988505747126436,0.0011494252873563218,0.0011494252873563218,0.0011494252873563218,0.0034482758620689655,0.0011494252873563218,0.0011494252873563218,0.0011494252873563218,0.0011494252873563218,0.0011494252873563218,0.0011494252873563218,0.0011494252873563218,0.0011494252873563218,0.0011494252873563218,0.0011494252873563218,0.0011494252873563218,0.0011494252873563218,0.0034482758620689655,0.0011494252873563218,0.0022988505747126436,0.0011494252873563218,0.0011494252873563218,0.0011494252873563218,0.0011494252873563218,0.0011494252873563218,0.0011494252873563218,0.0011494252873563218,0.0011494252873563218,0.0011494252873563218,0.0011494252873563218,0.0011494252873563218,0.0011494252873563218,0.0011494252873563218,0.0011494252873563218,0.0011494252873563218,0.0011494252873563218,0.0011494252873563218,0.0011494252873563218,0.0,0.0,0.0,0.0,0.0,0.0,0.0,0.0,0.0,0.0,0.0,0.0,0.0,0.0,0.0,0.0,0.0,0.0,0.0,0.0,0.0,0.0,0.0,0.0,0.0,0.0,0.0,0.0,0.0,0.0,0.0,0.0,0.0,0.0,0.0,0.0,0.0,0.0,0.0,0.0,0.0,0.0,0.0,0.0,0.0,0.0,0.0,0.0,0.0,0.0,0.0,0.0,0.0,0.0,0.0,0.0,0.0,0.0,0.0,0.0,0.0,0.0,0.0,0.0,0.0,0.0,0.0,0.0,0.0,0.0,0.0,0.0,0.0,0.0,0.0,0.0,0.0,0.0,0.0,0.0,0.0,0.0,0.0,0.0,0.0,0.0,0.0,0.0,0.0,0.0,0.0,0.0,0.0,0.0,0.0,0.0,0.0,0.0,0.0,0.0,0.0,0.0,0.0,0.0,0.0,0.0,0.0,0.0,0.0,0.0,0.0,0.0,0.0,0.0,0.0,0.0,0.0,0.0,0.0,0.0,0.0,0.0,0.0,0.0,0.0,0.0,0.0,0.0,0.0,0.0,0.30514705204486203,0.0,0.0,0.0,0.0,0.0,0.0,0.0,0.0,0.0,0.0,0.0,0.0,0.0,0.0,0.0,0.0,0.0,0.0,0.0,0.0,0.0,0.0,0.0,0.0,0.0,0.0,0.0,0.0,0.0,0.0,0.0,0.0,0.0,0.0,0.0,0.0,0.0,0.0,0.0,0.0,0.0,0.0,0.0,0.0,0.0,0.0,0.0,0.0,0.0,0.0,0.0,0.0,0.0,0.0,0.0,0.0,0.0,0.0,0.0,0.0,0.0,0.0,0.0,0.0,0.0,0.0,0.0,0.0,0.0,0.0,0.0,0.0,0.0,0.0,0.0,0.0,0.0,0.0,0.0,0.0,0.0,0.0,0.0,0.0,0.0,0.0,0.0,0.0,0.0,0.0,0.0,0.0,0.0,0.0,0.0,0.0,0.0,0.0,0.0,0.0,0.0,0.0,0.0,0.0,0.0,0.0,0.0,0.0,0.0,0.0,0.0,0.0,0.0,0.0,0.0,0.0,0.0,0.0,0.0,0.0,0.0,0.0,0.0,0.0,0.30514705204486203,0.0,0.0,0.0,0.0,0.0,0.0,0.0,0.0,0.0,0.0,0.0,0.0,0.0,0.0,0.0,0.0,0.0,0.0,0.0,0.0,0.0,0.0,0.0,0.0,0.0,0.0,0.0,0.0,0.0,0.0,0.0,0.0,0.0,0.0,0.0,0.0,0.0,0.0,0.0,0.0,0.0,0.0,0.0,0.0,0.366091993258152,0.0,0.0,0.0,0.0,0.0,0.0,0.0,0.4181850258355869,0.0,0.0,0.0,0.0,0.0,0.0,0.0,0.0,0.0,0.0,0.0,0.0,0.0,0.0,0.0,0.0,0.0,0.0,0.0,0.0,0.0,0.0,0.0,0.0,0.0,0.0,0.0,0.0,0.0,0.0,0.0,0.0,0.0,0.0,0.0,0.0,0.0,0.0,0.0,0.0,0.0,0.0,0.0,0.0,0.0,0.0,0.0,0.0,0.0,0.0,0.0,0.0,0.0,0.0,0.0,0.0,0.0,0.0,0.0,0.0,0.0,0.0,0.0,0.0,0.0,0.0,0.0,0.0,0.0,0.0,0.0,0.0,0.0,0.0,0.0,0.0,0.0,0.0,0.0,0.0,0.0,0.0,0.0,0.0,0.0,0.0,0.0,0.4181850258355869,0.0,0.0,0.0,0.0,0.0,0.0,0.0,0.0,0.0,0.0,0.0,0.0,0.0,0.0,0.0,0.0,0.0,0.0,0.0,0.0,0.0,0.0,0.0,0.0,0.0,0.0,0.0,0.0,0.0,0.0,0.0,0.0,0.0,0.0,0.0,0.0,0.0,0.0,0.0,0.0,0.0,0.0,0.0,0.0,0.0,0.0,0.0,0.0,0.0,0.0,0.0,0.0,0.0,0.0,0.0,0.0,0.0,0.0,0.0,0.0,0.0,0.0,0.0,0.0,0.0,0.0,0.0,0.0,0.0,0.0,0.0,0.0,0.0,0.0,0.0,0.0,0.0,0.0,0.0,0.0,0.0,0.0,0.0,0.0,0.0,0.0,0.0,0.0,0.0,0.0,0.0,0.0,0.0,0.0,0.0,0.0,0.0,0.0,0.0,0.0,0.0,0.0,0.0,0.0,0.0,0.0,0.0,0.0,0.0,0.0,0.0,0.0,0.0,0.0,0.0,0.0,0.0,0.0,0.0,0.24899063206862312,0.0,0.0,0.0,0.30514705204486203,0.0,0.0,0.0,0.0,0.0,0.0,0.0,0.0,0.0,0.0,0.0,0.0,0.0,0.0,0.0,0.0,0.0,0.0,0.0,0.0,0.0,0.0,0.0,0.0,0.0,0.0,0.0,0.0,0.0,0.0,0.0,0.0,0.0,0.0,0.0,0.0,0.0,0.0,0.0,0.0,0.0,0.0,0.0,0.0,0.0,0.0,0.0,0.0,0.0,0.0,0.0,0.0,0.0,0.0,0.0,0.0,0.0,0.0,0.0,0.0,0.0,0.0,0.0,0.0,0.0,0.0,0.0,0.0,0.0,0.0,0.0,0.0,0.0,0.0,0.0,0.0,0.0,0.0,0.0,0.0,0.0,0.0,0.0,0.0,0.0,0.0,0.0,0.0,0.0,0.0,0.0,0.0,0.0,0.0,0.0,0.0,0.0,0.0,0.0,0.0,0.0,0.0,0.0,0.0,0.0,0.0,0.0,0.0,0.0,0.0,0.0,0.0,0.0,0.0,0.0,0.0,0.0,0.0,0.0,0.0,0.0,0.0,0.0,0.0,0.0,0.0,0.0,0.0,0.0,0.0,0.0,0.0,0.0,0.0,0.0,0.0,0.0,0.0,0.0,0.0,0.4181850258355869,0.0,0.0,0.0,0.0,0.0,0.0,0.0,0.0,0.0,0.0,0.0,0.0,0.0,0.0,0.0,0.0,0.0,0.0,0.0,0.0,0.0,0.0,0.0,0.0,0.0,0.0,0.0,0.0,0.0,0.0,0.0,0.0,0.0,0.0,0.0,0.0,0.0,0.0,0.0,0.0,0.0,0.0,0.0,0.0,0.0,0.0,0.0,0.0,0.0,0.0,0.0,0.0,0.0,0.0,0.0,0.0,0.0,0.0,0.0,0.0,0.0,0.0,0.0,0.0,0.0
SD2401268,20대,음 근데 우리집이 꼭대기 층이라 그런지 좀 괜찮은 거 같은데. 층간 소음은 없는데 벽간 소음이 쪼금 있는 거 같아. 방이 그 방음이 잘 안 돼서 옆 문 그 첫 입구 문에만 서도 옆의 방이 뭐 유튜브 뭐 듣고 있는지 무슨 대화하고 있는지가 너무 잘 들려서 쪼끔 부담스럽긴 해. 근데 위에는 아무도 사람이 안 사니까 내가 살기에는 어 소음이 없어서 되게 좋은 거 같아. 그거 말고도 본가 살 때는 위층이 아빠 지인이 살았었는데 그래서 막 소음이 나도 뭐라 하기가 좀 그랬던 경험이 있어. 너는 지금 몇 층 정도에 살아? 층간 소음은 없어? 음 그 학 학교 들어오고 나서부터 2년 동안 여기 살고 올해 새로 계약해서 똑같은 데 연장해서 거기서 살고 있어. 아마 내년에는 교환 학생을 가서 없으니까 오빠가 혼자 살 거 같아 지금 같이 살고 있으니까. 그리고 사실 나는 올해 딱 계약 연장할 때쯤에 새로 구해서 따로따로 살고 싶었는데 아무래도 서울 뭐 월세가 비싸다 보니까 그냥 한집에서 해서 전세로 사는 게 낫겠다 싶어서 같이 살고 있는데. 어 아무래도 생활 패턴이나 그런 집안일 하는 거가 좀 안 맞아서 좀 그게 제일 힘들어서 따로 살고 싶었던 거 같아. 뭐 혼자 늦게 자고 그런 건 상관없는데 오빠가 게임을 하니까 늦게까지 게임하는 소리 계속 들려 오 들려 오고 하니까 나 자는 데 방에 돼서 그랬던 거 같아. 너는 그런 적은 없어? 어 중3 때까지 1곳에서 살았고 그 주 중3 이후에 약간 신도시 분양 그런 청약 담 당첨 돼 가지고 1번 이사를 갔었어. 근데 그 중3 때까지 계속 같은 지역에 살다 보니까 거기 유치원 초등학교 중학교 나오고 고등학교도 그쪽을 가려고 했는데 이사를 가게 돼서 혼자 떨어진 곳을 가니까 친구들이랑도 멀어지고 그러 그 뭐 원래 놀던 데에서도 못 놀고 이런 게 쪼끔 아쉽고 힘들긴 하더라고. 근데 집이 넓어서 되게 좋았던 거 같아. 나는 이사를 많이 안 해 봐서 막 해 보고 싶었다 이런 게 좀 컸었는데 주변에 이사 많이 다니는 사람은 안 그렇더라고. 이사를 그만 다니고 싶다 그러더라. 혹시 너도 그런 편이야? 음 나는 이사 간 다음에 우 이 이사 간 아파트 앞에 막 전원주택 같은 게 있는 거야. 그래서 나중에 이 또 이사를 가게 된다면은 저런 데에서 살고 싶다. 저런 데에서 마당에서 막 식물 키우고 동물 키우고 막 나만의 정원을 가꾸면서 2층 바 다락방에서 살고 싶다 막 이런 생각을 했었는데. 근데 막상 거기에 살면은 관리하는 게 되게 힘들어 보이더라고. 할머니 집도 그런 전원주택인데 조금만 뭘 관리를 안 해 줘도 잡초 자라고 먼지가 끼고 더러워지고 막 그런 게 많아서 관리가 힘들다고 하더라고. 근데 그럼에도 한 약간 한번쯤은 전원주택에 살고 싶다 이런 생각이 있는데. 너는 그런 어디에 살고 싶다 이런 로망 같은 게 있어? 어 전자레인지랑 냉장고 세탁기 이 이 정도는 원래 있었던 거 같고. 밥솥이랑 응 어 그 오븐 같은 거 뭐라고 하지. 그 아 에어프라이어는 사 왔고. 최근에 여름 되니까 벌레가 너무 많이 생기잖아. 특히 음식물에 벌레가 많이 생기는데 그래서 버리기가 너무 힘들어서 미생물로 분해해 주는 기계 그런 게 있더라고. 오빠가 인스타그램에서 찾아와서 막 우 이거 쓰자 막 그러면서 찾아왔던 기억이 있어. 그래서 그거를 지금 살까 고민 중에 있어. 그게 음식물 쓰레기를 넣으면은 미생물들이 분해를 해서 흙으로 바로 만들어 준대. 근데 그게 하루 만에 다 만들어 주고 냄새도 안 나서 좋다고 하더라고. 너는 혹시 집안일 같은 거는 어떻게 하는 편이야? 어 가끔 아니 자주 좀 싸운 싸우진 않고 이런 거에 대해 짜증을 내는 거 같긴 한데 내 방이 쓰레기 그 분리수거 하는 데 바로 앞에 있단 말이야. 그래서 오빠는 좀 멀어서 쓰레기 같은 걸 거기 내면 그만인데 나는 내고 나서 그게 분리수거가 잘 안 되어 있거나 막 더러운 게 섞여 있거나 하면은 냄새가 바로 내 방으로 들어온단 말이야. 그거 때문에 오빠한테 뭐라 한 적도 많았던 거 같고. 약간 분담 같은 게 예전에는 막 뭐 냉장고 청소 네가 1번 하면 내가 화장실 청소 1번 하고 이런 식으로 번갈아서 하자라고 말은 했는데 어느 순간 보니까 내가 다 하고 있더라고. 그래서 그거에 대해서 쌓아 놨다가 화내기 직전에 딱 말하면은 오빠가 또 눈치는 빨라 가지고 그제서야 부랴부랴 치우고 막 이래서 어 싸우지는 않았던 거 같아. 근데 자취를 하니까 확실히 본가 살 때는 엄마가 다 해 주고 그러는데 내가 다 해야 되니까 그게 힘든 거 같긴 해. 너는 자취하고 싶다는 생각은 없어? 아 나 처음에 집 들어올 때 막 냉장고랑 기본 가구에 막 여 연두색 띠가 막 둘러져 있는 거야. 기본 색깔로 막 있는 거야. 그래서 그걸 보고 아 진짜 별로다. 여기 살기 싫다 했었는데 막상 들어가 보니까 그런 거 별로 티도 안 나고 깔끔해 보이고 좋더라고. 그래서 그렇게 쓰고 있고. 뭔가 인테리어 아 그 자취하면 내 방식대로 바 집을 꾸미고 막 이렇게 써야지라는 생각은 있었는데 막상 있으니까 짐을 그 넣을 짐도 너무 많고 근데 그거에 비해 공간은 안 나오고 하니까 인테리어라고 할 것도 없이 그냥 짐을 넣어 놓은 거 같아. 내 방이 너무 작아서 옷장 같은 게 들어갈 공간이 안 나서 거실에다가 행거 설치해서 바로 옷 놓아두고. 그래서 뭔가 꾸미기도 애매하고 그랬던 거 같아. 너는 집 인테리어 어떤 편이야? 서울에서 살 수 있으면 좋을 거 같은데. 왜냐하면 여가 생활 같은 것도 훨씬 더 많이 할 수 있고 이제 거의 내 친구들이나 생활 반경이 서울에 중심에 맞춰져 있다 보니까 서울에서 생활하는 게 편하긴 한데 가끔씩 여기가 사람이 너무 많아서 내려가고 싶다라는 생각이 들긴 해. 근데 직장을 얻고 뭔가 더 발전을 하려면은 서울에서 사는 게 맞는 거 같아. 나는 그 본가 살 때는 지하에 헬스장이 있어서 그거를 썼단 말이야. 근데 자취를 하니까 그런 여가 시설 시 그 아무튼 시설들이 없어서 막 주변에서 주변 다른 헬스장을 등록해 놨단 말이야. 근데 너는 지금 어쨌든 본가에 살잖아. 큰 아파트에 사는데 그러면 거기에 막 여가 시설 같은 게 와 잘 마련되어 있어?,0.005747126436781609,0.017241379310344827,0.004597701149425287,0.0,0.005747126436781609,0.0034482758620689655,0.005747126436781609,0.008045977011494253,0.01839080459770115,0.029885057471264367,0.004597701149425287,0.027586206896551724,0.0,0.008045977011494253,0.0022988505747126436,0.0,0.0034482758620689655,0.0011494252873563218,0.03218390804597701,0.013793103448275862,0.0,0.0,0.0,0.0022988505747126436,0.0,0.004597701149425287,0.021839080459770115,0.0,0.0034482758620689655,0.0034482758620689655,0.04367816091954023,0.0,0.006896551724137931,0.0,0.004597701149425287,0.009195402298850575,0.0,0.0,0.011494252873563218,0.0011494252873563218,0.0,0.0022988505747126436,0.0,0.0,0.034482758620689655,0.004597701149425287,0.013793103448275862,0.0022988505747126436,0.004597701149425287,0.0367816091954023,0.009195402298850575,0.0011494252873563218,0.0,0.0022988505747126436,0.0,0.0011494252873563218,0.0011494252873563218,0.0022988505747126436,0.0,0.006896551724137931,0.0,0.0,0.0,0.0011494252873563218,0.006896551724137931,0.0022988505747126436,0.0022988505747126436,0.0011494252873563218,0.0011494252873563218,0.0,0.0,0.0,0.0022988505747126436,0.0,0.0,0.005747126436781609,0.0022988505747126436,0.0,0.006896551724137931,0.010344827586206896,0.0011494252873563218,0.0,0.0,0.0,0.0,0.004597701149425287,0.0034482758620689655,0.0,0.0022988505747126436,0.004597701149425287,0.0,0.0022988505747126436,0.0,0.0011494252873563218,0.0,0.0011494252873563218,0.0011494252873563218,0.0011494252873563218,0.0,0.0022988505747126436,0.004597701149425287,0.0011494252873563218,0.0,0.0,0.0,0.0,0.01264367816091954,0.009195402298850575,0.0,0.0011494252873563218,0.0011494252873563218,0.0022988505747126436,0.0011494252873563218,0.0,0.0,0.0011494252873563218,0.0,0.0,0.0011494252873563218,0.011494252873563218,0.0,0.005747126436781609,0.0011494252873563218,0.0,0.0022988505747126436,0.0011494252873563218,0.0011494252873563218,0.0,0.0022988505747126436,0.0,0.0,0.0,0.0,0.0034482758620689655,0.0,0.0,0.01839080459770115,0.0022988505747126436,0.0,0.0,0.0022988505747126436,0.0022988505747126436,0.0022988505747126436,0.0,0.0,0.005747126436781609,0.0011494252873563218,0.0,0.008045977011494253,0.0022988505747126436,0.0011494252873563218,0.005747126436781609,0.0011494252873563218,0.0,0.0,0.0011494252873563218,0.0,0.0011494252873563218,0.006896551724137931,0.0011494252873563218,0.0,0.0034482758620689655,0.0,0.0,0.0,0.004597701149425287,0.0011494252873563218,0.0011494252873563218,0.0,0.0,0.0011494252873563218,0.0,0.0,0.0,0.006896551724137931,0.0,0.0,0.0,0.0,0.0,0.0011494252873563218,0.0,0.0034482758620689655,0.0022988505747126436,0.0,0.0022988505747126436,0.0,0.0022988505747126436,0.0022988505747126436,0.0,0.0,0.0,0.0022988505747126436,0.0,0.0,0.0011494252873563218,0.0,0.0,0.0,0.0,0.0034482758620689655,0.0,0.004597701149425287,0.0,0.0,0.0,0.0,0.0,0.0,0.0011494252873563218,0.0,0.0,0.0,0.0,0.0011494252873563218,0.0,0.0011494252873563218,0.0,0.0011494252873563218,0.0,0.0022988505747126436,0.0,0.0011494252873563218,0.0022988505747126436,0.0,0.0,0.005747126436781609,0.0,0.0022988505747126436,0.0,0.0,0.0,0.0,0.0,0.0,0.0,0.0,0.0,0.0022988505747126436,0.0,0.0,0.0,0.004597701149425287,0.0,0.0,0.0,0.0,0.0,0.0,0.0,0.0,0.0,0.0,0.0,0.0,0.0,0.006896551724137931,0.0034482758620689655,0.0011494252873563218,0.0011494252873563218,0.0011494252873563218,0.0011494252873563218,0.0022988505747126436,0.0022988505747126436,0.0011494252873563218,0.0011494252873563218,0.0011494252873563218,0.0011494252873563218,0.0011494252873563218,0.0011494252873563218,0.0034482758620689655,0.0011494252873563218,0.005747126436781609,0.0011494252873563218,0.0011494252873563218,0.0011494252873563218,0.0022988505747126436,0.0022988505747126436,0.0011494252873563218,0.0022988505747126436,0.0011494252873563218,0.0011494252873563218,0.0011494252873563218,0.0011494252873563218,0.0022988505747126436,0.0011494252873563218,0.0011494252873563218,0.0011494252873563218,0.0022988505747126436,0.0011494252873563218,0.0011494252873563218,0.0011494252873563218,0.0011494252873563218,0.0011494252873563218,0.0011494252873563218,0.0011494252873563218,0.0011494252873563218,0.0022988505747126436,0.0022988505747126436,0.0011494252873563218,0.0011494252873563218,0.0011494252873563218,0.0022988505747126436,0.0011494252873563218,0.0011494252873563218,0.0034482758620689655,0.0011494252873563218,0.0011494252873563218,0.0011494252873563218,0.0011494252873563218,0.0011494252873563218,0.0011494252873563218,0.0011494252873563218,0.0022988505747126436,0.0011494252873563218,0.0022988505747126436,0.0022988505747126436,0.0011494252873563218,0.0011494252873563218,0.0034482758620689655,0.0011494252873563218,0.0011494252873563218,0.0022988505747126436,0.0011494252873563218,0.0022988505747126436,0.0011494252873563218,0.0011494252873563218,0.0022988505747126436,0.0011494252873563218,0.0011494252873563218,0.0011494252873563218,0.0022988505747126436,0.0011494252873563218,0.0034482758620689655,0.0034482758620689655,0.0022988505747126436,0.0011494252873563218,0.0011494252873563218,0.0011494252873563218,0.0011494252873563218,0.0011494252873563218,0.0011494252873563218,0.0011494252873563218,0.004597701149425287,0.0011494252873563218,0.0011494252873563218,0.0011494252873563218,0.0011494252873563218,0.0022988505747126436,0.0011494252873563218,0.0011494252873563218,0.0011494252873563218,0.0034482758620689655,0.0011494252873563218,0.0011494252873563218,0.0011494252873563218,0.0011494252873563218,0.0022988505747126436,0.0011494252873563218,0.0022988505747126436,0.0022988505747126436,0.0022988505747126436,0.0011494252873563218,0.0011494252873563218,0.0011494252873563218,0.0011494252873563218,0.0022988505747126436,0.0011494252873563218,0.0034482758620689655,0.0034482758620689655,0.0011494252873563218,0.004597701149425287,0.0011494252873563218,0.0011494252873563218,0.0022988505747126436,0.0022988505747126436,0.0011494252873563218,0.0011494252873563218,0.0011494252873563218,0.0022988505747126436,0.0011494252873563218,0.0022988505747126436,0.0022988505747126436,0.0011494252873563218,0.0011494252873563218,0.0011494252873563218,0.0011494252873563218,0.0011494252873563218,0.0011494252873563218,0.0011494252873563218,0.0011494252873563218,0.0011494252873563218,0.0011494252873563218,0.0011494252873563218,0.0011494252873563218,0.0022988505747126436,0.0011494252873563218,0.0011494252873563218,0.0011494252873563218,0.0011494252873563218,0.0011494252873563218,0.0011494252873563218,0.0011494252873563218,0.0011494252873563218,0.0011494252873563218,0.0011494252873563218,0.0011494252873563218,0.0022988505747126436,0.0011494252873563218,0.0011494252873563218,0.0011494252873563218,0.0011494252873563218,0.0011494252873563218,0.0022988505747126436,0.0011494252873563218,0.0022988505747126436,0.0011494252873563218,0.0011494252873563218,0.0011494252873563218,0.0034482758620689655,0.0011494252873563218,0.0011494252873563218,0.0011494252873563218,0.0011494252873563218,0.0011494252873563218,0.0011494252873563218,0.0011494252873563218,0.0011494252873563218,0.0011494252873563218,0.0011494252873563218,0.0011494252873563218,0.0011494252873563218,0.0034482758620689655,0.0011494252873563218,0.0022988505747126436,0.0011494252873563218,0.0011494252873563218,0.0011494252873563218,0.0011494252873563218,0.0011494252873563218,0.0011494252873563218,0.0011494252873563218,0.0011494252873563218,0.0011494252873563218,0.0011494252873563218,0.0011494252873563218,0.0011494252873563218,0.0011494252873563218,0.0011494252873563218,0.0011494252873563218,0.0011494252873563218,0.0011494252873563218,0.0011494252873563218,0.0,0.0,0.0,0.0,0.0,0.0,0.0,0.0,0.0,0.0,0.0,0.0,0.0,0.0,0.0,0.0,0.0,0.0,0.0,0.0,0.0,0.0,0.0,0.0,0.0,0.0,0.0,0.0,0.0,0.0,0.0,0.0,0.0,0.0,0.0,0.0,0.0,0.0,0.0,0.0,0.0,0.0,0.0,0.0,0.0,0.0,0.0,0.0,0.0,0.0,0.0,0.0,0.0,0.0,0.0,0.0,0.0,0.0,0.0,0.0,0.0,0.0,0.0,0.0,0.0,0.0,0.0,0.0,0.0,0.0,0.0,0.0,0.0,0.0,0.0,0.0,0.0,0.0,0.0,0.0,0.0,0.0,0.0,0.0,0.0,0.0,0.0,0.0,0.0,0.0,0.0,0.0,0.0,0.0,0.0,0.0,0.0,0.0,0.0,0.0,0.0,0.0,0.0,0.0,0.0,0.0,0.0,0.0,0.453982750140296,0.0,0.0,0.0,0.0,0.0,0.0,0.0,0.0,0.0,0.0,0.0,0.0,0.0,0.0,0.0,0.0,0.0,0.0,0.0,0.0,0.0,0.0,0.0,0.0,0.0,0.0,0.0,0.0,0.0,0.0,0.0,0.0,0.0,0.0,0.0,0.0,0.0,0.0,0.0,0.0,0.0,0.0,0.0,0.0,0.0,0.0,0.0,0.0,0.0,0.0,0.0,0.0,0.0,0.0,0.0,0.0,0.0,0.0,0.0,0.0,0.0,0.0,0.0,0.0,0.0,0.0,0.0,0.0,0.0,0.0,0.0,0.42090175690785786,0.0,0.0,0.0,0.0,0.0,0.0,0.0,0.0,0.0,0.0,0.0,0.0,0.0,0.0,0.0,0.0,0.0,0.0,0.0,0.0,0.0,0.0,0.0,0.0,0.0,0.0,0.0,0.0,0.0,0.0,0.0,0.0,0.0,0.0,0.0,0.0,0.0,0.0,0.0,0.0,0.0,0.0,0.0,0.0,0.0,0.0,0.0,0.0,0.0,0.0,0.0,0.0,0.0,0.0,0.0,0.0,0.0,0.0,0.0,0.0,0.0,0.0,0.0,0.0,0.0,0.0,0.0,0.0,0.0,0.0,0.0,0.0,0.0,0.0,0.3312684322154456,0.0,0.0,0.0,0.0,0.0,0.0,0.0,0.0,0.0,0.0,0.0,0.0,0.0,0.0,0.0,0.0,0.0,0.0,0.0,0.0,0.0,0.0,0.0,0.0,0.0,0.0,0.0,0.0,0.0,0.0,0.0,0.0,0.0,0.0,0.0,0.0,0.0,0.0,0.0,0.0,0.0,0.0,0.0,0.0,0.0,0.0,0.0,0.0,0.0,0.0,0.0,0.0,0.0,0.0,0.0,0.0,0.0,0.0,0.0,0.0,0.0,0.0,0.0,0.0,0.0,0.0,0.0,0.0,0.0,0.0,0.0,0.0,0.0,0.42090175690785786,0.0,0.0,0.0,0.0,0.0,0.0,0.0,0.0,0.0,0.0,0.0,0.0,0.0,0.0,0.0,0.0,0.0,0.0,0.0,0.0,0.0,0.0,0.0,0.0,0.0,0.0,0.0,0.0,0.0,0.0,0.0,0.0,0.0,0.0,0.0,0.0,0.0,0.0,0.0,0.0,0.0,0.0,0.0,0.0,0.0,0.0,0.0,0.0,0.0,0.0,0.0,0.0,0.0,0.0,0.0,0.0,0.0,0.0,0.0,0.0,0.0,0.0,0.0,0.0,0.0,0.0,0.0,0.0,0.0,0.0,0.0,0.0,0.0,0.0,0.0,0.0,0.0,0.0,0.0,0.0,0.0,0.0,0.0,0.0,0.0,0.0,0.0,0.0,0.0,0.0,0.0,0.0,0.0,0.0,0.0,0.0,0.0,0.0,0.0,0.0,0.0,0.0,0.0,0.0,0.0,0.0,0.0,0.0,0.0,0.0,0.0,0.0,0.0,0.0,0.0,0.0,0.0,0.0,0.0,0.0,0.0,0.0,0.0,0.0,0.0,0.0,0.0,0.0,0.0,0.0,0.0,0.0,0.0,0.0,0.0,0.0,0.0,0.0,0.0,0.0,0.0,0.0,0.0,0.0,0.0,0.0,0.0,0.0,0.0,0.0,0.0,0.0,0.0,0.0,0.0,0.0,0.0,0.0,0.0,0.0,0.0,0.0,0.0,0.0,0.0,0.0,0.0,0.0,0.0,0.0,0.0,0.0,0.0,0.0,0.0,0.0,0.0,0.0,0.0,0.0,0.0,0.0,0.0,0.0,0.0,0.0,0.0,0.0,0.0,0.3517726155222788,0.0,0.0,0.0,0.0,0.0,0.0,0.0,0.0,0.0,0.0,0.0,0.0,0.0,0.0,0.0,0.0,0.0,0.0,0.0,0.0,0.0,0.0,0.0,0.0,0.0,0.0,0.0,0.0,0.0,0.0,0.0,0.0,0.0,0.0,0.0,0.0,0.0,0.0,0.0,0.0,0.0,0.0,0.0,0.0,0.0,0.0,0.0,0.0,0.0,0.0,0.0,0.0,0.0,0.0,0.0,0.0,0.0,0.0,0.0,0.0,0.0,0.0,0.0,0.0,0.0,0.0,0.0,0.0,0.0,0.0,0.0,0.0,0.0,0.0,0.0,0.0,0.0,0.0,0.0,0.0,0.0,0.0,0.0,0.453982750140296,0.0,0.0,0.0,0.0,0.0,0.0,0.0,0.0,0.0,0.0,0.0,0.0,0.0,0.0,0.0,0.0,0.0,0.0,0.0,0.0,0.0,0.0,0.0,0.0,0.0,0.0,0.0,0.0,0.0,0.0,0.0,0.0,0.0,0.0,0.0,0.0,0.0,0.0,0.0,0.0,0.0,0.0,0.0,0.0,0.0,0.0,0.0,0.0,0.0,0.0,0.0,0.0,0.0,0.0,0.0,0.0,0.0,0.0,0.0,0.0,0.0,0.0,0.0,0.0,0.0,0.0,0.0,0.0,0.0,0.0,0.0,0.0,0.0,0.0,0.0,0.0,0.0,0.0,0.0,0.0,0.0,0.0,0.0,0.0,0.0,0.0,0.0,0.0,0.0,0.0,0.0,0.0,0.0,0.0,0.0,0.0,0.0,0.0,0.0,0.0,0.0,0.0,0.0,0.0,0.0,0.0,0.0,0.0,0.0,0.0,0.0,0.0,0.0,0.0,0.0,0.0,0.0,0.0,0.0,0.0,0.0,0.0,0.0
SD2401268,20대,음 근데 우리집이 꼭대기 층이라 그런지 좀 괜찮은 거 같은데. 층간 소음은 없는데 벽간 소음이 쪼금 있는 거 같아. 방이 그 방음이 잘 안 돼서 옆 문 그 첫 입구 문에만 서도 옆의 방이 뭐 유튜브 뭐 듣고 있는지 무슨 대화하고 있는지가 너무 잘 들려서 쪼끔 부담스럽긴 해. 근데 위에는 아무도 사람이 안 사니까 내가 살기에는 어 소음이 없어서 되게 좋은 거 같아. 그거 말고도 본가 살 때는 위층이 아빠 지인이 살았었는데 그래서 막 소음이 나도 뭐라 하기가 좀 그랬던 경험이 있어. 너는 지금 몇 층 정도에 살아? 층간 소음은 없어? 음 그 학 학교 들어오고 나서부터 2년 동안 여기 살고 올해 새로 계약해서 똑같은 데 연장해서 거기서 살고 있어. 아마 내년에는 교환 학생을 가서 없으니까 오빠가 혼자 살 거 같아 지금 같이 살고 있으니까. 그리고 사실 나는 올해 딱 계약 연장할 때쯤에 새로 구해서 따로따로 살고 싶었는데 아무래도 서울 뭐 월세가 비싸다 보니까 그냥 한집에서 해서 전세로 사는 게 낫겠다 싶어서 같이 살고 있는데. 어 아무래도 생활 패턴이나 그런 집안일 하는 거가 좀 안 맞아서 좀 그게 제일 힘들어서 따로 살고 싶었던 거 같아. 뭐 혼자 늦게 자고 그런 건 상관없는데 오빠가 게임을 하니까 늦게까지 게임하는 소리 계속 들려 오 들려 오고 하니까 나 자는 데 방에 돼서 그랬던 거 같아. 너는 그런 적은 없어? 어 중3 때까지 1곳에서 살았고 그 주 중3 이후에 약간 신도시 분양 그런 청약 담 당첨 돼 가지고 1번 이사를 갔었어. 근데 그 중3 때까지 계속 같은 지역에 살다 보니까 거기 유치원 초등학교 중학교 나오고 고등학교도 그쪽을 가려고 했는데 이사를 가게 돼서 혼자 떨어진 곳을 가니까 친구들이랑도 멀어지고 그러 그 뭐 원래 놀던 데에서도 못 놀고 이런 게 쪼끔 아쉽고 힘들긴 하더라고. 근데 집이 넓어서 되게 좋았던 거 같아. 나는 이사를 많이 안 해 봐서 막 해 보고 싶었다 이런 게 좀 컸었는데 주변에 이사 많이 다니는 사람은 안 그렇더라고. 이사를 그만 다니고 싶다 그러더라. 혹시 너도 그런 편이야? 음 나는 이사 간 다음에 우 이 이사 간 아파트 앞에 막 전원주택 같은 게 있는 거야. 그래서 나중에 이 또 이사를 가게 된다면은 저런 데에서 살고 싶다. 저런 데에서 마당에서 막 식물 키우고 동물 키우고 막 나만의 정원을 가꾸면서 2층 바 다락방에서 살고 싶다 막 이런 생각을 했었는데. 근데 막상 거기에 살면은 관리하는 게 되게 힘들어 보이더라고. 할머니 집도 그런 전원주택인데 조금만 뭘 관리를 안 해 줘도 잡초 자라고 먼지가 끼고 더러워지고 막 그런 게 많아서 관리가 힘들다고 하더라고. 근데 그럼에도 한 약간 한번쯤은 전원주택에 살고 싶다 이런 생각이 있는데. 너는 그런 어디에 살고 싶다 이런 로망 같은 게 있어? 어 전자레인지랑 냉장고 세탁기 이 이 정도는 원래 있었던 거 같고. 밥솥이랑 응 어 그 오븐 같은 거 뭐라고 하지. 그 아 에어프라이어는 사 왔고. 최근에 여름 되니까 벌레가 너무 많이 생기잖아. 특히 음식물에 벌레가 많이 생기는데 그래서 버리기가 너무 힘들어서 미생물로 분해해 주는 기계 그런 게 있더라고. 오빠가 인스타그램에서 찾아와서 막 우 이거 쓰자 막 그러면서 찾아왔던 기억이 있어. 그래서 그거를 지금 살까 고민 중에 있어. 그게 음식물 쓰레기를 넣으면은 미생물들이 분해를 해서 흙으로 바로 만들어 준대. 근데 그게 하루 만에 다 만들어 주고 냄새도 안 나서 좋다고 하더라고. 너는 혹시 집안일 같은 거는 어떻게 하는 편이야? 어 가끔 아니 자주 좀 싸운 싸우진 않고 이런 거에 대해 짜증을 내는 거 같긴 한데 내 방이 쓰레기 그 분리수거 하는 데 바로 앞에 있단 말이야. 그래서 오빠는 좀 멀어서 쓰레기 같은 걸 거기 내면 그만인데 나는 내고 나서 그게 분리수거가 잘 안 되어 있거나 막 더러운 게 섞여 있거나 하면은 냄새가 바로 내 방으로 들어온단 말이야. 그거 때문에 오빠한테 뭐라 한 적도 많았던 거 같고. 약간 분담 같은 게 예전에는 막 뭐 냉장고 청소 네가 1번 하면 내가 화장실 청소 1번 하고 이런 식으로 번갈아서 하자라고 말은 했는데 어느 순간 보니까 내가 다 하고 있더라고. 그래서 그거에 대해서 쌓아 놨다가 화내기 직전에 딱 말하면은 오빠가 또 눈치는 빨라 가지고 그제서야 부랴부랴 치우고 막 이래서 어 싸우지는 않았던 거 같아. 근데 자취를 하니까 확실히 본가 살 때는 엄마가 다 해 주고 그러는데 내가 다 해야 되니까 그게 힘든 거 같긴 해. 너는 자취하고 싶다는 생각은 없어? 아 나 처음에 집 들어올 때 막 냉장고랑 기본 가구에 막 여 연두색 띠가 막 둘러져 있는 거야. 기본 색깔로 막 있는 거야. 그래서 그걸 보고 아 진짜 별로다. 여기 살기 싫다 했었는데 막상 들어가 보니까 그런 거 별로 티도 안 나고 깔끔해 보이고 좋더라고. 그래서 그렇게 쓰고 있고. 뭔가 인테리어 아 그 자취하면 내 방식대로 바 집을 꾸미고 막 이렇게 써야지라는 생각은 있었는데 막상 있으니까 짐을 그 넣을 짐도 너무 많고 근데 그거에 비해 공간은 안 나오고 하니까 인테리어라고 할 것도 없이 그냥 짐을 넣어 놓은 거 같아. 내 방이 너무 작아서 옷장 같은 게 들어갈 공간이 안 나서 거실에다가 행거 설치해서 바로 옷 놓아두고. 그래서 뭔가 꾸미기도 애매하고 그랬던 거 같아. 너는 집 인테리어 어떤 편이야? 서울에서 살 수 있으면 좋을 거 같은데. 왜냐하면 여가 생활 같은 것도 훨씬 더 많이 할 수 있고 이제 거의 내 친구들이나 생활 반경이 서울에 중심에 맞춰져 있다 보니까 서울에서 생활하는 게 편하긴 한데 가끔씩 여기가 사람이 너무 많아서 내려가고 싶다라는 생각이 들긴 해. 근데 직장을 얻고 뭔가 더 발전을 하려면은 서울에서 사는 게 맞는 거 같아. 나는 그 본가 살 때는 지하에 헬스장이 있어서 그거를 썼단 말이야. 근데 자취를 하니까 그런 여가 시설 시 그 아무튼 시설들이 없어서 막 주변에서 주변 다른 헬스장을 등록해 놨단 말이야. 근데 너는 지금 어쨌든 본가에 살잖아. 큰 아파트에 사는데 그러면 거기에 막 여가 시설 같은 게 와 잘 마련되어 있어?,0.005747126436781609,0.017241379310344827,0.004597701149425287,0.0,0.005747126436781609,0.0034482758620689655,0.005747126436781609,0.008045977011494253,0.01839080459770115,0.029885057471264367,0.004597701149425287,0.027586206896551724,0.0,0.008045977011494253,0.0022988505747126436,0.0,0.0034482758620689655,0.0011494252873563218,0.03218390804597701,0.013793103448275862,0.0,0.0,0.0,0.0022988505747126436,0.0,0.004597701149425287,0.021839080459770115,0.0,0.0034482758620689655,0.0034482758620689655,0.04367816091954023,0.0,0.006896551724137931,0.0,0.004597701149425287,0.009195402298850575,0.0,0.0,0.011494252873563218,0.0011494252873563218,0.0,0.0022988505747126436,0.0,0.0,0.034482758620689655,0.004597701149425287,0.013793103448275862,0.0022988505747126436,0.004597701149425287,0.0367816091954023,0.009195402298850575,0.0011494252873563218,0.0,0.0022988505747126436,0.0,0.0011494252873563218,0.0011494252873563218,0.0022988505747126436,0.0,0.006896551724137931,0.0,0.0,0.0,0.0011494252873563218,0.006896551724137931,0.0022988505747126436,0.0022988505747126436,0.0011494252873563218,0.0011494252873563218,0.0,0.0,0.0,0.0022988505747126436,0.0,0.0,0.005747126436781609,0.0022988505747126436,0.0,0.006896551724137931,0.010344827586206896,0.0011494252873563218,0.0,0.0,0.0,0.0,0.004597701149425287,0.0034482758620689655,0.0,0.0022988505747126436,0.004597701149425287,0.0,0.0022988505747126436,0.0,0.0011494252873563218,0.0,0.0011494252873563218,0.0011494252873563218,0.0011494252873563218,0.0,0.0022988505747126436,0.004597701149425287,0.0011494252873563218,0.0,0.0,0.0,0.0,0.01264367816091954,0.009195402298850575,0.0,0.0011494252873563218,0.0011494252873563218,0.0022988505747126436,0.0011494252873563218,0.0,0.0,0.0011494252873563218,0.0,0.0,0.0011494252873563218,0.011494252873563218,0.0,0.005747126436781609,0.0011494252873563218,0.0,0.0022988505747126436,0.0011494252873563218,0.0011494252873563218,0.0,0.0022988505747126436,0.0,0.0,0.0,0.0,0.0034482758620689655,0.0,0.0,0.01839080459770115,0.0022988505747126436,0.0,0.0,0.0022988505747126436,0.0022988505747126436,0.0022988505747126436,0.0,0.0,0.005747126436781609,0.0011494252873563218,0.0,0.008045977011494253,0.0022988505747126436,0.0011494252873563218,0.005747126436781609,0.0011494252873563218,0.0,0.0,0.0011494252873563218,0.0,0.0011494252873563218,0.006896551724137931,0.0011494252873563218,0.0,0.0034482758620689655,0.0,0.0,0.0,0.004597701149425287,0.0011494252873563218,0.0011494252873563218,0.0,0.0,0.0011494252873563218,0.0,0.0,0.0,0.006896551724137931,0.0,0.0,0.0,0.0,0.0,0.0011494252873563218,0.0,0.0034482758620689655,0.0022988505747126436,0.0,0.0022988505747126436,0.0,0.0022988505747126436,0.0022988505747126436,0.0,0.0,0.0,0.0022988505747126436,0.0,0.0,0.0011494252873563218,0.0,0.0,0.0,0.0,0.0034482758620689655,0.0,0.004597701149425287,0.0,0.0,0.0,0.0,0.0,0.0,0.0011494252873563218,0.0,0.0,0.0,0.0,0.0011494252873563218,0.0,0.0011494252873563218,0.0,0.0011494252873563218,0.0,0.0022988505747126436,0.0,0.0011494252873563218,0.0022988505747126436,0.0,0.0,0.005747126436781609,0.0,0.0022988505747126436,0.0,0.0,0.0,0.0,0.0,0.0,0.0,0.0,0.0,0.0022988505747126436,0.0,0.0,0.0,0.004597701149425287,0.0,0.0,0.0,0.0,0.0,0.0,0.0,0.0,0.0,0.0,0.0,0.0,0.0,0.006896551724137931,0.0034482758620689655,0.0011494252873563218,0.0011494252873563218,0.0011494252873563218,0.0011494252873563218,0.0022988505747126436,0.0022988505747126436,0.0011494252873563218,0.0011494252873563218,0.0011494252873563218,0.0011494252873563218,0.0011494252873563218,0.0011494252873563218,0.0034482758620689655,0.0011494252873563218,0.005747126436781609,0.0011494252873563218,0.0011494252873563218,0.0011494252873563218,0.0022988505747126436,0.0022988505747126436,0.0011494252873563218,0.0022988505747126436,0.0011494252873563218,0.0011494252873563218,0.0011494252873563218,0.0011494252873563218,0.0022988505747126436,0.0011494252873563218,0.0011494252873563218,0.0011494252873563218,0.0022988505747126436,0.0011494252873563218,0.0011494252873563218,0.0011494252873563218,0.0011494252873563218,0.0011494252873563218,0.0011494252873563218,0.0011494252873563218,0.0011494252873563218,0.0022988505747126436,0.0022988505747126436,0.0011494252873563218,0.0011494252873563218,0.0011494252873563218,0.0022988505747126436,0.0011494252873563218,0.0011494252873563218,0.0034482758620689655,0.0011494252873563218,0.0011494252873563218,0.0011494252873563218,0.0011494252873563218,0.0011494252873563218,0.0011494252873563218,0.0011494252873563218,0.0022988505747126436,0.0011494252873563218,0.0022988505747126436,0.0022988505747126436,0.0011494252873563218,0.0011494252873563218,0.0034482758620689655,0.0011494252873563218,0.0011494252873563218,0.0022988505747126436,0.0011494252873563218,0.0022988505747126436,0.0011494252873563218,0.0011494252873563218,0.0022988505747126436,0.0011494252873563218,0.0011494252873563218,0.0011494252873563218,0.0022988505747126436,0.0011494252873563218,0.0034482758620689655,0.0034482758620689655,0.0022988505747126436,0.0011494252873563218,0.0011494252873563218,0.0011494252873563218,0.0011494252873563218,0.0011494252873563218,0.0011494252873563218,0.0011494252873563218,0.004597701149425287,0.0011494252873563218,0.0011494252873563218,0.0011494252873563218,0.0011494252873563218,0.0022988505747126436,0.0011494252873563218,0.0011494252873563218,0.0011494252873563218,0.0034482758620689655,0.0011494252873563218,0.0011494252873563218,0.0011494252873563218,0.0011494252873563218,0.0022988505747126436,0.0011494252873563218,0.0022988505747126436,0.0022988505747126436,0.0022988505747126436,0.0011494252873563218,0.0011494252873563218,0.0011494252873563218,0.0011494252873563218,0.0022988505747126436,0.0011494252873563218,0.0034482758620689655,0.0034482758620689655,0.0011494252873563218,0.004597701149425287,0.0011494252873563218,0.0011494252873563218,0.0022988505747126436,0.0022988505747126436,0.0011494252873563218,0.0011494252873563218,0.0011494252873563218,0.0022988505747126436,0.0011494252873563218,0.0022988505747126436,0.0022988505747126436,0.0011494252873563218,0.0011494252873563218,0.0011494252873563218,0.0011494252873563218,0.0011494252873563218,0.0011494252873563218,0.0011494252873563218,0.0011494252873563218,0.0011494252873563218,0.0011494252873563218,0.0011494252873563218,0.0011494252873563218,0.0022988505747126436,0.0011494252873563218,0.0011494252873563218,0.0011494252873563218,0.0011494252873563218,0.0011494252873563218,0.0011494252873563218,0.0011494252873563218,0.0011494252873563218,0.0011494252873563218,0.0011494252873563218,0.0011494252873563218,0.0022988505747126436,0.0011494252873563218,0.0011494252873563218,0.0011494252873563218,0.0011494252873563218,0.0011494252873563218,0.0022988505747126436,0.0011494252873563218,0.0022988505747126436,0.0011494252873563218,0.0011494252873563218,0.0011494252873563218,0.0034482758620689655,0.0011494252873563218,0.0011494252873563218,0.0011494252873563218,0.0011494252873563218,0.0011494252873563218,0.0011494252873563218,0.0011494252873563218,0.0011494252873563218,0.0011494252873563218,0.0011494252873563218,0.0011494252873563218,0.0011494252873563218,0.0034482758620689655,0.0011494252873563218,0.0022988505747126436,0.0011494252873563218,0.0011494252873563218,0.0011494252873563218,0.0011494252873563218,0.0011494252873563218,0.0011494252873563218,0.0011494252873563218,0.0011494252873563218,0.0011494252873563218,0.0011494252873563218,0.0011494252873563218,0.0011494252873563218,0.0011494252873563218,0.0011494252873563218,0.0011494252873563218,0.0011494252873563218,0.0011494252873563218,0.0011494252873563218,0.0,0.0,0.0,0.0,0.0,0.0,0.0,0.0,0.0,0.0,0.0,0.0,0.0,0.0,0.0,0.0,0.0,0.0,0.0,0.0,0.0,0.0,0.0,0.0,0.0,0.0,0.0,0.0,0.0,0.0,0.0,0.0,0.0,0.0,0.0,0.0,0.0,0.0,0.0,0.0,0.0,0.0,0.0,0.0,0.0,0.0,0.0,0.0,0.0,0.0,0.0,0.0,0.0,0.0,0.0,0.0,0.0,0.0,0.0,0.0,0.0,0.0,0.0,0.0,0.0,0.0,0.0,0.0,0.0,0.0,0.0,0.0,0.0,0.0,0.0,0.0,0.0,0.0,0.0,0.0,0.0,0.0,0.0,0.0,0.0,0.0,0.0,0.0,0.0,0.0,0.0,0.0,0.0,0.0,0.0,0.0,0.0,0.0,0.0,0.49775691245908,0.0,0.0,0.0,0.0,0.0,0.0,0.0,0.0,0.0,0.0,0.0,0.49775691245908,0.0,0.0,0.0,0.0,0.0,0.0,0.0,0.0,0.0,0.0,0.0,0.0,0.0,0.0,0.0,0.0,0.0,0.0,0.0,0.0,0.0,0.0,0.0,0.0,0.0,0.0,0.0,0.0,0.0,0.0,0.0,0.0,0.0,0.0,0.0,0.0,0.0,0.0,0.0,0.0,0.0,0.0,0.0,0.0,0.0,0.0,0.0,0.0,0.0,0.0,0.0,0.0,0.0,0.0,0.0,0.0,0.0,0.0,0.0,0.0,0.0,0.0,0.0,0.0,0.0,0.0,0.0,0.4614861663847644,0.0,0.0,0.0,0.0,0.0,0.0,0.0,0.0,0.0,0.0,0.0,0.0,0.0,0.0,0.0,0.0,0.0,0.0,0.0,0.0,0.0,0.0,0.0,0.0,0.0,0.0,0.0,0.0,0.0,0.0,0.0,0.0,0.0,0.0,0.0,0.0,0.0,0.0,0.0,0.0,0.0,0.0,0.0,0.0,0.0,0.0,0.0,0.0,0.0,0.0,0.0,0.0,0.0,0.0,0.0,0.0,0.0,0.0,0.0,0.0,0.0,0.0,0.0,0.0,0.0,0.0,0.0,0.0,0.0,0.0,0.0,0.0,0.0,0.0,0.0,0.0,0.0,0.0,0.0,0.0,0.0,0.0,0.0,0.0,0.0,0.0,0.0,0.0,0.0,0.0,0.0,0.0,0.0,0.0,0.0,0.0,0.0,0.0,0.0,0.0,0.0,0.0,0.0,0.0,0.0,0.0,0.0,0.0,0.0,0.0,0.0,0.0,0.0,0.0,0.0,0.0,0.0,0.0,0.0,0.0,0.0,0.0,0.0,0.0,0.0,0.0,0.0,0.0,0.0,0.0,0.0,0.0,0.0,0.0,0.0,0.0,0.0,0.0,0.0,0.0,0.0,0.0,0.0,0.0,0.0,0.0,0.0,0.0,0.0,0.0,0.0,0.0,0.0,0.0,0.0,0.0,0.0,0.0,0.0,0.0,0.0,0.0,0.0,0.0,0.0,0.0,0.0,0.0,0.0,0.0,0.0,0.0,0.0,0.0,0.0,0.0,0.0,0.0,0.0,0.0,0.0,0.0,0.0,0.0,0.0,0.0,0.0,0.0,0.0,0.0,0.0,0.0,0.0,0.0,0.0,0.0,0.0,0.0,0.0,0.0,0.0,0.0,0.0,0.0,0.0,0.0,0.0,0.0,0.0,0.0,0.39948091642498057,0.0,0.0,0.0,0.0,0.0,0.0,0.0,0.0,0.0,0.0,0.0,0.0,0.0,0.0,0.0,0.0,0.0,0.0,0.0,0.0,0.0,0.0,0.0,0.0,0.0,0.0,0.0,0.0,0.0,0.0,0.0,0.0,0.0,0.0,0.0,0.0,0.0,0.0,0.0,0.0,0.0,0.0,0.0,0.0,0.0,0.0,0.0,0.0,0.0,0.0,0.0,0.0,0.0,0.0,0.0,0.0,0.0,0.0,0.0,0.0,0.0,0.0,0.0,0.0,0.0,0.0,0.0,0.0,0.0,0.0,0.0,0.0,0.0,0.0,0.0,0.0,0.0,0.0,0.0,0.0,0.0,0.0,0.0,0.0,0.0,0.0,0.0,0.0,0.0,0.0,0.0,0.0,0.0,0.0,0.0,0.0,0.0,0.0,0.0,0.0,0.0,0.0,0.0,0.0,0.0,0.0,0.0,0.0,0.0,0.0,0.0,0.0,0.0,0.0,0.0,0.0,0.0,0.0,0.0,0.0,0.0,0.0,0.0,0.0,0.0,0.0,0.0,0.0,0.0,0.3632101703506649,0.0,0.0,0.0,0.0,0.0,0.0,0.0,0.0,0.0,0.0,0.0,0.0,0.0,0.0,0.0,0.0,0.0,0.0,0.0,0.0,0.0,0.0,0.0,0.0,0.0,0.0,0.0,0.0,0.0,0.0,0.0,0.0,0.0,0.0,0.0,0.0,0.0,0.0,0.0,0.0,0.0,0.0,0.0,0.0,0.0,0.0,0.0,0.0,0.0,0.0,0.0,0.0,0.0,0.0,0.0,0.0,0.0,0.0,0.0,0.0,0.0,0.0,0.0,0.0,0.0,0.0,0.0,0.0,0.0,0.0,0.0,0.0,0.0,0.0,0.0,0.0,0.0,0.0,0.0,0.0,0.0,0.0,0.0,0.0,0.0,0.0,0.0,0.0,0.0,0.0,0.0,0.0,0.0,0.0,0.0,0.0,0.0,0.0,0.0,0.0,0.0,0.0,0.0,0.0,0.0,0.0,0.0,0.0,0.0,0.0,0.0,0.0,0.0,0.0,0.0,0.0,0.0,0.0,0.0,0.0,0.0,0.0,0.0,0.0,0.0,0.0,0.0,0.0,0.0,0.0,0.0,0.0,0.0,0.0,0.0,0.0,0.0,0.0,0.0,0.0,0.0,0.0,0.0,0.0,0.0,0.0,0.0,0.0,0.0,0.0,0.0,0.0,0.0,0.0,0.0,0.0,0.0,0.0,0.0,0.0,0.0,0.0,0.0,0.0,0.0,0.0,0.0,0.0,0.0,0.0,0.0,0.0,0.0,0.0,0.0,0.0,0.0,0.0,0.0,0.0,0.0,0.0,0.0,0.0,0.0,0.0,0.0,0.0,0.0,0.0,0.0,0.0,0.0,0.0,0.0,0.0,0.0,0.0,0.0,0.0,0.0,0.0,0.0,0.0,0.0,0.0
SD2401268,20대,음 근데 우리집이 꼭대기 층이라 그런지 좀 괜찮은 거 같은데. 층간 소음은 없는데 벽간 소음이 쪼금 있는 거 같아. 방이 그 방음이 잘 안 돼서 옆 문 그 첫 입구 문에만 서도 옆의 방이 뭐 유튜브 뭐 듣고 있는지 무슨 대화하고 있는지가 너무 잘 들려서 쪼끔 부담스럽긴 해. 근데 위에는 아무도 사람이 안 사니까 내가 살기에는 어 소음이 없어서 되게 좋은 거 같아. 그거 말고도 본가 살 때는 위층이 아빠 지인이 살았었는데 그래서 막 소음이 나도 뭐라 하기가 좀 그랬던 경험이 있어. 너는 지금 몇 층 정도에 살아? 층간 소음은 없어? 음 그 학 학교 들어오고 나서부터 2년 동안 여기 살고 올해 새로 계약해서 똑같은 데 연장해서 거기서 살고 있어. 아마 내년에는 교환 학생을 가서 없으니까 오빠가 혼자 살 거 같아 지금 같이 살고 있으니까. 그리고 사실 나는 올해 딱 계약 연장할 때쯤에 새로 구해서 따로따로 살고 싶었는데 아무래도 서울 뭐 월세가 비싸다 보니까 그냥 한집에서 해서 전세로 사는 게 낫겠다 싶어서 같이 살고 있는데. 어 아무래도 생활 패턴이나 그런 집안일 하는 거가 좀 안 맞아서 좀 그게 제일 힘들어서 따로 살고 싶었던 거 같아. 뭐 혼자 늦게 자고 그런 건 상관없는데 오빠가 게임을 하니까 늦게까지 게임하는 소리 계속 들려 오 들려 오고 하니까 나 자는 데 방에 돼서 그랬던 거 같아. 너는 그런 적은 없어? 어 중3 때까지 1곳에서 살았고 그 주 중3 이후에 약간 신도시 분양 그런 청약 담 당첨 돼 가지고 1번 이사를 갔었어. 근데 그 중3 때까지 계속 같은 지역에 살다 보니까 거기 유치원 초등학교 중학교 나오고 고등학교도 그쪽을 가려고 했는데 이사를 가게 돼서 혼자 떨어진 곳을 가니까 친구들이랑도 멀어지고 그러 그 뭐 원래 놀던 데에서도 못 놀고 이런 게 쪼끔 아쉽고 힘들긴 하더라고. 근데 집이 넓어서 되게 좋았던 거 같아. 나는 이사를 많이 안 해 봐서 막 해 보고 싶었다 이런 게 좀 컸었는데 주변에 이사 많이 다니는 사람은 안 그렇더라고. 이사를 그만 다니고 싶다 그러더라. 혹시 너도 그런 편이야? 음 나는 이사 간 다음에 우 이 이사 간 아파트 앞에 막 전원주택 같은 게 있는 거야. 그래서 나중에 이 또 이사를 가게 된다면은 저런 데에서 살고 싶다. 저런 데에서 마당에서 막 식물 키우고 동물 키우고 막 나만의 정원을 가꾸면서 2층 바 다락방에서 살고 싶다 막 이런 생각을 했었는데. 근데 막상 거기에 살면은 관리하는 게 되게 힘들어 보이더라고. 할머니 집도 그런 전원주택인데 조금만 뭘 관리를 안 해 줘도 잡초 자라고 먼지가 끼고 더러워지고 막 그런 게 많아서 관리가 힘들다고 하더라고. 근데 그럼에도 한 약간 한번쯤은 전원주택에 살고 싶다 이런 생각이 있는데. 너는 그런 어디에 살고 싶다 이런 로망 같은 게 있어? 어 전자레인지랑 냉장고 세탁기 이 이 정도는 원래 있었던 거 같고. 밥솥이랑 응 어 그 오븐 같은 거 뭐라고 하지. 그 아 에어프라이어는 사 왔고. 최근에 여름 되니까 벌레가 너무 많이 생기잖아. 특히 음식물에 벌레가 많이 생기는데 그래서 버리기가 너무 힘들어서 미생물로 분해해 주는 기계 그런 게 있더라고. 오빠가 인스타그램에서 찾아와서 막 우 이거 쓰자 막 그러면서 찾아왔던 기억이 있어. 그래서 그거를 지금 살까 고민 중에 있어. 그게 음식물 쓰레기를 넣으면은 미생물들이 분해를 해서 흙으로 바로 만들어 준대. 근데 그게 하루 만에 다 만들어 주고 냄새도 안 나서 좋다고 하더라고. 너는 혹시 집안일 같은 거는 어떻게 하는 편이야? 어 가끔 아니 자주 좀 싸운 싸우진 않고 이런 거에 대해 짜증을 내는 거 같긴 한데 내 방이 쓰레기 그 분리수거 하는 데 바로 앞에 있단 말이야. 그래서 오빠는 좀 멀어서 쓰레기 같은 걸 거기 내면 그만인데 나는 내고 나서 그게 분리수거가 잘 안 되어 있거나 막 더러운 게 섞여 있거나 하면은 냄새가 바로 내 방으로 들어온단 말이야. 그거 때문에 오빠한테 뭐라 한 적도 많았던 거 같고. 약간 분담 같은 게 예전에는 막 뭐 냉장고 청소 네가 1번 하면 내가 화장실 청소 1번 하고 이런 식으로 번갈아서 하자라고 말은 했는데 어느 순간 보니까 내가 다 하고 있더라고. 그래서 그거에 대해서 쌓아 놨다가 화내기 직전에 딱 말하면은 오빠가 또 눈치는 빨라 가지고 그제서야 부랴부랴 치우고 막 이래서 어 싸우지는 않았던 거 같아. 근데 자취를 하니까 확실히 본가 살 때는 엄마가 다 해 주고 그러는데 내가 다 해야 되니까 그게 힘든 거 같긴 해. 너는 자취하고 싶다는 생각은 없어? 아 나 처음에 집 들어올 때 막 냉장고랑 기본 가구에 막 여 연두색 띠가 막 둘러져 있는 거야. 기본 색깔로 막 있는 거야. 그래서 그걸 보고 아 진짜 별로다. 여기 살기 싫다 했었는데 막상 들어가 보니까 그런 거 별로 티도 안 나고 깔끔해 보이고 좋더라고. 그래서 그렇게 쓰고 있고. 뭔가 인테리어 아 그 자취하면 내 방식대로 바 집을 꾸미고 막 이렇게 써야지라는 생각은 있었는데 막상 있으니까 짐을 그 넣을 짐도 너무 많고 근데 그거에 비해 공간은 안 나오고 하니까 인테리어라고 할 것도 없이 그냥 짐을 넣어 놓은 거 같아. 내 방이 너무 작아서 옷장 같은 게 들어갈 공간이 안 나서 거실에다가 행거 설치해서 바로 옷 놓아두고. 그래서 뭔가 꾸미기도 애매하고 그랬던 거 같아. 너는 집 인테리어 어떤 편이야? 서울에서 살 수 있으면 좋을 거 같은데. 왜냐하면 여가 생활 같은 것도 훨씬 더 많이 할 수 있고 이제 거의 내 친구들이나 생활 반경이 서울에 중심에 맞춰져 있다 보니까 서울에서 생활하는 게 편하긴 한데 가끔씩 여기가 사람이 너무 많아서 내려가고 싶다라는 생각이 들긴 해. 근데 직장을 얻고 뭔가 더 발전을 하려면은 서울에서 사는 게 맞는 거 같아. 나는 그 본가 살 때는 지하에 헬스장이 있어서 그거를 썼단 말이야. 근데 자취를 하니까 그런 여가 시설 시 그 아무튼 시설들이 없어서 막 주변에서 주변 다른 헬스장을 등록해 놨단 말이야. 근데 너는 지금 어쨌든 본가에 살잖아. 큰 아파트에 사는데 그러면 거기에 막 여가 시설 같은 게 와 잘 마련되어 있어?,0.005747126436781609,0.017241379310344827,0.004597701149425287,0.0,0.005747126436781609,0.0034482758620689655,0.005747126436781609,0.008045977011494253,0.01839080459770115,0.029885057471264367,0.004597701149425287,0.027586206896551724,0.0,0.008045977011494253,0.0022988505747126436,0.0,0.0034482758620689655,0.0011494252873563218,0.03218390804597701,0.013793103448275862,0.0,0.0,0.0,0.0022988505747126436,0.0,0.004597701149425287,0.021839080459770115,0.0,0.0034482758620689655,0.0034482758620689655,0.04367816091954023,0.0,0.006896551724137931,0.0,0.004597701149425287,0.009195402298850575,0.0,0.0,0.011494252873563218,0.0011494252873563218,0.0,0.0022988505747126436,0.0,0.0,0.034482758620689655,0.004597701149425287,0.013793103448275862,0.0022988505747126436,0.004597701149425287,0.0367816091954023,0.009195402298850575,0.0011494252873563218,0.0,0.0022988505747126436,0.0,0.0011494252873563218,0.0011494252873563218,0.0022988505747126436,0.0,0.006896551724137931,0.0,0.0,0.0,0.0011494252873563218,0.006896551724137931,0.0022988505747126436,0.0022988505747126436,0.0011494252873563218,0.0011494252873563218,0.0,0.0,0.0,0.0022988505747126436,0.0,0.0,0.005747126436781609,0.0022988505747126436,0.0,0.006896551724137931,0.010344827586206896,0.0011494252873563218,0.0,0.0,0.0,0.0,0.004597701149425287,0.0034482758620689655,0.0,0.0022988505747126436,0.004597701149425287,0.0,0.0022988505747126436,0.0,0.0011494252873563218,0.0,0.0011494252873563218,0.0011494252873563218,0.0011494252873563218,0.0,0.0022988505747126436,0.004597701149425287,0.0011494252873563218,0.0,0.0,0.0,0.0,0.01264367816091954,0.009195402298850575,0.0,0.0011494252873563218,0.0011494252873563218,0.0022988505747126436,0.0011494252873563218,0.0,0.0,0.0011494252873563218,0.0,0.0,0.0011494252873563218,0.011494252873563218,0.0,0.005747126436781609,0.0011494252873563218,0.0,0.0022988505747126436,0.0011494252873563218,0.0011494252873563218,0.0,0.0022988505747126436,0.0,0.0,0.0,0.0,0.0034482758620689655,0.0,0.0,0.01839080459770115,0.0022988505747126436,0.0,0.0,0.0022988505747126436,0.0022988505747126436,0.0022988505747126436,0.0,0.0,0.005747126436781609,0.0011494252873563218,0.0,0.008045977011494253,0.0022988505747126436,0.0011494252873563218,0.005747126436781609,0.0011494252873563218,0.0,0.0,0.0011494252873563218,0.0,0.0011494252873563218,0.006896551724137931,0.0011494252873563218,0.0,0.0034482758620689655,0.0,0.0,0.0,0.004597701149425287,0.0011494252873563218,0.0011494252873563218,0.0,0.0,0.0011494252873563218,0.0,0.0,0.0,0.006896551724137931,0.0,0.0,0.0,0.0,0.0,0.0011494252873563218,0.0,0.0034482758620689655,0.0022988505747126436,0.0,0.0022988505747126436,0.0,0.0022988505747126436,0.0022988505747126436,0.0,0.0,0.0,0.0022988505747126436,0.0,0.0,0.0011494252873563218,0.0,0.0,0.0,0.0,0.0034482758620689655,0.0,0.004597701149425287,0.0,0.0,0.0,0.0,0.0,0.0,0.0011494252873563218,0.0,0.0,0.0,0.0,0.0011494252873563218,0.0,0.0011494252873563218,0.0,0.0011494252873563218,0.0,0.0022988505747126436,0.0,0.0011494252873563218,0.0022988505747126436,0.0,0.0,0.005747126436781609,0.0,0.0022988505747126436,0.0,0.0,0.0,0.0,0.0,0.0,0.0,0.0,0.0,0.0022988505747126436,0.0,0.0,0.0,0.004597701149425287,0.0,0.0,0.0,0.0,0.0,0.0,0.0,0.0,0.0,0.0,0.0,0.0,0.0,0.006896551724137931,0.0034482758620689655,0.0011494252873563218,0.0011494252873563218,0.0011494252873563218,0.0011494252873563218,0.0022988505747126436,0.0022988505747126436,0.0011494252873563218,0.0011494252873563218,0.0011494252873563218,0.0011494252873563218,0.0011494252873563218,0.0011494252873563218,0.0034482758620689655,0.0011494252873563218,0.005747126436781609,0.0011494252873563218,0.0011494252873563218,0.0011494252873563218,0.0022988505747126436,0.0022988505747126436,0.0011494252873563218,0.0022988505747126436,0.0011494252873563218,0.0011494252873563218,0.0011494252873563218,0.0011494252873563218,0.0022988505747126436,0.0011494252873563218,0.0011494252873563218,0.0011494252873563218,0.0022988505747126436,0.0011494252873563218,0.0011494252873563218,0.0011494252873563218,0.0011494252873563218,0.0011494252873563218,0.0011494252873563218,0.0011494252873563218,0.0011494252873563218,0.0022988505747126436,0.0022988505747126436,0.0011494252873563218,0.0011494252873563218,0.0011494252873563218,0.0022988505747126436,0.0011494252873563218,0.0011494252873563218,0.0034482758620689655,0.0011494252873563218,0.0011494252873563218,0.0011494252873563218,0.0011494252873563218,0.0011494252873563218,0.0011494252873563218,0.0011494252873563218,0.0022988505747126436,0.0011494252873563218,0.0022988505747126436,0.0022988505747126436,0.0011494252873563218,0.0011494252873563218,0.0034482758620689655,0.0011494252873563218,0.0011494252873563218,0.0022988505747126436,0.0011494252873563218,0.0022988505747126436,0.0011494252873563218,0.0011494252873563218,0.0022988505747126436,0.0011494252873563218,0.0011494252873563218,0.0011494252873563218,0.0022988505747126436,0.0011494252873563218,0.0034482758620689655,0.0034482758620689655,0.0022988505747126436,0.0011494252873563218,0.0011494252873563218,0.0011494252873563218,0.0011494252873563218,0.0011494252873563218,0.0011494252873563218,0.0011494252873563218,0.004597701149425287,0.0011494252873563218,0.0011494252873563218,0.0011494252873563218,0.0011494252873563218,0.0022988505747126436,0.0011494252873563218,0.0011494252873563218,0.0011494252873563218,0.0034482758620689655,0.0011494252873563218,0.0011494252873563218,0.0011494252873563218,0.0011494252873563218,0.0022988505747126436,0.0011494252873563218,0.0022988505747126436,0.0022988505747126436,0.0022988505747126436,0.0011494252873563218,0.0011494252873563218,0.0011494252873563218,0.0011494252873563218,0.0022988505747126436,0.0011494252873563218,0.0034482758620689655,0.0034482758620689655,0.0011494252873563218,0.004597701149425287,0.0011494252873563218,0.0011494252873563218,0.0022988505747126436,0.0022988505747126436,0.0011494252873563218,0.0011494252873563218,0.0011494252873563218,0.0022988505747126436,0.0011494252873563218,0.0022988505747126436,0.0022988505747126436,0.0011494252873563218,0.0011494252873563218,0.0011494252873563218,0.0011494252873563218,0.0011494252873563218,0.0011494252873563218,0.0011494252873563218,0.0011494252873563218,0.0011494252873563218,0.0011494252873563218,0.0011494252873563218,0.0011494252873563218,0.0022988505747126436,0.0011494252873563218,0.0011494252873563218,0.0011494252873563218,0.0011494252873563218,0.0011494252873563218,0.0011494252873563218,0.0011494252873563218,0.0011494252873563218,0.0011494252873563218,0.0011494252873563218,0.0011494252873563218,0.0022988505747126436,0.0011494252873563218,0.0011494252873563218,0.0011494252873563218,0.0011494252873563218,0.0011494252873563218,0.0022988505747126436,0.0011494252873563218,0.0022988505747126436,0.0011494252873563218,0.0011494252873563218,0.0011494252873563218,0.0034482758620689655,0.0011494252873563218,0.0011494252873563218,0.0011494252873563218,0.0011494252873563218,0.0011494252873563218,0.0011494252873563218,0.0011494252873563218,0.0011494252873563218,0.0011494252873563218,0.0011494252873563218,0.0011494252873563218,0.0011494252873563218,0.0034482758620689655,0.0011494252873563218,0.0022988505747126436,0.0011494252873563218,0.0011494252873563218,0.0011494252873563218,0.0011494252873563218,0.0011494252873563218,0.0011494252873563218,0.0011494252873563218,0.0011494252873563218,0.0011494252873563218,0.0011494252873563218,0.0011494252873563218,0.0011494252873563218,0.0011494252873563218,0.0011494252873563218,0.0011494252873563218,0.0011494252873563218,0.0011494252873563218,0.0011494252873563218,0.0,0.0,0.0,0.0,0.0,0.0,0.0,0.0,0.0,0.0,0.0,0.0,0.0,0.0,0.0,0.0,0.0,0.0,0.0,0.0,0.0,0.0,0.0,0.0,0.0,0.0,0.0,0.0,0.0,0.0,0.0,0.0,0.0,0.0,0.0,0.0,0.0,0.0,0.0,0.0,0.0,0.0,0.0,0.0,0.0,0.0,0.0,0.0,0.0,0.0,0.0,0.0,0.0,0.0,0.0,0.0,0.0,0.0,0.0,0.0,0.0,0.0,0.0,0.0,0.0,0.0,0.0,0.0,0.0,0.0,0.0,0.0,0.0,0.0,0.0,0.0,0.0,0.0,0.0,0.0,0.0,0.0,0.0,0.0,0.0,0.0,0.0,0.0,0.0,0.0,0.0,0.0,0.0,0.0,0.0,0.0,0.0,0.0,0.0,0.0,0.0,0.0,0.0,0.3661963115111966,0.0,0.0,0.0,0.0,0.0,0.0,0.0,0.0,0.0,0.0,0.0,0.0,0.0,0.0,0.0,0.0,0.0,0.0,0.0,0.0,0.0,0.0,0.0,0.0,0.0,0.0,0.0,0.0,0.0,0.0,0.0,0.0,0.0,0.0,0.0,0.0,0.0,0.0,0.0,0.0,0.0,0.0,0.0,0.0,0.0,0.0,0.0,0.0,0.0,0.5847054135018154,0.0,0.0,0.0,0.0,0.0,0.0,0.0,0.0,0.0,0.0,0.0,0.0,0.0,0.0,0.0,0.0,0.0,0.0,0.0,0.0,0.0,0.0,0.0,0.0,0.0,0.0,0.0,0.0,0.0,0.0,0.0,0.0,0.0,0.0,0.0,0.0,0.0,0.0,0.0,0.0,0.0,0.0,0.0,0.0,0.0,0.0,0.0,0.0,0.0,0.0,0.0,0.0,0.0,0.0,0.0,0.0,0.0,0.0,0.0,0.0,0.0,0.0,0.0,0.0,0.0,0.0,0.0,0.0,0.0,0.0,0.0,0.0,0.0,0.0,0.0,0.0,0.0,0.0,0.0,0.0,0.0,0.0,0.0,0.0,0.0,0.0,0.0,0.0,0.0,0.0,0.0,0.0,0.0,0.0,0.0,0.0,0.0,0.0,0.0,0.0,0.0,0.0,0.0,0.0,0.0,0.0,0.0,0.0,0.0,0.0,0.0,0.0,0.0,0.0,0.0,0.0,0.0,0.0,0.0,0.0,0.0,0.0,0.0,0.0,0.0,0.0,0.0,0.0,0.0,0.0,0.0,0.0,0.0,0.0,0.0,0.0,0.0,0.0,0.0,0.0,0.0,0.0,0.0,0.0,0.0,0.0,0.0,0.0,0.0,0.0,0.0,0.0,0.0,0.0,0.0,0.0,0.0,0.0,0.0,0.0,0.0,0.0,0.0,0.0,0.0,0.0,0.0,0.0,0.0,0.0,0.0,0.0,0.0,0.0,0.0,0.0,0.0,0.0,0.0,0.0,0.0,0.0,0.0,0.0,0.0,0.0,0.0,0.0,0.0,0.0,0.0,0.0,0.0,0.0,0.0,0.0,0.0,0.0,0.0,0.0,0.0,0.0,0.0,0.0,0.0,0.0,0.0,0.0,0.0,0.0,0.0,0.0,0.0,0.0,0.0,0.0,0.0,0.0,0.0,0.0,0.0,0.0,0.0,0.0,0.0,0.0,0.0,0.0,0.0,0.0,0.0,0.0,0.0,0.0,0.0,0.0,0.0,0.0,0.0,0.0,0.0,0.0,0.0,0.0,0.0,0.0,0.0,0.0,0.0,0.0,0.0,0.0,0.0,0.0,0.0,0.0,0.0,0.0,0.0,0.0,0.0,0.0,0.0,0.0,0.0,0.0,0.0,0.0,0.0,0.0,0.0,0.0,0.0,0.0,0.0,0.0,0.0,0.0,0.0,0.0,0.0,0.0,0.0,0.0,0.0,0.0,0.0,0.0,0.0,0.0,0.0,0.0,0.0,0.0,0.0,0.0,0.0,0.0,0.0,0.0,0.0,0.0,0.0,0.0,0.0,0.0,0.0,0.0,0.0,0.0,0.0,0.0,0.0,0.0,0.0,0.0,0.0,0.0,0.0,0.0,0.0,0.0,0.0,0.0,0.0,0.0,0.0,0.0,0.0,0.0,0.0,0.0,0.0,0.0,0.0,0.0,0.0,0.0,0.0,0.0,0.0,0.0,0.0,0.0,0.0,0.0,0.0,0.0,0.0,0.0,0.0,0.0,0.0,0.0,0.0,0.0,0.0,0.0,0.0,0.0,0.0,0.0,0.0,0.0,0.0,0.0,0.0,0.0,0.0,0.0,0.0,0.0,0.0,0.0,0.0,0.0,0.0,0.0,0.0,0.0,0.0,0.0,0.0,0.0,0.0,0.0,0.0,0.0,0.0,0.0,0.0,0.0,0.0,0.0,0.0,0.0,0.0,0.0,0.0,0.0,0.0,0.0,0.0,0.0,0.0,0.0,0.0,0.0,0.0,0.0,0.0,0.0,0.0,0.0,0.0,0.0,0.0,0.0,0.0,0.0,0.0,0.0,0.0,0.0,0.0,0.0,0.0,0.0,0.0,0.0,0.0,0.0,0.0,0.0,0.0,0.0,0.0,0.0,0.0,0.0,0.0,0.0,0.0,0.0,0.0,0.0,0.0,0.0,0.0,0.0,0.0,0.0,0.0,0.0,0.0,0.0,0.0,0.0,0.0,0.0,0.0,0.0,0.0,0.0,0.0,0.0,0.0,0.0,0.0,0.0,0.0,0.0,0.0,0.0,0.0,0.0,0.0,0.0,0.0,0.0,0.0,0.0,0.0,0.0,0.0,0.0,0.0,0.0,0.0,0.0,0.0,0.0,0.0,0.0,0.0,0.0,0.0,0.0,0.0,0.0,0.0,0.0,0.0,0.0,0.0,0.0,0.0,0.0,0.0,0.0,0.0,0.0,0.0,0.0,0.0,0.5118690461716091,0.0,0.0,0.0,0.0,0.0,0.0,0.0,0.0,0.0,0.0,0.0,0.0,0.0,0.0,0.0,0.0,0.0,0.0,0.0,0.0,0.0,0.0,0.0,0.0,0.0,0.0,0.0,0.0,0.0,0.0,0.0,0.0,0.0,0.0,0.0,0.0,0.0,0.0,0.0,0.0,0.0,0.5118690461716091,0.0,0.0,0.0,0.0,0.0,0.0,0.0,0.0,0.0,0.0,0.0,0.0,0.0,0.0,0.0
SD2401268,20대,음 근데 우리집이 꼭대기 층이라 그런지 좀 괜찮은 거 같은데. 층간 소음은 없는데 벽간 소음이 쪼금 있는 거 같아. 방이 그 방음이 잘 안 돼서 옆 문 그 첫 입구 문에만 서도 옆의 방이 뭐 유튜브 뭐 듣고 있는지 무슨 대화하고 있는지가 너무 잘 들려서 쪼끔 부담스럽긴 해. 근데 위에는 아무도 사람이 안 사니까 내가 살기에는 어 소음이 없어서 되게 좋은 거 같아. 그거 말고도 본가 살 때는 위층이 아빠 지인이 살았었는데 그래서 막 소음이 나도 뭐라 하기가 좀 그랬던 경험이 있어. 너는 지금 몇 층 정도에 살아? 층간 소음은 없어? 음 그 학 학교 들어오고 나서부터 2년 동안 여기 살고 올해 새로 계약해서 똑같은 데 연장해서 거기서 살고 있어. 아마 내년에는 교환 학생을 가서 없으니까 오빠가 혼자 살 거 같아 지금 같이 살고 있으니까. 그리고 사실 나는 올해 딱 계약 연장할 때쯤에 새로 구해서 따로따로 살고 싶었는데 아무래도 서울 뭐 월세가 비싸다 보니까 그냥 한집에서 해서 전세로 사는 게 낫겠다 싶어서 같이 살고 있는데. 어 아무래도 생활 패턴이나 그런 집안일 하는 거가 좀 안 맞아서 좀 그게 제일 힘들어서 따로 살고 싶었던 거 같아. 뭐 혼자 늦게 자고 그런 건 상관없는데 오빠가 게임을 하니까 늦게까지 게임하는 소리 계속 들려 오 들려 오고 하니까 나 자는 데 방에 돼서 그랬던 거 같아. 너는 그런 적은 없어? 어 중3 때까지 1곳에서 살았고 그 주 중3 이후에 약간 신도시 분양 그런 청약 담 당첨 돼 가지고 1번 이사를 갔었어. 근데 그 중3 때까지 계속 같은 지역에 살다 보니까 거기 유치원 초등학교 중학교 나오고 고등학교도 그쪽을 가려고 했는데 이사를 가게 돼서 혼자 떨어진 곳을 가니까 친구들이랑도 멀어지고 그러 그 뭐 원래 놀던 데에서도 못 놀고 이런 게 쪼끔 아쉽고 힘들긴 하더라고. 근데 집이 넓어서 되게 좋았던 거 같아. 나는 이사를 많이 안 해 봐서 막 해 보고 싶었다 이런 게 좀 컸었는데 주변에 이사 많이 다니는 사람은 안 그렇더라고. 이사를 그만 다니고 싶다 그러더라. 혹시 너도 그런 편이야? 음 나는 이사 간 다음에 우 이 이사 간 아파트 앞에 막 전원주택 같은 게 있는 거야. 그래서 나중에 이 또 이사를 가게 된다면은 저런 데에서 살고 싶다. 저런 데에서 마당에서 막 식물 키우고 동물 키우고 막 나만의 정원을 가꾸면서 2층 바 다락방에서 살고 싶다 막 이런 생각을 했었는데. 근데 막상 거기에 살면은 관리하는 게 되게 힘들어 보이더라고. 할머니 집도 그런 전원주택인데 조금만 뭘 관리를 안 해 줘도 잡초 자라고 먼지가 끼고 더러워지고 막 그런 게 많아서 관리가 힘들다고 하더라고. 근데 그럼에도 한 약간 한번쯤은 전원주택에 살고 싶다 이런 생각이 있는데. 너는 그런 어디에 살고 싶다 이런 로망 같은 게 있어? 어 전자레인지랑 냉장고 세탁기 이 이 정도는 원래 있었던 거 같고. 밥솥이랑 응 어 그 오븐 같은 거 뭐라고 하지. 그 아 에어프라이어는 사 왔고. 최근에 여름 되니까 벌레가 너무 많이 생기잖아. 특히 음식물에 벌레가 많이 생기는데 그래서 버리기가 너무 힘들어서 미생물로 분해해 주는 기계 그런 게 있더라고. 오빠가 인스타그램에서 찾아와서 막 우 이거 쓰자 막 그러면서 찾아왔던 기억이 있어. 그래서 그거를 지금 살까 고민 중에 있어. 그게 음식물 쓰레기를 넣으면은 미생물들이 분해를 해서 흙으로 바로 만들어 준대. 근데 그게 하루 만에 다 만들어 주고 냄새도 안 나서 좋다고 하더라고. 너는 혹시 집안일 같은 거는 어떻게 하는 편이야? 어 가끔 아니 자주 좀 싸운 싸우진 않고 이런 거에 대해 짜증을 내는 거 같긴 한데 내 방이 쓰레기 그 분리수거 하는 데 바로 앞에 있단 말이야. 그래서 오빠는 좀 멀어서 쓰레기 같은 걸 거기 내면 그만인데 나는 내고 나서 그게 분리수거가 잘 안 되어 있거나 막 더러운 게 섞여 있거나 하면은 냄새가 바로 내 방으로 들어온단 말이야. 그거 때문에 오빠한테 뭐라 한 적도 많았던 거 같고. 약간 분담 같은 게 예전에는 막 뭐 냉장고 청소 네가 1번 하면 내가 화장실 청소 1번 하고 이런 식으로 번갈아서 하자라고 말은 했는데 어느 순간 보니까 내가 다 하고 있더라고. 그래서 그거에 대해서 쌓아 놨다가 화내기 직전에 딱 말하면은 오빠가 또 눈치는 빨라 가지고 그제서야 부랴부랴 치우고 막 이래서 어 싸우지는 않았던 거 같아. 근데 자취를 하니까 확실히 본가 살 때는 엄마가 다 해 주고 그러는데 내가 다 해야 되니까 그게 힘든 거 같긴 해. 너는 자취하고 싶다는 생각은 없어? 아 나 처음에 집 들어올 때 막 냉장고랑 기본 가구에 막 여 연두색 띠가 막 둘러져 있는 거야. 기본 색깔로 막 있는 거야. 그래서 그걸 보고 아 진짜 별로다. 여기 살기 싫다 했었는데 막상 들어가 보니까 그런 거 별로 티도 안 나고 깔끔해 보이고 좋더라고. 그래서 그렇게 쓰고 있고. 뭔가 인테리어 아 그 자취하면 내 방식대로 바 집을 꾸미고 막 이렇게 써야지라는 생각은 있었는데 막상 있으니까 짐을 그 넣을 짐도 너무 많고 근데 그거에 비해 공간은 안 나오고 하니까 인테리어라고 할 것도 없이 그냥 짐을 넣어 놓은 거 같아. 내 방이 너무 작아서 옷장 같은 게 들어갈 공간이 안 나서 거실에다가 행거 설치해서 바로 옷 놓아두고. 그래서 뭔가 꾸미기도 애매하고 그랬던 거 같아. 너는 집 인테리어 어떤 편이야? 서울에서 살 수 있으면 좋을 거 같은데. 왜냐하면 여가 생활 같은 것도 훨씬 더 많이 할 수 있고 이제 거의 내 친구들이나 생활 반경이 서울에 중심에 맞춰져 있다 보니까 서울에서 생활하는 게 편하긴 한데 가끔씩 여기가 사람이 너무 많아서 내려가고 싶다라는 생각이 들긴 해. 근데 직장을 얻고 뭔가 더 발전을 하려면은 서울에서 사는 게 맞는 거 같아. 나는 그 본가 살 때는 지하에 헬스장이 있어서 그거를 썼단 말이야. 근데 자취를 하니까 그런 여가 시설 시 그 아무튼 시설들이 없어서 막 주변에서 주변 다른 헬스장을 등록해 놨단 말이야. 근데 너는 지금 어쨌든 본가에 살잖아. 큰 아파트에 사는데 그러면 거기에 막 여가 시설 같은 게 와 잘 마련되어 있어?,0.005747126436781609,0.017241379310344827,0.004597701149425287,0.0,0.005747126436781609,0.0034482758620689655,0.005747126436781609,0.008045977011494253,0.01839080459770115,0.029885057471264367,0.004597701149425287,0.027586206896551724,0.0,0.008045977011494253,0.0022988505747126436,0.0,0.0034482758620689655,0.0011494252873563218,0.03218390804597701,0.013793103448275862,0.0,0.0,0.0,0.0022988505747126436,0.0,0.004597701149425287,0.021839080459770115,0.0,0.0034482758620689655,0.0034482758620689655,0.04367816091954023,0.0,0.006896551724137931,0.0,0.004597701149425287,0.009195402298850575,0.0,0.0,0.011494252873563218,0.0011494252873563218,0.0,0.0022988505747126436,0.0,0.0,0.034482758620689655,0.004597701149425287,0.013793103448275862,0.0022988505747126436,0.004597701149425287,0.0367816091954023,0.009195402298850575,0.0011494252873563218,0.0,0.0022988505747126436,0.0,0.0011494252873563218,0.0011494252873563218,0.0022988505747126436,0.0,0.006896551724137931,0.0,0.0,0.0,0.0011494252873563218,0.006896551724137931,0.0022988505747126436,0.0022988505747126436,0.0011494252873563218,0.0011494252873563218,0.0,0.0,0.0,0.0022988505747126436,0.0,0.0,0.005747126436781609,0.0022988505747126436,0.0,0.006896551724137931,0.010344827586206896,0.0011494252873563218,0.0,0.0,0.0,0.0,0.004597701149425287,0.0034482758620689655,0.0,0.0022988505747126436,0.004597701149425287,0.0,0.0022988505747126436,0.0,0.0011494252873563218,0.0,0.0011494252873563218,0.0011494252873563218,0.0011494252873563218,0.0,0.0022988505747126436,0.004597701149425287,0.0011494252873563218,0.0,0.0,0.0,0.0,0.01264367816091954,0.009195402298850575,0.0,0.0011494252873563218,0.0011494252873563218,0.0022988505747126436,0.0011494252873563218,0.0,0.0,0.0011494252873563218,0.0,0.0,0.0011494252873563218,0.011494252873563218,0.0,0.005747126436781609,0.0011494252873563218,0.0,0.0022988505747126436,0.0011494252873563218,0.0011494252873563218,0.0,0.0022988505747126436,0.0,0.0,0.0,0.0,0.0034482758620689655,0.0,0.0,0.01839080459770115,0.0022988505747126436,0.0,0.0,0.0022988505747126436,0.0022988505747126436,0.0022988505747126436,0.0,0.0,0.005747126436781609,0.0011494252873563218,0.0,0.008045977011494253,0.0022988505747126436,0.0011494252873563218,0.005747126436781609,0.0011494252873563218,0.0,0.0,0.0011494252873563218,0.0,0.0011494252873563218,0.006896551724137931,0.0011494252873563218,0.0,0.0034482758620689655,0.0,0.0,0.0,0.004597701149425287,0.0011494252873563218,0.0011494252873563218,0.0,0.0,0.0011494252873563218,0.0,0.0,0.0,0.006896551724137931,0.0,0.0,0.0,0.0,0.0,0.0011494252873563218,0.0,0.0034482758620689655,0.0022988505747126436,0.0,0.0022988505747126436,0.0,0.0022988505747126436,0.0022988505747126436,0.0,0.0,0.0,0.0022988505747126436,0.0,0.0,0.0011494252873563218,0.0,0.0,0.0,0.0,0.0034482758620689655,0.0,0.004597701149425287,0.0,0.0,0.0,0.0,0.0,0.0,0.0011494252873563218,0.0,0.0,0.0,0.0,0.0011494252873563218,0.0,0.0011494252873563218,0.0,0.0011494252873563218,0.0,0.0022988505747126436,0.0,0.0011494252873563218,0.0022988505747126436,0.0,0.0,0.005747126436781609,0.0,0.0022988505747126436,0.0,0.0,0.0,0.0,0.0,0.0,0.0,0.0,0.0,0.0022988505747126436,0.0,0.0,0.0,0.004597701149425287,0.0,0.0,0.0,0.0,0.0,0.0,0.0,0.0,0.0,0.0,0.0,0.0,0.0,0.006896551724137931,0.0034482758620689655,0.0011494252873563218,0.0011494252873563218,0.0011494252873563218,0.0011494252873563218,0.0022988505747126436,0.0022988505747126436,0.0011494252873563218,0.0011494252873563218,0.0011494252873563218,0.0011494252873563218,0.0011494252873563218,0.0011494252873563218,0.0034482758620689655,0.0011494252873563218,0.005747126436781609,0.0011494252873563218,0.0011494252873563218,0.0011494252873563218,0.0022988505747126436,0.0022988505747126436,0.0011494252873563218,0.0022988505747126436,0.0011494252873563218,0.0011494252873563218,0.0011494252873563218,0.0011494252873563218,0.0022988505747126436,0.0011494252873563218,0.0011494252873563218,0.0011494252873563218,0.0022988505747126436,0.0011494252873563218,0.0011494252873563218,0.0011494252873563218,0.0011494252873563218,0.0011494252873563218,0.0011494252873563218,0.0011494252873563218,0.0011494252873563218,0.0022988505747126436,0.0022988505747126436,0.0011494252873563218,0.0011494252873563218,0.0011494252873563218,0.0022988505747126436,0.0011494252873563218,0.0011494252873563218,0.0034482758620689655,0.0011494252873563218,0.0011494252873563218,0.0011494252873563218,0.0011494252873563218,0.0011494252873563218,0.0011494252873563218,0.0011494252873563218,0.0022988505747126436,0.0011494252873563218,0.0022988505747126436,0.0022988505747126436,0.0011494252873563218,0.0011494252873563218,0.0034482758620689655,0.0011494252873563218,0.0011494252873563218,0.0022988505747126436,0.0011494252873563218,0.0022988505747126436,0.0011494252873563218,0.0011494252873563218,0.0022988505747126436,0.0011494252873563218,0.0011494252873563218,0.0011494252873563218,0.0022988505747126436,0.0011494252873563218,0.0034482758620689655,0.0034482758620689655,0.0022988505747126436,0.0011494252873563218,0.0011494252873563218,0.0011494252873563218,0.0011494252873563218,0.0011494252873563218,0.0011494252873563218,0.0011494252873563218,0.004597701149425287,0.0011494252873563218,0.0011494252873563218,0.0011494252873563218,0.0011494252873563218,0.0022988505747126436,0.0011494252873563218,0.0011494252873563218,0.0011494252873563218,0.0034482758620689655,0.0011494252873563218,0.0011494252873563218,0.0011494252873563218,0.0011494252873563218,0.0022988505747126436,0.0011494252873563218,0.0022988505747126436,0.0022988505747126436,0.0022988505747126436,0.0011494252873563218,0.0011494252873563218,0.0011494252873563218,0.0011494252873563218,0.0022988505747126436,0.0011494252873563218,0.0034482758620689655,0.0034482758620689655,0.0011494252873563218,0.004597701149425287,0.0011494252873563218,0.0011494252873563218,0.0022988505747126436,0.0022988505747126436,0.0011494252873563218,0.0011494252873563218,0.0011494252873563218,0.0022988505747126436,0.0011494252873563218,0.0022988505747126436,0.0022988505747126436,0.0011494252873563218,0.0011494252873563218,0.0011494252873563218,0.0011494252873563218,0.0011494252873563218,0.0011494252873563218,0.0011494252873563218,0.0011494252873563218,0.0011494252873563218,0.0011494252873563218,0.0011494252873563218,0.0011494252873563218,0.0022988505747126436,0.0011494252873563218,0.0011494252873563218,0.0011494252873563218,0.0011494252873563218,0.0011494252873563218,0.0011494252873563218,0.0011494252873563218,0.0011494252873563218,0.0011494252873563218,0.0011494252873563218,0.0011494252873563218,0.0022988505747126436,0.0011494252873563218,0.0011494252873563218,0.0011494252873563218,0.0011494252873563218,0.0011494252873563218,0.0022988505747126436,0.0011494252873563218,0.0022988505747126436,0.0011494252873563218,0.0011494252873563218,0.0011494252873563218,0.0034482758620689655,0.0011494252873563218,0.0011494252873563218,0.0011494252873563218,0.0011494252873563218,0.0011494252873563218,0.0011494252873563218,0.0011494252873563218,0.0011494252873563218,0.0011494252873563218,0.0011494252873563218,0.0011494252873563218,0.0011494252873563218,0.0034482758620689655,0.0011494252873563218,0.0022988505747126436,0.0011494252873563218,0.0011494252873563218,0.0011494252873563218,0.0011494252873563218,0.0011494252873563218,0.0011494252873563218,0.0011494252873563218,0.0011494252873563218,0.0011494252873563218,0.0011494252873563218,0.0011494252873563218,0.0011494252873563218,0.0011494252873563218,0.0011494252873563218,0.0011494252873563218,0.0011494252873563218,0.0011494252873563218,0.0011494252873563218,0.0,0.0,0.0,0.0,0.0,0.0,0.0,0.0,0.0,0.0,0.0,0.0,0.0,0.0,0.0,0.0,0.0,0.0,0.0,0.0,0.0,0.0,0.0,0.0,0.0,0.0,0.0,0.0,0.0,0.0,0.0,0.0,0.0,0.0,0.0,0.0,0.0,0.0,0.0,0.0,0.232792757352575,0.0,0.0,0.0,0.0,0.0,0.0,0.0,0.0,0.0,0.0,0.0,0.0,0.24830795466069056,0.0,0.0,0.0,0.0,0.0,0.0,0.0,0.0,0.0,0.0,0.0,0.0,0.0,0.0,0.0,0.0,0.0,0.0,0.0,0.0,0.0,0.0,0.0,0.0,0.0,0.0,0.0,0.0,0.0,0.0,0.0,0.0,0.0,0.0,0.0,0.0,0.0,0.0,0.0,0.0,0.0,0.0,0.0,0.0,0.0,0.0,0.0,0.0,0.0,0.0,0.0,0.0,0.0,0.0,0.0,0.0,0.0,0.0,0.0,0.0,0.0,0.0,0.0,0.0,0.0,0.0,0.0,0.0,0.0,0.0,0.0,0.0,0.0,0.0,0.0,0.0,0.26121813412733874,0.0,0.0,0.0,0.0,0.0,0.0,0.0,0.0,0.0,0.0,0.0,0.0,0.0,0.0,0.0,0.0,0.0,0.0,0.0,0.0,0.0,0.0,0.0,0.0,0.0,0.0,0.0,0.0,0.0,0.0,0.0,0.0,0.0,0.0,0.0,0.0,0.0,0.0,0.0,0.0,0.0,0.0,0.0,0.0,0.0,0.0,0.0,0.0,0.0,0.0,0.0,0.0,0.0,0.0,0.0,0.0,0.3579831803608744,0.0,0.0,0.0,0.0,0.0,0.0,0.0,0.0,0.0,0.0,0.0,0.0,0.0,0.0,0.0,0.0,0.0,0.0,0.0,0.0,0.0,0.0,0.0,0.0,0.0,0.0,0.0,0.0,0.0,0.0,0.0,0.0,0.0,0.0,0.0,0.0,0.0,0.0,0.0,0.0,0.0,0.0,0.0,0.0,0.0,0.0,0.0,0.0,0.0,0.0,0.0,0.0,0.0,0.0,0.0,0.0,0.0,0.0,0.0,0.0,0.0,0.0,0.0,0.0,0.0,0.0,0.0,0.0,0.0,0.0,0.0,0.0,0.0,0.0,0.0,0.0,0.0,0.0,0.0,0.0,0.0,0.0,0.0,0.0,0.0,0.0,0.0,0.0,0.0,0.0,0.0,0.0,0.0,0.0,0.0,0.0,0.0,0.0,0.0,0.0,0.0,0.0,0.0,0.0,0.0,0.0,0.0,0.0,0.0,0.0,0.0,0.0,0.0,0.0,0.0,0.0,0.0,0.0,0.0,0.0,0.0,0.0,0.0,0.0,0.0,0.0,0.0,0.0,0.0,0.0,0.0,0.0,0.0,0.0,0.0,0.0,0.0,0.0,0.0,0.0,0.0,0.0,0.0,0.0,0.0,0.0,0.0,0.0,0.0,0.0,0.0,0.0,0.0,0.0,0.0,0.0,0.0,0.0,0.0,0.0,0.0,0.0,0.0,0.0,0.0,0.0,0.0,0.0,0.0,0.0,0.0,0.0,0.0,0.0,0.0,0.0,0.0,0.0,0.0,0.0,0.0,0.0,0.0,0.0,0.0,0.0,0.0,0.0,0.0,0.0,0.0,0.0,0.0,0.0,0.0,0.0,0.0,0.0,0.0,0.0,0.0,0.0,0.0,0.0,0.0,0.0,0.0,0.0,0.0,0.0,0.0,0.0,0.0,0.0,0.0,0.0,0.0,0.0,0.0,0.0,0.0,0.0,0.0,0.0,0.0,0.0,0.0,0.0,0.0,0.0,0.0,0.0,0.0,0.0,0.0,0.0,0.0,0.0,0.0,0.0,0.0,0.27738648578522473,0.0,0.0,0.0,0.0,0.0,0.0,0.0,0.0,0.0,0.33189752146043144,0.0,0.0,0.0,0.0,0.0,0.0,0.0,0.0,0.0,0.0,0.0,0.0,0.0,0.0,0.0,0.0,0.0,0.0,0.0,0.0,0.0,0.0,0.0,0.0,0.0,0.0,0.0,0.0,0.0,0.0,0.0,0.0,0.0,0.0,0.0,0.0,0.0,0.0,0.0,0.0,0.0,0.0,0.0,0.0,0.0,0.0,0.0,0.0,0.0,0.0,0.0,0.0,0.0,0.0,0.0,0.0,0.0,0.0,0.0,0.0,0.0,0.0,0.0,0.0,0.0,0.0,0.0,0.0,0.0,0.0,0.0,0.0,0.0,0.0,0.0,0.0,0.0,0.0,0.0,0.5547729715704495,0.0,0.0,0.0,0.0,0.0,0.0,0.0,0.0,0.0,0.0,0.0,0.0,0.0,0.0,0.0,0.0,0.0,0.0,0.0,0.25443974945732756,0.0,0.0,0.0,0.0,0.0,0.0,0.0,0.0,0.0,0.0,0.0,0.0,0.0,0.0,0.0,0.0,0.0,0.0,0.0,0.0,0.0,0.0,0.0,0.0,0.0,0.0,0.0,0.0,0.0,0.0,0.0,0.0,0.0,0.0,0.0,0.3579831803608744,0.0,0.0,0.0,0.0,0.0,0.0,0.0,0.0,0.0,0.0,0.0,0.0,0.0,0.0,0.0,0.0,0.0,0.0,0.0,0.0,0.0,0.0,0.0,0.0,0.0,0.0,0.0,0.0,0.0,0.0,0.0,0.0,0.0,0.0,0.0,0.0,0.0,0.0,0.0,0.0,0.0,0.0,0.0,0.0,0.0,0.0,0.0,0.0,0.0,0.0,0.0,0.0,0.0,0.0,0.0,0.0,0.0,0.0,0.0,0.0,0.0,0.0,0.0,0.0,0.0,0.0,0.0,0.0,0.0,0.0,0.0,0.0,0.0,0.0,0.0,0.0,0.0,0.0,0.0,0.0,0.0,0.0,0.0,0.0,0.0,0.0,0.0,0.0,0.0,0.0,0.0,0.0,0.0,0.0,0.0,0.0,0.0,0.0,0.0,0.0,0.0,0.0,0.0,0.0,0.0,0.0,0.0,0.0,0.0,0.0,0.0,0.0,0.0,0.0,0.0,0.0,0.0,0.0,0.0,0.0,0.0,0.0,0.0,0.0,0.0,0.0,0.0,0.0,0.0,0.0,0.0,0.0,0.0,0.0,0.0,0.0,0.0,0.0,0.0,0.0,0.0,0.0,0.0,0.0,0.0,0.0,0.0,0.0,0.0,0.0,0.0
SD2401268,20대,음 근데 우리집이 꼭대기 층이라 그런지 좀 괜찮은 거 같은데. 층간 소음은 없는데 벽간 소음이 쪼금 있는 거 같아. 방이 그 방음이 잘 안 돼서 옆 문 그 첫 입구 문에만 서도 옆의 방이 뭐 유튜브 뭐 듣고 있는지 무슨 대화하고 있는지가 너무 잘 들려서 쪼끔 부담스럽긴 해. 근데 위에는 아무도 사람이 안 사니까 내가 살기에는 어 소음이 없어서 되게 좋은 거 같아. 그거 말고도 본가 살 때는 위층이 아빠 지인이 살았었는데 그래서 막 소음이 나도 뭐라 하기가 좀 그랬던 경험이 있어. 너는 지금 몇 층 정도에 살아? 층간 소음은 없어? 음 그 학 학교 들어오고 나서부터 2년 동안 여기 살고 올해 새로 계약해서 똑같은 데 연장해서 거기서 살고 있어. 아마 내년에는 교환 학생을 가서 없으니까 오빠가 혼자 살 거 같아 지금 같이 살고 있으니까. 그리고 사실 나는 올해 딱 계약 연장할 때쯤에 새로 구해서 따로따로 살고 싶었는데 아무래도 서울 뭐 월세가 비싸다 보니까 그냥 한집에서 해서 전세로 사는 게 낫겠다 싶어서 같이 살고 있는데. 어 아무래도 생활 패턴이나 그런 집안일 하는 거가 좀 안 맞아서 좀 그게 제일 힘들어서 따로 살고 싶었던 거 같아. 뭐 혼자 늦게 자고 그런 건 상관없는데 오빠가 게임을 하니까 늦게까지 게임하는 소리 계속 들려 오 들려 오고 하니까 나 자는 데 방에 돼서 그랬던 거 같아. 너는 그런 적은 없어? 어 중3 때까지 1곳에서 살았고 그 주 중3 이후에 약간 신도시 분양 그런 청약 담 당첨 돼 가지고 1번 이사를 갔었어. 근데 그 중3 때까지 계속 같은 지역에 살다 보니까 거기 유치원 초등학교 중학교 나오고 고등학교도 그쪽을 가려고 했는데 이사를 가게 돼서 혼자 떨어진 곳을 가니까 친구들이랑도 멀어지고 그러 그 뭐 원래 놀던 데에서도 못 놀고 이런 게 쪼끔 아쉽고 힘들긴 하더라고. 근데 집이 넓어서 되게 좋았던 거 같아. 나는 이사를 많이 안 해 봐서 막 해 보고 싶었다 이런 게 좀 컸었는데 주변에 이사 많이 다니는 사람은 안 그렇더라고. 이사를 그만 다니고 싶다 그러더라. 혹시 너도 그런 편이야? 음 나는 이사 간 다음에 우 이 이사 간 아파트 앞에 막 전원주택 같은 게 있는 거야. 그래서 나중에 이 또 이사를 가게 된다면은 저런 데에서 살고 싶다. 저런 데에서 마당에서 막 식물 키우고 동물 키우고 막 나만의 정원을 가꾸면서 2층 바 다락방에서 살고 싶다 막 이런 생각을 했었는데. 근데 막상 거기에 살면은 관리하는 게 되게 힘들어 보이더라고. 할머니 집도 그런 전원주택인데 조금만 뭘 관리를 안 해 줘도 잡초 자라고 먼지가 끼고 더러워지고 막 그런 게 많아서 관리가 힘들다고 하더라고. 근데 그럼에도 한 약간 한번쯤은 전원주택에 살고 싶다 이런 생각이 있는데. 너는 그런 어디에 살고 싶다 이런 로망 같은 게 있어? 어 전자레인지랑 냉장고 세탁기 이 이 정도는 원래 있었던 거 같고. 밥솥이랑 응 어 그 오븐 같은 거 뭐라고 하지. 그 아 에어프라이어는 사 왔고. 최근에 여름 되니까 벌레가 너무 많이 생기잖아. 특히 음식물에 벌레가 많이 생기는데 그래서 버리기가 너무 힘들어서 미생물로 분해해 주는 기계 그런 게 있더라고. 오빠가 인스타그램에서 찾아와서 막 우 이거 쓰자 막 그러면서 찾아왔던 기억이 있어. 그래서 그거를 지금 살까 고민 중에 있어. 그게 음식물 쓰레기를 넣으면은 미생물들이 분해를 해서 흙으로 바로 만들어 준대. 근데 그게 하루 만에 다 만들어 주고 냄새도 안 나서 좋다고 하더라고. 너는 혹시 집안일 같은 거는 어떻게 하는 편이야? 어 가끔 아니 자주 좀 싸운 싸우진 않고 이런 거에 대해 짜증을 내는 거 같긴 한데 내 방이 쓰레기 그 분리수거 하는 데 바로 앞에 있단 말이야. 그래서 오빠는 좀 멀어서 쓰레기 같은 걸 거기 내면 그만인데 나는 내고 나서 그게 분리수거가 잘 안 되어 있거나 막 더러운 게 섞여 있거나 하면은 냄새가 바로 내 방으로 들어온단 말이야. 그거 때문에 오빠한테 뭐라 한 적도 많았던 거 같고. 약간 분담 같은 게 예전에는 막 뭐 냉장고 청소 네가 1번 하면 내가 화장실 청소 1번 하고 이런 식으로 번갈아서 하자라고 말은 했는데 어느 순간 보니까 내가 다 하고 있더라고. 그래서 그거에 대해서 쌓아 놨다가 화내기 직전에 딱 말하면은 오빠가 또 눈치는 빨라 가지고 그제서야 부랴부랴 치우고 막 이래서 어 싸우지는 않았던 거 같아. 근데 자취를 하니까 확실히 본가 살 때는 엄마가 다 해 주고 그러는데 내가 다 해야 되니까 그게 힘든 거 같긴 해. 너는 자취하고 싶다는 생각은 없어? 아 나 처음에 집 들어올 때 막 냉장고랑 기본 가구에 막 여 연두색 띠가 막 둘러져 있는 거야. 기본 색깔로 막 있는 거야. 그래서 그걸 보고 아 진짜 별로다. 여기 살기 싫다 했었는데 막상 들어가 보니까 그런 거 별로 티도 안 나고 깔끔해 보이고 좋더라고. 그래서 그렇게 쓰고 있고. 뭔가 인테리어 아 그 자취하면 내 방식대로 바 집을 꾸미고 막 이렇게 써야지라는 생각은 있었는데 막상 있으니까 짐을 그 넣을 짐도 너무 많고 근데 그거에 비해 공간은 안 나오고 하니까 인테리어라고 할 것도 없이 그냥 짐을 넣어 놓은 거 같아. 내 방이 너무 작아서 옷장 같은 게 들어갈 공간이 안 나서 거실에다가 행거 설치해서 바로 옷 놓아두고. 그래서 뭔가 꾸미기도 애매하고 그랬던 거 같아. 너는 집 인테리어 어떤 편이야? 서울에서 살 수 있으면 좋을 거 같은데. 왜냐하면 여가 생활 같은 것도 훨씬 더 많이 할 수 있고 이제 거의 내 친구들이나 생활 반경이 서울에 중심에 맞춰져 있다 보니까 서울에서 생활하는 게 편하긴 한데 가끔씩 여기가 사람이 너무 많아서 내려가고 싶다라는 생각이 들긴 해. 근데 직장을 얻고 뭔가 더 발전을 하려면은 서울에서 사는 게 맞는 거 같아. 나는 그 본가 살 때는 지하에 헬스장이 있어서 그거를 썼단 말이야. 근데 자취를 하니까 그런 여가 시설 시 그 아무튼 시설들이 없어서 막 주변에서 주변 다른 헬스장을 등록해 놨단 말이야. 근데 너는 지금 어쨌든 본가에 살잖아. 큰 아파트에 사는데 그러면 거기에 막 여가 시설 같은 게 와 잘 마련되어 있어?,0.005747126436781609,0.017241379310344827,0.004597701149425287,0.0,0.005747126436781609,0.0034482758620689655,0.005747126436781609,0.008045977011494253,0.01839080459770115,0.029885057471264367,0.004597701149425287,0.027586206896551724,0.0,0.008045977011494253,0.0022988505747126436,0.0,0.0034482758620689655,0.0011494252873563218,0.03218390804597701,0.013793103448275862,0.0,0.0,0.0,0.0022988505747126436,0.0,0.004597701149425287,0.021839080459770115,0.0,0.0034482758620689655,0.0034482758620689655,0.04367816091954023,0.0,0.006896551724137931,0.0,0.004597701149425287,0.009195402298850575,0.0,0.0,0.011494252873563218,0.0011494252873563218,0.0,0.0022988505747126436,0.0,0.0,0.034482758620689655,0.004597701149425287,0.013793103448275862,0.0022988505747126436,0.004597701149425287,0.0367816091954023,0.009195402298850575,0.0011494252873563218,0.0,0.0022988505747126436,0.0,0.0011494252873563218,0.0011494252873563218,0.0022988505747126436,0.0,0.006896551724137931,0.0,0.0,0.0,0.0011494252873563218,0.006896551724137931,0.0022988505747126436,0.0022988505747126436,0.0011494252873563218,0.0011494252873563218,0.0,0.0,0.0,0.0022988505747126436,0.0,0.0,0.005747126436781609,0.0022988505747126436,0.0,0.006896551724137931,0.010344827586206896,0.0011494252873563218,0.0,0.0,0.0,0.0,0.004597701149425287,0.0034482758620689655,0.0,0.0022988505747126436,0.004597701149425287,0.0,0.0022988505747126436,0.0,0.0011494252873563218,0.0,0.0011494252873563218,0.0011494252873563218,0.0011494252873563218,0.0,0.0022988505747126436,0.004597701149425287,0.0011494252873563218,0.0,0.0,0.0,0.0,0.01264367816091954,0.009195402298850575,0.0,0.0011494252873563218,0.0011494252873563218,0.0022988505747126436,0.0011494252873563218,0.0,0.0,0.0011494252873563218,0.0,0.0,0.0011494252873563218,0.011494252873563218,0.0,0.005747126436781609,0.0011494252873563218,0.0,0.0022988505747126436,0.0011494252873563218,0.0011494252873563218,0.0,0.0022988505747126436,0.0,0.0,0.0,0.0,0.0034482758620689655,0.0,0.0,0.01839080459770115,0.0022988505747126436,0.0,0.0,0.0022988505747126436,0.0022988505747126436,0.0022988505747126436,0.0,0.0,0.005747126436781609,0.0011494252873563218,0.0,0.008045977011494253,0.0022988505747126436,0.0011494252873563218,0.005747126436781609,0.0011494252873563218,0.0,0.0,0.0011494252873563218,0.0,0.0011494252873563218,0.006896551724137931,0.0011494252873563218,0.0,0.0034482758620689655,0.0,0.0,0.0,0.004597701149425287,0.0011494252873563218,0.0011494252873563218,0.0,0.0,0.0011494252873563218,0.0,0.0,0.0,0.006896551724137931,0.0,0.0,0.0,0.0,0.0,0.0011494252873563218,0.0,0.0034482758620689655,0.0022988505747126436,0.0,0.0022988505747126436,0.0,0.0022988505747126436,0.0022988505747126436,0.0,0.0,0.0,0.0022988505747126436,0.0,0.0,0.0011494252873563218,0.0,0.0,0.0,0.0,0.0034482758620689655,0.0,0.004597701149425287,0.0,0.0,0.0,0.0,0.0,0.0,0.0011494252873563218,0.0,0.0,0.0,0.0,0.0011494252873563218,0.0,0.0011494252873563218,0.0,0.0011494252873563218,0.0,0.0022988505747126436,0.0,0.0011494252873563218,0.0022988505747126436,0.0,0.0,0.005747126436781609,0.0,0.0022988505747126436,0.0,0.0,0.0,0.0,0.0,0.0,0.0,0.0,0.0,0.0022988505747126436,0.0,0.0,0.0,0.004597701149425287,0.0,0.0,0.0,0.0,0.0,0.0,0.0,0.0,0.0,0.0,0.0,0.0,0.0,0.006896551724137931,0.0034482758620689655,0.0011494252873563218,0.0011494252873563218,0.0011494252873563218,0.0011494252873563218,0.0022988505747126436,0.0022988505747126436,0.0011494252873563218,0.0011494252873563218,0.0011494252873563218,0.0011494252873563218,0.0011494252873563218,0.0011494252873563218,0.0034482758620689655,0.0011494252873563218,0.005747126436781609,0.0011494252873563218,0.0011494252873563218,0.0011494252873563218,0.0022988505747126436,0.0022988505747126436,0.0011494252873563218,0.0022988505747126436,0.0011494252873563218,0.0011494252873563218,0.0011494252873563218,0.0011494252873563218,0.0022988505747126436,0.0011494252873563218,0.0011494252873563218,0.0011494252873563218,0.0022988505747126436,0.0011494252873563218,0.0011494252873563218,0.0011494252873563218,0.0011494252873563218,0.0011494252873563218,0.0011494252873563218,0.0011494252873563218,0.0011494252873563218,0.0022988505747126436,0.0022988505747126436,0.0011494252873563218,0.0011494252873563218,0.0011494252873563218,0.0022988505747126436,0.0011494252873563218,0.0011494252873563218,0.0034482758620689655,0.0011494252873563218,0.0011494252873563218,0.0011494252873563218,0.0011494252873563218,0.0011494252873563218,0.0011494252873563218,0.0011494252873563218,0.0022988505747126436,0.0011494252873563218,0.0022988505747126436,0.0022988505747126436,0.0011494252873563218,0.0011494252873563218,0.0034482758620689655,0.0011494252873563218,0.0011494252873563218,0.0022988505747126436,0.0011494252873563218,0.0022988505747126436,0.0011494252873563218,0.0011494252873563218,0.0022988505747126436,0.0011494252873563218,0.0011494252873563218,0.0011494252873563218,0.0022988505747126436,0.0011494252873563218,0.0034482758620689655,0.0034482758620689655,0.0022988505747126436,0.0011494252873563218,0.0011494252873563218,0.0011494252873563218,0.0011494252873563218,0.0011494252873563218,0.0011494252873563218,0.0011494252873563218,0.004597701149425287,0.0011494252873563218,0.0011494252873563218,0.0011494252873563218,0.0011494252873563218,0.0022988505747126436,0.0011494252873563218,0.0011494252873563218,0.0011494252873563218,0.0034482758620689655,0.0011494252873563218,0.0011494252873563218,0.0011494252873563218,0.0011494252873563218,0.0022988505747126436,0.0011494252873563218,0.0022988505747126436,0.0022988505747126436,0.0022988505747126436,0.0011494252873563218,0.0011494252873563218,0.0011494252873563218,0.0011494252873563218,0.0022988505747126436,0.0011494252873563218,0.0034482758620689655,0.0034482758620689655,0.0011494252873563218,0.004597701149425287,0.0011494252873563218,0.0011494252873563218,0.0022988505747126436,0.0022988505747126436,0.0011494252873563218,0.0011494252873563218,0.0011494252873563218,0.0022988505747126436,0.0011494252873563218,0.0022988505747126436,0.0022988505747126436,0.0011494252873563218,0.0011494252873563218,0.0011494252873563218,0.0011494252873563218,0.0011494252873563218,0.0011494252873563218,0.0011494252873563218,0.0011494252873563218,0.0011494252873563218,0.0011494252873563218,0.0011494252873563218,0.0011494252873563218,0.0022988505747126436,0.0011494252873563218,0.0011494252873563218,0.0011494252873563218,0.0011494252873563218,0.0011494252873563218,0.0011494252873563218,0.0011494252873563218,0.0011494252873563218,0.0011494252873563218,0.0011494252873563218,0.0011494252873563218,0.0022988505747126436,0.0011494252873563218,0.0011494252873563218,0.0011494252873563218,0.0011494252873563218,0.0011494252873563218,0.0022988505747126436,0.0011494252873563218,0.0022988505747126436,0.0011494252873563218,0.0011494252873563218,0.0011494252873563218,0.0034482758620689655,0.0011494252873563218,0.0011494252873563218,0.0011494252873563218,0.0011494252873563218,0.0011494252873563218,0.0011494252873563218,0.0011494252873563218,0.0011494252873563218,0.0011494252873563218,0.0011494252873563218,0.0011494252873563218,0.0011494252873563218,0.0034482758620689655,0.0011494252873563218,0.0022988505747126436,0.0011494252873563218,0.0011494252873563218,0.0011494252873563218,0.0011494252873563218,0.0011494252873563218,0.0011494252873563218,0.0011494252873563218,0.0011494252873563218,0.0011494252873563218,0.0011494252873563218,0.0011494252873563218,0.0011494252873563218,0.0011494252873563218,0.0011494252873563218,0.0011494252873563218,0.0011494252873563218,0.0011494252873563218,0.0011494252873563218,0.0,0.0,0.0,0.0,0.0,0.0,0.0,0.0,0.0,0.0,0.0,0.0,0.0,0.0,0.0,0.0,0.3603799296091035,0.0,0.0,0.0,0.0,0.0,0.0,0.0,0.0,0.0,0.0,0.0,0.0,0.0,0.0,0.0,0.0,0.0,0.0,0.0,0.0,0.0,0.0,0.0,0.0,0.0,0.0,0.0,0.0,0.0,0.0,0.0,0.0,0.0,0.0,0.0,0.0,0.0,0.0,0.0,0.0,0.0,0.0,0.0,0.0,0.0,0.0,0.0,0.0,0.0,0.0,0.0,0.0,0.0,0.0,0.0,0.0,0.0,0.0,0.0,0.0,0.0,0.0,0.0,0.0,0.0,0.0,0.0,0.0,0.0,0.0,0.0,0.0,0.0,0.0,0.0,0.0,0.0,0.25277030433694225,0.0,0.0,0.0,0.0,0.0,0.0,0.0,0.0,0.0,0.0,0.0,0.0,0.0,0.0,0.0,0.0,0.0,0.0,0.0,0.0,0.0,0.0,0.0,0.0,0.0,0.0,0.0,0.0,0.0,0.0,0.0,0.0,0.0,0.0,0.0,0.0,0.0,0.0,0.0,0.0,0.0,0.3887041782415822,0.0,0.0,0.0,0.0,0.0,0.0,0.0,0.0,0.0,0.0,0.0,0.0,0.0,0.0,0.0,0.0,0.0,0.0,0.0,0.0,0.0,0.0,0.0,0.0,0.0,0.0,0.0,0.0,0.0,0.0,0.0,0.0,0.0,0.0,0.0,0.0,0.0,0.0,0.0,0.0,0.0,0.0,0.0,0.0,0.0,0.0,0.0,0.0,0.0,0.0,0.0,0.0,0.0,0.0,0.0,0.0,0.0,0.0,0.0,0.0,0.3603799296091035,0.0,0.0,0.0,0.0,0.0,0.0,0.0,0.0,0.0,0.0,0.0,0.0,0.0,0.0,0.0,0.3887041782415822,0.0,0.0,0.0,0.0,0.0,0.0,0.0,0.0,0.0,0.0,0.0,0.0,0.0,0.0,0.0,0.0,0.0,0.0,0.0,0.0,0.0,0.0,0.0,0.0,0.0,0.0,0.0,0.0,0.0,0.0,0.0,0.0,0.0,0.0,0.0,0.0,0.0,0.0,0.0,0.0,0.0,0.0,0.0,0.0,0.0,0.0,0.0,0.0,0.0,0.0,0.0,0.0,0.0,0.0,0.0,0.0,0.0,0.0,0.0,0.0,0.0,0.0,0.0,0.0,0.0,0.0,0.0,0.0,0.0,0.0,0.0,0.0,0.0,0.0,0.0,0.0,0.0,0.0,0.0,0.0,0.0,0.0,0.0,0.0,0.0,0.0,0.0,0.0,0.0,0.0,0.0,0.0,0.0,0.0,0.0,0.0,0.0,0.0,0.0,0.0,0.0,0.0,0.0,0.0,0.0,0.0,0.0,0.0,0.0,0.0,0.0,0.0,0.0,0.0,0.0,0.0,0.0,0.0,0.0,0.2579472051033847,0.0,0.0,0.0,0.0,0.0,0.0,0.0,0.0,0.0,0.0,0.0,0.0,0.0,0.0,0.0,0.0,0.0,0.0,0.0,0.0,0.0,0.0,0.0,0.0,0.0,0.0,0.0,0.0,0.0,0.0,0.0,0.0,0.0,0.0,0.0,0.0,0.0,0.0,0.0,0.0,0.0,0.0,0.0,0.0,0.0,0.0,0.0,0.0,0.0,0.0,0.0,0.0,0.0,0.0,0.0,0.0,0.3119593067528352,0.0,0.0,0.0,0.0,0.0,0.0,0.0,0.0,0.0,0.0,0.0,0.0,0.0,0.0,0.0,0.0,0.0,0.0,0.0,0.0,0.0,0.0,0.0,0.0,0.0,0.0,0.0,0.0,0.0,0.0,0.0,0.0,0.0,0.0,0.0,0.0,0.0,0.0,0.0,0.0,0.0,0.0,0.0,0.0,0.0,0.0,0.0,0.0,0.0,0.0,0.0,0.0,0.0,0.0,0.0,0.0,0.0,0.0,0.0,0.0,0.0,0.0,0.0,0.0,0.0,0.0,0.0,0.0,0.0,0.0,0.0,0.0,0.0,0.0,0.0,0.0,0.0,0.0,0.0,0.0,0.0,0.0,0.0,0.0,0.0,0.0,0.0,0.0,0.0,0.0,0.0,0.0,0.0,0.0,0.0,0.0,0.0,0.0,0.0,0.0,0.0,0.0,0.0,0.0,0.0,0.0,0.0,0.0,0.0,0.0,0.0,0.0,0.0,0.0,0.0,0.0,0.0,0.0,0.0,0.0,0.0,0.0,0.0,0.0,0.0,0.0,0.0,0.0,0.0,0.28363505812035633,0.0,0.0,0.0,0.0,0.0,0.0,0.0,0.0,0.0,0.0,0.0,0.0,0.0,0.0,0.0,0.0,0.0,0.0,0.0,0.0,0.0,0.0,0.0,0.0,0.0,0.0,0.0,0.0,0.0,0.0,0.0,0.0,0.0,0.0,0.0,0.0,0.0,0.0,0.0,0.0,0.0,0.0,0.0,0.0,0.0,0.0,0.0,0.0,0.3603799296091035,0.0,0.0,0.0,0.0,0.0,0.0,0.0,0.0,0.0,0.0,0.0,0.0,0.0,0.0,0.0,0.0,0.0,0.0,0.0,0.0,0.0,0.0,0.0,0.0,0.0,0.0,0.0,0.0,0.0,0.0,0.0,0.0,0.0,0.0,0.0,0.0,0.0,0.0,0.0,0.0,0.0,0.0,0.0,0.0,0.0,0.0,0.0,0.0,0.0,0.0,0.0,0.0,0.0,0.0,0.0,0.0,0.0,0.0,0.0,0.0,0.0,0.0,0.0,0.0,0.0,0.0,0.0,0.0,0.0,0.0,0.0,0.0,0.0,0.0,0.0,0.0,0.0,0.0,0.0,0.0,0.0,0.0,0.0,0.0,0.0,0.0,0.0,0.0,0.0,0.0,0.0,0.0,0.0,0.0,0.0,0.0,0.0,0.0,0.0,0.0,0.0,0.0,0.0,0.0,0.0,0.0,0.0,0.0,0.0,0.0,0.0,0.0,0.0,0.0,0.0,0.0,0.0,0.0,0.0,0.0,0.0,0.0,0.0,0.0,0.0,0.0,0.0,0.0,0.0,0.0,0.0,0.0,0.0,0.0,0.0,0.0,0.0,0.0,0.0,0.0,0.0,0.0,0.0,0.0,0.0,0.0,0.0,0.0,0.0,0.0,0.0,0.0,0.0,0.0,0.0,0.0,0.0
SD2401268,20대,음 근데 우리집이 꼭대기 층이라 그런지 좀 괜찮은 거 같은데. 층간 소음은 없는데 벽간 소음이 쪼금 있는 거 같아. 방이 그 방음이 잘 안 돼서 옆 문 그 첫 입구 문에만 서도 옆의 방이 뭐 유튜브 뭐 듣고 있는지 무슨 대화하고 있는지가 너무 잘 들려서 쪼끔 부담스럽긴 해. 근데 위에는 아무도 사람이 안 사니까 내가 살기에는 어 소음이 없어서 되게 좋은 거 같아. 그거 말고도 본가 살 때는 위층이 아빠 지인이 살았었는데 그래서 막 소음이 나도 뭐라 하기가 좀 그랬던 경험이 있어. 너는 지금 몇 층 정도에 살아? 층간 소음은 없어? 음 그 학 학교 들어오고 나서부터 2년 동안 여기 살고 올해 새로 계약해서 똑같은 데 연장해서 거기서 살고 있어. 아마 내년에는 교환 학생을 가서 없으니까 오빠가 혼자 살 거 같아 지금 같이 살고 있으니까. 그리고 사실 나는 올해 딱 계약 연장할 때쯤에 새로 구해서 따로따로 살고 싶었는데 아무래도 서울 뭐 월세가 비싸다 보니까 그냥 한집에서 해서 전세로 사는 게 낫겠다 싶어서 같이 살고 있는데. 어 아무래도 생활 패턴이나 그런 집안일 하는 거가 좀 안 맞아서 좀 그게 제일 힘들어서 따로 살고 싶었던 거 같아. 뭐 혼자 늦게 자고 그런 건 상관없는데 오빠가 게임을 하니까 늦게까지 게임하는 소리 계속 들려 오 들려 오고 하니까 나 자는 데 방에 돼서 그랬던 거 같아. 너는 그런 적은 없어? 어 중3 때까지 1곳에서 살았고 그 주 중3 이후에 약간 신도시 분양 그런 청약 담 당첨 돼 가지고 1번 이사를 갔었어. 근데 그 중3 때까지 계속 같은 지역에 살다 보니까 거기 유치원 초등학교 중학교 나오고 고등학교도 그쪽을 가려고 했는데 이사를 가게 돼서 혼자 떨어진 곳을 가니까 친구들이랑도 멀어지고 그러 그 뭐 원래 놀던 데에서도 못 놀고 이런 게 쪼끔 아쉽고 힘들긴 하더라고. 근데 집이 넓어서 되게 좋았던 거 같아. 나는 이사를 많이 안 해 봐서 막 해 보고 싶었다 이런 게 좀 컸었는데 주변에 이사 많이 다니는 사람은 안 그렇더라고. 이사를 그만 다니고 싶다 그러더라. 혹시 너도 그런 편이야? 음 나는 이사 간 다음에 우 이 이사 간 아파트 앞에 막 전원주택 같은 게 있는 거야. 그래서 나중에 이 또 이사를 가게 된다면은 저런 데에서 살고 싶다. 저런 데에서 마당에서 막 식물 키우고 동물 키우고 막 나만의 정원을 가꾸면서 2층 바 다락방에서 살고 싶다 막 이런 생각을 했었는데. 근데 막상 거기에 살면은 관리하는 게 되게 힘들어 보이더라고. 할머니 집도 그런 전원주택인데 조금만 뭘 관리를 안 해 줘도 잡초 자라고 먼지가 끼고 더러워지고 막 그런 게 많아서 관리가 힘들다고 하더라고. 근데 그럼에도 한 약간 한번쯤은 전원주택에 살고 싶다 이런 생각이 있는데. 너는 그런 어디에 살고 싶다 이런 로망 같은 게 있어? 어 전자레인지랑 냉장고 세탁기 이 이 정도는 원래 있었던 거 같고. 밥솥이랑 응 어 그 오븐 같은 거 뭐라고 하지. 그 아 에어프라이어는 사 왔고. 최근에 여름 되니까 벌레가 너무 많이 생기잖아. 특히 음식물에 벌레가 많이 생기는데 그래서 버리기가 너무 힘들어서 미생물로 분해해 주는 기계 그런 게 있더라고. 오빠가 인스타그램에서 찾아와서 막 우 이거 쓰자 막 그러면서 찾아왔던 기억이 있어. 그래서 그거를 지금 살까 고민 중에 있어. 그게 음식물 쓰레기를 넣으면은 미생물들이 분해를 해서 흙으로 바로 만들어 준대. 근데 그게 하루 만에 다 만들어 주고 냄새도 안 나서 좋다고 하더라고. 너는 혹시 집안일 같은 거는 어떻게 하는 편이야? 어 가끔 아니 자주 좀 싸운 싸우진 않고 이런 거에 대해 짜증을 내는 거 같긴 한데 내 방이 쓰레기 그 분리수거 하는 데 바로 앞에 있단 말이야. 그래서 오빠는 좀 멀어서 쓰레기 같은 걸 거기 내면 그만인데 나는 내고 나서 그게 분리수거가 잘 안 되어 있거나 막 더러운 게 섞여 있거나 하면은 냄새가 바로 내 방으로 들어온단 말이야. 그거 때문에 오빠한테 뭐라 한 적도 많았던 거 같고. 약간 분담 같은 게 예전에는 막 뭐 냉장고 청소 네가 1번 하면 내가 화장실 청소 1번 하고 이런 식으로 번갈아서 하자라고 말은 했는데 어느 순간 보니까 내가 다 하고 있더라고. 그래서 그거에 대해서 쌓아 놨다가 화내기 직전에 딱 말하면은 오빠가 또 눈치는 빨라 가지고 그제서야 부랴부랴 치우고 막 이래서 어 싸우지는 않았던 거 같아. 근데 자취를 하니까 확실히 본가 살 때는 엄마가 다 해 주고 그러는데 내가 다 해야 되니까 그게 힘든 거 같긴 해. 너는 자취하고 싶다는 생각은 없어? 아 나 처음에 집 들어올 때 막 냉장고랑 기본 가구에 막 여 연두색 띠가 막 둘러져 있는 거야. 기본 색깔로 막 있는 거야. 그래서 그걸 보고 아 진짜 별로다. 여기 살기 싫다 했었는데 막상 들어가 보니까 그런 거 별로 티도 안 나고 깔끔해 보이고 좋더라고. 그래서 그렇게 쓰고 있고. 뭔가 인테리어 아 그 자취하면 내 방식대로 바 집을 꾸미고 막 이렇게 써야지라는 생각은 있었는데 막상 있으니까 짐을 그 넣을 짐도 너무 많고 근데 그거에 비해 공간은 안 나오고 하니까 인테리어라고 할 것도 없이 그냥 짐을 넣어 놓은 거 같아. 내 방이 너무 작아서 옷장 같은 게 들어갈 공간이 안 나서 거실에다가 행거 설치해서 바로 옷 놓아두고. 그래서 뭔가 꾸미기도 애매하고 그랬던 거 같아. 너는 집 인테리어 어떤 편이야? 서울에서 살 수 있으면 좋을 거 같은데. 왜냐하면 여가 생활 같은 것도 훨씬 더 많이 할 수 있고 이제 거의 내 친구들이나 생활 반경이 서울에 중심에 맞춰져 있다 보니까 서울에서 생활하는 게 편하긴 한데 가끔씩 여기가 사람이 너무 많아서 내려가고 싶다라는 생각이 들긴 해. 근데 직장을 얻고 뭔가 더 발전을 하려면은 서울에서 사는 게 맞는 거 같아. 나는 그 본가 살 때는 지하에 헬스장이 있어서 그거를 썼단 말이야. 근데 자취를 하니까 그런 여가 시설 시 그 아무튼 시설들이 없어서 막 주변에서 주변 다른 헬스장을 등록해 놨단 말이야. 근데 너는 지금 어쨌든 본가에 살잖아. 큰 아파트에 사는데 그러면 거기에 막 여가 시설 같은 게 와 잘 마련되어 있어?,0.005747126436781609,0.017241379310344827,0.004597701149425287,0.0,0.005747126436781609,0.0034482758620689655,0.005747126436781609,0.008045977011494253,0.01839080459770115,0.029885057471264367,0.004597701149425287,0.027586206896551724,0.0,0.008045977011494253,0.0022988505747126436,0.0,0.0034482758620689655,0.0011494252873563218,0.03218390804597701,0.013793103448275862,0.0,0.0,0.0,0.0022988505747126436,0.0,0.004597701149425287,0.021839080459770115,0.0,0.0034482758620689655,0.0034482758620689655,0.04367816091954023,0.0,0.006896551724137931,0.0,0.004597701149425287,0.009195402298850575,0.0,0.0,0.011494252873563218,0.0011494252873563218,0.0,0.0022988505747126436,0.0,0.0,0.034482758620689655,0.004597701149425287,0.013793103448275862,0.0022988505747126436,0.004597701149425287,0.0367816091954023,0.009195402298850575,0.0011494252873563218,0.0,0.0022988505747126436,0.0,0.0011494252873563218,0.0011494252873563218,0.0022988505747126436,0.0,0.006896551724137931,0.0,0.0,0.0,0.0011494252873563218,0.006896551724137931,0.0022988505747126436,0.0022988505747126436,0.0011494252873563218,0.0011494252873563218,0.0,0.0,0.0,0.0022988505747126436,0.0,0.0,0.005747126436781609,0.0022988505747126436,0.0,0.006896551724137931,0.010344827586206896,0.0011494252873563218,0.0,0.0,0.0,0.0,0.004597701149425287,0.0034482758620689655,0.0,0.0022988505747126436,0.004597701149425287,0.0,0.0022988505747126436,0.0,0.0011494252873563218,0.0,0.0011494252873563218,0.0011494252873563218,0.0011494252873563218,0.0,0.0022988505747126436,0.004597701149425287,0.0011494252873563218,0.0,0.0,0.0,0.0,0.01264367816091954,0.009195402298850575,0.0,0.0011494252873563218,0.0011494252873563218,0.0022988505747126436,0.0011494252873563218,0.0,0.0,0.0011494252873563218,0.0,0.0,0.0011494252873563218,0.011494252873563218,0.0,0.005747126436781609,0.0011494252873563218,0.0,0.0022988505747126436,0.0011494252873563218,0.0011494252873563218,0.0,0.0022988505747126436,0.0,0.0,0.0,0.0,0.0034482758620689655,0.0,0.0,0.01839080459770115,0.0022988505747126436,0.0,0.0,0.0022988505747126436,0.0022988505747126436,0.0022988505747126436,0.0,0.0,0.005747126436781609,0.0011494252873563218,0.0,0.008045977011494253,0.0022988505747126436,0.0011494252873563218,0.005747126436781609,0.0011494252873563218,0.0,0.0,0.0011494252873563218,0.0,0.0011494252873563218,0.006896551724137931,0.0011494252873563218,0.0,0.0034482758620689655,0.0,0.0,0.0,0.004597701149425287,0.0011494252873563218,0.0011494252873563218,0.0,0.0,0.0011494252873563218,0.0,0.0,0.0,0.006896551724137931,0.0,0.0,0.0,0.0,0.0,0.0011494252873563218,0.0,0.0034482758620689655,0.0022988505747126436,0.0,0.0022988505747126436,0.0,0.0022988505747126436,0.0022988505747126436,0.0,0.0,0.0,0.0022988505747126436,0.0,0.0,0.0011494252873563218,0.0,0.0,0.0,0.0,0.0034482758620689655,0.0,0.004597701149425287,0.0,0.0,0.0,0.0,0.0,0.0,0.0011494252873563218,0.0,0.0,0.0,0.0,0.0011494252873563218,0.0,0.0011494252873563218,0.0,0.0011494252873563218,0.0,0.0022988505747126436,0.0,0.0011494252873563218,0.0022988505747126436,0.0,0.0,0.005747126436781609,0.0,0.0022988505747126436,0.0,0.0,0.0,0.0,0.0,0.0,0.0,0.0,0.0,0.0022988505747126436,0.0,0.0,0.0,0.004597701149425287,0.0,0.0,0.0,0.0,0.0,0.0,0.0,0.0,0.0,0.0,0.0,0.0,0.0,0.006896551724137931,0.0034482758620689655,0.0011494252873563218,0.0011494252873563218,0.0011494252873563218,0.0011494252873563218,0.0022988505747126436,0.0022988505747126436,0.0011494252873563218,0.0011494252873563218,0.0011494252873563218,0.0011494252873563218,0.0011494252873563218,0.0011494252873563218,0.0034482758620689655,0.0011494252873563218,0.005747126436781609,0.0011494252873563218,0.0011494252873563218,0.0011494252873563218,0.0022988505747126436,0.0022988505747126436,0.0011494252873563218,0.0022988505747126436,0.0011494252873563218,0.0011494252873563218,0.0011494252873563218,0.0011494252873563218,0.0022988505747126436,0.0011494252873563218,0.0011494252873563218,0.0011494252873563218,0.0022988505747126436,0.0011494252873563218,0.0011494252873563218,0.0011494252873563218,0.0011494252873563218,0.0011494252873563218,0.0011494252873563218,0.0011494252873563218,0.0011494252873563218,0.0022988505747126436,0.0022988505747126436,0.0011494252873563218,0.0011494252873563218,0.0011494252873563218,0.0022988505747126436,0.0011494252873563218,0.0011494252873563218,0.0034482758620689655,0.0011494252873563218,0.0011494252873563218,0.0011494252873563218,0.0011494252873563218,0.0011494252873563218,0.0011494252873563218,0.0011494252873563218,0.0022988505747126436,0.0011494252873563218,0.0022988505747126436,0.0022988505747126436,0.0011494252873563218,0.0011494252873563218,0.0034482758620689655,0.0011494252873563218,0.0011494252873563218,0.0022988505747126436,0.0011494252873563218,0.0022988505747126436,0.0011494252873563218,0.0011494252873563218,0.0022988505747126436,0.0011494252873563218,0.0011494252873563218,0.0011494252873563218,0.0022988505747126436,0.0011494252873563218,0.0034482758620689655,0.0034482758620689655,0.0022988505747126436,0.0011494252873563218,0.0011494252873563218,0.0011494252873563218,0.0011494252873563218,0.0011494252873563218,0.0011494252873563218,0.0011494252873563218,0.004597701149425287,0.0011494252873563218,0.0011494252873563218,0.0011494252873563218,0.0011494252873563218,0.0022988505747126436,0.0011494252873563218,0.0011494252873563218,0.0011494252873563218,0.0034482758620689655,0.0011494252873563218,0.0011494252873563218,0.0011494252873563218,0.0011494252873563218,0.0022988505747126436,0.0011494252873563218,0.0022988505747126436,0.0022988505747126436,0.0022988505747126436,0.0011494252873563218,0.0011494252873563218,0.0011494252873563218,0.0011494252873563218,0.0022988505747126436,0.0011494252873563218,0.0034482758620689655,0.0034482758620689655,0.0011494252873563218,0.004597701149425287,0.0011494252873563218,0.0011494252873563218,0.0022988505747126436,0.0022988505747126436,0.0011494252873563218,0.0011494252873563218,0.0011494252873563218,0.0022988505747126436,0.0011494252873563218,0.0022988505747126436,0.0022988505747126436,0.0011494252873563218,0.0011494252873563218,0.0011494252873563218,0.0011494252873563218,0.0011494252873563218,0.0011494252873563218,0.0011494252873563218,0.0011494252873563218,0.0011494252873563218,0.0011494252873563218,0.0011494252873563218,0.0011494252873563218,0.0022988505747126436,0.0011494252873563218,0.0011494252873563218,0.0011494252873563218,0.0011494252873563218,0.0011494252873563218,0.0011494252873563218,0.0011494252873563218,0.0011494252873563218,0.0011494252873563218,0.0011494252873563218,0.0011494252873563218,0.0022988505747126436,0.0011494252873563218,0.0011494252873563218,0.0011494252873563218,0.0011494252873563218,0.0011494252873563218,0.0022988505747126436,0.0011494252873563218,0.0022988505747126436,0.0011494252873563218,0.0011494252873563218,0.0011494252873563218,0.0034482758620689655,0.0011494252873563218,0.0011494252873563218,0.0011494252873563218,0.0011494252873563218,0.0011494252873563218,0.0011494252873563218,0.0011494252873563218,0.0011494252873563218,0.0011494252873563218,0.0011494252873563218,0.0011494252873563218,0.0011494252873563218,0.0034482758620689655,0.0011494252873563218,0.0022988505747126436,0.0011494252873563218,0.0011494252873563218,0.0011494252873563218,0.0011494252873563218,0.0011494252873563218,0.0011494252873563218,0.0011494252873563218,0.0011494252873563218,0.0011494252873563218,0.0011494252873563218,0.0011494252873563218,0.0011494252873563218,0.0011494252873563218,0.0011494252873563218,0.0011494252873563218,0.0011494252873563218,0.0011494252873563218,0.0011494252873563218,0.0,0.0,0.0,0.0,0.0,0.0,0.0,0.0,0.0,0.0,0.0,0.0,0.0,0.0,0.0,0.0,0.0,0.0,0.0,0.0,0.0,0.0,0.0,0.0,0.0,0.0,0.0,0.0,0.0,0.0,0.0,0.0,0.0,0.0,0.0,0.0,0.0,0.0,0.0,0.0,0.0,0.0,0.0,0.0,0.0,0.0,0.0,0.0,0.0,0.0,0.0,0.0,0.0,0.0,0.0,0.0,0.0,0.0,0.0,0.0,0.0,0.0,0.0,0.0,0.0,0.0,0.0,0.0,0.0,0.0,0.0,0.0,0.0,0.0,0.0,0.0,0.0,0.0,0.0,0.0,0.0,0.0,0.0,0.0,0.0,0.0,0.0,0.0,0.0,0.0,0.0,0.0,0.0,0.0,0.0,0.0,0.0,0.0,0.0,0.0,0.0,0.0,0.0,0.0,0.0,0.0,0.0,0.0,0.0,0.0,0.0,0.0,0.0,0.0,0.0,0.0,0.0,0.0,0.0,0.0,0.0,0.0,0.0,0.0,0.0,0.0,0.0,0.0,0.0,0.0,0.0,0.0,0.0,0.0,0.0,0.0,0.0,0.0,0.0,0.0,0.0,0.0,0.0,0.0,0.0,0.0,0.0,0.0,0.0,0.0,0.0,0.0,0.0,0.0,0.0,0.0,0.0,0.0,0.0,0.0,0.0,0.0,0.0,0.0,0.0,0.0,0.0,0.0,0.0,0.0,0.0,0.0,0.0,0.0,0.0,0.0,0.0,0.0,0.0,0.0,0.0,0.0,0.0,0.0,0.0,0.0,0.0,0.0,0.0,0.0,0.0,0.0,0.0,0.0,0.0,0.0,0.0,0.3139817540800833,0.0,0.0,0.0,0.0,0.0,0.0,0.3386593138938954,0.0,0.0,0.0,0.0,0.0,0.0,0.0,0.0,0.0,0.0,0.0,0.0,0.0,0.0,0.0,0.0,0.0,0.0,0.0,0.0,0.0,0.0,0.0,0.0,0.0,0.0,0.0,0.0,0.0,0.0,0.0,0.0,0.0,0.0,0.0,0.0,0.0,0.0,0.0,0.3386593138938954,0.0,0.0,0.0,0.0,0.0,0.0,0.0,0.0,0.0,0.0,0.0,0.0,0.0,0.0,0.0,0.0,0.0,0.0,0.0,0.0,0.0,0.0,0.0,0.0,0.0,0.0,0.0,0.0,0.0,0.0,0.0,0.0,0.0,0.0,0.0,0.0,0.0,0.0,0.0,0.0,0.0,0.0,0.0,0.0,0.0,0.0,0.0,0.0,0.0,0.0,0.0,0.0,0.0,0.0,0.0,0.0,0.0,0.0,0.0,0.0,0.0,0.0,0.0,0.0,0.0,0.0,0.0,0.0,0.0,0.0,0.0,0.0,0.0,0.0,0.0,0.0,0.0,0.0,0.0,0.0,0.0,0.0,0.0,0.0,0.0,0.0,0.0,0.0,0.0,0.0,0.0,0.0,0.0,0.0,0.0,0.0,0.0,0.0,0.0,0.0,0.0,0.0,0.0,0.0,0.0,0.0,0.0,0.0,0.0,0.0,0.0,0.0,0.0,0.0,0.0,0.0,0.0,0.0,0.0,0.0,0.0,0.0,0.0,0.0,0.0,0.0,0.0,0.0,0.0,0.0,0.0,0.0,0.0,0.0,0.0,0.0,0.0,0.0,0.0,0.0,0.3386593138938954,0.0,0.0,0.0,0.0,0.0,0.0,0.0,0.0,0.0,0.0,0.0,0.0,0.0,0.0,0.0,0.0,0.0,0.0,0.0,0.0,0.0,0.0,0.0,0.0,0.0,0.0,0.0,0.0,0.0,0.0,0.0,0.0,0.0,0.0,0.0,0.0,0.0,0.0,0.0,0.0,0.0,0.0,0.0,0.0,0.0,0.0,0.0,0.0,0.0,0.0,0.0,0.0,0.0,0.0,0.0,0.0,0.0,0.0,0.0,0.0,0.0,0.0,0.0,0.0,0.0,0.0,0.0,0.0,0.0,0.0,0.0,0.0,0.0,0.0,0.0,0.0,0.0,0.0,0.0,0.0,0.0,0.0,0.0,0.0,0.0,0.0,0.0,0.0,0.0,0.0,0.0,0.0,0.0,0.0,0.0,0.0,0.0,0.0,0.0,0.0,0.0,0.0,0.0,0.0,0.0,0.0,0.0,0.0,0.0,0.0,0.0,0.0,0.0,0.0,0.0,0.0,0.0,0.0,0.0,0.0,0.0,0.0,0.0,0.0,0.0,0.0,0.0,0.0,0.0,0.0,0.0,0.0,0.0,0.0,0.0,0.0,0.0,0.0,0.0,0.0,0.0,0.0,0.0,0.0,0.0,0.0,0.0,0.0,0.0,0.0,0.0,0.0,0.0,0.0,0.0,0.0,0.0,0.0,0.0,0.0,0.0,0.0,0.0,0.0,0.0,0.0,0.0,0.0,0.0,0.0,0.0,0.0,0.0,0.0,0.0,0.0,0.0,0.0,0.0,0.0,0.0,0.0,0.0,0.3139817540800833,0.0,0.0,0.0,0.0,0.0,0.0,0.0,0.0,0.0,0.0,0.0,0.0,0.0,0.0,0.0,0.0,0.0,0.0,0.0,0.0,0.0,0.0,0.0,0.0,0.0,0.0,0.0,0.0,0.0,0.0,0.0,0.0,0.0,0.0,0.0,0.0,0.0,0.0,0.0,0.0,0.0,0.0,0.0,0.0,0.0,0.0,0.0,0.0,0.0,0.0,0.0,0.0,0.0,0.0,0.0,0.0,0.0,0.0,0.0,0.0,0.0,0.0,0.0,0.0,0.0,0.0,0.0,0.0,0.0,0.0,0.0,0.0,0.0,0.0,0.0,0.0,0.0,0.0,0.0,0.0,0.0,0.0,0.0,0.0,0.0,0.0,0.0,0.0,0.0,0.0,0.0,0.0,0.0,0.0,0.6773186277877908,0.0,0.0,0.0,0.0,0.0,0.0,0.0,0.0,0.0,0.0,0.0,0.0,0.0,0.0,0.0,0.0,0.0,0.0,0.0,0.0,0.0,0.0,0.0,0.0,0.0,0.0,0.0,0.0,0.0,0.0,0.0,0.0,0.0,0.0,0.0,0.0,0.0,0.0,0.0,0.0,0.0,0.0,0.0,0.0,0.0,0.0,0.0,0.0,0.0,0.0,0.0,0.0,0.0,0.0,0.0,0.0,0.0,0.0,0.0,0.0,0.0,0.0
SD2401268,20대,음 근데 우리집이 꼭대기 층이라 그런지 좀 괜찮은 거 같은데. 층간 소음은 없는데 벽간 소음이 쪼금 있는 거 같아. 방이 그 방음이 잘 안 돼서 옆 문 그 첫 입구 문에만 서도 옆의 방이 뭐 유튜브 뭐 듣고 있는지 무슨 대화하고 있는지가 너무 잘 들려서 쪼끔 부담스럽긴 해. 근데 위에는 아무도 사람이 안 사니까 내가 살기에는 어 소음이 없어서 되게 좋은 거 같아. 그거 말고도 본가 살 때는 위층이 아빠 지인이 살았었는데 그래서 막 소음이 나도 뭐라 하기가 좀 그랬던 경험이 있어. 너는 지금 몇 층 정도에 살아? 층간 소음은 없어? 음 그 학 학교 들어오고 나서부터 2년 동안 여기 살고 올해 새로 계약해서 똑같은 데 연장해서 거기서 살고 있어. 아마 내년에는 교환 학생을 가서 없으니까 오빠가 혼자 살 거 같아 지금 같이 살고 있으니까. 그리고 사실 나는 올해 딱 계약 연장할 때쯤에 새로 구해서 따로따로 살고 싶었는데 아무래도 서울 뭐 월세가 비싸다 보니까 그냥 한집에서 해서 전세로 사는 게 낫겠다 싶어서 같이 살고 있는데. 어 아무래도 생활 패턴이나 그런 집안일 하는 거가 좀 안 맞아서 좀 그게 제일 힘들어서 따로 살고 싶었던 거 같아. 뭐 혼자 늦게 자고 그런 건 상관없는데 오빠가 게임을 하니까 늦게까지 게임하는 소리 계속 들려 오 들려 오고 하니까 나 자는 데 방에 돼서 그랬던 거 같아. 너는 그런 적은 없어? 어 중3 때까지 1곳에서 살았고 그 주 중3 이후에 약간 신도시 분양 그런 청약 담 당첨 돼 가지고 1번 이사를 갔었어. 근데 그 중3 때까지 계속 같은 지역에 살다 보니까 거기 유치원 초등학교 중학교 나오고 고등학교도 그쪽을 가려고 했는데 이사를 가게 돼서 혼자 떨어진 곳을 가니까 친구들이랑도 멀어지고 그러 그 뭐 원래 놀던 데에서도 못 놀고 이런 게 쪼끔 아쉽고 힘들긴 하더라고. 근데 집이 넓어서 되게 좋았던 거 같아. 나는 이사를 많이 안 해 봐서 막 해 보고 싶었다 이런 게 좀 컸었는데 주변에 이사 많이 다니는 사람은 안 그렇더라고. 이사를 그만 다니고 싶다 그러더라. 혹시 너도 그런 편이야? 음 나는 이사 간 다음에 우 이 이사 간 아파트 앞에 막 전원주택 같은 게 있는 거야. 그래서 나중에 이 또 이사를 가게 된다면은 저런 데에서 살고 싶다. 저런 데에서 마당에서 막 식물 키우고 동물 키우고 막 나만의 정원을 가꾸면서 2층 바 다락방에서 살고 싶다 막 이런 생각을 했었는데. 근데 막상 거기에 살면은 관리하는 게 되게 힘들어 보이더라고. 할머니 집도 그런 전원주택인데 조금만 뭘 관리를 안 해 줘도 잡초 자라고 먼지가 끼고 더러워지고 막 그런 게 많아서 관리가 힘들다고 하더라고. 근데 그럼에도 한 약간 한번쯤은 전원주택에 살고 싶다 이런 생각이 있는데. 너는 그런 어디에 살고 싶다 이런 로망 같은 게 있어? 어 전자레인지랑 냉장고 세탁기 이 이 정도는 원래 있었던 거 같고. 밥솥이랑 응 어 그 오븐 같은 거 뭐라고 하지. 그 아 에어프라이어는 사 왔고. 최근에 여름 되니까 벌레가 너무 많이 생기잖아. 특히 음식물에 벌레가 많이 생기는데 그래서 버리기가 너무 힘들어서 미생물로 분해해 주는 기계 그런 게 있더라고. 오빠가 인스타그램에서 찾아와서 막 우 이거 쓰자 막 그러면서 찾아왔던 기억이 있어. 그래서 그거를 지금 살까 고민 중에 있어. 그게 음식물 쓰레기를 넣으면은 미생물들이 분해를 해서 흙으로 바로 만들어 준대. 근데 그게 하루 만에 다 만들어 주고 냄새도 안 나서 좋다고 하더라고. 너는 혹시 집안일 같은 거는 어떻게 하는 편이야? 어 가끔 아니 자주 좀 싸운 싸우진 않고 이런 거에 대해 짜증을 내는 거 같긴 한데 내 방이 쓰레기 그 분리수거 하는 데 바로 앞에 있단 말이야. 그래서 오빠는 좀 멀어서 쓰레기 같은 걸 거기 내면 그만인데 나는 내고 나서 그게 분리수거가 잘 안 되어 있거나 막 더러운 게 섞여 있거나 하면은 냄새가 바로 내 방으로 들어온단 말이야. 그거 때문에 오빠한테 뭐라 한 적도 많았던 거 같고. 약간 분담 같은 게 예전에는 막 뭐 냉장고 청소 네가 1번 하면 내가 화장실 청소 1번 하고 이런 식으로 번갈아서 하자라고 말은 했는데 어느 순간 보니까 내가 다 하고 있더라고. 그래서 그거에 대해서 쌓아 놨다가 화내기 직전에 딱 말하면은 오빠가 또 눈치는 빨라 가지고 그제서야 부랴부랴 치우고 막 이래서 어 싸우지는 않았던 거 같아. 근데 자취를 하니까 확실히 본가 살 때는 엄마가 다 해 주고 그러는데 내가 다 해야 되니까 그게 힘든 거 같긴 해. 너는 자취하고 싶다는 생각은 없어? 아 나 처음에 집 들어올 때 막 냉장고랑 기본 가구에 막 여 연두색 띠가 막 둘러져 있는 거야. 기본 색깔로 막 있는 거야. 그래서 그걸 보고 아 진짜 별로다. 여기 살기 싫다 했었는데 막상 들어가 보니까 그런 거 별로 티도 안 나고 깔끔해 보이고 좋더라고. 그래서 그렇게 쓰고 있고. 뭔가 인테리어 아 그 자취하면 내 방식대로 바 집을 꾸미고 막 이렇게 써야지라는 생각은 있었는데 막상 있으니까 짐을 그 넣을 짐도 너무 많고 근데 그거에 비해 공간은 안 나오고 하니까 인테리어라고 할 것도 없이 그냥 짐을 넣어 놓은 거 같아. 내 방이 너무 작아서 옷장 같은 게 들어갈 공간이 안 나서 거실에다가 행거 설치해서 바로 옷 놓아두고. 그래서 뭔가 꾸미기도 애매하고 그랬던 거 같아. 너는 집 인테리어 어떤 편이야? 서울에서 살 수 있으면 좋을 거 같은데. 왜냐하면 여가 생활 같은 것도 훨씬 더 많이 할 수 있고 이제 거의 내 친구들이나 생활 반경이 서울에 중심에 맞춰져 있다 보니까 서울에서 생활하는 게 편하긴 한데 가끔씩 여기가 사람이 너무 많아서 내려가고 싶다라는 생각이 들긴 해. 근데 직장을 얻고 뭔가 더 발전을 하려면은 서울에서 사는 게 맞는 거 같아. 나는 그 본가 살 때는 지하에 헬스장이 있어서 그거를 썼단 말이야. 근데 자취를 하니까 그런 여가 시설 시 그 아무튼 시설들이 없어서 막 주변에서 주변 다른 헬스장을 등록해 놨단 말이야. 근데 너는 지금 어쨌든 본가에 살잖아. 큰 아파트에 사는데 그러면 거기에 막 여가 시설 같은 게 와 잘 마련되어 있어?,0.005747126436781609,0.017241379310344827,0.004597701149425287,0.0,0.005747126436781609,0.0034482758620689655,0.005747126436781609,0.008045977011494253,0.01839080459770115,0.029885057471264367,0.004597701149425287,0.027586206896551724,0.0,0.008045977011494253,0.0022988505747126436,0.0,0.0034482758620689655,0.0011494252873563218,0.03218390804597701,0.013793103448275862,0.0,0.0,0.0,0.0022988505747126436,0.0,0.004597701149425287,0.021839080459770115,0.0,0.0034482758620689655,0.0034482758620689655,0.04367816091954023,0.0,0.006896551724137931,0.0,0.004597701149425287,0.009195402298850575,0.0,0.0,0.011494252873563218,0.0011494252873563218,0.0,0.0022988505747126436,0.0,0.0,0.034482758620689655,0.004597701149425287,0.013793103448275862,0.0022988505747126436,0.004597701149425287,0.0367816091954023,0.009195402298850575,0.0011494252873563218,0.0,0.0022988505747126436,0.0,0.0011494252873563218,0.0011494252873563218,0.0022988505747126436,0.0,0.006896551724137931,0.0,0.0,0.0,0.0011494252873563218,0.006896551724137931,0.0022988505747126436,0.0022988505747126436,0.0011494252873563218,0.0011494252873563218,0.0,0.0,0.0,0.0022988505747126436,0.0,0.0,0.005747126436781609,0.0022988505747126436,0.0,0.006896551724137931,0.010344827586206896,0.0011494252873563218,0.0,0.0,0.0,0.0,0.004597701149425287,0.0034482758620689655,0.0,0.0022988505747126436,0.004597701149425287,0.0,0.0022988505747126436,0.0,0.0011494252873563218,0.0,0.0011494252873563218,0.0011494252873563218,0.0011494252873563218,0.0,0.0022988505747126436,0.004597701149425287,0.0011494252873563218,0.0,0.0,0.0,0.0,0.01264367816091954,0.009195402298850575,0.0,0.0011494252873563218,0.0011494252873563218,0.0022988505747126436,0.0011494252873563218,0.0,0.0,0.0011494252873563218,0.0,0.0,0.0011494252873563218,0.011494252873563218,0.0,0.005747126436781609,0.0011494252873563218,0.0,0.0022988505747126436,0.0011494252873563218,0.0011494252873563218,0.0,0.0022988505747126436,0.0,0.0,0.0,0.0,0.0034482758620689655,0.0,0.0,0.01839080459770115,0.0022988505747126436,0.0,0.0,0.0022988505747126436,0.0022988505747126436,0.0022988505747126436,0.0,0.0,0.005747126436781609,0.0011494252873563218,0.0,0.008045977011494253,0.0022988505747126436,0.0011494252873563218,0.005747126436781609,0.0011494252873563218,0.0,0.0,0.0011494252873563218,0.0,0.0011494252873563218,0.006896551724137931,0.0011494252873563218,0.0,0.0034482758620689655,0.0,0.0,0.0,0.004597701149425287,0.0011494252873563218,0.0011494252873563218,0.0,0.0,0.0011494252873563218,0.0,0.0,0.0,0.006896551724137931,0.0,0.0,0.0,0.0,0.0,0.0011494252873563218,0.0,0.0034482758620689655,0.0022988505747126436,0.0,0.0022988505747126436,0.0,0.0022988505747126436,0.0022988505747126436,0.0,0.0,0.0,0.0022988505747126436,0.0,0.0,0.0011494252873563218,0.0,0.0,0.0,0.0,0.0034482758620689655,0.0,0.004597701149425287,0.0,0.0,0.0,0.0,0.0,0.0,0.0011494252873563218,0.0,0.0,0.0,0.0,0.0011494252873563218,0.0,0.0011494252873563218,0.0,0.0011494252873563218,0.0,0.0022988505747126436,0.0,0.0011494252873563218,0.0022988505747126436,0.0,0.0,0.005747126436781609,0.0,0.0022988505747126436,0.0,0.0,0.0,0.0,0.0,0.0,0.0,0.0,0.0,0.0022988505747126436,0.0,0.0,0.0,0.004597701149425287,0.0,0.0,0.0,0.0,0.0,0.0,0.0,0.0,0.0,0.0,0.0,0.0,0.0,0.006896551724137931,0.0034482758620689655,0.0011494252873563218,0.0011494252873563218,0.0011494252873563218,0.0011494252873563218,0.0022988505747126436,0.0022988505747126436,0.0011494252873563218,0.0011494252873563218,0.0011494252873563218,0.0011494252873563218,0.0011494252873563218,0.0011494252873563218,0.0034482758620689655,0.0011494252873563218,0.005747126436781609,0.0011494252873563218,0.0011494252873563218,0.0011494252873563218,0.0022988505747126436,0.0022988505747126436,0.0011494252873563218,0.0022988505747126436,0.0011494252873563218,0.0011494252873563218,0.0011494252873563218,0.0011494252873563218,0.0022988505747126436,0.0011494252873563218,0.0011494252873563218,0.0011494252873563218,0.0022988505747126436,0.0011494252873563218,0.0011494252873563218,0.0011494252873563218,0.0011494252873563218,0.0011494252873563218,0.0011494252873563218,0.0011494252873563218,0.0011494252873563218,0.0022988505747126436,0.0022988505747126436,0.0011494252873563218,0.0011494252873563218,0.0011494252873563218,0.0022988505747126436,0.0011494252873563218,0.0011494252873563218,0.0034482758620689655,0.0011494252873563218,0.0011494252873563218,0.0011494252873563218,0.0011494252873563218,0.0011494252873563218,0.0011494252873563218,0.0011494252873563218,0.0022988505747126436,0.0011494252873563218,0.0022988505747126436,0.0022988505747126436,0.0011494252873563218,0.0011494252873563218,0.0034482758620689655,0.0011494252873563218,0.0011494252873563218,0.0022988505747126436,0.0011494252873563218,0.0022988505747126436,0.0011494252873563218,0.0011494252873563218,0.0022988505747126436,0.0011494252873563218,0.0011494252873563218,0.0011494252873563218,0.0022988505747126436,0.0011494252873563218,0.0034482758620689655,0.0034482758620689655,0.0022988505747126436,0.0011494252873563218,0.0011494252873563218,0.0011494252873563218,0.0011494252873563218,0.0011494252873563218,0.0011494252873563218,0.0011494252873563218,0.004597701149425287,0.0011494252873563218,0.0011494252873563218,0.0011494252873563218,0.0011494252873563218,0.0022988505747126436,0.0011494252873563218,0.0011494252873563218,0.0011494252873563218,0.0034482758620689655,0.0011494252873563218,0.0011494252873563218,0.0011494252873563218,0.0011494252873563218,0.0022988505747126436,0.0011494252873563218,0.0022988505747126436,0.0022988505747126436,0.0022988505747126436,0.0011494252873563218,0.0011494252873563218,0.0011494252873563218,0.0011494252873563218,0.0022988505747126436,0.0011494252873563218,0.0034482758620689655,0.0034482758620689655,0.0011494252873563218,0.004597701149425287,0.0011494252873563218,0.0011494252873563218,0.0022988505747126436,0.0022988505747126436,0.0011494252873563218,0.0011494252873563218,0.0011494252873563218,0.0022988505747126436,0.0011494252873563218,0.0022988505747126436,0.0022988505747126436,0.0011494252873563218,0.0011494252873563218,0.0011494252873563218,0.0011494252873563218,0.0011494252873563218,0.0011494252873563218,0.0011494252873563218,0.0011494252873563218,0.0011494252873563218,0.0011494252873563218,0.0011494252873563218,0.0011494252873563218,0.0022988505747126436,0.0011494252873563218,0.0011494252873563218,0.0011494252873563218,0.0011494252873563218,0.0011494252873563218,0.0011494252873563218,0.0011494252873563218,0.0011494252873563218,0.0011494252873563218,0.0011494252873563218,0.0011494252873563218,0.0022988505747126436,0.0011494252873563218,0.0011494252873563218,0.0011494252873563218,0.0011494252873563218,0.0011494252873563218,0.0022988505747126436,0.0011494252873563218,0.0022988505747126436,0.0011494252873563218,0.0011494252873563218,0.0011494252873563218,0.0034482758620689655,0.0011494252873563218,0.0011494252873563218,0.0011494252873563218,0.0011494252873563218,0.0011494252873563218,0.0011494252873563218,0.0011494252873563218,0.0011494252873563218,0.0011494252873563218,0.0011494252873563218,0.0011494252873563218,0.0011494252873563218,0.0034482758620689655,0.0011494252873563218,0.0022988505747126436,0.0011494252873563218,0.0011494252873563218,0.0011494252873563218,0.0011494252873563218,0.0011494252873563218,0.0011494252873563218,0.0011494252873563218,0.0011494252873563218,0.0011494252873563218,0.0011494252873563218,0.0011494252873563218,0.0011494252873563218,0.0011494252873563218,0.0011494252873563218,0.0011494252873563218,0.0011494252873563218,0.0011494252873563218,0.0011494252873563218,0.0,0.0,0.0,0.0,0.0,0.0,0.0,0.0,0.0,0.3521269938597004,0.0,0.0,0.0,0.0,0.0,0.0,0.0,0.0,0.3521269938597004,0.0,0.0,0.0,0.0,0.0,0.0,0.0,0.0,0.0,0.0,0.0,0.0,0.0,0.0,0.0,0.0,0.0,0.0,0.0,0.0,0.0,0.0,0.0,0.0,0.0,0.0,0.0,0.0,0.0,0.0,0.0,0.0,0.0,0.0,0.0,0.0,0.0,0.0,0.0,0.0,0.0,0.0,0.0,0.0,0.0,0.0,0.0,0.0,0.0,0.0,0.0,0.0,0.0,0.0,0.0,0.0,0.0,0.0,0.0,0.0,0.0,0.0,0.0,0.0,0.0,0.0,0.0,0.0,0.0,0.0,0.0,0.0,0.0,0.0,0.0,0.0,0.0,0.0,0.0,0.0,0.0,0.0,0.0,0.0,0.0,0.0,0.0,0.0,0.0,0.0,0.0,0.0,0.0,0.0,0.0,0.0,0.0,0.0,0.0,0.0,0.0,0.0,0.0,0.0,0.0,0.0,0.0,0.0,0.0,0.0,0.0,0.0,0.0,0.3264680658558683,0.0,0.0,0.0,0.0,0.0,0.0,0.0,0.0,0.0,0.0,0.0,0.0,0.0,0.0,0.0,0.0,0.0,0.0,0.0,0.0,0.0,0.0,0.0,0.0,0.0,0.0,0.0,0.0,0.0,0.0,0.0,0.0,0.0,0.0,0.0,0.0,0.0,0.0,0.0,0.0,0.0,0.0,0.0,0.0,0.0,0.0,0.0,0.0,0.0,0.0,0.3521269938597004,0.0,0.0,0.0,0.0,0.0,0.0,0.0,0.0,0.0,0.0,0.0,0.0,0.0,0.0,0.0,0.0,0.0,0.0,0.0,0.0,0.0,0.0,0.0,0.0,0.0,0.0,0.0,0.0,0.0,0.0,0.0,0.0,0.0,0.0,0.0,0.0,0.0,0.0,0.0,0.0,0.0,0.0,0.0,0.0,0.0,0.0,0.0,0.0,0.0,0.0,0.0,0.0,0.0,0.0,0.0,0.0,0.0,0.0,0.0,0.0,0.0,0.0,0.0,0.0,0.0,0.0,0.0,0.0,0.0,0.0,0.0,0.0,0.0,0.0,0.0,0.0,0.0,0.0,0.0,0.0,0.0,0.0,0.0,0.0,0.0,0.0,0.0,0.0,0.0,0.0,0.0,0.0,0.0,0.0,0.0,0.0,0.0,0.0,0.0,0.0,0.0,0.0,0.0,0.0,0.0,0.0,0.0,0.0,0.0,0.0,0.0,0.0,0.0,0.0,0.0,0.0,0.0,0.0,0.0,0.0,0.0,0.0,0.0,0.0,0.0,0.0,0.0,0.0,0.0,0.0,0.0,0.0,0.0,0.0,0.0,0.0,0.0,0.0,0.0,0.0,0.0,0.0,0.0,0.0,0.0,0.0,0.0,0.0,0.0,0.2336742926676617,0.0,0.0,0.0,0.0,0.0,0.0,0.0,0.0,0.0,0.0,0.0,0.0,0.0,0.0,0.0,0.0,0.0,0.0,0.3521269938597004,0.0,0.0,0.0,0.0,0.0,0.0,0.0,0.0,0.0,0.0,0.0,0.0,0.0,0.0,0.0,0.0,0.0,0.0,0.0,0.0,0.0,0.0,0.0,0.0,0.0,0.0,0.0,0.0,0.0,0.0,0.0,0.0,0.0,0.0,0.0,0.0,0.0,0.2826038387093434,0.0,0.0,0.0,0.0,0.0,0.0,0.0,0.0,0.0,0.0,0.0,0.0,0.0,0.0,0.0,0.0,0.0,0.0,0.0,0.0,0.0,0.0,0.0,0.0,0.0,0.0,0.0,0.0,0.0,0.0,0.0,0.0,0.0,0.0,0.0,0.0,0.0,0.0,0.0,0.0,0.0,0.0,0.0,0.0,0.0,0.0,0.0,0.0,0.0,0.0,0.0,0.0,0.0,0.0,0.0,0.0,0.0,0.0,0.0,0.0,0.0,0.0,0.0,0.0,0.0,0.0,0.0,0.0,0.0,0.0,0.0,0.0,0.0,0.0,0.0,0.0,0.0,0.0,0.0,0.0,0.0,0.0,0.0,0.0,0.0,0.0,0.0,0.0,0.0,0.0,0.0,0.0,0.0,0.0,0.0,0.0,0.0,0.0,0.0,0.0,0.0,0.0,0.0,0.0,0.0,0.0,0.0,0.0,0.0,0.0,0.0,0.0,0.0,0.0,0.0,0.0,0.0,0.0,0.0,0.0,0.0,0.0,0.0,0.0,0.0,0.209659163654563,0.0,0.0,0.0,0.0,0.0,0.0,0.0,0.0,0.0,0.0,0.0,0.0,0.0,0.0,0.0,0.0,0.0,0.0,0.0,0.0,0.0,0.0,0.0,0.0,0.0,0.0,0.0,0.0,0.0,0.0,0.0,0.0,0.0,0.0,0.0,0.0,0.0,0.0,0.0,0.0,0.0,0.0,0.0,0.0,0.0,0.0,0.0,0.0,0.0,0.0,0.0,0.0,0.0,0.0,0.0,0.0,0.0,0.0,0.0,0.0,0.0,0.0,0.0,0.0,0.0,0.0,0.0,0.0,0.0,0.0,0.0,0.3521269938597004,0.0,0.0,0.0,0.0,0.0,0.0,0.0,0.0,0.0,0.0,0.0,0.0,0.0,0.0,0.0,0.0,0.0,0.0,0.0,0.0,0.0,0.0,0.0,0.0,0.0,0.0,0.0,0.0,0.0,0.0,0.0,0.0,0.0,0.0,0.0,0.0,0.0,0.0,0.0,0.0,0.0,0.0,0.0,0.0,0.0,0.0,0.0,0.0,0.0,0.0,0.0,0.0,0.0,0.0,0.0,0.0,0.0,0.0,0.0,0.0,0.0,0.0,0.0,0.0,0.0,0.0,0.0,0.0,0.0,0.0,0.0,0.0,0.0,0.0,0.0,0.0,0.0,0.0,0.0,0.0,0.0,0.0,0.0,0.0,0.0,0.0,0.0,0.0,0.0,0.0,0.0,0.0,0.0,0.0,0.0,0.0,0.0,0.0,0.0,0.0,0.0,0.0,0.0,0.0,0.0,0.0,0.0,0.0,0.0,0.0,0.0,0.0,0.30826276671317543,0.0,0.0,0.0,0.0,0.0,0.0,0.0,0.0,0.0,0.0,0.0,0.0,0.0,0.0,0.0,0.0,0.0,0.0,0.0,0.0,0.0,0.0,0.0,0.0,0.0
SD2401268,20대,음 근데 우리집이 꼭대기 층이라 그런지 좀 괜찮은 거 같은데. 층간 소음은 없는데 벽간 소음이 쪼금 있는 거 같아. 방이 그 방음이 잘 안 돼서 옆 문 그 첫 입구 문에만 서도 옆의 방이 뭐 유튜브 뭐 듣고 있는지 무슨 대화하고 있는지가 너무 잘 들려서 쪼끔 부담스럽긴 해. 근데 위에는 아무도 사람이 안 사니까 내가 살기에는 어 소음이 없어서 되게 좋은 거 같아. 그거 말고도 본가 살 때는 위층이 아빠 지인이 살았었는데 그래서 막 소음이 나도 뭐라 하기가 좀 그랬던 경험이 있어. 너는 지금 몇 층 정도에 살아? 층간 소음은 없어? 음 그 학 학교 들어오고 나서부터 2년 동안 여기 살고 올해 새로 계약해서 똑같은 데 연장해서 거기서 살고 있어. 아마 내년에는 교환 학생을 가서 없으니까 오빠가 혼자 살 거 같아 지금 같이 살고 있으니까. 그리고 사실 나는 올해 딱 계약 연장할 때쯤에 새로 구해서 따로따로 살고 싶었는데 아무래도 서울 뭐 월세가 비싸다 보니까 그냥 한집에서 해서 전세로 사는 게 낫겠다 싶어서 같이 살고 있는데. 어 아무래도 생활 패턴이나 그런 집안일 하는 거가 좀 안 맞아서 좀 그게 제일 힘들어서 따로 살고 싶었던 거 같아. 뭐 혼자 늦게 자고 그런 건 상관없는데 오빠가 게임을 하니까 늦게까지 게임하는 소리 계속 들려 오 들려 오고 하니까 나 자는 데 방에 돼서 그랬던 거 같아. 너는 그런 적은 없어? 어 중3 때까지 1곳에서 살았고 그 주 중3 이후에 약간 신도시 분양 그런 청약 담 당첨 돼 가지고 1번 이사를 갔었어. 근데 그 중3 때까지 계속 같은 지역에 살다 보니까 거기 유치원 초등학교 중학교 나오고 고등학교도 그쪽을 가려고 했는데 이사를 가게 돼서 혼자 떨어진 곳을 가니까 친구들이랑도 멀어지고 그러 그 뭐 원래 놀던 데에서도 못 놀고 이런 게 쪼끔 아쉽고 힘들긴 하더라고. 근데 집이 넓어서 되게 좋았던 거 같아. 나는 이사를 많이 안 해 봐서 막 해 보고 싶었다 이런 게 좀 컸었는데 주변에 이사 많이 다니는 사람은 안 그렇더라고. 이사를 그만 다니고 싶다 그러더라. 혹시 너도 그런 편이야? 음 나는 이사 간 다음에 우 이 이사 간 아파트 앞에 막 전원주택 같은 게 있는 거야. 그래서 나중에 이 또 이사를 가게 된다면은 저런 데에서 살고 싶다. 저런 데에서 마당에서 막 식물 키우고 동물 키우고 막 나만의 정원을 가꾸면서 2층 바 다락방에서 살고 싶다 막 이런 생각을 했었는데. 근데 막상 거기에 살면은 관리하는 게 되게 힘들어 보이더라고. 할머니 집도 그런 전원주택인데 조금만 뭘 관리를 안 해 줘도 잡초 자라고 먼지가 끼고 더러워지고 막 그런 게 많아서 관리가 힘들다고 하더라고. 근데 그럼에도 한 약간 한번쯤은 전원주택에 살고 싶다 이런 생각이 있는데. 너는 그런 어디에 살고 싶다 이런 로망 같은 게 있어? 어 전자레인지랑 냉장고 세탁기 이 이 정도는 원래 있었던 거 같고. 밥솥이랑 응 어 그 오븐 같은 거 뭐라고 하지. 그 아 에어프라이어는 사 왔고. 최근에 여름 되니까 벌레가 너무 많이 생기잖아. 특히 음식물에 벌레가 많이 생기는데 그래서 버리기가 너무 힘들어서 미생물로 분해해 주는 기계 그런 게 있더라고. 오빠가 인스타그램에서 찾아와서 막 우 이거 쓰자 막 그러면서 찾아왔던 기억이 있어. 그래서 그거를 지금 살까 고민 중에 있어. 그게 음식물 쓰레기를 넣으면은 미생물들이 분해를 해서 흙으로 바로 만들어 준대. 근데 그게 하루 만에 다 만들어 주고 냄새도 안 나서 좋다고 하더라고. 너는 혹시 집안일 같은 거는 어떻게 하는 편이야? 어 가끔 아니 자주 좀 싸운 싸우진 않고 이런 거에 대해 짜증을 내는 거 같긴 한데 내 방이 쓰레기 그 분리수거 하는 데 바로 앞에 있단 말이야. 그래서 오빠는 좀 멀어서 쓰레기 같은 걸 거기 내면 그만인데 나는 내고 나서 그게 분리수거가 잘 안 되어 있거나 막 더러운 게 섞여 있거나 하면은 냄새가 바로 내 방으로 들어온단 말이야. 그거 때문에 오빠한테 뭐라 한 적도 많았던 거 같고. 약간 분담 같은 게 예전에는 막 뭐 냉장고 청소 네가 1번 하면 내가 화장실 청소 1번 하고 이런 식으로 번갈아서 하자라고 말은 했는데 어느 순간 보니까 내가 다 하고 있더라고. 그래서 그거에 대해서 쌓아 놨다가 화내기 직전에 딱 말하면은 오빠가 또 눈치는 빨라 가지고 그제서야 부랴부랴 치우고 막 이래서 어 싸우지는 않았던 거 같아. 근데 자취를 하니까 확실히 본가 살 때는 엄마가 다 해 주고 그러는데 내가 다 해야 되니까 그게 힘든 거 같긴 해. 너는 자취하고 싶다는 생각은 없어? 아 나 처음에 집 들어올 때 막 냉장고랑 기본 가구에 막 여 연두색 띠가 막 둘러져 있는 거야. 기본 색깔로 막 있는 거야. 그래서 그걸 보고 아 진짜 별로다. 여기 살기 싫다 했었는데 막상 들어가 보니까 그런 거 별로 티도 안 나고 깔끔해 보이고 좋더라고. 그래서 그렇게 쓰고 있고. 뭔가 인테리어 아 그 자취하면 내 방식대로 바 집을 꾸미고 막 이렇게 써야지라는 생각은 있었는데 막상 있으니까 짐을 그 넣을 짐도 너무 많고 근데 그거에 비해 공간은 안 나오고 하니까 인테리어라고 할 것도 없이 그냥 짐을 넣어 놓은 거 같아. 내 방이 너무 작아서 옷장 같은 게 들어갈 공간이 안 나서 거실에다가 행거 설치해서 바로 옷 놓아두고. 그래서 뭔가 꾸미기도 애매하고 그랬던 거 같아. 너는 집 인테리어 어떤 편이야? 서울에서 살 수 있으면 좋을 거 같은데. 왜냐하면 여가 생활 같은 것도 훨씬 더 많이 할 수 있고 이제 거의 내 친구들이나 생활 반경이 서울에 중심에 맞춰져 있다 보니까 서울에서 생활하는 게 편하긴 한데 가끔씩 여기가 사람이 너무 많아서 내려가고 싶다라는 생각이 들긴 해. 근데 직장을 얻고 뭔가 더 발전을 하려면은 서울에서 사는 게 맞는 거 같아. 나는 그 본가 살 때는 지하에 헬스장이 있어서 그거를 썼단 말이야. 근데 자취를 하니까 그런 여가 시설 시 그 아무튼 시설들이 없어서 막 주변에서 주변 다른 헬스장을 등록해 놨단 말이야. 근데 너는 지금 어쨌든 본가에 살잖아. 큰 아파트에 사는데 그러면 거기에 막 여가 시설 같은 게 와 잘 마련되어 있어?,0.005747126436781609,0.017241379310344827,0.004597701149425287,0.0,0.005747126436781609,0.0034482758620689655,0.005747126436781609,0.008045977011494253,0.01839080459770115,0.029885057471264367,0.004597701149425287,0.027586206896551724,0.0,0.008045977011494253,0.0022988505747126436,0.0,0.0034482758620689655,0.0011494252873563218,0.03218390804597701,0.013793103448275862,0.0,0.0,0.0,0.0022988505747126436,0.0,0.004597701149425287,0.021839080459770115,0.0,0.0034482758620689655,0.0034482758620689655,0.04367816091954023,0.0,0.006896551724137931,0.0,0.004597701149425287,0.009195402298850575,0.0,0.0,0.011494252873563218,0.0011494252873563218,0.0,0.0022988505747126436,0.0,0.0,0.034482758620689655,0.004597701149425287,0.013793103448275862,0.0022988505747126436,0.004597701149425287,0.0367816091954023,0.009195402298850575,0.0011494252873563218,0.0,0.0022988505747126436,0.0,0.0011494252873563218,0.0011494252873563218,0.0022988505747126436,0.0,0.006896551724137931,0.0,0.0,0.0,0.0011494252873563218,0.006896551724137931,0.0022988505747126436,0.0022988505747126436,0.0011494252873563218,0.0011494252873563218,0.0,0.0,0.0,0.0022988505747126436,0.0,0.0,0.005747126436781609,0.0022988505747126436,0.0,0.006896551724137931,0.010344827586206896,0.0011494252873563218,0.0,0.0,0.0,0.0,0.004597701149425287,0.0034482758620689655,0.0,0.0022988505747126436,0.004597701149425287,0.0,0.0022988505747126436,0.0,0.0011494252873563218,0.0,0.0011494252873563218,0.0011494252873563218,0.0011494252873563218,0.0,0.0022988505747126436,0.004597701149425287,0.0011494252873563218,0.0,0.0,0.0,0.0,0.01264367816091954,0.009195402298850575,0.0,0.0011494252873563218,0.0011494252873563218,0.0022988505747126436,0.0011494252873563218,0.0,0.0,0.0011494252873563218,0.0,0.0,0.0011494252873563218,0.011494252873563218,0.0,0.005747126436781609,0.0011494252873563218,0.0,0.0022988505747126436,0.0011494252873563218,0.0011494252873563218,0.0,0.0022988505747126436,0.0,0.0,0.0,0.0,0.0034482758620689655,0.0,0.0,0.01839080459770115,0.0022988505747126436,0.0,0.0,0.0022988505747126436,0.0022988505747126436,0.0022988505747126436,0.0,0.0,0.005747126436781609,0.0011494252873563218,0.0,0.008045977011494253,0.0022988505747126436,0.0011494252873563218,0.005747126436781609,0.0011494252873563218,0.0,0.0,0.0011494252873563218,0.0,0.0011494252873563218,0.006896551724137931,0.0011494252873563218,0.0,0.0034482758620689655,0.0,0.0,0.0,0.004597701149425287,0.0011494252873563218,0.0011494252873563218,0.0,0.0,0.0011494252873563218,0.0,0.0,0.0,0.006896551724137931,0.0,0.0,0.0,0.0,0.0,0.0011494252873563218,0.0,0.0034482758620689655,0.0022988505747126436,0.0,0.0022988505747126436,0.0,0.0022988505747126436,0.0022988505747126436,0.0,0.0,0.0,0.0022988505747126436,0.0,0.0,0.0011494252873563218,0.0,0.0,0.0,0.0,0.0034482758620689655,0.0,0.004597701149425287,0.0,0.0,0.0,0.0,0.0,0.0,0.0011494252873563218,0.0,0.0,0.0,0.0,0.0011494252873563218,0.0,0.0011494252873563218,0.0,0.0011494252873563218,0.0,0.0022988505747126436,0.0,0.0011494252873563218,0.0022988505747126436,0.0,0.0,0.005747126436781609,0.0,0.0022988505747126436,0.0,0.0,0.0,0.0,0.0,0.0,0.0,0.0,0.0,0.0022988505747126436,0.0,0.0,0.0,0.004597701149425287,0.0,0.0,0.0,0.0,0.0,0.0,0.0,0.0,0.0,0.0,0.0,0.0,0.0,0.006896551724137931,0.0034482758620689655,0.0011494252873563218,0.0011494252873563218,0.0011494252873563218,0.0011494252873563218,0.0022988505747126436,0.0022988505747126436,0.0011494252873563218,0.0011494252873563218,0.0011494252873563218,0.0011494252873563218,0.0011494252873563218,0.0011494252873563218,0.0034482758620689655,0.0011494252873563218,0.005747126436781609,0.0011494252873563218,0.0011494252873563218,0.0011494252873563218,0.0022988505747126436,0.0022988505747126436,0.0011494252873563218,0.0022988505747126436,0.0011494252873563218,0.0011494252873563218,0.0011494252873563218,0.0011494252873563218,0.0022988505747126436,0.0011494252873563218,0.0011494252873563218,0.0011494252873563218,0.0022988505747126436,0.0011494252873563218,0.0011494252873563218,0.0011494252873563218,0.0011494252873563218,0.0011494252873563218,0.0011494252873563218,0.0011494252873563218,0.0011494252873563218,0.0022988505747126436,0.0022988505747126436,0.0011494252873563218,0.0011494252873563218,0.0011494252873563218,0.0022988505747126436,0.0011494252873563218,0.0011494252873563218,0.0034482758620689655,0.0011494252873563218,0.0011494252873563218,0.0011494252873563218,0.0011494252873563218,0.0011494252873563218,0.0011494252873563218,0.0011494252873563218,0.0022988505747126436,0.0011494252873563218,0.0022988505747126436,0.0022988505747126436,0.0011494252873563218,0.0011494252873563218,0.0034482758620689655,0.0011494252873563218,0.0011494252873563218,0.0022988505747126436,0.0011494252873563218,0.0022988505747126436,0.0011494252873563218,0.0011494252873563218,0.0022988505747126436,0.0011494252873563218,0.0011494252873563218,0.0011494252873563218,0.0022988505747126436,0.0011494252873563218,0.0034482758620689655,0.0034482758620689655,0.0022988505747126436,0.0011494252873563218,0.0011494252873563218,0.0011494252873563218,0.0011494252873563218,0.0011494252873563218,0.0011494252873563218,0.0011494252873563218,0.004597701149425287,0.0011494252873563218,0.0011494252873563218,0.0011494252873563218,0.0011494252873563218,0.0022988505747126436,0.0011494252873563218,0.0011494252873563218,0.0011494252873563218,0.0034482758620689655,0.0011494252873563218,0.0011494252873563218,0.0011494252873563218,0.0011494252873563218,0.0022988505747126436,0.0011494252873563218,0.0022988505747126436,0.0022988505747126436,0.0022988505747126436,0.0011494252873563218,0.0011494252873563218,0.0011494252873563218,0.0011494252873563218,0.0022988505747126436,0.0011494252873563218,0.0034482758620689655,0.0034482758620689655,0.0011494252873563218,0.004597701149425287,0.0011494252873563218,0.0011494252873563218,0.0022988505747126436,0.0022988505747126436,0.0011494252873563218,0.0011494252873563218,0.0011494252873563218,0.0022988505747126436,0.0011494252873563218,0.0022988505747126436,0.0022988505747126436,0.0011494252873563218,0.0011494252873563218,0.0011494252873563218,0.0011494252873563218,0.0011494252873563218,0.0011494252873563218,0.0011494252873563218,0.0011494252873563218,0.0011494252873563218,0.0011494252873563218,0.0011494252873563218,0.0011494252873563218,0.0022988505747126436,0.0011494252873563218,0.0011494252873563218,0.0011494252873563218,0.0011494252873563218,0.0011494252873563218,0.0011494252873563218,0.0011494252873563218,0.0011494252873563218,0.0011494252873563218,0.0011494252873563218,0.0011494252873563218,0.0022988505747126436,0.0011494252873563218,0.0011494252873563218,0.0011494252873563218,0.0011494252873563218,0.0011494252873563218,0.0022988505747126436,0.0011494252873563218,0.0022988505747126436,0.0011494252873563218,0.0011494252873563218,0.0011494252873563218,0.0034482758620689655,0.0011494252873563218,0.0011494252873563218,0.0011494252873563218,0.0011494252873563218,0.0011494252873563218,0.0011494252873563218,0.0011494252873563218,0.0011494252873563218,0.0011494252873563218,0.0011494252873563218,0.0011494252873563218,0.0011494252873563218,0.0034482758620689655,0.0011494252873563218,0.0022988505747126436,0.0011494252873563218,0.0011494252873563218,0.0011494252873563218,0.0011494252873563218,0.0011494252873563218,0.0011494252873563218,0.0011494252873563218,0.0011494252873563218,0.0011494252873563218,0.0011494252873563218,0.0011494252873563218,0.0011494252873563218,0.0011494252873563218,0.0011494252873563218,0.0011494252873563218,0.0011494252873563218,0.0011494252873563218,0.0011494252873563218,0.0,0.0,0.0,0.0,0.0,0.0,0.0,0.0,0.0,0.0,0.0,0.0,0.0,0.0,0.0,0.0,0.0,0.0,0.0,0.0,0.0,0.0,0.0,0.0,0.0,0.0,0.0,0.0,0.0,0.0,0.0,0.0,0.0,0.0,0.0,0.0,0.0,0.0,0.0,0.0,0.0,0.0,0.0,0.0,0.0,0.0,0.0,0.0,0.3630406263986515,0.0,0.0,0.0,0.0,0.0,0.0,0.0,0.0,0.0,0.0,0.0,0.0,0.0,0.0,0.0,0.0,0.0,0.0,0.0,0.0,0.0,0.0,0.0,0.0,0.0,0.0,0.0,0.0,0.0,0.39157399388379366,0.0,0.0,0.0,0.0,0.0,0.0,0.0,0.0,0.0,0.0,0.0,0.0,0.0,0.0,0.0,0.0,0.0,0.0,0.0,0.0,0.0,0.0,0.0,0.0,0.0,0.0,0.0,0.0,0.0,0.0,0.0,0.0,0.0,0.0,0.0,0.0,0.24523965219540056,0.0,0.0,0.0,0.0,0.0,0.0,0.0,0.0,0.0,0.0,0.0,0.0,0.0,0.0,0.0,0.0,0.0,0.0,0.0,0.0,0.0,0.0,0.0,0.0,0.0,0.0,0.0,0.0,0.0,0.0,0.0,0.0,0.0,0.0,0.0,0.0,0.0,0.0,0.0,0.0,0.0,0.0,0.0,0.0,0.0,0.0,0.0,0.0,0.0,0.0,0.0,0.0,0.0,0.0,0.0,0.0,0.0,0.0,0.0,0.0,0.0,0.0,0.0,0.0,0.0,0.0,0.0,0.0,0.0,0.0,0.0,0.0,0.0,0.0,0.0,0.0,0.0,0.0,0.0,0.0,0.0,0.0,0.0,0.0,0.0,0.0,0.0,0.0,0.0,0.0,0.0,0.31426251250252046,0.0,0.0,0.0,0.0,0.0,0.0,0.0,0.0,0.0,0.0,0.0,0.0,0.0,0.0,0.0,0.0,0.0,0.0,0.0,0.0,0.0,0.0,0.0,0.0,0.0,0.0,0.0,0.0,0.0,0.0,0.0,0.0,0.0,0.0,0.0,0.0,0.0,0.0,0.0,0.34279587998766264,0.0,0.0,0.0,0.0,0.0,0.0,0.0,0.0,0.0,0.0,0.0,0.0,0.0,0.0,0.0,0.0,0.0,0.0,0.0,0.0,0.0,0.0,0.0,0.0,0.0,0.0,0.0,0.0,0.0,0.0,0.0,0.0,0.0,0.0,0.0,0.0,0.0,0.0,0.0,0.0,0.0,0.0,0.0,0.0,0.0,0.0,0.0,0.0,0.0,0.0,0.0,0.0,0.0,0.0,0.0,0.39157399388379366,0.0,0.0,0.0,0.0,0.0,0.0,0.0,0.0,0.0,0.0,0.0,0.0,0.0,0.0,0.0,0.0,0.0,0.0,0.0,0.0,0.0,0.0,0.0,0.0,0.0,0.0,0.0,0.0,0.0,0.0,0.0,0.0,0.0,0.0,0.0,0.0,0.3630406263986515,0.0,0.0,0.0,0.0,0.0,0.0,0.0,0.0,0.0,0.0,0.0,0.0,0.0,0.0,0.0,0.0,0.0,0.0,0.0,0.0,0.0,0.0,0.0,0.0,0.0,0.0,0.0,0.0,0.0,0.0,0.0,0.0,0.0,0.0,0.0,0.0,0.0,0.0,0.0,0.0,0.0,0.0,0.0,0.0,0.0,0.0,0.0,0.0,0.0,0.0,0.0,0.0,0.0,0.0,0.0,0.0,0.0,0.0,0.0,0.0,0.0,0.0,0.0,0.0,0.0,0.0,0.0,0.0,0.0,0.0,0.0,0.0,0.0,0.0,0.0,0.0,0.0,0.0,0.0,0.0,0.0,0.0,0.0,0.0,0.0,0.0,0.0,0.0,0.0,0.0,0.0,0.0,0.0,0.0,0.0,0.0,0.0,0.0,0.0,0.0,0.0,0.0,0.0,0.0,0.0,0.0,0.0,0.0,0.0,0.0,0.0,0.0,0.0,0.0,0.0,0.0,0.0,0.0,0.0,0.0,0.0,0.0,0.0,0.0,0.0,0.0,0.0,0.0,0.0,0.0,0.0,0.0,0.0,0.0,0.0,0.0,0.0,0.0,0.0,0.0,0.0,0.0,0.0,0.0,0.0,0.0,0.0,0.0,0.0,0.0,0.0,0.0,0.0,0.0,0.0,0.0,0.0,0.0,0.0,0.0,0.0,0.0,0.0,0.0,0.0,0.0,0.0,0.0,0.0,0.0,0.0,0.0,0.0,0.0,0.0,0.0,0.0,0.0,0.0,0.0,0.0,0.0,0.0,0.0,0.0,0.0,0.0,0.0,0.0,0.0,0.0,0.0,0.0,0.0,0.0,0.0,0.0,0.0,0.0,0.0,0.0,0.0,0.0,0.0,0.0,0.0,0.0,0.0,0.0,0.0,0.0,0.0,0.0,0.0,0.0,0.0,0.0,0.0,0.0,0.0,0.0,0.0,0.0,0.0,0.0,0.0,0.0,0.0,0.0,0.0,0.0,0.0,0.0,0.0,0.0,0.0,0.0,0.0,0.0,0.0,0.0,0.0,0.0,0.0,0.0,0.0,0.0,0.0,0.0,0.0,0.0,0.0,0.0,0.0,0.0,0.0,0.0,0.0,0.0,0.0,0.0,0.0,0.0,0.0,0.0,0.0,0.0,0.0,0.0,0.0,0.0,0.0,0.0,0.0,0.0,0.0,0.0,0.0,0.0,0.0,0.0,0.0,0.0,0.0,0.0,0.0,0.0,0.0,0.0,0.0,0.0,0.0,0.0,0.0,0.0,0.0,0.0,0.0,0.0,0.0,0.0,0.0,0.0,0.0,0.0,0.0,0.0,0.0,0.0,0.0,0.0,0.0,0.0,0.0,0.0,0.0,0.0,0.0,0.0,0.0,0.0,0.0,0.0,0.0,0.0,0.0,0.0,0.0,0.0,0.0,0.0,0.0,0.0,0.0,0.0,0.0,0.0,0.0,0.0,0.0,0.0,0.0,0.0,0.0,0.0,0.0,0.0,0.0,0.0,0.0,0.0,0.0,0.0,0.0,0.0,0.0,0.0,0.0,0.0,0.0,0.0,0.0,0.0,0.0,0.0,0.0,0.0,0.0,0.0,0.0,0.0,0.0,0.0,0.0,0.0,0.0,0.0,0.0,0.0,0.0,0.0,0.0,0.0,0.0,0.39157399388379366,0.0
SD2401268,20대,음 근데 우리집이 꼭대기 층이라 그런지 좀 괜찮은 거 같은데. 층간 소음은 없는데 벽간 소음이 쪼금 있는 거 같아. 방이 그 방음이 잘 안 돼서 옆 문 그 첫 입구 문에만 서도 옆의 방이 뭐 유튜브 뭐 듣고 있는지 무슨 대화하고 있는지가 너무 잘 들려서 쪼끔 부담스럽긴 해. 근데 위에는 아무도 사람이 안 사니까 내가 살기에는 어 소음이 없어서 되게 좋은 거 같아. 그거 말고도 본가 살 때는 위층이 아빠 지인이 살았었는데 그래서 막 소음이 나도 뭐라 하기가 좀 그랬던 경험이 있어. 너는 지금 몇 층 정도에 살아? 층간 소음은 없어? 음 그 학 학교 들어오고 나서부터 2년 동안 여기 살고 올해 새로 계약해서 똑같은 데 연장해서 거기서 살고 있어. 아마 내년에는 교환 학생을 가서 없으니까 오빠가 혼자 살 거 같아 지금 같이 살고 있으니까. 그리고 사실 나는 올해 딱 계약 연장할 때쯤에 새로 구해서 따로따로 살고 싶었는데 아무래도 서울 뭐 월세가 비싸다 보니까 그냥 한집에서 해서 전세로 사는 게 낫겠다 싶어서 같이 살고 있는데. 어 아무래도 생활 패턴이나 그런 집안일 하는 거가 좀 안 맞아서 좀 그게 제일 힘들어서 따로 살고 싶었던 거 같아. 뭐 혼자 늦게 자고 그런 건 상관없는데 오빠가 게임을 하니까 늦게까지 게임하는 소리 계속 들려 오 들려 오고 하니까 나 자는 데 방에 돼서 그랬던 거 같아. 너는 그런 적은 없어? 어 중3 때까지 1곳에서 살았고 그 주 중3 이후에 약간 신도시 분양 그런 청약 담 당첨 돼 가지고 1번 이사를 갔었어. 근데 그 중3 때까지 계속 같은 지역에 살다 보니까 거기 유치원 초등학교 중학교 나오고 고등학교도 그쪽을 가려고 했는데 이사를 가게 돼서 혼자 떨어진 곳을 가니까 친구들이랑도 멀어지고 그러 그 뭐 원래 놀던 데에서도 못 놀고 이런 게 쪼끔 아쉽고 힘들긴 하더라고. 근데 집이 넓어서 되게 좋았던 거 같아. 나는 이사를 많이 안 해 봐서 막 해 보고 싶었다 이런 게 좀 컸었는데 주변에 이사 많이 다니는 사람은 안 그렇더라고. 이사를 그만 다니고 싶다 그러더라. 혹시 너도 그런 편이야? 음 나는 이사 간 다음에 우 이 이사 간 아파트 앞에 막 전원주택 같은 게 있는 거야. 그래서 나중에 이 또 이사를 가게 된다면은 저런 데에서 살고 싶다. 저런 데에서 마당에서 막 식물 키우고 동물 키우고 막 나만의 정원을 가꾸면서 2층 바 다락방에서 살고 싶다 막 이런 생각을 했었는데. 근데 막상 거기에 살면은 관리하는 게 되게 힘들어 보이더라고. 할머니 집도 그런 전원주택인데 조금만 뭘 관리를 안 해 줘도 잡초 자라고 먼지가 끼고 더러워지고 막 그런 게 많아서 관리가 힘들다고 하더라고. 근데 그럼에도 한 약간 한번쯤은 전원주택에 살고 싶다 이런 생각이 있는데. 너는 그런 어디에 살고 싶다 이런 로망 같은 게 있어? 어 전자레인지랑 냉장고 세탁기 이 이 정도는 원래 있었던 거 같고. 밥솥이랑 응 어 그 오븐 같은 거 뭐라고 하지. 그 아 에어프라이어는 사 왔고. 최근에 여름 되니까 벌레가 너무 많이 생기잖아. 특히 음식물에 벌레가 많이 생기는데 그래서 버리기가 너무 힘들어서 미생물로 분해해 주는 기계 그런 게 있더라고. 오빠가 인스타그램에서 찾아와서 막 우 이거 쓰자 막 그러면서 찾아왔던 기억이 있어. 그래서 그거를 지금 살까 고민 중에 있어. 그게 음식물 쓰레기를 넣으면은 미생물들이 분해를 해서 흙으로 바로 만들어 준대. 근데 그게 하루 만에 다 만들어 주고 냄새도 안 나서 좋다고 하더라고. 너는 혹시 집안일 같은 거는 어떻게 하는 편이야? 어 가끔 아니 자주 좀 싸운 싸우진 않고 이런 거에 대해 짜증을 내는 거 같긴 한데 내 방이 쓰레기 그 분리수거 하는 데 바로 앞에 있단 말이야. 그래서 오빠는 좀 멀어서 쓰레기 같은 걸 거기 내면 그만인데 나는 내고 나서 그게 분리수거가 잘 안 되어 있거나 막 더러운 게 섞여 있거나 하면은 냄새가 바로 내 방으로 들어온단 말이야. 그거 때문에 오빠한테 뭐라 한 적도 많았던 거 같고. 약간 분담 같은 게 예전에는 막 뭐 냉장고 청소 네가 1번 하면 내가 화장실 청소 1번 하고 이런 식으로 번갈아서 하자라고 말은 했는데 어느 순간 보니까 내가 다 하고 있더라고. 그래서 그거에 대해서 쌓아 놨다가 화내기 직전에 딱 말하면은 오빠가 또 눈치는 빨라 가지고 그제서야 부랴부랴 치우고 막 이래서 어 싸우지는 않았던 거 같아. 근데 자취를 하니까 확실히 본가 살 때는 엄마가 다 해 주고 그러는데 내가 다 해야 되니까 그게 힘든 거 같긴 해. 너는 자취하고 싶다는 생각은 없어? 아 나 처음에 집 들어올 때 막 냉장고랑 기본 가구에 막 여 연두색 띠가 막 둘러져 있는 거야. 기본 색깔로 막 있는 거야. 그래서 그걸 보고 아 진짜 별로다. 여기 살기 싫다 했었는데 막상 들어가 보니까 그런 거 별로 티도 안 나고 깔끔해 보이고 좋더라고. 그래서 그렇게 쓰고 있고. 뭔가 인테리어 아 그 자취하면 내 방식대로 바 집을 꾸미고 막 이렇게 써야지라는 생각은 있었는데 막상 있으니까 짐을 그 넣을 짐도 너무 많고 근데 그거에 비해 공간은 안 나오고 하니까 인테리어라고 할 것도 없이 그냥 짐을 넣어 놓은 거 같아. 내 방이 너무 작아서 옷장 같은 게 들어갈 공간이 안 나서 거실에다가 행거 설치해서 바로 옷 놓아두고. 그래서 뭔가 꾸미기도 애매하고 그랬던 거 같아. 너는 집 인테리어 어떤 편이야? 서울에서 살 수 있으면 좋을 거 같은데. 왜냐하면 여가 생활 같은 것도 훨씬 더 많이 할 수 있고 이제 거의 내 친구들이나 생활 반경이 서울에 중심에 맞춰져 있다 보니까 서울에서 생활하는 게 편하긴 한데 가끔씩 여기가 사람이 너무 많아서 내려가고 싶다라는 생각이 들긴 해. 근데 직장을 얻고 뭔가 더 발전을 하려면은 서울에서 사는 게 맞는 거 같아. 나는 그 본가 살 때는 지하에 헬스장이 있어서 그거를 썼단 말이야. 근데 자취를 하니까 그런 여가 시설 시 그 아무튼 시설들이 없어서 막 주변에서 주변 다른 헬스장을 등록해 놨단 말이야. 근데 너는 지금 어쨌든 본가에 살잖아. 큰 아파트에 사는데 그러면 거기에 막 여가 시설 같은 게 와 잘 마련되어 있어?,0.005747126436781609,0.017241379310344827,0.004597701149425287,0.0,0.005747126436781609,0.0034482758620689655,0.005747126436781609,0.008045977011494253,0.01839080459770115,0.029885057471264367,0.004597701149425287,0.027586206896551724,0.0,0.008045977011494253,0.0022988505747126436,0.0,0.0034482758620689655,0.0011494252873563218,0.03218390804597701,0.013793103448275862,0.0,0.0,0.0,0.0022988505747126436,0.0,0.004597701149425287,0.021839080459770115,0.0,0.0034482758620689655,0.0034482758620689655,0.04367816091954023,0.0,0.006896551724137931,0.0,0.004597701149425287,0.009195402298850575,0.0,0.0,0.011494252873563218,0.0011494252873563218,0.0,0.0022988505747126436,0.0,0.0,0.034482758620689655,0.004597701149425287,0.013793103448275862,0.0022988505747126436,0.004597701149425287,0.0367816091954023,0.009195402298850575,0.0011494252873563218,0.0,0.0022988505747126436,0.0,0.0011494252873563218,0.0011494252873563218,0.0022988505747126436,0.0,0.006896551724137931,0.0,0.0,0.0,0.0011494252873563218,0.006896551724137931,0.0022988505747126436,0.0022988505747126436,0.0011494252873563218,0.0011494252873563218,0.0,0.0,0.0,0.0022988505747126436,0.0,0.0,0.005747126436781609,0.0022988505747126436,0.0,0.006896551724137931,0.010344827586206896,0.0011494252873563218,0.0,0.0,0.0,0.0,0.004597701149425287,0.0034482758620689655,0.0,0.0022988505747126436,0.004597701149425287,0.0,0.0022988505747126436,0.0,0.0011494252873563218,0.0,0.0011494252873563218,0.0011494252873563218,0.0011494252873563218,0.0,0.0022988505747126436,0.004597701149425287,0.0011494252873563218,0.0,0.0,0.0,0.0,0.01264367816091954,0.009195402298850575,0.0,0.0011494252873563218,0.0011494252873563218,0.0022988505747126436,0.0011494252873563218,0.0,0.0,0.0011494252873563218,0.0,0.0,0.0011494252873563218,0.011494252873563218,0.0,0.005747126436781609,0.0011494252873563218,0.0,0.0022988505747126436,0.0011494252873563218,0.0011494252873563218,0.0,0.0022988505747126436,0.0,0.0,0.0,0.0,0.0034482758620689655,0.0,0.0,0.01839080459770115,0.0022988505747126436,0.0,0.0,0.0022988505747126436,0.0022988505747126436,0.0022988505747126436,0.0,0.0,0.005747126436781609,0.0011494252873563218,0.0,0.008045977011494253,0.0022988505747126436,0.0011494252873563218,0.005747126436781609,0.0011494252873563218,0.0,0.0,0.0011494252873563218,0.0,0.0011494252873563218,0.006896551724137931,0.0011494252873563218,0.0,0.0034482758620689655,0.0,0.0,0.0,0.004597701149425287,0.0011494252873563218,0.0011494252873563218,0.0,0.0,0.0011494252873563218,0.0,0.0,0.0,0.006896551724137931,0.0,0.0,0.0,0.0,0.0,0.0011494252873563218,0.0,0.0034482758620689655,0.0022988505747126436,0.0,0.0022988505747126436,0.0,0.0022988505747126436,0.0022988505747126436,0.0,0.0,0.0,0.0022988505747126436,0.0,0.0,0.0011494252873563218,0.0,0.0,0.0,0.0,0.0034482758620689655,0.0,0.004597701149425287,0.0,0.0,0.0,0.0,0.0,0.0,0.0011494252873563218,0.0,0.0,0.0,0.0,0.0011494252873563218,0.0,0.0011494252873563218,0.0,0.0011494252873563218,0.0,0.0022988505747126436,0.0,0.0011494252873563218,0.0022988505747126436,0.0,0.0,0.005747126436781609,0.0,0.0022988505747126436,0.0,0.0,0.0,0.0,0.0,0.0,0.0,0.0,0.0,0.0022988505747126436,0.0,0.0,0.0,0.004597701149425287,0.0,0.0,0.0,0.0,0.0,0.0,0.0,0.0,0.0,0.0,0.0,0.0,0.0,0.006896551724137931,0.0034482758620689655,0.0011494252873563218,0.0011494252873563218,0.0011494252873563218,0.0011494252873563218,0.0022988505747126436,0.0022988505747126436,0.0011494252873563218,0.0011494252873563218,0.0011494252873563218,0.0011494252873563218,0.0011494252873563218,0.0011494252873563218,0.0034482758620689655,0.0011494252873563218,0.005747126436781609,0.0011494252873563218,0.0011494252873563218,0.0011494252873563218,0.0022988505747126436,0.0022988505747126436,0.0011494252873563218,0.0022988505747126436,0.0011494252873563218,0.0011494252873563218,0.0011494252873563218,0.0011494252873563218,0.0022988505747126436,0.0011494252873563218,0.0011494252873563218,0.0011494252873563218,0.0022988505747126436,0.0011494252873563218,0.0011494252873563218,0.0011494252873563218,0.0011494252873563218,0.0011494252873563218,0.0011494252873563218,0.0011494252873563218,0.0011494252873563218,0.0022988505747126436,0.0022988505747126436,0.0011494252873563218,0.0011494252873563218,0.0011494252873563218,0.0022988505747126436,0.0011494252873563218,0.0011494252873563218,0.0034482758620689655,0.0011494252873563218,0.0011494252873563218,0.0011494252873563218,0.0011494252873563218,0.0011494252873563218,0.0011494252873563218,0.0011494252873563218,0.0022988505747126436,0.0011494252873563218,0.0022988505747126436,0.0022988505747126436,0.0011494252873563218,0.0011494252873563218,0.0034482758620689655,0.0011494252873563218,0.0011494252873563218,0.0022988505747126436,0.0011494252873563218,0.0022988505747126436,0.0011494252873563218,0.0011494252873563218,0.0022988505747126436,0.0011494252873563218,0.0011494252873563218,0.0011494252873563218,0.0022988505747126436,0.0011494252873563218,0.0034482758620689655,0.0034482758620689655,0.0022988505747126436,0.0011494252873563218,0.0011494252873563218,0.0011494252873563218,0.0011494252873563218,0.0011494252873563218,0.0011494252873563218,0.0011494252873563218,0.004597701149425287,0.0011494252873563218,0.0011494252873563218,0.0011494252873563218,0.0011494252873563218,0.0022988505747126436,0.0011494252873563218,0.0011494252873563218,0.0011494252873563218,0.0034482758620689655,0.0011494252873563218,0.0011494252873563218,0.0011494252873563218,0.0011494252873563218,0.0022988505747126436,0.0011494252873563218,0.0022988505747126436,0.0022988505747126436,0.0022988505747126436,0.0011494252873563218,0.0011494252873563218,0.0011494252873563218,0.0011494252873563218,0.0022988505747126436,0.0011494252873563218,0.0034482758620689655,0.0034482758620689655,0.0011494252873563218,0.004597701149425287,0.0011494252873563218,0.0011494252873563218,0.0022988505747126436,0.0022988505747126436,0.0011494252873563218,0.0011494252873563218,0.0011494252873563218,0.0022988505747126436,0.0011494252873563218,0.0022988505747126436,0.0022988505747126436,0.0011494252873563218,0.0011494252873563218,0.0011494252873563218,0.0011494252873563218,0.0011494252873563218,0.0011494252873563218,0.0011494252873563218,0.0011494252873563218,0.0011494252873563218,0.0011494252873563218,0.0011494252873563218,0.0011494252873563218,0.0022988505747126436,0.0011494252873563218,0.0011494252873563218,0.0011494252873563218,0.0011494252873563218,0.0011494252873563218,0.0011494252873563218,0.0011494252873563218,0.0011494252873563218,0.0011494252873563218,0.0011494252873563218,0.0011494252873563218,0.0022988505747126436,0.0011494252873563218,0.0011494252873563218,0.0011494252873563218,0.0011494252873563218,0.0011494252873563218,0.0022988505747126436,0.0011494252873563218,0.0022988505747126436,0.0011494252873563218,0.0011494252873563218,0.0011494252873563218,0.0034482758620689655,0.0011494252873563218,0.0011494252873563218,0.0011494252873563218,0.0011494252873563218,0.0011494252873563218,0.0011494252873563218,0.0011494252873563218,0.0011494252873563218,0.0011494252873563218,0.0011494252873563218,0.0011494252873563218,0.0011494252873563218,0.0034482758620689655,0.0011494252873563218,0.0022988505747126436,0.0011494252873563218,0.0011494252873563218,0.0011494252873563218,0.0011494252873563218,0.0011494252873563218,0.0011494252873563218,0.0011494252873563218,0.0011494252873563218,0.0011494252873563218,0.0011494252873563218,0.0011494252873563218,0.0011494252873563218,0.0011494252873563218,0.0011494252873563218,0.0011494252873563218,0.0011494252873563218,0.0011494252873563218,0.0011494252873563218,0.0,0.0,0.0,0.0,0.0,0.0,0.0,0.0,0.0,0.0,0.0,0.0,0.0,0.0,0.0,0.0,0.0,0.0,0.0,0.0,0.0,0.0,0.0,0.0,0.0,0.0,0.0,0.0,0.0,0.0,0.0,0.0,0.0,0.0,0.0,0.0,0.0,0.0,0.0,0.0,0.0,0.0,0.0,0.0,0.0,0.0,0.0,0.0,0.0,0.0,0.0,0.0,0.0,0.0,0.0,0.0,0.0,0.0,0.0,0.0,0.0,0.0,0.0,0.0,0.0,0.0,0.0,0.0,0.0,0.0,0.0,0.0,0.0,0.0,0.0,0.0,0.0,0.0,0.0,0.0,0.0,0.0,0.0,0.0,0.0,0.0,0.0,0.0,0.0,0.0,0.0,0.0,0.0,0.0,0.0,0.0,0.0,0.0,0.0,0.0,0.0,0.0,0.0,0.3400427032654899,0.0,0.0,0.0,0.0,0.0,0.0,0.0,0.0,0.0,0.0,0.0,0.0,0.0,0.0,0.0,0.0,0.0,0.0,0.0,0.0,0.0,0.0,0.0,0.0,0.0,0.0,0.0,0.0,0.0,0.0,0.0,0.0,0.0,0.0,0.0,0.0,0.0,0.0,0.0,0.0,0.0,0.0,0.0,0.0,0.0,0.0,0.0,0.0,0.0,0.0,0.0,0.0,0.0,0.0,0.0,0.0,0.0,0.0,0.0,0.0,0.0,0.0,0.0,0.0,0.0,0.0,0.0,0.0,0.0,0.0,0.0,0.0,0.0,0.0,0.0,0.0,0.0,0.0,0.0,0.0,0.0,0.0,0.0,0.0,0.0,0.0,0.0,0.0,0.0,0.0,0.0,0.0,0.0,0.0,0.0,0.0,0.0,0.0,0.0,0.0,0.0,0.0,0.0,0.0,0.0,0.0,0.0,0.0,0.0,0.0,0.0,0.0,0.0,0.0,0.0,0.0,0.0,0.0,0.0,0.0,0.0,0.0,0.0,0.0,0.0,0.0,0.0,0.0,0.0,0.0,0.0,0.0,0.0,0.0,0.0,0.0,0.0,0.0,0.0,0.0,0.0,0.0,0.0,0.0,0.0,0.0,0.0,0.0,0.0,0.0,0.0,0.0,0.0,0.0,0.0,0.0,0.0,0.0,0.0,0.0,0.0,0.0,0.0,0.0,0.0,0.0,0.0,0.0,0.0,0.0,0.0,0.0,0.0,0.0,0.0,0.0,0.0,0.0,0.0,0.0,0.0,0.0,0.0,0.0,0.0,0.0,0.0,0.0,0.0,0.0,0.0,0.0,0.0,0.0,0.0,0.0,0.0,0.0,0.0,0.0,0.0,0.0,0.0,0.0,0.0,0.0,0.0,0.0,0.0,0.0,0.0,0.0,0.0,0.0,0.0,0.0,0.0,0.0,0.0,0.0,0.0,0.0,0.0,0.0,0.0,0.0,0.0,0.0,0.0,0.0,0.0,0.0,0.0,0.0,0.0,0.0,0.0,0.0,0.0,0.0,0.0,0.0,0.0,0.0,0.0,0.0,0.0,0.0,0.0,0.0,0.0,0.0,0.0,0.0,0.0,0.0,0.0,0.0,0.0,0.0,0.0,0.0,0.0,0.0,0.0,0.0,0.0,0.0,0.0,0.0,0.0,0.0,0.0,0.0,0.0,0.0,0.0,0.0,0.0,0.0,0.0,0.0,0.0,0.0,0.0,0.0,0.0,0.0,0.0,0.0,0.0,0.0,0.0,0.0,0.0,0.0,0.0,0.0,0.0,0.0,0.0,0.0,0.0,0.0,0.0,0.0,0.0,0.0,0.0,0.0,0.0,0.0,0.0,0.0,0.0,0.0,0.0,0.0,0.0,0.0,0.0,0.0,0.0,0.0,0.0,0.0,0.0,0.0,0.0,0.0,0.0,0.0,0.0,0.0,0.0,0.0,0.0,0.0,0.0,0.0,0.0,0.0,0.0,0.0,0.0,0.0,0.0,0.0,0.0,0.0,0.0,0.0,0.0,0.0,0.0,0.0,0.0,0.0,0.0,0.0,0.0,0.0,0.0,0.0,0.0,0.0,0.0,0.0,0.0,0.0,0.0,0.0,0.0,0.0,0.0,0.0,0.0,0.0,0.0,0.0,0.0,0.0,0.0,0.0,0.0,0.0,0.0,0.0,0.0,0.0,0.0,0.0,0.0,0.0,0.0,0.0,0.0,0.0,0.0,0.0,0.0,0.0,0.0,0.0,0.0,0.0,0.0,0.0,0.0,0.0,0.0,0.0,0.0,0.0,0.0,0.0,0.0,0.0,0.0,0.0,0.0,0.0,0.0,0.0,0.0,0.0,0.0,0.0,0.0,0.0,0.0,0.0,0.0,0.0,0.0,0.0,0.0,0.0,0.0,0.0,0.0,0.0,0.0,0.0,0.0,0.0,0.0,0.0,0.0,0.0,0.0,0.0,0.0,0.0,0.0,0.0,0.0,0.0,0.0,0.0,0.0,0.0,0.0,0.0,0.0,0.0,0.0,0.0,0.0,0.0,0.0,0.0,0.0,0.0,0.5429459641486428,0.0,0.0,0.0,0.0,0.0,0.0,0.0,0.0,0.0,0.0,0.0,0.0,0.0,0.0,0.0,0.0,0.0,0.0,0.0,0.0,0.0,0.0,0.0,0.0,0.0,0.0,0.0,0.0,0.0,0.0,0.0,0.0,0.0,0.0,0.0,0.0,0.0,0.0,0.0,0.0,0.0,0.0,0.0,0.0,0.0,0.0,0.5429459641486428,0.0,0.0,0.0,0.0,0.0,0.0,0.0,0.0,0.0,0.0,0.0,0.0,0.0,0.0,0.0,0.0,0.0,0.0,0.0,0.0,0.0,0.0,0.0,0.0,0.0,0.0,0.0,0.0,0.0,0.0,0.0,0.0,0.0,0.0,0.0,0.0,0.0,0.0,0.0,0.0,0.0,0.0,0.0,0.0,0.0,0.0,0.0,0.0,0.0,0.0,0.0,0.0,0.0,0.0,0.0,0.0,0.0,0.0,0.0,0.0,0.0,0.0,0.0,0.0,0.0,0.0,0.0,0.0,0.5429459641486428,0.0,0.0,0.0,0.0,0.0,0.0,0.0,0.0,0.0,0.0,0.0,0.0,0.0,0.0,0.0,0.0,0.0,0.0,0.0,0.0,0.0,0.0,0.0,0.0,0.0,0.0,0.0,0.0,0.0,0.0,0.0,0.0
SD2401268,20대,음 근데 우리집이 꼭대기 층이라 그런지 좀 괜찮은 거 같은데. 층간 소음은 없는데 벽간 소음이 쪼금 있는 거 같아. 방이 그 방음이 잘 안 돼서 옆 문 그 첫 입구 문에만 서도 옆의 방이 뭐 유튜브 뭐 듣고 있는지 무슨 대화하고 있는지가 너무 잘 들려서 쪼끔 부담스럽긴 해. 근데 위에는 아무도 사람이 안 사니까 내가 살기에는 어 소음이 없어서 되게 좋은 거 같아. 그거 말고도 본가 살 때는 위층이 아빠 지인이 살았었는데 그래서 막 소음이 나도 뭐라 하기가 좀 그랬던 경험이 있어. 너는 지금 몇 층 정도에 살아? 층간 소음은 없어? 음 그 학 학교 들어오고 나서부터 2년 동안 여기 살고 올해 새로 계약해서 똑같은 데 연장해서 거기서 살고 있어. 아마 내년에는 교환 학생을 가서 없으니까 오빠가 혼자 살 거 같아 지금 같이 살고 있으니까. 그리고 사실 나는 올해 딱 계약 연장할 때쯤에 새로 구해서 따로따로 살고 싶었는데 아무래도 서울 뭐 월세가 비싸다 보니까 그냥 한집에서 해서 전세로 사는 게 낫겠다 싶어서 같이 살고 있는데. 어 아무래도 생활 패턴이나 그런 집안일 하는 거가 좀 안 맞아서 좀 그게 제일 힘들어서 따로 살고 싶었던 거 같아. 뭐 혼자 늦게 자고 그런 건 상관없는데 오빠가 게임을 하니까 늦게까지 게임하는 소리 계속 들려 오 들려 오고 하니까 나 자는 데 방에 돼서 그랬던 거 같아. 너는 그런 적은 없어? 어 중3 때까지 1곳에서 살았고 그 주 중3 이후에 약간 신도시 분양 그런 청약 담 당첨 돼 가지고 1번 이사를 갔었어. 근데 그 중3 때까지 계속 같은 지역에 살다 보니까 거기 유치원 초등학교 중학교 나오고 고등학교도 그쪽을 가려고 했는데 이사를 가게 돼서 혼자 떨어진 곳을 가니까 친구들이랑도 멀어지고 그러 그 뭐 원래 놀던 데에서도 못 놀고 이런 게 쪼끔 아쉽고 힘들긴 하더라고. 근데 집이 넓어서 되게 좋았던 거 같아. 나는 이사를 많이 안 해 봐서 막 해 보고 싶었다 이런 게 좀 컸었는데 주변에 이사 많이 다니는 사람은 안 그렇더라고. 이사를 그만 다니고 싶다 그러더라. 혹시 너도 그런 편이야? 음 나는 이사 간 다음에 우 이 이사 간 아파트 앞에 막 전원주택 같은 게 있는 거야. 그래서 나중에 이 또 이사를 가게 된다면은 저런 데에서 살고 싶다. 저런 데에서 마당에서 막 식물 키우고 동물 키우고 막 나만의 정원을 가꾸면서 2층 바 다락방에서 살고 싶다 막 이런 생각을 했었는데. 근데 막상 거기에 살면은 관리하는 게 되게 힘들어 보이더라고. 할머니 집도 그런 전원주택인데 조금만 뭘 관리를 안 해 줘도 잡초 자라고 먼지가 끼고 더러워지고 막 그런 게 많아서 관리가 힘들다고 하더라고. 근데 그럼에도 한 약간 한번쯤은 전원주택에 살고 싶다 이런 생각이 있는데. 너는 그런 어디에 살고 싶다 이런 로망 같은 게 있어? 어 전자레인지랑 냉장고 세탁기 이 이 정도는 원래 있었던 거 같고. 밥솥이랑 응 어 그 오븐 같은 거 뭐라고 하지. 그 아 에어프라이어는 사 왔고. 최근에 여름 되니까 벌레가 너무 많이 생기잖아. 특히 음식물에 벌레가 많이 생기는데 그래서 버리기가 너무 힘들어서 미생물로 분해해 주는 기계 그런 게 있더라고. 오빠가 인스타그램에서 찾아와서 막 우 이거 쓰자 막 그러면서 찾아왔던 기억이 있어. 그래서 그거를 지금 살까 고민 중에 있어. 그게 음식물 쓰레기를 넣으면은 미생물들이 분해를 해서 흙으로 바로 만들어 준대. 근데 그게 하루 만에 다 만들어 주고 냄새도 안 나서 좋다고 하더라고. 너는 혹시 집안일 같은 거는 어떻게 하는 편이야? 어 가끔 아니 자주 좀 싸운 싸우진 않고 이런 거에 대해 짜증을 내는 거 같긴 한데 내 방이 쓰레기 그 분리수거 하는 데 바로 앞에 있단 말이야. 그래서 오빠는 좀 멀어서 쓰레기 같은 걸 거기 내면 그만인데 나는 내고 나서 그게 분리수거가 잘 안 되어 있거나 막 더러운 게 섞여 있거나 하면은 냄새가 바로 내 방으로 들어온단 말이야. 그거 때문에 오빠한테 뭐라 한 적도 많았던 거 같고. 약간 분담 같은 게 예전에는 막 뭐 냉장고 청소 네가 1번 하면 내가 화장실 청소 1번 하고 이런 식으로 번갈아서 하자라고 말은 했는데 어느 순간 보니까 내가 다 하고 있더라고. 그래서 그거에 대해서 쌓아 놨다가 화내기 직전에 딱 말하면은 오빠가 또 눈치는 빨라 가지고 그제서야 부랴부랴 치우고 막 이래서 어 싸우지는 않았던 거 같아. 근데 자취를 하니까 확실히 본가 살 때는 엄마가 다 해 주고 그러는데 내가 다 해야 되니까 그게 힘든 거 같긴 해. 너는 자취하고 싶다는 생각은 없어? 아 나 처음에 집 들어올 때 막 냉장고랑 기본 가구에 막 여 연두색 띠가 막 둘러져 있는 거야. 기본 색깔로 막 있는 거야. 그래서 그걸 보고 아 진짜 별로다. 여기 살기 싫다 했었는데 막상 들어가 보니까 그런 거 별로 티도 안 나고 깔끔해 보이고 좋더라고. 그래서 그렇게 쓰고 있고. 뭔가 인테리어 아 그 자취하면 내 방식대로 바 집을 꾸미고 막 이렇게 써야지라는 생각은 있었는데 막상 있으니까 짐을 그 넣을 짐도 너무 많고 근데 그거에 비해 공간은 안 나오고 하니까 인테리어라고 할 것도 없이 그냥 짐을 넣어 놓은 거 같아. 내 방이 너무 작아서 옷장 같은 게 들어갈 공간이 안 나서 거실에다가 행거 설치해서 바로 옷 놓아두고. 그래서 뭔가 꾸미기도 애매하고 그랬던 거 같아. 너는 집 인테리어 어떤 편이야? 서울에서 살 수 있으면 좋을 거 같은데. 왜냐하면 여가 생활 같은 것도 훨씬 더 많이 할 수 있고 이제 거의 내 친구들이나 생활 반경이 서울에 중심에 맞춰져 있다 보니까 서울에서 생활하는 게 편하긴 한데 가끔씩 여기가 사람이 너무 많아서 내려가고 싶다라는 생각이 들긴 해. 근데 직장을 얻고 뭔가 더 발전을 하려면은 서울에서 사는 게 맞는 거 같아. 나는 그 본가 살 때는 지하에 헬스장이 있어서 그거를 썼단 말이야. 근데 자취를 하니까 그런 여가 시설 시 그 아무튼 시설들이 없어서 막 주변에서 주변 다른 헬스장을 등록해 놨단 말이야. 근데 너는 지금 어쨌든 본가에 살잖아. 큰 아파트에 사는데 그러면 거기에 막 여가 시설 같은 게 와 잘 마련되어 있어?,0.005747126436781609,0.017241379310344827,0.004597701149425287,0.0,0.005747126436781609,0.0034482758620689655,0.005747126436781609,0.008045977011494253,0.01839080459770115,0.029885057471264367,0.004597701149425287,0.027586206896551724,0.0,0.008045977011494253,0.0022988505747126436,0.0,0.0034482758620689655,0.0011494252873563218,0.03218390804597701,0.013793103448275862,0.0,0.0,0.0,0.0022988505747126436,0.0,0.004597701149425287,0.021839080459770115,0.0,0.0034482758620689655,0.0034482758620689655,0.04367816091954023,0.0,0.006896551724137931,0.0,0.004597701149425287,0.009195402298850575,0.0,0.0,0.011494252873563218,0.0011494252873563218,0.0,0.0022988505747126436,0.0,0.0,0.034482758620689655,0.004597701149425287,0.013793103448275862,0.0022988505747126436,0.004597701149425287,0.0367816091954023,0.009195402298850575,0.0011494252873563218,0.0,0.0022988505747126436,0.0,0.0011494252873563218,0.0011494252873563218,0.0022988505747126436,0.0,0.006896551724137931,0.0,0.0,0.0,0.0011494252873563218,0.006896551724137931,0.0022988505747126436,0.0022988505747126436,0.0011494252873563218,0.0011494252873563218,0.0,0.0,0.0,0.0022988505747126436,0.0,0.0,0.005747126436781609,0.0022988505747126436,0.0,0.006896551724137931,0.010344827586206896,0.0011494252873563218,0.0,0.0,0.0,0.0,0.004597701149425287,0.0034482758620689655,0.0,0.0022988505747126436,0.004597701149425287,0.0,0.0022988505747126436,0.0,0.0011494252873563218,0.0,0.0011494252873563218,0.0011494252873563218,0.0011494252873563218,0.0,0.0022988505747126436,0.004597701149425287,0.0011494252873563218,0.0,0.0,0.0,0.0,0.01264367816091954,0.009195402298850575,0.0,0.0011494252873563218,0.0011494252873563218,0.0022988505747126436,0.0011494252873563218,0.0,0.0,0.0011494252873563218,0.0,0.0,0.0011494252873563218,0.011494252873563218,0.0,0.005747126436781609,0.0011494252873563218,0.0,0.0022988505747126436,0.0011494252873563218,0.0011494252873563218,0.0,0.0022988505747126436,0.0,0.0,0.0,0.0,0.0034482758620689655,0.0,0.0,0.01839080459770115,0.0022988505747126436,0.0,0.0,0.0022988505747126436,0.0022988505747126436,0.0022988505747126436,0.0,0.0,0.005747126436781609,0.0011494252873563218,0.0,0.008045977011494253,0.0022988505747126436,0.0011494252873563218,0.005747126436781609,0.0011494252873563218,0.0,0.0,0.0011494252873563218,0.0,0.0011494252873563218,0.006896551724137931,0.0011494252873563218,0.0,0.0034482758620689655,0.0,0.0,0.0,0.004597701149425287,0.0011494252873563218,0.0011494252873563218,0.0,0.0,0.0011494252873563218,0.0,0.0,0.0,0.006896551724137931,0.0,0.0,0.0,0.0,0.0,0.0011494252873563218,0.0,0.0034482758620689655,0.0022988505747126436,0.0,0.0022988505747126436,0.0,0.0022988505747126436,0.0022988505747126436,0.0,0.0,0.0,0.0022988505747126436,0.0,0.0,0.0011494252873563218,0.0,0.0,0.0,0.0,0.0034482758620689655,0.0,0.004597701149425287,0.0,0.0,0.0,0.0,0.0,0.0,0.0011494252873563218,0.0,0.0,0.0,0.0,0.0011494252873563218,0.0,0.0011494252873563218,0.0,0.0011494252873563218,0.0,0.0022988505747126436,0.0,0.0011494252873563218,0.0022988505747126436,0.0,0.0,0.005747126436781609,0.0,0.0022988505747126436,0.0,0.0,0.0,0.0,0.0,0.0,0.0,0.0,0.0,0.0022988505747126436,0.0,0.0,0.0,0.004597701149425287,0.0,0.0,0.0,0.0,0.0,0.0,0.0,0.0,0.0,0.0,0.0,0.0,0.0,0.006896551724137931,0.0034482758620689655,0.0011494252873563218,0.0011494252873563218,0.0011494252873563218,0.0011494252873563218,0.0022988505747126436,0.0022988505747126436,0.0011494252873563218,0.0011494252873563218,0.0011494252873563218,0.0011494252873563218,0.0011494252873563218,0.0011494252873563218,0.0034482758620689655,0.0011494252873563218,0.005747126436781609,0.0011494252873563218,0.0011494252873563218,0.0011494252873563218,0.0022988505747126436,0.0022988505747126436,0.0011494252873563218,0.0022988505747126436,0.0011494252873563218,0.0011494252873563218,0.0011494252873563218,0.0011494252873563218,0.0022988505747126436,0.0011494252873563218,0.0011494252873563218,0.0011494252873563218,0.0022988505747126436,0.0011494252873563218,0.0011494252873563218,0.0011494252873563218,0.0011494252873563218,0.0011494252873563218,0.0011494252873563218,0.0011494252873563218,0.0011494252873563218,0.0022988505747126436,0.0022988505747126436,0.0011494252873563218,0.0011494252873563218,0.0011494252873563218,0.0022988505747126436,0.0011494252873563218,0.0011494252873563218,0.0034482758620689655,0.0011494252873563218,0.0011494252873563218,0.0011494252873563218,0.0011494252873563218,0.0011494252873563218,0.0011494252873563218,0.0011494252873563218,0.0022988505747126436,0.0011494252873563218,0.0022988505747126436,0.0022988505747126436,0.0011494252873563218,0.0011494252873563218,0.0034482758620689655,0.0011494252873563218,0.0011494252873563218,0.0022988505747126436,0.0011494252873563218,0.0022988505747126436,0.0011494252873563218,0.0011494252873563218,0.0022988505747126436,0.0011494252873563218,0.0011494252873563218,0.0011494252873563218,0.0022988505747126436,0.0011494252873563218,0.0034482758620689655,0.0034482758620689655,0.0022988505747126436,0.0011494252873563218,0.0011494252873563218,0.0011494252873563218,0.0011494252873563218,0.0011494252873563218,0.0011494252873563218,0.0011494252873563218,0.004597701149425287,0.0011494252873563218,0.0011494252873563218,0.0011494252873563218,0.0011494252873563218,0.0022988505747126436,0.0011494252873563218,0.0011494252873563218,0.0011494252873563218,0.0034482758620689655,0.0011494252873563218,0.0011494252873563218,0.0011494252873563218,0.0011494252873563218,0.0022988505747126436,0.0011494252873563218,0.0022988505747126436,0.0022988505747126436,0.0022988505747126436,0.0011494252873563218,0.0011494252873563218,0.0011494252873563218,0.0011494252873563218,0.0022988505747126436,0.0011494252873563218,0.0034482758620689655,0.0034482758620689655,0.0011494252873563218,0.004597701149425287,0.0011494252873563218,0.0011494252873563218,0.0022988505747126436,0.0022988505747126436,0.0011494252873563218,0.0011494252873563218,0.0011494252873563218,0.0022988505747126436,0.0011494252873563218,0.0022988505747126436,0.0022988505747126436,0.0011494252873563218,0.0011494252873563218,0.0011494252873563218,0.0011494252873563218,0.0011494252873563218,0.0011494252873563218,0.0011494252873563218,0.0011494252873563218,0.0011494252873563218,0.0011494252873563218,0.0011494252873563218,0.0011494252873563218,0.0022988505747126436,0.0011494252873563218,0.0011494252873563218,0.0011494252873563218,0.0011494252873563218,0.0011494252873563218,0.0011494252873563218,0.0011494252873563218,0.0011494252873563218,0.0011494252873563218,0.0011494252873563218,0.0011494252873563218,0.0022988505747126436,0.0011494252873563218,0.0011494252873563218,0.0011494252873563218,0.0011494252873563218,0.0011494252873563218,0.0022988505747126436,0.0011494252873563218,0.0022988505747126436,0.0011494252873563218,0.0011494252873563218,0.0011494252873563218,0.0034482758620689655,0.0011494252873563218,0.0011494252873563218,0.0011494252873563218,0.0011494252873563218,0.0011494252873563218,0.0011494252873563218,0.0011494252873563218,0.0011494252873563218,0.0011494252873563218,0.0011494252873563218,0.0011494252873563218,0.0011494252873563218,0.0034482758620689655,0.0011494252873563218,0.0022988505747126436,0.0011494252873563218,0.0011494252873563218,0.0011494252873563218,0.0011494252873563218,0.0011494252873563218,0.0011494252873563218,0.0011494252873563218,0.0011494252873563218,0.0011494252873563218,0.0011494252873563218,0.0011494252873563218,0.0011494252873563218,0.0011494252873563218,0.0011494252873563218,0.0011494252873563218,0.0011494252873563218,0.0011494252873563218,0.0011494252873563218,0.0,0.0,0.0,0.0,0.0,0.0,0.0,0.0,0.0,0.0,0.0,0.0,0.0,0.0,0.0,0.0,0.0,0.0,0.0,0.0,0.0,0.0,0.0,0.0,0.0,0.0,0.0,0.0,0.0,0.0,0.0,0.0,0.0,0.0,0.0,0.0,0.0,0.0,0.0,0.0,0.0,0.0,0.0,0.0,0.0,0.0,0.0,0.0,0.0,0.0,0.0,0.0,0.0,0.0,0.0,0.0,0.0,0.0,0.0,0.0,0.0,0.0,0.0,0.0,0.0,0.0,0.0,0.0,0.0,0.0,0.0,0.0,0.0,0.0,0.0,0.0,0.0,0.3287657276044922,0.0,0.0,0.0,0.0,0.0,0.0,0.0,0.0,0.0,0.0,0.0,0.0,0.0,0.0,0.0,0.0,0.0,0.0,0.0,0.0,0.0,0.0,0.0,0.0,0.0,0.20590333870696415,0.0,0.0,0.0,0.0,0.0,0.0,0.0,0.0,0.0,0.0,0.0,0.0,0.0,0.0,0.0,0.0,0.0,0.0,0.0,0.0,0.0,0.0,0.0,0.0,0.3287657276044922,0.0,0.0,0.0,0.0,0.0,0.0,0.0,0.0,0.0,0.0,0.0,0.0,0.0,0.0,0.0,0.0,0.0,0.0,0.0,0.0,0.0,0.0,0.0,0.0,0.0,0.0,0.0,0.0,0.0,0.0,0.0,0.0,0.0,0.0,0.0,0.0,0.0,0.0,0.0,0.0,0.0,0.0,0.0,0.0,0.0,0.0,0.0,0.0,0.0,0.0,0.0,0.0,0.0,0.0,0.0,0.0,0.0,0.0,0.0,0.0,0.0,0.0,0.0,0.0,0.0,0.0,0.0,0.3287657276044922,0.0,0.0,0.0,0.0,0.0,0.0,0.0,0.0,0.0,0.0,0.0,0.0,0.0,0.0,0.0,0.0,0.0,0.0,0.0,0.0,0.0,0.0,0.0,0.0,0.0,0.0,0.0,0.0,0.0,0.0,0.0,0.0,0.0,0.0,0.0,0.0,0.0,0.0,0.0,0.0,0.0,0.0,0.0,0.0,0.0,0.0,0.0,0.0,0.0,0.0,0.0,0.0,0.0,0.0,0.0,0.0,0.3048090975198011,0.0,0.0,0.0,0.0,0.0,0.0,0.0,0.0,0.0,0.0,0.3287657276044922,0.0,0.0,0.0,0.0,0.0,0.0,0.0,0.0,0.0,0.0,0.0,0.0,0.0,0.0,0.0,0.0,0.0,0.0,0.0,0.0,0.0,0.0,0.0,0.0,0.0,0.0,0.0,0.0,0.0,0.0,0.0,0.0,0.0,0.0,0.0,0.0,0.0,0.0,0.0,0.0,0.0,0.0,0.0,0.0,0.0,0.0,0.0,0.0,0.0,0.0,0.0,0.0,0.0,0.0,0.0,0.0,0.0,0.0,0.0,0.0,0.0,0.0,0.0,0.0,0.0,0.0,0.0,0.0,0.0,0.0,0.0,0.0,0.0,0.0,0.0,0.0,0.0,0.0,0.0,0.0,0.0,0.0,0.0,0.0,0.0,0.0,0.0,0.0,0.0,0.0,0.0,0.0,0.0,0.0,0.0,0.0,0.0,0.0,0.0,0.0,0.0,0.0,0.0,0.0,0.0,0.0,0.0,0.0,0.0,0.0,0.0,0.0,0.0,0.0,0.0,0.0,0.0,0.0,0.0,0.0,0.0,0.0,0.0,0.0,0.0,0.0,0.0,0.0,0.0,0.0,0.0,0.0,0.0,0.0,0.0,0.0,0.0,0.0,0.0,0.0,0.0,0.0,0.0,0.0,0.0,0.0,0.0,0.0,0.0,0.0,0.0,0.0,0.0,0.0,0.0,0.0,0.0,0.0,0.0,0.0,0.0,0.0,0.0,0.0,0.0,0.0,0.0,0.0,0.0,0.0,0.0,0.0,0.0,0.0,0.0,0.0,0.0,0.0,0.0,0.0,0.0,0.0,0.0,0.0,0.0,0.0,0.0,0.0,0.0,0.0,0.0,0.0,0.0,0.0,0.0,0.0,0.0,0.0,0.0,0.0,0.0,0.0,0.0,0.0,0.0,0.0,0.0,0.0,0.0,0.0,0.0,0.0,0.0,0.0,0.0,0.0,0.0,0.0,0.0,0.0,0.0,0.0,0.0,0.0,0.0,0.0,0.0,0.0,0.0,0.0,0.0,0.0,0.0,0.0,0.0,0.0,0.0,0.0,0.0,0.0,0.0,0.0,0.0,0.0,0.0,0.0,0.0,0.0,0.0,0.0,0.0,0.0,0.0,0.0,0.0,0.0,0.0,0.0,0.0,0.0,0.0,0.0,0.0,0.0,0.0,0.0,0.0,0.0,0.0,0.0,0.0,0.0,0.0,0.0,0.0,0.0,0.0,0.0,0.0,0.0,0.0,0.0,0.0,0.0,0.0,0.0,0.0,0.0,0.0,0.0,0.0,0.0,0.3287657276044922,0.0,0.0,0.0,0.0,0.0,0.0,0.0,0.0,0.0,0.3287657276044922,0.0,0.0,0.0,0.0,0.0,0.0,0.0,0.0,0.0,0.0,0.0,0.0,0.0,0.0,0.0,0.0,0.0,0.0,0.0,0.0,0.0,0.0,0.0,0.3287657276044922,0.0,0.0,0.0,0.0,0.0,0.0,0.0,0.0,0.0,0.0,0.0,0.0,0.0,0.0,0.0,0.0,0.0,0.0,0.3287657276044922,0.0,0.0,0.0,0.0,0.0,0.0,0.0,0.0,0.0,0.0,0.0,0.0,0.0,0.0,0.0,0.0,0.0,0.0,0.0,0.0,0.0,0.0,0.0,0.0,0.0,0.0,0.0,0.0,0.0,0.0,0.0,0.0,0.0,0.0,0.0,0.0,0.0,0.0,0.0,0.0,0.0,0.0,0.0,0.0,0.0,0.0,0.0,0.0,0.0,0.0,0.0,0.0,0.0,0.0,0.0,0.0,0.0,0.0,0.0,0.0,0.0,0.0,0.0,0.0,0.0,0.0,0.0,0.0,0.0,0.0,0.0,0.0,0.0,0.0,0.0,0.0,0.0,0.0,0.0,0.0,0.0,0.0,0.0,0.0,0.0,0.0,0.0,0.0,0.0,0.0,0.0,0.0,0.0,0.0,0.0,0.0,0.0,0.0,0.0,0.0,0.0,0.0,0.0,0.0,0.0,0.0,0.0,0.0,0.0,0.0,0.0,0.0,0.0,0.0,0.0,0.0
SD2401268,20대,음 근데 우리집이 꼭대기 층이라 그런지 좀 괜찮은 거 같은데. 층간 소음은 없는데 벽간 소음이 쪼금 있는 거 같아. 방이 그 방음이 잘 안 돼서 옆 문 그 첫 입구 문에만 서도 옆의 방이 뭐 유튜브 뭐 듣고 있는지 무슨 대화하고 있는지가 너무 잘 들려서 쪼끔 부담스럽긴 해. 근데 위에는 아무도 사람이 안 사니까 내가 살기에는 어 소음이 없어서 되게 좋은 거 같아. 그거 말고도 본가 살 때는 위층이 아빠 지인이 살았었는데 그래서 막 소음이 나도 뭐라 하기가 좀 그랬던 경험이 있어. 너는 지금 몇 층 정도에 살아? 층간 소음은 없어? 음 그 학 학교 들어오고 나서부터 2년 동안 여기 살고 올해 새로 계약해서 똑같은 데 연장해서 거기서 살고 있어. 아마 내년에는 교환 학생을 가서 없으니까 오빠가 혼자 살 거 같아 지금 같이 살고 있으니까. 그리고 사실 나는 올해 딱 계약 연장할 때쯤에 새로 구해서 따로따로 살고 싶었는데 아무래도 서울 뭐 월세가 비싸다 보니까 그냥 한집에서 해서 전세로 사는 게 낫겠다 싶어서 같이 살고 있는데. 어 아무래도 생활 패턴이나 그런 집안일 하는 거가 좀 안 맞아서 좀 그게 제일 힘들어서 따로 살고 싶었던 거 같아. 뭐 혼자 늦게 자고 그런 건 상관없는데 오빠가 게임을 하니까 늦게까지 게임하는 소리 계속 들려 오 들려 오고 하니까 나 자는 데 방에 돼서 그랬던 거 같아. 너는 그런 적은 없어? 어 중3 때까지 1곳에서 살았고 그 주 중3 이후에 약간 신도시 분양 그런 청약 담 당첨 돼 가지고 1번 이사를 갔었어. 근데 그 중3 때까지 계속 같은 지역에 살다 보니까 거기 유치원 초등학교 중학교 나오고 고등학교도 그쪽을 가려고 했는데 이사를 가게 돼서 혼자 떨어진 곳을 가니까 친구들이랑도 멀어지고 그러 그 뭐 원래 놀던 데에서도 못 놀고 이런 게 쪼끔 아쉽고 힘들긴 하더라고. 근데 집이 넓어서 되게 좋았던 거 같아. 나는 이사를 많이 안 해 봐서 막 해 보고 싶었다 이런 게 좀 컸었는데 주변에 이사 많이 다니는 사람은 안 그렇더라고. 이사를 그만 다니고 싶다 그러더라. 혹시 너도 그런 편이야? 음 나는 이사 간 다음에 우 이 이사 간 아파트 앞에 막 전원주택 같은 게 있는 거야. 그래서 나중에 이 또 이사를 가게 된다면은 저런 데에서 살고 싶다. 저런 데에서 마당에서 막 식물 키우고 동물 키우고 막 나만의 정원을 가꾸면서 2층 바 다락방에서 살고 싶다 막 이런 생각을 했었는데. 근데 막상 거기에 살면은 관리하는 게 되게 힘들어 보이더라고. 할머니 집도 그런 전원주택인데 조금만 뭘 관리를 안 해 줘도 잡초 자라고 먼지가 끼고 더러워지고 막 그런 게 많아서 관리가 힘들다고 하더라고. 근데 그럼에도 한 약간 한번쯤은 전원주택에 살고 싶다 이런 생각이 있는데. 너는 그런 어디에 살고 싶다 이런 로망 같은 게 있어? 어 전자레인지랑 냉장고 세탁기 이 이 정도는 원래 있었던 거 같고. 밥솥이랑 응 어 그 오븐 같은 거 뭐라고 하지. 그 아 에어프라이어는 사 왔고. 최근에 여름 되니까 벌레가 너무 많이 생기잖아. 특히 음식물에 벌레가 많이 생기는데 그래서 버리기가 너무 힘들어서 미생물로 분해해 주는 기계 그런 게 있더라고. 오빠가 인스타그램에서 찾아와서 막 우 이거 쓰자 막 그러면서 찾아왔던 기억이 있어. 그래서 그거를 지금 살까 고민 중에 있어. 그게 음식물 쓰레기를 넣으면은 미생물들이 분해를 해서 흙으로 바로 만들어 준대. 근데 그게 하루 만에 다 만들어 주고 냄새도 안 나서 좋다고 하더라고. 너는 혹시 집안일 같은 거는 어떻게 하는 편이야? 어 가끔 아니 자주 좀 싸운 싸우진 않고 이런 거에 대해 짜증을 내는 거 같긴 한데 내 방이 쓰레기 그 분리수거 하는 데 바로 앞에 있단 말이야. 그래서 오빠는 좀 멀어서 쓰레기 같은 걸 거기 내면 그만인데 나는 내고 나서 그게 분리수거가 잘 안 되어 있거나 막 더러운 게 섞여 있거나 하면은 냄새가 바로 내 방으로 들어온단 말이야. 그거 때문에 오빠한테 뭐라 한 적도 많았던 거 같고. 약간 분담 같은 게 예전에는 막 뭐 냉장고 청소 네가 1번 하면 내가 화장실 청소 1번 하고 이런 식으로 번갈아서 하자라고 말은 했는데 어느 순간 보니까 내가 다 하고 있더라고. 그래서 그거에 대해서 쌓아 놨다가 화내기 직전에 딱 말하면은 오빠가 또 눈치는 빨라 가지고 그제서야 부랴부랴 치우고 막 이래서 어 싸우지는 않았던 거 같아. 근데 자취를 하니까 확실히 본가 살 때는 엄마가 다 해 주고 그러는데 내가 다 해야 되니까 그게 힘든 거 같긴 해. 너는 자취하고 싶다는 생각은 없어? 아 나 처음에 집 들어올 때 막 냉장고랑 기본 가구에 막 여 연두색 띠가 막 둘러져 있는 거야. 기본 색깔로 막 있는 거야. 그래서 그걸 보고 아 진짜 별로다. 여기 살기 싫다 했었는데 막상 들어가 보니까 그런 거 별로 티도 안 나고 깔끔해 보이고 좋더라고. 그래서 그렇게 쓰고 있고. 뭔가 인테리어 아 그 자취하면 내 방식대로 바 집을 꾸미고 막 이렇게 써야지라는 생각은 있었는데 막상 있으니까 짐을 그 넣을 짐도 너무 많고 근데 그거에 비해 공간은 안 나오고 하니까 인테리어라고 할 것도 없이 그냥 짐을 넣어 놓은 거 같아. 내 방이 너무 작아서 옷장 같은 게 들어갈 공간이 안 나서 거실에다가 행거 설치해서 바로 옷 놓아두고. 그래서 뭔가 꾸미기도 애매하고 그랬던 거 같아. 너는 집 인테리어 어떤 편이야? 서울에서 살 수 있으면 좋을 거 같은데. 왜냐하면 여가 생활 같은 것도 훨씬 더 많이 할 수 있고 이제 거의 내 친구들이나 생활 반경이 서울에 중심에 맞춰져 있다 보니까 서울에서 생활하는 게 편하긴 한데 가끔씩 여기가 사람이 너무 많아서 내려가고 싶다라는 생각이 들긴 해. 근데 직장을 얻고 뭔가 더 발전을 하려면은 서울에서 사는 게 맞는 거 같아. 나는 그 본가 살 때는 지하에 헬스장이 있어서 그거를 썼단 말이야. 근데 자취를 하니까 그런 여가 시설 시 그 아무튼 시설들이 없어서 막 주변에서 주변 다른 헬스장을 등록해 놨단 말이야. 근데 너는 지금 어쨌든 본가에 살잖아. 큰 아파트에 사는데 그러면 거기에 막 여가 시설 같은 게 와 잘 마련되어 있어?,0.005747126436781609,0.017241379310344827,0.004597701149425287,0.0,0.005747126436781609,0.0034482758620689655,0.005747126436781609,0.008045977011494253,0.01839080459770115,0.029885057471264367,0.004597701149425287,0.027586206896551724,0.0,0.008045977011494253,0.0022988505747126436,0.0,0.0034482758620689655,0.0011494252873563218,0.03218390804597701,0.013793103448275862,0.0,0.0,0.0,0.0022988505747126436,0.0,0.004597701149425287,0.021839080459770115,0.0,0.0034482758620689655,0.0034482758620689655,0.04367816091954023,0.0,0.006896551724137931,0.0,0.004597701149425287,0.009195402298850575,0.0,0.0,0.011494252873563218,0.0011494252873563218,0.0,0.0022988505747126436,0.0,0.0,0.034482758620689655,0.004597701149425287,0.013793103448275862,0.0022988505747126436,0.004597701149425287,0.0367816091954023,0.009195402298850575,0.0011494252873563218,0.0,0.0022988505747126436,0.0,0.0011494252873563218,0.0011494252873563218,0.0022988505747126436,0.0,0.006896551724137931,0.0,0.0,0.0,0.0011494252873563218,0.006896551724137931,0.0022988505747126436,0.0022988505747126436,0.0011494252873563218,0.0011494252873563218,0.0,0.0,0.0,0.0022988505747126436,0.0,0.0,0.005747126436781609,0.0022988505747126436,0.0,0.006896551724137931,0.010344827586206896,0.0011494252873563218,0.0,0.0,0.0,0.0,0.004597701149425287,0.0034482758620689655,0.0,0.0022988505747126436,0.004597701149425287,0.0,0.0022988505747126436,0.0,0.0011494252873563218,0.0,0.0011494252873563218,0.0011494252873563218,0.0011494252873563218,0.0,0.0022988505747126436,0.004597701149425287,0.0011494252873563218,0.0,0.0,0.0,0.0,0.01264367816091954,0.009195402298850575,0.0,0.0011494252873563218,0.0011494252873563218,0.0022988505747126436,0.0011494252873563218,0.0,0.0,0.0011494252873563218,0.0,0.0,0.0011494252873563218,0.011494252873563218,0.0,0.005747126436781609,0.0011494252873563218,0.0,0.0022988505747126436,0.0011494252873563218,0.0011494252873563218,0.0,0.0022988505747126436,0.0,0.0,0.0,0.0,0.0034482758620689655,0.0,0.0,0.01839080459770115,0.0022988505747126436,0.0,0.0,0.0022988505747126436,0.0022988505747126436,0.0022988505747126436,0.0,0.0,0.005747126436781609,0.0011494252873563218,0.0,0.008045977011494253,0.0022988505747126436,0.0011494252873563218,0.005747126436781609,0.0011494252873563218,0.0,0.0,0.0011494252873563218,0.0,0.0011494252873563218,0.006896551724137931,0.0011494252873563218,0.0,0.0034482758620689655,0.0,0.0,0.0,0.004597701149425287,0.0011494252873563218,0.0011494252873563218,0.0,0.0,0.0011494252873563218,0.0,0.0,0.0,0.006896551724137931,0.0,0.0,0.0,0.0,0.0,0.0011494252873563218,0.0,0.0034482758620689655,0.0022988505747126436,0.0,0.0022988505747126436,0.0,0.0022988505747126436,0.0022988505747126436,0.0,0.0,0.0,0.0022988505747126436,0.0,0.0,0.0011494252873563218,0.0,0.0,0.0,0.0,0.0034482758620689655,0.0,0.004597701149425287,0.0,0.0,0.0,0.0,0.0,0.0,0.0011494252873563218,0.0,0.0,0.0,0.0,0.0011494252873563218,0.0,0.0011494252873563218,0.0,0.0011494252873563218,0.0,0.0022988505747126436,0.0,0.0011494252873563218,0.0022988505747126436,0.0,0.0,0.005747126436781609,0.0,0.0022988505747126436,0.0,0.0,0.0,0.0,0.0,0.0,0.0,0.0,0.0,0.0022988505747126436,0.0,0.0,0.0,0.004597701149425287,0.0,0.0,0.0,0.0,0.0,0.0,0.0,0.0,0.0,0.0,0.0,0.0,0.0,0.006896551724137931,0.0034482758620689655,0.0011494252873563218,0.0011494252873563218,0.0011494252873563218,0.0011494252873563218,0.0022988505747126436,0.0022988505747126436,0.0011494252873563218,0.0011494252873563218,0.0011494252873563218,0.0011494252873563218,0.0011494252873563218,0.0011494252873563218,0.0034482758620689655,0.0011494252873563218,0.005747126436781609,0.0011494252873563218,0.0011494252873563218,0.0011494252873563218,0.0022988505747126436,0.0022988505747126436,0.0011494252873563218,0.0022988505747126436,0.0011494252873563218,0.0011494252873563218,0.0011494252873563218,0.0011494252873563218,0.0022988505747126436,0.0011494252873563218,0.0011494252873563218,0.0011494252873563218,0.0022988505747126436,0.0011494252873563218,0.0011494252873563218,0.0011494252873563218,0.0011494252873563218,0.0011494252873563218,0.0011494252873563218,0.0011494252873563218,0.0011494252873563218,0.0022988505747126436,0.0022988505747126436,0.0011494252873563218,0.0011494252873563218,0.0011494252873563218,0.0022988505747126436,0.0011494252873563218,0.0011494252873563218,0.0034482758620689655,0.0011494252873563218,0.0011494252873563218,0.0011494252873563218,0.0011494252873563218,0.0011494252873563218,0.0011494252873563218,0.0011494252873563218,0.0022988505747126436,0.0011494252873563218,0.0022988505747126436,0.0022988505747126436,0.0011494252873563218,0.0011494252873563218,0.0034482758620689655,0.0011494252873563218,0.0011494252873563218,0.0022988505747126436,0.0011494252873563218,0.0022988505747126436,0.0011494252873563218,0.0011494252873563218,0.0022988505747126436,0.0011494252873563218,0.0011494252873563218,0.0011494252873563218,0.0022988505747126436,0.0011494252873563218,0.0034482758620689655,0.0034482758620689655,0.0022988505747126436,0.0011494252873563218,0.0011494252873563218,0.0011494252873563218,0.0011494252873563218,0.0011494252873563218,0.0011494252873563218,0.0011494252873563218,0.004597701149425287,0.0011494252873563218,0.0011494252873563218,0.0011494252873563218,0.0011494252873563218,0.0022988505747126436,0.0011494252873563218,0.0011494252873563218,0.0011494252873563218,0.0034482758620689655,0.0011494252873563218,0.0011494252873563218,0.0011494252873563218,0.0011494252873563218,0.0022988505747126436,0.0011494252873563218,0.0022988505747126436,0.0022988505747126436,0.0022988505747126436,0.0011494252873563218,0.0011494252873563218,0.0011494252873563218,0.0011494252873563218,0.0022988505747126436,0.0011494252873563218,0.0034482758620689655,0.0034482758620689655,0.0011494252873563218,0.004597701149425287,0.0011494252873563218,0.0011494252873563218,0.0022988505747126436,0.0022988505747126436,0.0011494252873563218,0.0011494252873563218,0.0011494252873563218,0.0022988505747126436,0.0011494252873563218,0.0022988505747126436,0.0022988505747126436,0.0011494252873563218,0.0011494252873563218,0.0011494252873563218,0.0011494252873563218,0.0011494252873563218,0.0011494252873563218,0.0011494252873563218,0.0011494252873563218,0.0011494252873563218,0.0011494252873563218,0.0011494252873563218,0.0011494252873563218,0.0022988505747126436,0.0011494252873563218,0.0011494252873563218,0.0011494252873563218,0.0011494252873563218,0.0011494252873563218,0.0011494252873563218,0.0011494252873563218,0.0011494252873563218,0.0011494252873563218,0.0011494252873563218,0.0011494252873563218,0.0022988505747126436,0.0011494252873563218,0.0011494252873563218,0.0011494252873563218,0.0011494252873563218,0.0011494252873563218,0.0022988505747126436,0.0011494252873563218,0.0022988505747126436,0.0011494252873563218,0.0011494252873563218,0.0011494252873563218,0.0034482758620689655,0.0011494252873563218,0.0011494252873563218,0.0011494252873563218,0.0011494252873563218,0.0011494252873563218,0.0011494252873563218,0.0011494252873563218,0.0011494252873563218,0.0011494252873563218,0.0011494252873563218,0.0011494252873563218,0.0011494252873563218,0.0034482758620689655,0.0011494252873563218,0.0022988505747126436,0.0011494252873563218,0.0011494252873563218,0.0011494252873563218,0.0011494252873563218,0.0011494252873563218,0.0011494252873563218,0.0011494252873563218,0.0011494252873563218,0.0011494252873563218,0.0011494252873563218,0.0011494252873563218,0.0011494252873563218,0.0011494252873563218,0.0011494252873563218,0.0011494252873563218,0.0011494252873563218,0.0011494252873563218,0.0011494252873563218,0.0,0.0,0.0,0.0,0.0,0.0,0.0,0.0,0.0,0.0,0.0,0.0,0.0,0.0,0.0,0.0,0.0,0.0,0.0,0.0,0.0,0.0,0.0,0.0,0.0,0.0,0.0,0.0,0.0,0.0,0.0,0.0,0.0,0.0,0.0,0.0,0.0,0.0,0.0,0.0,0.0,0.0,0.0,0.0,0.0,0.0,0.0,0.0,0.0,0.0,0.0,0.0,0.0,0.0,0.0,0.0,0.0,0.0,0.0,0.0,0.0,0.0,0.0,0.0,0.0,0.0,0.0,0.0,0.0,0.0,0.0,0.0,0.0,0.0,0.0,0.0,0.601234887119781,0.0,0.0,0.0,0.0,0.0,0.0,0.0,0.0,0.0,0.0,0.0,0.0,0.0,0.0,0.0,0.0,0.0,0.0,0.0,0.0,0.0,0.0,0.0,0.0,0.0,0.0,0.0,0.0,0.0,0.0,0.0,0.0,0.0,0.0,0.0,0.0,0.0,0.0,0.0,0.0,0.0,0.0,0.0,0.0,0.0,0.0,0.0,0.0,0.0,0.0,0.0,0.0,0.0,0.0,0.0,0.0,0.0,0.0,0.0,0.0,0.0,0.0,0.0,0.0,0.0,0.0,0.0,0.0,0.0,0.0,0.0,0.0,0.0,0.0,0.0,0.0,0.0,0.0,0.0,0.0,0.0,0.0,0.0,0.0,0.0,0.0,0.0,0.0,0.0,0.0,0.0,0.0,0.0,0.0,0.0,0.0,0.0,0.0,0.0,0.0,0.0,0.0,0.0,0.0,0.0,0.0,0.0,0.0,0.0,0.0,0.0,0.0,0.0,0.0,0.0,0.0,0.0,0.0,0.0,0.0,0.0,0.0,0.0,0.0,0.0,0.0,0.0,0.0,0.0,0.0,0.0,0.0,0.0,0.0,0.0,0.0,0.0,0.0,0.0,0.0,0.0,0.0,0.0,0.0,0.0,0.0,0.0,0.0,0.0,0.0,0.0,0.0,0.0,0.0,0.0,0.0,0.0,0.0,0.0,0.0,0.0,0.0,0.0,0.0,0.0,0.0,0.0,0.0,0.0,0.0,0.0,0.0,0.0,0.0,0.0,0.0,0.0,0.0,0.0,0.0,0.0,0.0,0.0,0.0,0.0,0.0,0.0,0.0,0.0,0.0,0.0,0.0,0.0,0.0,0.0,0.0,0.0,0.0,0.0,0.0,0.0,0.0,0.0,0.0,0.0,0.0,0.0,0.0,0.0,0.0,0.0,0.0,0.0,0.0,0.0,0.0,0.0,0.0,0.0,0.0,0.0,0.0,0.0,0.0,0.0,0.0,0.0,0.0,0.0,0.0,0.0,0.0,0.0,0.0,0.0,0.0,0.0,0.0,0.0,0.0,0.0,0.0,0.0,0.0,0.0,0.0,0.0,0.0,0.0,0.0,0.0,0.0,0.0,0.0,0.0,0.0,0.0,0.0,0.0,0.0,0.0,0.0,0.0,0.0,0.0,0.0,0.0,0.0,0.0,0.0,0.0,0.0,0.0,0.0,0.0,0.0,0.0,0.0,0.0,0.0,0.0,0.0,0.0,0.0,0.0,0.0,0.0,0.0,0.0,0.0,0.0,0.0,0.0,0.0,0.0,0.0,0.0,0.0,0.0,0.0,0.0,0.0,0.0,0.0,0.0,0.0,0.0,0.0,0.0,0.0,0.0,0.0,0.0,0.0,0.0,0.0,0.0,0.0,0.0,0.0,0.0,0.0,0.0,0.0,0.0,0.0,0.0,0.0,0.0,0.0,0.0,0.0,0.0,0.0,0.0,0.0,0.0,0.0,0.0,0.0,0.0,0.0,0.0,0.0,0.0,0.0,0.0,0.0,0.0,0.0,0.0,0.0,0.0,0.0,0.0,0.0,0.0,0.0,0.0,0.0,0.0,0.0,0.0,0.0,0.0,0.0,0.0,0.0,0.0,0.0,0.0,0.0,0.0,0.0,0.0,0.0,0.0,0.0,0.0,0.0,0.0,0.0,0.0,0.0,0.0,0.0,0.0,0.0,0.0,0.0,0.0,0.0,0.0,0.0,0.0,0.0,0.0,0.0,0.0,0.0,0.0,0.0,0.0,0.0,0.0,0.0,0.0,0.0,0.0,0.0,0.0,0.0,0.0,0.0,0.0,0.0,0.0,0.0,0.0,0.0,0.0,0.0,0.0,0.0,0.0,0.0,0.0,0.0,0.0,0.0,0.0,0.0,0.0,0.0,0.0,0.0,0.0,0.0,0.0,0.0,0.0,0.0,0.0,0.0,0.0,0.0,0.0,0.0,0.0,0.0,0.0,0.0,0.0,0.0,0.0,0.0,0.0,0.0,0.0,0.0,0.0,0.0,0.0,0.0,0.0,0.0,0.0,0.0,0.0,0.0,0.0,0.0,0.0,0.0,0.0,0.0,0.0,0.0,0.0,0.0,0.0,0.0,0.0,0.0,0.0,0.0,0.0,0.0,0.0,0.0,0.0,0.0,0.0,0.0,0.0,0.0,0.0,0.0,0.0,0.0,0.0,0.0,0.0,0.0,0.0,0.0,0.0,0.0,0.0,0.0,0.0,0.0,0.0,0.0,0.0,0.0,0.0,0.0,0.0,0.0,0.0,0.0,0.0,0.0,0.0,0.0,0.0,0.0,0.0,0.0,0.0,0.0,0.0,0.0,0.0,0.0,0.0,0.0,0.0,0.0,0.0,0.0,0.0,0.0,0.0,0.0,0.0,0.0,0.0,0.0,0.0,0.0,0.0,0.0,0.0,0.0,0.0,0.0,0.0,0.0,0.0,0.0,0.0,0.0,0.0,0.0,0.0,0.0,0.0,0.0,0.0,0.0,0.0,0.0,0.0,0.0,0.0,0.0,0.0,0.0,0.0,0.0,0.0,0.0,0.0,0.0,0.0,0.0,0.0,0.0,0.0,0.0,0.0,0.0,0.0,0.0,0.0,0.0,0.0,0.0,0.0,0.5263394541739468,0.0,0.0,0.0,0.0,0.0,0.0,0.0,0.0,0.0,0.0,0.0,0.0,0.0,0.0,0.0,0.0,0.0,0.0,0.0,0.0,0.0,0.0,0.0,0.0,0.0,0.0,0.0,0.0,0.0,0.0,0.0,0.0,0.0,0.0,0.0,0.0,0.0,0.0,0.0,0.0,0.0,0.0,0.0,0.0,0.0,0.601234887119781,0.0,0.0
SD2401268,20대,음 근데 우리집이 꼭대기 층이라 그런지 좀 괜찮은 거 같은데. 층간 소음은 없는데 벽간 소음이 쪼금 있는 거 같아. 방이 그 방음이 잘 안 돼서 옆 문 그 첫 입구 문에만 서도 옆의 방이 뭐 유튜브 뭐 듣고 있는지 무슨 대화하고 있는지가 너무 잘 들려서 쪼끔 부담스럽긴 해. 근데 위에는 아무도 사람이 안 사니까 내가 살기에는 어 소음이 없어서 되게 좋은 거 같아. 그거 말고도 본가 살 때는 위층이 아빠 지인이 살았었는데 그래서 막 소음이 나도 뭐라 하기가 좀 그랬던 경험이 있어. 너는 지금 몇 층 정도에 살아? 층간 소음은 없어? 음 그 학 학교 들어오고 나서부터 2년 동안 여기 살고 올해 새로 계약해서 똑같은 데 연장해서 거기서 살고 있어. 아마 내년에는 교환 학생을 가서 없으니까 오빠가 혼자 살 거 같아 지금 같이 살고 있으니까. 그리고 사실 나는 올해 딱 계약 연장할 때쯤에 새로 구해서 따로따로 살고 싶었는데 아무래도 서울 뭐 월세가 비싸다 보니까 그냥 한집에서 해서 전세로 사는 게 낫겠다 싶어서 같이 살고 있는데. 어 아무래도 생활 패턴이나 그런 집안일 하는 거가 좀 안 맞아서 좀 그게 제일 힘들어서 따로 살고 싶었던 거 같아. 뭐 혼자 늦게 자고 그런 건 상관없는데 오빠가 게임을 하니까 늦게까지 게임하는 소리 계속 들려 오 들려 오고 하니까 나 자는 데 방에 돼서 그랬던 거 같아. 너는 그런 적은 없어? 어 중3 때까지 1곳에서 살았고 그 주 중3 이후에 약간 신도시 분양 그런 청약 담 당첨 돼 가지고 1번 이사를 갔었어. 근데 그 중3 때까지 계속 같은 지역에 살다 보니까 거기 유치원 초등학교 중학교 나오고 고등학교도 그쪽을 가려고 했는데 이사를 가게 돼서 혼자 떨어진 곳을 가니까 친구들이랑도 멀어지고 그러 그 뭐 원래 놀던 데에서도 못 놀고 이런 게 쪼끔 아쉽고 힘들긴 하더라고. 근데 집이 넓어서 되게 좋았던 거 같아. 나는 이사를 많이 안 해 봐서 막 해 보고 싶었다 이런 게 좀 컸었는데 주변에 이사 많이 다니는 사람은 안 그렇더라고. 이사를 그만 다니고 싶다 그러더라. 혹시 너도 그런 편이야? 음 나는 이사 간 다음에 우 이 이사 간 아파트 앞에 막 전원주택 같은 게 있는 거야. 그래서 나중에 이 또 이사를 가게 된다면은 저런 데에서 살고 싶다. 저런 데에서 마당에서 막 식물 키우고 동물 키우고 막 나만의 정원을 가꾸면서 2층 바 다락방에서 살고 싶다 막 이런 생각을 했었는데. 근데 막상 거기에 살면은 관리하는 게 되게 힘들어 보이더라고. 할머니 집도 그런 전원주택인데 조금만 뭘 관리를 안 해 줘도 잡초 자라고 먼지가 끼고 더러워지고 막 그런 게 많아서 관리가 힘들다고 하더라고. 근데 그럼에도 한 약간 한번쯤은 전원주택에 살고 싶다 이런 생각이 있는데. 너는 그런 어디에 살고 싶다 이런 로망 같은 게 있어? 어 전자레인지랑 냉장고 세탁기 이 이 정도는 원래 있었던 거 같고. 밥솥이랑 응 어 그 오븐 같은 거 뭐라고 하지. 그 아 에어프라이어는 사 왔고. 최근에 여름 되니까 벌레가 너무 많이 생기잖아. 특히 음식물에 벌레가 많이 생기는데 그래서 버리기가 너무 힘들어서 미생물로 분해해 주는 기계 그런 게 있더라고. 오빠가 인스타그램에서 찾아와서 막 우 이거 쓰자 막 그러면서 찾아왔던 기억이 있어. 그래서 그거를 지금 살까 고민 중에 있어. 그게 음식물 쓰레기를 넣으면은 미생물들이 분해를 해서 흙으로 바로 만들어 준대. 근데 그게 하루 만에 다 만들어 주고 냄새도 안 나서 좋다고 하더라고. 너는 혹시 집안일 같은 거는 어떻게 하는 편이야? 어 가끔 아니 자주 좀 싸운 싸우진 않고 이런 거에 대해 짜증을 내는 거 같긴 한데 내 방이 쓰레기 그 분리수거 하는 데 바로 앞에 있단 말이야. 그래서 오빠는 좀 멀어서 쓰레기 같은 걸 거기 내면 그만인데 나는 내고 나서 그게 분리수거가 잘 안 되어 있거나 막 더러운 게 섞여 있거나 하면은 냄새가 바로 내 방으로 들어온단 말이야. 그거 때문에 오빠한테 뭐라 한 적도 많았던 거 같고. 약간 분담 같은 게 예전에는 막 뭐 냉장고 청소 네가 1번 하면 내가 화장실 청소 1번 하고 이런 식으로 번갈아서 하자라고 말은 했는데 어느 순간 보니까 내가 다 하고 있더라고. 그래서 그거에 대해서 쌓아 놨다가 화내기 직전에 딱 말하면은 오빠가 또 눈치는 빨라 가지고 그제서야 부랴부랴 치우고 막 이래서 어 싸우지는 않았던 거 같아. 근데 자취를 하니까 확실히 본가 살 때는 엄마가 다 해 주고 그러는데 내가 다 해야 되니까 그게 힘든 거 같긴 해. 너는 자취하고 싶다는 생각은 없어? 아 나 처음에 집 들어올 때 막 냉장고랑 기본 가구에 막 여 연두색 띠가 막 둘러져 있는 거야. 기본 색깔로 막 있는 거야. 그래서 그걸 보고 아 진짜 별로다. 여기 살기 싫다 했었는데 막상 들어가 보니까 그런 거 별로 티도 안 나고 깔끔해 보이고 좋더라고. 그래서 그렇게 쓰고 있고. 뭔가 인테리어 아 그 자취하면 내 방식대로 바 집을 꾸미고 막 이렇게 써야지라는 생각은 있었는데 막상 있으니까 짐을 그 넣을 짐도 너무 많고 근데 그거에 비해 공간은 안 나오고 하니까 인테리어라고 할 것도 없이 그냥 짐을 넣어 놓은 거 같아. 내 방이 너무 작아서 옷장 같은 게 들어갈 공간이 안 나서 거실에다가 행거 설치해서 바로 옷 놓아두고. 그래서 뭔가 꾸미기도 애매하고 그랬던 거 같아. 너는 집 인테리어 어떤 편이야? 서울에서 살 수 있으면 좋을 거 같은데. 왜냐하면 여가 생활 같은 것도 훨씬 더 많이 할 수 있고 이제 거의 내 친구들이나 생활 반경이 서울에 중심에 맞춰져 있다 보니까 서울에서 생활하는 게 편하긴 한데 가끔씩 여기가 사람이 너무 많아서 내려가고 싶다라는 생각이 들긴 해. 근데 직장을 얻고 뭔가 더 발전을 하려면은 서울에서 사는 게 맞는 거 같아. 나는 그 본가 살 때는 지하에 헬스장이 있어서 그거를 썼단 말이야. 근데 자취를 하니까 그런 여가 시설 시 그 아무튼 시설들이 없어서 막 주변에서 주변 다른 헬스장을 등록해 놨단 말이야. 근데 너는 지금 어쨌든 본가에 살잖아. 큰 아파트에 사는데 그러면 거기에 막 여가 시설 같은 게 와 잘 마련되어 있어?,0.005747126436781609,0.017241379310344827,0.004597701149425287,0.0,0.005747126436781609,0.0034482758620689655,0.005747126436781609,0.008045977011494253,0.01839080459770115,0.029885057471264367,0.004597701149425287,0.027586206896551724,0.0,0.008045977011494253,0.0022988505747126436,0.0,0.0034482758620689655,0.0011494252873563218,0.03218390804597701,0.013793103448275862,0.0,0.0,0.0,0.0022988505747126436,0.0,0.004597701149425287,0.021839080459770115,0.0,0.0034482758620689655,0.0034482758620689655,0.04367816091954023,0.0,0.006896551724137931,0.0,0.004597701149425287,0.009195402298850575,0.0,0.0,0.011494252873563218,0.0011494252873563218,0.0,0.0022988505747126436,0.0,0.0,0.034482758620689655,0.004597701149425287,0.013793103448275862,0.0022988505747126436,0.004597701149425287,0.0367816091954023,0.009195402298850575,0.0011494252873563218,0.0,0.0022988505747126436,0.0,0.0011494252873563218,0.0011494252873563218,0.0022988505747126436,0.0,0.006896551724137931,0.0,0.0,0.0,0.0011494252873563218,0.006896551724137931,0.0022988505747126436,0.0022988505747126436,0.0011494252873563218,0.0011494252873563218,0.0,0.0,0.0,0.0022988505747126436,0.0,0.0,0.005747126436781609,0.0022988505747126436,0.0,0.006896551724137931,0.010344827586206896,0.0011494252873563218,0.0,0.0,0.0,0.0,0.004597701149425287,0.0034482758620689655,0.0,0.0022988505747126436,0.004597701149425287,0.0,0.0022988505747126436,0.0,0.0011494252873563218,0.0,0.0011494252873563218,0.0011494252873563218,0.0011494252873563218,0.0,0.0022988505747126436,0.004597701149425287,0.0011494252873563218,0.0,0.0,0.0,0.0,0.01264367816091954,0.009195402298850575,0.0,0.0011494252873563218,0.0011494252873563218,0.0022988505747126436,0.0011494252873563218,0.0,0.0,0.0011494252873563218,0.0,0.0,0.0011494252873563218,0.011494252873563218,0.0,0.005747126436781609,0.0011494252873563218,0.0,0.0022988505747126436,0.0011494252873563218,0.0011494252873563218,0.0,0.0022988505747126436,0.0,0.0,0.0,0.0,0.0034482758620689655,0.0,0.0,0.01839080459770115,0.0022988505747126436,0.0,0.0,0.0022988505747126436,0.0022988505747126436,0.0022988505747126436,0.0,0.0,0.005747126436781609,0.0011494252873563218,0.0,0.008045977011494253,0.0022988505747126436,0.0011494252873563218,0.005747126436781609,0.0011494252873563218,0.0,0.0,0.0011494252873563218,0.0,0.0011494252873563218,0.006896551724137931,0.0011494252873563218,0.0,0.0034482758620689655,0.0,0.0,0.0,0.004597701149425287,0.0011494252873563218,0.0011494252873563218,0.0,0.0,0.0011494252873563218,0.0,0.0,0.0,0.006896551724137931,0.0,0.0,0.0,0.0,0.0,0.0011494252873563218,0.0,0.0034482758620689655,0.0022988505747126436,0.0,0.0022988505747126436,0.0,0.0022988505747126436,0.0022988505747126436,0.0,0.0,0.0,0.0022988505747126436,0.0,0.0,0.0011494252873563218,0.0,0.0,0.0,0.0,0.0034482758620689655,0.0,0.004597701149425287,0.0,0.0,0.0,0.0,0.0,0.0,0.0011494252873563218,0.0,0.0,0.0,0.0,0.0011494252873563218,0.0,0.0011494252873563218,0.0,0.0011494252873563218,0.0,0.0022988505747126436,0.0,0.0011494252873563218,0.0022988505747126436,0.0,0.0,0.005747126436781609,0.0,0.0022988505747126436,0.0,0.0,0.0,0.0,0.0,0.0,0.0,0.0,0.0,0.0022988505747126436,0.0,0.0,0.0,0.004597701149425287,0.0,0.0,0.0,0.0,0.0,0.0,0.0,0.0,0.0,0.0,0.0,0.0,0.0,0.006896551724137931,0.0034482758620689655,0.0011494252873563218,0.0011494252873563218,0.0011494252873563218,0.0011494252873563218,0.0022988505747126436,0.0022988505747126436,0.0011494252873563218,0.0011494252873563218,0.0011494252873563218,0.0011494252873563218,0.0011494252873563218,0.0011494252873563218,0.0034482758620689655,0.0011494252873563218,0.005747126436781609,0.0011494252873563218,0.0011494252873563218,0.0011494252873563218,0.0022988505747126436,0.0022988505747126436,0.0011494252873563218,0.0022988505747126436,0.0011494252873563218,0.0011494252873563218,0.0011494252873563218,0.0011494252873563218,0.0022988505747126436,0.0011494252873563218,0.0011494252873563218,0.0011494252873563218,0.0022988505747126436,0.0011494252873563218,0.0011494252873563218,0.0011494252873563218,0.0011494252873563218,0.0011494252873563218,0.0011494252873563218,0.0011494252873563218,0.0011494252873563218,0.0022988505747126436,0.0022988505747126436,0.0011494252873563218,0.0011494252873563218,0.0011494252873563218,0.0022988505747126436,0.0011494252873563218,0.0011494252873563218,0.0034482758620689655,0.0011494252873563218,0.0011494252873563218,0.0011494252873563218,0.0011494252873563218,0.0011494252873563218,0.0011494252873563218,0.0011494252873563218,0.0022988505747126436,0.0011494252873563218,0.0022988505747126436,0.0022988505747126436,0.0011494252873563218,0.0011494252873563218,0.0034482758620689655,0.0011494252873563218,0.0011494252873563218,0.0022988505747126436,0.0011494252873563218,0.0022988505747126436,0.0011494252873563218,0.0011494252873563218,0.0022988505747126436,0.0011494252873563218,0.0011494252873563218,0.0011494252873563218,0.0022988505747126436,0.0011494252873563218,0.0034482758620689655,0.0034482758620689655,0.0022988505747126436,0.0011494252873563218,0.0011494252873563218,0.0011494252873563218,0.0011494252873563218,0.0011494252873563218,0.0011494252873563218,0.0011494252873563218,0.004597701149425287,0.0011494252873563218,0.0011494252873563218,0.0011494252873563218,0.0011494252873563218,0.0022988505747126436,0.0011494252873563218,0.0011494252873563218,0.0011494252873563218,0.0034482758620689655,0.0011494252873563218,0.0011494252873563218,0.0011494252873563218,0.0011494252873563218,0.0022988505747126436,0.0011494252873563218,0.0022988505747126436,0.0022988505747126436,0.0022988505747126436,0.0011494252873563218,0.0011494252873563218,0.0011494252873563218,0.0011494252873563218,0.0022988505747126436,0.0011494252873563218,0.0034482758620689655,0.0034482758620689655,0.0011494252873563218,0.004597701149425287,0.0011494252873563218,0.0011494252873563218,0.0022988505747126436,0.0022988505747126436,0.0011494252873563218,0.0011494252873563218,0.0011494252873563218,0.0022988505747126436,0.0011494252873563218,0.0022988505747126436,0.0022988505747126436,0.0011494252873563218,0.0011494252873563218,0.0011494252873563218,0.0011494252873563218,0.0011494252873563218,0.0011494252873563218,0.0011494252873563218,0.0011494252873563218,0.0011494252873563218,0.0011494252873563218,0.0011494252873563218,0.0011494252873563218,0.0022988505747126436,0.0011494252873563218,0.0011494252873563218,0.0011494252873563218,0.0011494252873563218,0.0011494252873563218,0.0011494252873563218,0.0011494252873563218,0.0011494252873563218,0.0011494252873563218,0.0011494252873563218,0.0011494252873563218,0.0022988505747126436,0.0011494252873563218,0.0011494252873563218,0.0011494252873563218,0.0011494252873563218,0.0011494252873563218,0.0022988505747126436,0.0011494252873563218,0.0022988505747126436,0.0011494252873563218,0.0011494252873563218,0.0011494252873563218,0.0034482758620689655,0.0011494252873563218,0.0011494252873563218,0.0011494252873563218,0.0011494252873563218,0.0011494252873563218,0.0011494252873563218,0.0011494252873563218,0.0011494252873563218,0.0011494252873563218,0.0011494252873563218,0.0011494252873563218,0.0011494252873563218,0.0034482758620689655,0.0011494252873563218,0.0022988505747126436,0.0011494252873563218,0.0011494252873563218,0.0011494252873563218,0.0011494252873563218,0.0011494252873563218,0.0011494252873563218,0.0011494252873563218,0.0011494252873563218,0.0011494252873563218,0.0011494252873563218,0.0011494252873563218,0.0011494252873563218,0.0011494252873563218,0.0011494252873563218,0.0011494252873563218,0.0011494252873563218,0.0011494252873563218,0.0011494252873563218,0.0,0.0,0.0,0.0,0.0,0.0,0.0,0.0,0.0,0.0,0.0,0.0,0.0,0.0,0.0,0.0,0.0,0.0,0.0,0.0,0.0,0.0,0.0,0.0,0.0,0.0,0.0,0.0,0.0,0.0,0.0,0.0,0.0,0.0,0.0,0.0,0.0,0.0,0.0,0.0,0.0,0.0,0.0,0.0,0.0,0.0,0.0,0.0,0.0,0.0,0.0,0.0,0.0,0.0,0.0,0.0,0.0,0.0,0.0,0.0,0.0,0.0,0.0,0.0,0.0,0.0,0.0,0.0,0.0,0.0,0.0,0.0,0.0,0.0,0.0,0.0,0.0,0.0,0.0,0.0,0.0,0.0,0.0,0.0,0.0,0.0,0.0,0.0,0.0,0.0,0.0,0.0,0.0,0.0,0.0,0.0,0.0,0.0,0.0,0.0,0.0,0.0,0.0,0.0,0.0,0.0,0.3808096159869011,0.0,0.0,0.0,0.0,0.0,0.0,0.0,0.0,0.23849800864203116,0.0,0.0,0.0,0.0,0.0,0.0,0.0,0.0,0.0,0.0,0.0,0.0,0.0,0.0,0.0,0.0,0.0,0.0,0.0,0.0,0.0,0.0,0.0,0.0,0.0,0.0,0.0,0.0,0.0,0.0,0.0,0.0,0.0,0.0,0.0,0.0,0.0,0.0,0.0,0.0,0.0,0.0,0.0,0.0,0.0,0.0,0.0,0.0,0.0,0.0,0.0,0.0,0.0,0.0,0.0,0.0,0.0,0.0,0.0,0.0,0.0,0.0,0.0,0.0,0.0,0.0,0.0,0.0,0.0,0.0,0.0,0.0,0.0,0.0,0.0,0.0,0.0,0.0,0.0,0.0,0.0,0.0,0.0,0.0,0.0,0.0,0.0,0.0,0.0,0.0,0.0,0.0,0.0,0.0,0.0,0.0,0.0,0.0,0.0,0.0,0.0,0.0,0.0,0.0,0.0,0.0,0.0,0.0,0.0,0.0,0.0,0.0,0.0,0.0,0.0,0.0,0.0,0.0,0.0,0.0,0.0,0.0,0.0,0.0,0.0,0.0,0.0,0.0,0.0,0.0,0.0,0.0,0.0,0.0,0.0,0.0,0.0,0.0,0.0,0.0,0.0,0.0,0.0,0.0,0.0,0.0,0.0,0.0,0.0,0.0,0.0,0.0,0.0,0.0,0.0,0.0,0.0,0.0,0.0,0.0,0.0,0.0,0.0,0.0,0.0,0.0,0.0,0.0,0.0,0.0,0.0,0.0,0.0,0.0,0.0,0.0,0.0,0.0,0.0,0.0,0.0,0.0,0.0,0.0,0.0,0.0,0.0,0.0,0.0,0.0,0.0,0.0,0.0,0.0,0.0,0.0,0.0,0.0,0.0,0.0,0.0,0.0,0.0,0.0,0.0,0.0,0.0,0.0,0.0,0.0,0.0,0.0,0.0,0.0,0.0,0.0,0.0,0.252708310378039,0.0,0.0,0.0,0.0,0.0,0.0,0.0,0.0,0.0,0.0,0.0,0.0,0.0,0.0,0.0,0.0,0.0,0.0,0.0,0.318101045327647,0.0,0.0,0.0,0.0,0.0,0.0,0.0,0.0,0.0,0.0,0.0,0.0,0.0,0.0,0.0,0.0,0.0,0.0,0.0,0.0,0.0,0.0,0.0,0.0,0.0,0.0,0.0,0.0,0.0,0.0,0.0,0.0,0.0,0.0,0.0,0.0,0.3056234289672437,0.0,0.0,0.0,0.0,0.0,0.0,0.0,0.0,0.0,0.0,0.0,0.0,0.0,0.0,0.0,0.0,0.0,0.0,0.0,0.0,0.0,0.0,0.0,0.0,0.0,0.0,0.0,0.0,0.0,0.0,0.0,0.0,0.0,0.0,0.0,0.0,0.0,0.0,0.0,0.0,0.0,0.0,0.0,0.0,0.0,0.0,0.0,0.0,0.0,0.0,0.0,0.3333724135386111,0.0,0.0,0.0,0.0,0.0,0.0,0.0,0.0,0.0,0.0,0.0,0.0,0.0,0.0,0.0,0.0,0.0,0.0,0.0,0.0,0.0,0.0,0.0,0.0,0.0,0.0,0.0,0.0,0.0,0.0,0.0,0.0,0.0,0.0,0.0,0.0,0.0,0.0,0.0,0.0,0.0,0.0,0.0,0.0,0.0,0.0,0.0,0.0,0.0,0.0,0.0,0.0,0.0,0.0,0.0,0.0,0.0,0.0,0.0,0.0,0.0,0.0,0.0,0.0,0.0,0.0,0.0,0.0,0.0,0.0,0.0,0.0,0.0,0.22673702099430668,0.0,0.0,0.0,0.0,0.0,0.0,0.0,0.0,0.0,0.0,0.0,0.0,0.0,0.0,0.0,0.0,0.0,0.0,0.0,0.0,0.0,0.0,0.0,0.2950737546533412,0.0,0.0,0.0,0.0,0.0,0.0,0.0,0.0,0.0,0.0,0.0,0.0,0.0,0.0,0.0,0.0,0.0,0.0,0.0,0.0,0.0,0.0,0.0,0.0,0.0,0.0,0.0,0.0,0.0,0.0,0.0,0.0,0.0,0.0,0.0,0.3808096159869011,0.0,0.0,0.0,0.0,0.0,0.0,0.0,0.0,0.0,0.0,0.0,0.0,0.0,0.0,0.0,0.0,0.0,0.0,0.0,0.0,0.0,0.0,0.0,0.0,0.0,0.0,0.0,0.0,0.0,0.0,0.0,0.0,0.0,0.0,0.0,0.0,0.0,0.0,0.0,0.0,0.0,0.0,0.0,0.0,0.0,0.0,0.0,0.0,0.0,0.0,0.0,0.0,0.0,0.0,0.0,0.0,0.0,0.0,0.0,0.0,0.0,0.0,0.0,0.0,0.0,0.0,0.0,0.0,0.0,0.0,0.0,0.0,0.0,0.0,0.0,0.0,0.0,0.0,0.0,0.0,0.0,0.0,0.0,0.0,0.0,0.0,0.0,0.0,0.0,0.0,0.0,0.0,0.0,0.0,0.0,0.0,0.0,0.0,0.0,0.0,0.0,0.0,0.0,0.0,0.0,0.0,0.0,0.0,0.0,0.0,0.0,0.0,0.0,0.0,0.0,0.3808096159869011,0.0,0.0,0.0,0.0,0.0,0.0,0.0,0.0,0.0,0.0,0.0,0.0,0.0,0.0,0.0,0.0,0.0,0.0,0.0,0.0,0.0,0.0,0.0,0.0,0.0,0.0,0.0,0.0,0.0,0.0,0.0,0.0,0.0,0.0
SD2401268,20대,음 근데 우리집이 꼭대기 층이라 그런지 좀 괜찮은 거 같은데. 층간 소음은 없는데 벽간 소음이 쪼금 있는 거 같아. 방이 그 방음이 잘 안 돼서 옆 문 그 첫 입구 문에만 서도 옆의 방이 뭐 유튜브 뭐 듣고 있는지 무슨 대화하고 있는지가 너무 잘 들려서 쪼끔 부담스럽긴 해. 근데 위에는 아무도 사람이 안 사니까 내가 살기에는 어 소음이 없어서 되게 좋은 거 같아. 그거 말고도 본가 살 때는 위층이 아빠 지인이 살았었는데 그래서 막 소음이 나도 뭐라 하기가 좀 그랬던 경험이 있어. 너는 지금 몇 층 정도에 살아? 층간 소음은 없어? 음 그 학 학교 들어오고 나서부터 2년 동안 여기 살고 올해 새로 계약해서 똑같은 데 연장해서 거기서 살고 있어. 아마 내년에는 교환 학생을 가서 없으니까 오빠가 혼자 살 거 같아 지금 같이 살고 있으니까. 그리고 사실 나는 올해 딱 계약 연장할 때쯤에 새로 구해서 따로따로 살고 싶었는데 아무래도 서울 뭐 월세가 비싸다 보니까 그냥 한집에서 해서 전세로 사는 게 낫겠다 싶어서 같이 살고 있는데. 어 아무래도 생활 패턴이나 그런 집안일 하는 거가 좀 안 맞아서 좀 그게 제일 힘들어서 따로 살고 싶었던 거 같아. 뭐 혼자 늦게 자고 그런 건 상관없는데 오빠가 게임을 하니까 늦게까지 게임하는 소리 계속 들려 오 들려 오고 하니까 나 자는 데 방에 돼서 그랬던 거 같아. 너는 그런 적은 없어? 어 중3 때까지 1곳에서 살았고 그 주 중3 이후에 약간 신도시 분양 그런 청약 담 당첨 돼 가지고 1번 이사를 갔었어. 근데 그 중3 때까지 계속 같은 지역에 살다 보니까 거기 유치원 초등학교 중학교 나오고 고등학교도 그쪽을 가려고 했는데 이사를 가게 돼서 혼자 떨어진 곳을 가니까 친구들이랑도 멀어지고 그러 그 뭐 원래 놀던 데에서도 못 놀고 이런 게 쪼끔 아쉽고 힘들긴 하더라고. 근데 집이 넓어서 되게 좋았던 거 같아. 나는 이사를 많이 안 해 봐서 막 해 보고 싶었다 이런 게 좀 컸었는데 주변에 이사 많이 다니는 사람은 안 그렇더라고. 이사를 그만 다니고 싶다 그러더라. 혹시 너도 그런 편이야? 음 나는 이사 간 다음에 우 이 이사 간 아파트 앞에 막 전원주택 같은 게 있는 거야. 그래서 나중에 이 또 이사를 가게 된다면은 저런 데에서 살고 싶다. 저런 데에서 마당에서 막 식물 키우고 동물 키우고 막 나만의 정원을 가꾸면서 2층 바 다락방에서 살고 싶다 막 이런 생각을 했었는데. 근데 막상 거기에 살면은 관리하는 게 되게 힘들어 보이더라고. 할머니 집도 그런 전원주택인데 조금만 뭘 관리를 안 해 줘도 잡초 자라고 먼지가 끼고 더러워지고 막 그런 게 많아서 관리가 힘들다고 하더라고. 근데 그럼에도 한 약간 한번쯤은 전원주택에 살고 싶다 이런 생각이 있는데. 너는 그런 어디에 살고 싶다 이런 로망 같은 게 있어? 어 전자레인지랑 냉장고 세탁기 이 이 정도는 원래 있었던 거 같고. 밥솥이랑 응 어 그 오븐 같은 거 뭐라고 하지. 그 아 에어프라이어는 사 왔고. 최근에 여름 되니까 벌레가 너무 많이 생기잖아. 특히 음식물에 벌레가 많이 생기는데 그래서 버리기가 너무 힘들어서 미생물로 분해해 주는 기계 그런 게 있더라고. 오빠가 인스타그램에서 찾아와서 막 우 이거 쓰자 막 그러면서 찾아왔던 기억이 있어. 그래서 그거를 지금 살까 고민 중에 있어. 그게 음식물 쓰레기를 넣으면은 미생물들이 분해를 해서 흙으로 바로 만들어 준대. 근데 그게 하루 만에 다 만들어 주고 냄새도 안 나서 좋다고 하더라고. 너는 혹시 집안일 같은 거는 어떻게 하는 편이야? 어 가끔 아니 자주 좀 싸운 싸우진 않고 이런 거에 대해 짜증을 내는 거 같긴 한데 내 방이 쓰레기 그 분리수거 하는 데 바로 앞에 있단 말이야. 그래서 오빠는 좀 멀어서 쓰레기 같은 걸 거기 내면 그만인데 나는 내고 나서 그게 분리수거가 잘 안 되어 있거나 막 더러운 게 섞여 있거나 하면은 냄새가 바로 내 방으로 들어온단 말이야. 그거 때문에 오빠한테 뭐라 한 적도 많았던 거 같고. 약간 분담 같은 게 예전에는 막 뭐 냉장고 청소 네가 1번 하면 내가 화장실 청소 1번 하고 이런 식으로 번갈아서 하자라고 말은 했는데 어느 순간 보니까 내가 다 하고 있더라고. 그래서 그거에 대해서 쌓아 놨다가 화내기 직전에 딱 말하면은 오빠가 또 눈치는 빨라 가지고 그제서야 부랴부랴 치우고 막 이래서 어 싸우지는 않았던 거 같아. 근데 자취를 하니까 확실히 본가 살 때는 엄마가 다 해 주고 그러는데 내가 다 해야 되니까 그게 힘든 거 같긴 해. 너는 자취하고 싶다는 생각은 없어? 아 나 처음에 집 들어올 때 막 냉장고랑 기본 가구에 막 여 연두색 띠가 막 둘러져 있는 거야. 기본 색깔로 막 있는 거야. 그래서 그걸 보고 아 진짜 별로다. 여기 살기 싫다 했었는데 막상 들어가 보니까 그런 거 별로 티도 안 나고 깔끔해 보이고 좋더라고. 그래서 그렇게 쓰고 있고. 뭔가 인테리어 아 그 자취하면 내 방식대로 바 집을 꾸미고 막 이렇게 써야지라는 생각은 있었는데 막상 있으니까 짐을 그 넣을 짐도 너무 많고 근데 그거에 비해 공간은 안 나오고 하니까 인테리어라고 할 것도 없이 그냥 짐을 넣어 놓은 거 같아. 내 방이 너무 작아서 옷장 같은 게 들어갈 공간이 안 나서 거실에다가 행거 설치해서 바로 옷 놓아두고. 그래서 뭔가 꾸미기도 애매하고 그랬던 거 같아. 너는 집 인테리어 어떤 편이야? 서울에서 살 수 있으면 좋을 거 같은데. 왜냐하면 여가 생활 같은 것도 훨씬 더 많이 할 수 있고 이제 거의 내 친구들이나 생활 반경이 서울에 중심에 맞춰져 있다 보니까 서울에서 생활하는 게 편하긴 한데 가끔씩 여기가 사람이 너무 많아서 내려가고 싶다라는 생각이 들긴 해. 근데 직장을 얻고 뭔가 더 발전을 하려면은 서울에서 사는 게 맞는 거 같아. 나는 그 본가 살 때는 지하에 헬스장이 있어서 그거를 썼단 말이야. 근데 자취를 하니까 그런 여가 시설 시 그 아무튼 시설들이 없어서 막 주변에서 주변 다른 헬스장을 등록해 놨단 말이야. 근데 너는 지금 어쨌든 본가에 살잖아. 큰 아파트에 사는데 그러면 거기에 막 여가 시설 같은 게 와 잘 마련되어 있어?,0.005747126436781609,0.017241379310344827,0.004597701149425287,0.0,0.005747126436781609,0.0034482758620689655,0.005747126436781609,0.008045977011494253,0.01839080459770115,0.029885057471264367,0.004597701149425287,0.027586206896551724,0.0,0.008045977011494253,0.0022988505747126436,0.0,0.0034482758620689655,0.0011494252873563218,0.03218390804597701,0.013793103448275862,0.0,0.0,0.0,0.0022988505747126436,0.0,0.004597701149425287,0.021839080459770115,0.0,0.0034482758620689655,0.0034482758620689655,0.04367816091954023,0.0,0.006896551724137931,0.0,0.004597701149425287,0.009195402298850575,0.0,0.0,0.011494252873563218,0.0011494252873563218,0.0,0.0022988505747126436,0.0,0.0,0.034482758620689655,0.004597701149425287,0.013793103448275862,0.0022988505747126436,0.004597701149425287,0.0367816091954023,0.009195402298850575,0.0011494252873563218,0.0,0.0022988505747126436,0.0,0.0011494252873563218,0.0011494252873563218,0.0022988505747126436,0.0,0.006896551724137931,0.0,0.0,0.0,0.0011494252873563218,0.006896551724137931,0.0022988505747126436,0.0022988505747126436,0.0011494252873563218,0.0011494252873563218,0.0,0.0,0.0,0.0022988505747126436,0.0,0.0,0.005747126436781609,0.0022988505747126436,0.0,0.006896551724137931,0.010344827586206896,0.0011494252873563218,0.0,0.0,0.0,0.0,0.004597701149425287,0.0034482758620689655,0.0,0.0022988505747126436,0.004597701149425287,0.0,0.0022988505747126436,0.0,0.0011494252873563218,0.0,0.0011494252873563218,0.0011494252873563218,0.0011494252873563218,0.0,0.0022988505747126436,0.004597701149425287,0.0011494252873563218,0.0,0.0,0.0,0.0,0.01264367816091954,0.009195402298850575,0.0,0.0011494252873563218,0.0011494252873563218,0.0022988505747126436,0.0011494252873563218,0.0,0.0,0.0011494252873563218,0.0,0.0,0.0011494252873563218,0.011494252873563218,0.0,0.005747126436781609,0.0011494252873563218,0.0,0.0022988505747126436,0.0011494252873563218,0.0011494252873563218,0.0,0.0022988505747126436,0.0,0.0,0.0,0.0,0.0034482758620689655,0.0,0.0,0.01839080459770115,0.0022988505747126436,0.0,0.0,0.0022988505747126436,0.0022988505747126436,0.0022988505747126436,0.0,0.0,0.005747126436781609,0.0011494252873563218,0.0,0.008045977011494253,0.0022988505747126436,0.0011494252873563218,0.005747126436781609,0.0011494252873563218,0.0,0.0,0.0011494252873563218,0.0,0.0011494252873563218,0.006896551724137931,0.0011494252873563218,0.0,0.0034482758620689655,0.0,0.0,0.0,0.004597701149425287,0.0011494252873563218,0.0011494252873563218,0.0,0.0,0.0011494252873563218,0.0,0.0,0.0,0.006896551724137931,0.0,0.0,0.0,0.0,0.0,0.0011494252873563218,0.0,0.0034482758620689655,0.0022988505747126436,0.0,0.0022988505747126436,0.0,0.0022988505747126436,0.0022988505747126436,0.0,0.0,0.0,0.0022988505747126436,0.0,0.0,0.0011494252873563218,0.0,0.0,0.0,0.0,0.0034482758620689655,0.0,0.004597701149425287,0.0,0.0,0.0,0.0,0.0,0.0,0.0011494252873563218,0.0,0.0,0.0,0.0,0.0011494252873563218,0.0,0.0011494252873563218,0.0,0.0011494252873563218,0.0,0.0022988505747126436,0.0,0.0011494252873563218,0.0022988505747126436,0.0,0.0,0.005747126436781609,0.0,0.0022988505747126436,0.0,0.0,0.0,0.0,0.0,0.0,0.0,0.0,0.0,0.0022988505747126436,0.0,0.0,0.0,0.004597701149425287,0.0,0.0,0.0,0.0,0.0,0.0,0.0,0.0,0.0,0.0,0.0,0.0,0.0,0.006896551724137931,0.0034482758620689655,0.0011494252873563218,0.0011494252873563218,0.0011494252873563218,0.0011494252873563218,0.0022988505747126436,0.0022988505747126436,0.0011494252873563218,0.0011494252873563218,0.0011494252873563218,0.0011494252873563218,0.0011494252873563218,0.0011494252873563218,0.0034482758620689655,0.0011494252873563218,0.005747126436781609,0.0011494252873563218,0.0011494252873563218,0.0011494252873563218,0.0022988505747126436,0.0022988505747126436,0.0011494252873563218,0.0022988505747126436,0.0011494252873563218,0.0011494252873563218,0.0011494252873563218,0.0011494252873563218,0.0022988505747126436,0.0011494252873563218,0.0011494252873563218,0.0011494252873563218,0.0022988505747126436,0.0011494252873563218,0.0011494252873563218,0.0011494252873563218,0.0011494252873563218,0.0011494252873563218,0.0011494252873563218,0.0011494252873563218,0.0011494252873563218,0.0022988505747126436,0.0022988505747126436,0.0011494252873563218,0.0011494252873563218,0.0011494252873563218,0.0022988505747126436,0.0011494252873563218,0.0011494252873563218,0.0034482758620689655,0.0011494252873563218,0.0011494252873563218,0.0011494252873563218,0.0011494252873563218,0.0011494252873563218,0.0011494252873563218,0.0011494252873563218,0.0022988505747126436,0.0011494252873563218,0.0022988505747126436,0.0022988505747126436,0.0011494252873563218,0.0011494252873563218,0.0034482758620689655,0.0011494252873563218,0.0011494252873563218,0.0022988505747126436,0.0011494252873563218,0.0022988505747126436,0.0011494252873563218,0.0011494252873563218,0.0022988505747126436,0.0011494252873563218,0.0011494252873563218,0.0011494252873563218,0.0022988505747126436,0.0011494252873563218,0.0034482758620689655,0.0034482758620689655,0.0022988505747126436,0.0011494252873563218,0.0011494252873563218,0.0011494252873563218,0.0011494252873563218,0.0011494252873563218,0.0011494252873563218,0.0011494252873563218,0.004597701149425287,0.0011494252873563218,0.0011494252873563218,0.0011494252873563218,0.0011494252873563218,0.0022988505747126436,0.0011494252873563218,0.0011494252873563218,0.0011494252873563218,0.0034482758620689655,0.0011494252873563218,0.0011494252873563218,0.0011494252873563218,0.0011494252873563218,0.0022988505747126436,0.0011494252873563218,0.0022988505747126436,0.0022988505747126436,0.0022988505747126436,0.0011494252873563218,0.0011494252873563218,0.0011494252873563218,0.0011494252873563218,0.0022988505747126436,0.0011494252873563218,0.0034482758620689655,0.0034482758620689655,0.0011494252873563218,0.004597701149425287,0.0011494252873563218,0.0011494252873563218,0.0022988505747126436,0.0022988505747126436,0.0011494252873563218,0.0011494252873563218,0.0011494252873563218,0.0022988505747126436,0.0011494252873563218,0.0022988505747126436,0.0022988505747126436,0.0011494252873563218,0.0011494252873563218,0.0011494252873563218,0.0011494252873563218,0.0011494252873563218,0.0011494252873563218,0.0011494252873563218,0.0011494252873563218,0.0011494252873563218,0.0011494252873563218,0.0011494252873563218,0.0011494252873563218,0.0022988505747126436,0.0011494252873563218,0.0011494252873563218,0.0011494252873563218,0.0011494252873563218,0.0011494252873563218,0.0011494252873563218,0.0011494252873563218,0.0011494252873563218,0.0011494252873563218,0.0011494252873563218,0.0011494252873563218,0.0022988505747126436,0.0011494252873563218,0.0011494252873563218,0.0011494252873563218,0.0011494252873563218,0.0011494252873563218,0.0022988505747126436,0.0011494252873563218,0.0022988505747126436,0.0011494252873563218,0.0011494252873563218,0.0011494252873563218,0.0034482758620689655,0.0011494252873563218,0.0011494252873563218,0.0011494252873563218,0.0011494252873563218,0.0011494252873563218,0.0011494252873563218,0.0011494252873563218,0.0011494252873563218,0.0011494252873563218,0.0011494252873563218,0.0011494252873563218,0.0011494252873563218,0.0034482758620689655,0.0011494252873563218,0.0022988505747126436,0.0011494252873563218,0.0011494252873563218,0.0011494252873563218,0.0011494252873563218,0.0011494252873563218,0.0011494252873563218,0.0011494252873563218,0.0011494252873563218,0.0011494252873563218,0.0011494252873563218,0.0011494252873563218,0.0011494252873563218,0.0011494252873563218,0.0011494252873563218,0.0011494252873563218,0.0011494252873563218,0.0011494252873563218,0.0011494252873563218,0.0,0.0,0.0,0.0,0.0,0.0,0.0,0.0,0.0,0.0,0.0,0.0,0.0,0.0,0.0,0.0,0.0,0.0,0.0,0.0,0.0,0.0,0.0,0.0,0.0,0.0,0.0,0.0,0.0,0.0,0.0,0.0,0.0,0.0,0.0,0.0,0.0,0.0,0.0,0.0,0.2863264975425002,0.0,0.0,0.0,0.0,0.0,0.0,0.0,0.0,0.0,0.0,0.0,0.0,0.0,0.0,0.0,0.0,0.0,0.0,0.0,0.0,0.0,0.0,0.0,0.0,0.0,0.0,0.0,0.0,0.0,0.0,0.0,0.0,0.0,0.0,0.0,0.0,0.0,0.0,0.0,0.0,0.0,0.0,0.0,0.0,0.0,0.0,0.0,0.0,0.0,0.0,0.0,0.0,0.0,0.0,0.0,0.0,0.0,0.0,0.0,0.0,0.0,0.0,0.27576017707106815,0.0,0.0,0.0,0.0,0.0,0.0,0.0,0.0,0.0,0.0,0.0,0.0,0.0,0.0,0.0,0.0,0.0,0.0,0.0,0.0,0.0,0.0,0.0,0.0,0.0,0.0,0.0,0.0,0.0,0.0,0.0,0.0,0.0,0.0,0.0,0.0,0.0,0.0,0.0,0.0,0.0,0.0,0.0,0.0,0.0,0.0,0.0,0.0,0.3054096174575469,0.0,0.0,0.0,0.0,0.0,0.0,0.0,0.0,0.0,0.0,0.0,0.0,0.0,0.0,0.0,0.0,0.0,0.0,0.0,0.0,0.0,0.0,0.0,0.0,0.0,0.0,0.0,0.0,0.0,0.0,0.0,0.0,0.0,0.0,0.0,0.0,0.0,0.0,0.0,0.0,0.0,0.0,0.0,0.0,0.0,0.0,0.0,0.0,0.0,0.0,0.0,0.0,0.0,0.0,0.0,0.0,0.0,0.0,0.0,0.0,0.0,0.0,0.0,0.0,0.0,0.0,0.0,0.0,0.0,0.0,0.0,0.0,0.0,0.0,0.0,0.0,0.0,0.0,0.0,0.0,0.0,0.0,0.0,0.0,0.0,0.0,0.0,0.0,0.0,0.0,0.4403060961927325,0.0,0.0,0.0,0.0,0.0,0.0,0.0,0.0,0.0,0.0,0.0,0.0,0.0,0.0,0.0,0.0,0.0,0.0,0.0,0.0,0.0,0.0,0.0,0.0,0.0,0.0,0.0,0.0,0.0,0.0,0.0,0.0,0.0,0.0,0.0,0.0,0.0,0.0,0.0,0.0,0.0,0.0,0.0,0.0,0.0,0.0,0.0,0.0,0.0,0.0,0.0,0.0,0.0,0.0,0.0,0.0,0.0,0.0,0.0,0.0,0.0,0.0,0.0,0.0,0.0,0.0,0.0,0.0,0.0,0.0,0.0,0.0,0.0,0.0,0.0,0.0,0.0,0.0,0.0,0.0,0.0,0.0,0.0,0.0,0.0,0.0,0.0,0.0,0.0,0.29219065104134107,0.0,0.0,0.0,0.0,0.0,0.0,0.0,0.0,0.0,0.0,0.0,0.0,0.0,0.0,0.0,0.0,0.0,0.0,0.0,0.0,0.0,0.0,0.0,0.0,0.0,0.0,0.0,0.0,0.0,0.0,0.0,0.0,0.0,0.0,0.0,0.0,0.0,0.0,0.0,0.0,0.0,0.0,0.0,0.0,0.0,0.0,0.0,0.0,0.0,0.0,0.0,0.0,0.0,0.0,0.0,0.0,0.3533730590412211,0.0,0.0,0.0,0.0,0.0,0.0,0.0,0.0,0.0,0.0,0.0,0.0,0.0,0.0,0.0,0.0,0.0,0.0,0.0,0.0,0.0,0.0,0.0,0.0,0.0,0.0,0.0,0.0,0.0,0.0,0.0,0.0,0.0,0.0,0.0,0.0,0.0,0.0,0.0,0.0,0.0,0.0,0.0,0.0,0.0,0.0,0.0,0.0,0.0,0.0,0.0,0.0,0.0,0.0,0.0,0.4403060961927325,0.0,0.0,0.0,0.0,0.0,0.0,0.0,0.0,0.0,0.0,0.0,0.0,0.0,0.0,0.0,0.0,0.0,0.0,0.0,0.0,0.0,0.0,0.0,0.0,0.0,0.0,0.0,0.0,0.0,0.0,0.0,0.0,0.0,0.0,0.0,0.0,0.0,0.0,0.0,0.0,0.0,0.0,0.0,0.0,0.0,0.0,0.0,0.0,0.0,0.0,0.0,0.0,0.0,0.0,0.0,0.0,0.0,0.0,0.0,0.0,0.0,0.0,0.0,0.0,0.0,0.0,0.0,0.0,0.0,0.26216169021269364,0.0,0.0,0.0,0.0,0.0,0.0,0.0,0.0,0.0,0.0,0.0,0.0,0.0,0.0,0.0,0.0,0.0,0.0,0.0,0.0,0.0,0.0,0.0,0.0,0.0,0.0,0.0,0.0,0.0,0.2863264975425002,0.0,0.0,0.0,0.0,0.0,0.0,0.0,0.0,0.0,0.0,0.0,0.0,0.0,0.0,0.0,0.0,0.0,0.0,0.0,0.0,0.0,0.0,0.0,0.0,0.0,0.0,0.0,0.0,0.0,0.0,0.0,0.0,0.0,0.0,0.0,0.0,0.0,0.0,0.0,0.0,0.0,0.0,0.0,0.0,0.0,0.0,0.0,0.0,0.0,0.0,0.0,0.0,0.0,0.0,0.0,0.0,0.0,0.0,0.0,0.0,0.0,0.0,0.0,0.0,0.0,0.0,0.0,0.0,0.0,0.0,0.0,0.0,0.0,0.0,0.0,0.0,0.0,0.0,0.0,0.0,0.0,0.0,0.0,0.0,0.0,0.0,0.0,0.0,0.0,0.0,0.0,0.0,0.0,0.0,0.0,0.0,0.0,0.0,0.0,0.0,0.0,0.0,0.0,0.0,0.0,0.0,0.0,0.0,0.0,0.0,0.0,0.0,0.0,0.0,0.0,0.0,0.0,0.0,0.0,0.0,0.0,0.0,0.0,0.0,0.0,0.0,0.0,0.0,0.0,0.0,0.0,0.0,0.0,0.0,0.0,0.0,0.0,0.0,0.0,0.0,0.0,0.0,0.0,0.0,0.0,0.0,0.0,0.0,0.0,0.0,0.0,0.0,0.0,0.0,0.0,0.0,0.0,0.0,0.0,0.0,0.0,0.0,0.0,0.0,0.0,0.0,0.0,0.0,0.0,0.0,0.0,0.0,0.0,0.0,0.0,0.0,0.0,0.0,0.0,0.0
SD2401268,20대,음 근데 우리집이 꼭대기 층이라 그런지 좀 괜찮은 거 같은데. 층간 소음은 없는데 벽간 소음이 쪼금 있는 거 같아. 방이 그 방음이 잘 안 돼서 옆 문 그 첫 입구 문에만 서도 옆의 방이 뭐 유튜브 뭐 듣고 있는지 무슨 대화하고 있는지가 너무 잘 들려서 쪼끔 부담스럽긴 해. 근데 위에는 아무도 사람이 안 사니까 내가 살기에는 어 소음이 없어서 되게 좋은 거 같아. 그거 말고도 본가 살 때는 위층이 아빠 지인이 살았었는데 그래서 막 소음이 나도 뭐라 하기가 좀 그랬던 경험이 있어. 너는 지금 몇 층 정도에 살아? 층간 소음은 없어? 음 그 학 학교 들어오고 나서부터 2년 동안 여기 살고 올해 새로 계약해서 똑같은 데 연장해서 거기서 살고 있어. 아마 내년에는 교환 학생을 가서 없으니까 오빠가 혼자 살 거 같아 지금 같이 살고 있으니까. 그리고 사실 나는 올해 딱 계약 연장할 때쯤에 새로 구해서 따로따로 살고 싶었는데 아무래도 서울 뭐 월세가 비싸다 보니까 그냥 한집에서 해서 전세로 사는 게 낫겠다 싶어서 같이 살고 있는데. 어 아무래도 생활 패턴이나 그런 집안일 하는 거가 좀 안 맞아서 좀 그게 제일 힘들어서 따로 살고 싶었던 거 같아. 뭐 혼자 늦게 자고 그런 건 상관없는데 오빠가 게임을 하니까 늦게까지 게임하는 소리 계속 들려 오 들려 오고 하니까 나 자는 데 방에 돼서 그랬던 거 같아. 너는 그런 적은 없어? 어 중3 때까지 1곳에서 살았고 그 주 중3 이후에 약간 신도시 분양 그런 청약 담 당첨 돼 가지고 1번 이사를 갔었어. 근데 그 중3 때까지 계속 같은 지역에 살다 보니까 거기 유치원 초등학교 중학교 나오고 고등학교도 그쪽을 가려고 했는데 이사를 가게 돼서 혼자 떨어진 곳을 가니까 친구들이랑도 멀어지고 그러 그 뭐 원래 놀던 데에서도 못 놀고 이런 게 쪼끔 아쉽고 힘들긴 하더라고. 근데 집이 넓어서 되게 좋았던 거 같아. 나는 이사를 많이 안 해 봐서 막 해 보고 싶었다 이런 게 좀 컸었는데 주변에 이사 많이 다니는 사람은 안 그렇더라고. 이사를 그만 다니고 싶다 그러더라. 혹시 너도 그런 편이야? 음 나는 이사 간 다음에 우 이 이사 간 아파트 앞에 막 전원주택 같은 게 있는 거야. 그래서 나중에 이 또 이사를 가게 된다면은 저런 데에서 살고 싶다. 저런 데에서 마당에서 막 식물 키우고 동물 키우고 막 나만의 정원을 가꾸면서 2층 바 다락방에서 살고 싶다 막 이런 생각을 했었는데. 근데 막상 거기에 살면은 관리하는 게 되게 힘들어 보이더라고. 할머니 집도 그런 전원주택인데 조금만 뭘 관리를 안 해 줘도 잡초 자라고 먼지가 끼고 더러워지고 막 그런 게 많아서 관리가 힘들다고 하더라고. 근데 그럼에도 한 약간 한번쯤은 전원주택에 살고 싶다 이런 생각이 있는데. 너는 그런 어디에 살고 싶다 이런 로망 같은 게 있어? 어 전자레인지랑 냉장고 세탁기 이 이 정도는 원래 있었던 거 같고. 밥솥이랑 응 어 그 오븐 같은 거 뭐라고 하지. 그 아 에어프라이어는 사 왔고. 최근에 여름 되니까 벌레가 너무 많이 생기잖아. 특히 음식물에 벌레가 많이 생기는데 그래서 버리기가 너무 힘들어서 미생물로 분해해 주는 기계 그런 게 있더라고. 오빠가 인스타그램에서 찾아와서 막 우 이거 쓰자 막 그러면서 찾아왔던 기억이 있어. 그래서 그거를 지금 살까 고민 중에 있어. 그게 음식물 쓰레기를 넣으면은 미생물들이 분해를 해서 흙으로 바로 만들어 준대. 근데 그게 하루 만에 다 만들어 주고 냄새도 안 나서 좋다고 하더라고. 너는 혹시 집안일 같은 거는 어떻게 하는 편이야? 어 가끔 아니 자주 좀 싸운 싸우진 않고 이런 거에 대해 짜증을 내는 거 같긴 한데 내 방이 쓰레기 그 분리수거 하는 데 바로 앞에 있단 말이야. 그래서 오빠는 좀 멀어서 쓰레기 같은 걸 거기 내면 그만인데 나는 내고 나서 그게 분리수거가 잘 안 되어 있거나 막 더러운 게 섞여 있거나 하면은 냄새가 바로 내 방으로 들어온단 말이야. 그거 때문에 오빠한테 뭐라 한 적도 많았던 거 같고. 약간 분담 같은 게 예전에는 막 뭐 냉장고 청소 네가 1번 하면 내가 화장실 청소 1번 하고 이런 식으로 번갈아서 하자라고 말은 했는데 어느 순간 보니까 내가 다 하고 있더라고. 그래서 그거에 대해서 쌓아 놨다가 화내기 직전에 딱 말하면은 오빠가 또 눈치는 빨라 가지고 그제서야 부랴부랴 치우고 막 이래서 어 싸우지는 않았던 거 같아. 근데 자취를 하니까 확실히 본가 살 때는 엄마가 다 해 주고 그러는데 내가 다 해야 되니까 그게 힘든 거 같긴 해. 너는 자취하고 싶다는 생각은 없어? 아 나 처음에 집 들어올 때 막 냉장고랑 기본 가구에 막 여 연두색 띠가 막 둘러져 있는 거야. 기본 색깔로 막 있는 거야. 그래서 그걸 보고 아 진짜 별로다. 여기 살기 싫다 했었는데 막상 들어가 보니까 그런 거 별로 티도 안 나고 깔끔해 보이고 좋더라고. 그래서 그렇게 쓰고 있고. 뭔가 인테리어 아 그 자취하면 내 방식대로 바 집을 꾸미고 막 이렇게 써야지라는 생각은 있었는데 막상 있으니까 짐을 그 넣을 짐도 너무 많고 근데 그거에 비해 공간은 안 나오고 하니까 인테리어라고 할 것도 없이 그냥 짐을 넣어 놓은 거 같아. 내 방이 너무 작아서 옷장 같은 게 들어갈 공간이 안 나서 거실에다가 행거 설치해서 바로 옷 놓아두고. 그래서 뭔가 꾸미기도 애매하고 그랬던 거 같아. 너는 집 인테리어 어떤 편이야? 서울에서 살 수 있으면 좋을 거 같은데. 왜냐하면 여가 생활 같은 것도 훨씬 더 많이 할 수 있고 이제 거의 내 친구들이나 생활 반경이 서울에 중심에 맞춰져 있다 보니까 서울에서 생활하는 게 편하긴 한데 가끔씩 여기가 사람이 너무 많아서 내려가고 싶다라는 생각이 들긴 해. 근데 직장을 얻고 뭔가 더 발전을 하려면은 서울에서 사는 게 맞는 거 같아. 나는 그 본가 살 때는 지하에 헬스장이 있어서 그거를 썼단 말이야. 근데 자취를 하니까 그런 여가 시설 시 그 아무튼 시설들이 없어서 막 주변에서 주변 다른 헬스장을 등록해 놨단 말이야. 근데 너는 지금 어쨌든 본가에 살잖아. 큰 아파트에 사는데 그러면 거기에 막 여가 시설 같은 게 와 잘 마련되어 있어?,0.005747126436781609,0.017241379310344827,0.004597701149425287,0.0,0.005747126436781609,0.0034482758620689655,0.005747126436781609,0.008045977011494253,0.01839080459770115,0.029885057471264367,0.004597701149425287,0.027586206896551724,0.0,0.008045977011494253,0.0022988505747126436,0.0,0.0034482758620689655,0.0011494252873563218,0.03218390804597701,0.013793103448275862,0.0,0.0,0.0,0.0022988505747126436,0.0,0.004597701149425287,0.021839080459770115,0.0,0.0034482758620689655,0.0034482758620689655,0.04367816091954023,0.0,0.006896551724137931,0.0,0.004597701149425287,0.009195402298850575,0.0,0.0,0.011494252873563218,0.0011494252873563218,0.0,0.0022988505747126436,0.0,0.0,0.034482758620689655,0.004597701149425287,0.013793103448275862,0.0022988505747126436,0.004597701149425287,0.0367816091954023,0.009195402298850575,0.0011494252873563218,0.0,0.0022988505747126436,0.0,0.0011494252873563218,0.0011494252873563218,0.0022988505747126436,0.0,0.006896551724137931,0.0,0.0,0.0,0.0011494252873563218,0.006896551724137931,0.0022988505747126436,0.0022988505747126436,0.0011494252873563218,0.0011494252873563218,0.0,0.0,0.0,0.0022988505747126436,0.0,0.0,0.005747126436781609,0.0022988505747126436,0.0,0.006896551724137931,0.010344827586206896,0.0011494252873563218,0.0,0.0,0.0,0.0,0.004597701149425287,0.0034482758620689655,0.0,0.0022988505747126436,0.004597701149425287,0.0,0.0022988505747126436,0.0,0.0011494252873563218,0.0,0.0011494252873563218,0.0011494252873563218,0.0011494252873563218,0.0,0.0022988505747126436,0.004597701149425287,0.0011494252873563218,0.0,0.0,0.0,0.0,0.01264367816091954,0.009195402298850575,0.0,0.0011494252873563218,0.0011494252873563218,0.0022988505747126436,0.0011494252873563218,0.0,0.0,0.0011494252873563218,0.0,0.0,0.0011494252873563218,0.011494252873563218,0.0,0.005747126436781609,0.0011494252873563218,0.0,0.0022988505747126436,0.0011494252873563218,0.0011494252873563218,0.0,0.0022988505747126436,0.0,0.0,0.0,0.0,0.0034482758620689655,0.0,0.0,0.01839080459770115,0.0022988505747126436,0.0,0.0,0.0022988505747126436,0.0022988505747126436,0.0022988505747126436,0.0,0.0,0.005747126436781609,0.0011494252873563218,0.0,0.008045977011494253,0.0022988505747126436,0.0011494252873563218,0.005747126436781609,0.0011494252873563218,0.0,0.0,0.0011494252873563218,0.0,0.0011494252873563218,0.006896551724137931,0.0011494252873563218,0.0,0.0034482758620689655,0.0,0.0,0.0,0.004597701149425287,0.0011494252873563218,0.0011494252873563218,0.0,0.0,0.0011494252873563218,0.0,0.0,0.0,0.006896551724137931,0.0,0.0,0.0,0.0,0.0,0.0011494252873563218,0.0,0.0034482758620689655,0.0022988505747126436,0.0,0.0022988505747126436,0.0,0.0022988505747126436,0.0022988505747126436,0.0,0.0,0.0,0.0022988505747126436,0.0,0.0,0.0011494252873563218,0.0,0.0,0.0,0.0,0.0034482758620689655,0.0,0.004597701149425287,0.0,0.0,0.0,0.0,0.0,0.0,0.0011494252873563218,0.0,0.0,0.0,0.0,0.0011494252873563218,0.0,0.0011494252873563218,0.0,0.0011494252873563218,0.0,0.0022988505747126436,0.0,0.0011494252873563218,0.0022988505747126436,0.0,0.0,0.005747126436781609,0.0,0.0022988505747126436,0.0,0.0,0.0,0.0,0.0,0.0,0.0,0.0,0.0,0.0022988505747126436,0.0,0.0,0.0,0.004597701149425287,0.0,0.0,0.0,0.0,0.0,0.0,0.0,0.0,0.0,0.0,0.0,0.0,0.0,0.006896551724137931,0.0034482758620689655,0.0011494252873563218,0.0011494252873563218,0.0011494252873563218,0.0011494252873563218,0.0022988505747126436,0.0022988505747126436,0.0011494252873563218,0.0011494252873563218,0.0011494252873563218,0.0011494252873563218,0.0011494252873563218,0.0011494252873563218,0.0034482758620689655,0.0011494252873563218,0.005747126436781609,0.0011494252873563218,0.0011494252873563218,0.0011494252873563218,0.0022988505747126436,0.0022988505747126436,0.0011494252873563218,0.0022988505747126436,0.0011494252873563218,0.0011494252873563218,0.0011494252873563218,0.0011494252873563218,0.0022988505747126436,0.0011494252873563218,0.0011494252873563218,0.0011494252873563218,0.0022988505747126436,0.0011494252873563218,0.0011494252873563218,0.0011494252873563218,0.0011494252873563218,0.0011494252873563218,0.0011494252873563218,0.0011494252873563218,0.0011494252873563218,0.0022988505747126436,0.0022988505747126436,0.0011494252873563218,0.0011494252873563218,0.0011494252873563218,0.0022988505747126436,0.0011494252873563218,0.0011494252873563218,0.0034482758620689655,0.0011494252873563218,0.0011494252873563218,0.0011494252873563218,0.0011494252873563218,0.0011494252873563218,0.0011494252873563218,0.0011494252873563218,0.0022988505747126436,0.0011494252873563218,0.0022988505747126436,0.0022988505747126436,0.0011494252873563218,0.0011494252873563218,0.0034482758620689655,0.0011494252873563218,0.0011494252873563218,0.0022988505747126436,0.0011494252873563218,0.0022988505747126436,0.0011494252873563218,0.0011494252873563218,0.0022988505747126436,0.0011494252873563218,0.0011494252873563218,0.0011494252873563218,0.0022988505747126436,0.0011494252873563218,0.0034482758620689655,0.0034482758620689655,0.0022988505747126436,0.0011494252873563218,0.0011494252873563218,0.0011494252873563218,0.0011494252873563218,0.0011494252873563218,0.0011494252873563218,0.0011494252873563218,0.004597701149425287,0.0011494252873563218,0.0011494252873563218,0.0011494252873563218,0.0011494252873563218,0.0022988505747126436,0.0011494252873563218,0.0011494252873563218,0.0011494252873563218,0.0034482758620689655,0.0011494252873563218,0.0011494252873563218,0.0011494252873563218,0.0011494252873563218,0.0022988505747126436,0.0011494252873563218,0.0022988505747126436,0.0022988505747126436,0.0022988505747126436,0.0011494252873563218,0.0011494252873563218,0.0011494252873563218,0.0011494252873563218,0.0022988505747126436,0.0011494252873563218,0.0034482758620689655,0.0034482758620689655,0.0011494252873563218,0.004597701149425287,0.0011494252873563218,0.0011494252873563218,0.0022988505747126436,0.0022988505747126436,0.0011494252873563218,0.0011494252873563218,0.0011494252873563218,0.0022988505747126436,0.0011494252873563218,0.0022988505747126436,0.0022988505747126436,0.0011494252873563218,0.0011494252873563218,0.0011494252873563218,0.0011494252873563218,0.0011494252873563218,0.0011494252873563218,0.0011494252873563218,0.0011494252873563218,0.0011494252873563218,0.0011494252873563218,0.0011494252873563218,0.0011494252873563218,0.0022988505747126436,0.0011494252873563218,0.0011494252873563218,0.0011494252873563218,0.0011494252873563218,0.0011494252873563218,0.0011494252873563218,0.0011494252873563218,0.0011494252873563218,0.0011494252873563218,0.0011494252873563218,0.0011494252873563218,0.0022988505747126436,0.0011494252873563218,0.0011494252873563218,0.0011494252873563218,0.0011494252873563218,0.0011494252873563218,0.0022988505747126436,0.0011494252873563218,0.0022988505747126436,0.0011494252873563218,0.0011494252873563218,0.0011494252873563218,0.0034482758620689655,0.0011494252873563218,0.0011494252873563218,0.0011494252873563218,0.0011494252873563218,0.0011494252873563218,0.0011494252873563218,0.0011494252873563218,0.0011494252873563218,0.0011494252873563218,0.0011494252873563218,0.0011494252873563218,0.0011494252873563218,0.0034482758620689655,0.0011494252873563218,0.0022988505747126436,0.0011494252873563218,0.0011494252873563218,0.0011494252873563218,0.0011494252873563218,0.0011494252873563218,0.0011494252873563218,0.0011494252873563218,0.0011494252873563218,0.0011494252873563218,0.0011494252873563218,0.0011494252873563218,0.0011494252873563218,0.0011494252873563218,0.0011494252873563218,0.0011494252873563218,0.0011494252873563218,0.0011494252873563218,0.0011494252873563218,0.0,0.0,0.0,0.0,0.0,0.0,0.0,0.0,0.0,0.0,0.0,0.0,0.0,0.0,0.0,0.0,0.0,0.0,0.0,0.0,0.0,0.0,0.0,0.0,0.0,0.0,0.0,0.0,0.0,0.0,0.0,0.0,0.0,0.0,0.0,0.3728475471815743,0.0,0.0,0.0,0.0,0.0,0.0,0.0,0.0,0.0,0.0,0.0,0.0,0.0,0.0,0.0,0.0,0.0,0.0,0.0,0.0,0.0,0.0,0.0,0.0,0.0,0.0,0.0,0.0,0.0,0.0,0.0,0.0,0.0,0.0,0.0,0.0,0.0,0.0,0.0,0.0,0.0,0.0,0.0,0.0,0.0,0.0,0.0,0.0,0.0,0.0,0.0,0.0,0.0,0.0,0.0,0.0,0.0,0.0,0.0,0.0,0.0,0.0,0.0,0.0,0.0,0.0,0.0,0.0,0.0,0.0,0.0,0.0,0.0,0.0,0.0,0.0,0.0,0.0,0.0,0.0,0.0,0.0,0.0,0.0,0.0,0.0,0.0,0.0,0.0,0.0,0.0,0.0,0.0,0.0,0.0,0.0,0.0,0.0,0.0,0.0,0.0,0.0,0.0,0.0,0.0,0.0,0.0,0.0,0.0,0.0,0.0,0.0,0.0,0.0,0.3728475471815743,0.0,0.0,0.0,0.0,0.0,0.0,0.0,0.0,0.0,0.0,0.0,0.0,0.0,0.0,0.0,0.0,0.0,0.0,0.0,0.0,0.0,0.0,0.0,0.0,0.0,0.0,0.0,0.0,0.0,0.0,0.0,0.0,0.0,0.0,0.0,0.0,0.0,0.0,0.0,0.0,0.0,0.0,0.0,0.0,0.0,0.0,0.0,0.0,0.0,0.0,0.0,0.0,0.0,0.0,0.0,0.0,0.0,0.0,0.0,0.0,0.0,0.0,0.0,0.0,0.0,0.0,0.0,0.0,0.0,0.0,0.0,0.0,0.0,0.0,0.0,0.0,0.0,0.0,0.0,0.0,0.0,0.0,0.0,0.0,0.0,0.0,0.0,0.0,0.0,0.0,0.0,0.0,0.0,0.0,0.0,0.0,0.0,0.0,0.0,0.0,0.0,0.0,0.0,0.0,0.0,0.0,0.0,0.0,0.0,0.0,0.0,0.0,0.0,0.0,0.0,0.0,0.0,0.0,0.0,0.0,0.0,0.0,0.0,0.0,0.0,0.0,0.0,0.0,0.0,0.0,0.0,0.0,0.0,0.0,0.0,0.0,0.0,0.0,0.0,0.0,0.0,0.0,0.0,0.0,0.0,0.0,0.0,0.0,0.0,0.0,0.0,0.0,0.0,0.0,0.0,0.0,0.0,0.0,0.0,0.0,0.0,0.0,0.0,0.0,0.0,0.0,0.0,0.0,0.0,0.0,0.0,0.0,0.0,0.0,0.0,0.0,0.0,0.0,0.0,0.0,0.0,0.0,0.0,0.0,0.0,0.0,0.0,0.0,0.0,0.0,0.0,0.0,0.0,0.0,0.0,0.0,0.0,0.0,0.0,0.0,0.0,0.0,0.0,0.0,0.0,0.0,0.0,0.0,0.0,0.0,0.0,0.0,0.0,0.0,0.0,0.0,0.0,0.0,0.0,0.40215169472340784,0.0,0.0,0.0,0.0,0.0,0.0,0.0,0.0,0.0,0.0,0.0,0.0,0.0,0.0,0.0,0.0,0.0,0.0,0.0,0.0,0.0,0.0,0.0,0.0,0.0,0.0,0.0,0.0,0.0,0.0,0.0,0.0,0.0,0.0,0.0,0.0,0.0,0.0,0.0,0.0,0.0,0.0,0.0,0.0,0.0,0.0,0.0,0.0,0.0,0.0,0.0,0.0,0.0,0.0,0.0,0.0,0.0,0.0,0.0,0.0,0.0,0.0,0.0,0.0,0.0,0.0,0.0,0.0,0.0,0.0,0.0,0.0,0.0,0.0,0.0,0.0,0.0,0.0,0.0,0.0,0.0,0.0,0.0,0.0,0.0,0.0,0.0,0.0,0.0,0.0,0.0,0.0,0.0,0.0,0.0,0.0,0.0,0.0,0.0,0.0,0.0,0.0,0.0,0.0,0.0,0.0,0.0,0.0,0.0,0.0,0.0,0.0,0.0,0.0,0.0,0.0,0.0,0.0,0.0,0.0,0.0,0.0,0.0,0.0,0.0,0.0,0.0,0.0,0.0,0.0,0.0,0.33592868746308424,0.0,0.0,0.0,0.0,0.0,0.0,0.0,0.0,0.0,0.0,0.0,0.0,0.0,0.0,0.0,0.0,0.0,0.0,0.0,0.0,0.0,0.0,0.0,0.0,0.0,0.0,0.0,0.0,0.0,0.0,0.0,0.0,0.0,0.0,0.0,0.0,0.0,0.0,0.0,0.0,0.0,0.0,0.0,0.0,0.0,0.0,0.0,0.35205592361721444,0.0,0.0,0.0,0.0,0.0,0.0,0.0,0.0,0.0,0.0,0.0,0.0,0.0,0.0,0.0,0.0,0.0,0.0,0.0,0.0,0.0,0.0,0.0,0.0,0.0,0.0,0.0,0.0,0.40215169472340784,0.0,0.0,0.0,0.0,0.40215169472340784,0.0,0.0,0.0,0.0,0.0,0.0,0.0,0.0,0.0,0.0,0.0,0.0,0.0,0.0,0.0,0.0,0.0,0.0,0.0,0.0,0.0,0.0,0.0,0.0,0.0,0.0,0.0,0.0,0.0,0.0,0.0,0.0,0.0,0.0,0.0,0.0,0.0,0.0,0.0,0.0,0.0,0.0,0.0,0.0,0.0,0.0,0.0,0.0,0.0,0.0,0.0,0.0,0.0,0.0,0.0,0.0,0.0,0.0,0.0,0.0,0.0,0.0,0.0,0.0,0.0,0.0,0.0,0.0,0.0,0.0,0.0,0.0,0.0,0.0,0.0,0.0,0.0,0.0,0.0,0.0,0.0,0.0,0.0,0.0,0.0,0.0,0.0,0.0,0.0,0.0,0.0,0.0,0.0,0.0,0.0,0.0,0.0,0.0,0.0,0.0,0.0,0.0,0.0,0.0,0.0,0.0,0.0,0.0,0.0,0.0,0.0,0.0,0.0,0.0,0.0,0.0,0.0,0.0,0.0,0.0,0.0,0.0,0.0,0.0,0.0,0.0,0.0,0.0,0.0,0.0,0.0,0.0,0.0,0.0,0.0,0.0,0.0,0.0,0.0,0.0,0.0,0.0
SD2401268,20대,음 근데 우리집이 꼭대기 층이라 그런지 좀 괜찮은 거 같은데. 층간 소음은 없는데 벽간 소음이 쪼금 있는 거 같아. 방이 그 방음이 잘 안 돼서 옆 문 그 첫 입구 문에만 서도 옆의 방이 뭐 유튜브 뭐 듣고 있는지 무슨 대화하고 있는지가 너무 잘 들려서 쪼끔 부담스럽긴 해. 근데 위에는 아무도 사람이 안 사니까 내가 살기에는 어 소음이 없어서 되게 좋은 거 같아. 그거 말고도 본가 살 때는 위층이 아빠 지인이 살았었는데 그래서 막 소음이 나도 뭐라 하기가 좀 그랬던 경험이 있어. 너는 지금 몇 층 정도에 살아? 층간 소음은 없어? 음 그 학 학교 들어오고 나서부터 2년 동안 여기 살고 올해 새로 계약해서 똑같은 데 연장해서 거기서 살고 있어. 아마 내년에는 교환 학생을 가서 없으니까 오빠가 혼자 살 거 같아 지금 같이 살고 있으니까. 그리고 사실 나는 올해 딱 계약 연장할 때쯤에 새로 구해서 따로따로 살고 싶었는데 아무래도 서울 뭐 월세가 비싸다 보니까 그냥 한집에서 해서 전세로 사는 게 낫겠다 싶어서 같이 살고 있는데. 어 아무래도 생활 패턴이나 그런 집안일 하는 거가 좀 안 맞아서 좀 그게 제일 힘들어서 따로 살고 싶었던 거 같아. 뭐 혼자 늦게 자고 그런 건 상관없는데 오빠가 게임을 하니까 늦게까지 게임하는 소리 계속 들려 오 들려 오고 하니까 나 자는 데 방에 돼서 그랬던 거 같아. 너는 그런 적은 없어? 어 중3 때까지 1곳에서 살았고 그 주 중3 이후에 약간 신도시 분양 그런 청약 담 당첨 돼 가지고 1번 이사를 갔었어. 근데 그 중3 때까지 계속 같은 지역에 살다 보니까 거기 유치원 초등학교 중학교 나오고 고등학교도 그쪽을 가려고 했는데 이사를 가게 돼서 혼자 떨어진 곳을 가니까 친구들이랑도 멀어지고 그러 그 뭐 원래 놀던 데에서도 못 놀고 이런 게 쪼끔 아쉽고 힘들긴 하더라고. 근데 집이 넓어서 되게 좋았던 거 같아. 나는 이사를 많이 안 해 봐서 막 해 보고 싶었다 이런 게 좀 컸었는데 주변에 이사 많이 다니는 사람은 안 그렇더라고. 이사를 그만 다니고 싶다 그러더라. 혹시 너도 그런 편이야? 음 나는 이사 간 다음에 우 이 이사 간 아파트 앞에 막 전원주택 같은 게 있는 거야. 그래서 나중에 이 또 이사를 가게 된다면은 저런 데에서 살고 싶다. 저런 데에서 마당에서 막 식물 키우고 동물 키우고 막 나만의 정원을 가꾸면서 2층 바 다락방에서 살고 싶다 막 이런 생각을 했었는데. 근데 막상 거기에 살면은 관리하는 게 되게 힘들어 보이더라고. 할머니 집도 그런 전원주택인데 조금만 뭘 관리를 안 해 줘도 잡초 자라고 먼지가 끼고 더러워지고 막 그런 게 많아서 관리가 힘들다고 하더라고. 근데 그럼에도 한 약간 한번쯤은 전원주택에 살고 싶다 이런 생각이 있는데. 너는 그런 어디에 살고 싶다 이런 로망 같은 게 있어? 어 전자레인지랑 냉장고 세탁기 이 이 정도는 원래 있었던 거 같고. 밥솥이랑 응 어 그 오븐 같은 거 뭐라고 하지. 그 아 에어프라이어는 사 왔고. 최근에 여름 되니까 벌레가 너무 많이 생기잖아. 특히 음식물에 벌레가 많이 생기는데 그래서 버리기가 너무 힘들어서 미생물로 분해해 주는 기계 그런 게 있더라고. 오빠가 인스타그램에서 찾아와서 막 우 이거 쓰자 막 그러면서 찾아왔던 기억이 있어. 그래서 그거를 지금 살까 고민 중에 있어. 그게 음식물 쓰레기를 넣으면은 미생물들이 분해를 해서 흙으로 바로 만들어 준대. 근데 그게 하루 만에 다 만들어 주고 냄새도 안 나서 좋다고 하더라고. 너는 혹시 집안일 같은 거는 어떻게 하는 편이야? 어 가끔 아니 자주 좀 싸운 싸우진 않고 이런 거에 대해 짜증을 내는 거 같긴 한데 내 방이 쓰레기 그 분리수거 하는 데 바로 앞에 있단 말이야. 그래서 오빠는 좀 멀어서 쓰레기 같은 걸 거기 내면 그만인데 나는 내고 나서 그게 분리수거가 잘 안 되어 있거나 막 더러운 게 섞여 있거나 하면은 냄새가 바로 내 방으로 들어온단 말이야. 그거 때문에 오빠한테 뭐라 한 적도 많았던 거 같고. 약간 분담 같은 게 예전에는 막 뭐 냉장고 청소 네가 1번 하면 내가 화장실 청소 1번 하고 이런 식으로 번갈아서 하자라고 말은 했는데 어느 순간 보니까 내가 다 하고 있더라고. 그래서 그거에 대해서 쌓아 놨다가 화내기 직전에 딱 말하면은 오빠가 또 눈치는 빨라 가지고 그제서야 부랴부랴 치우고 막 이래서 어 싸우지는 않았던 거 같아. 근데 자취를 하니까 확실히 본가 살 때는 엄마가 다 해 주고 그러는데 내가 다 해야 되니까 그게 힘든 거 같긴 해. 너는 자취하고 싶다는 생각은 없어? 아 나 처음에 집 들어올 때 막 냉장고랑 기본 가구에 막 여 연두색 띠가 막 둘러져 있는 거야. 기본 색깔로 막 있는 거야. 그래서 그걸 보고 아 진짜 별로다. 여기 살기 싫다 했었는데 막상 들어가 보니까 그런 거 별로 티도 안 나고 깔끔해 보이고 좋더라고. 그래서 그렇게 쓰고 있고. 뭔가 인테리어 아 그 자취하면 내 방식대로 바 집을 꾸미고 막 이렇게 써야지라는 생각은 있었는데 막상 있으니까 짐을 그 넣을 짐도 너무 많고 근데 그거에 비해 공간은 안 나오고 하니까 인테리어라고 할 것도 없이 그냥 짐을 넣어 놓은 거 같아. 내 방이 너무 작아서 옷장 같은 게 들어갈 공간이 안 나서 거실에다가 행거 설치해서 바로 옷 놓아두고. 그래서 뭔가 꾸미기도 애매하고 그랬던 거 같아. 너는 집 인테리어 어떤 편이야? 서울에서 살 수 있으면 좋을 거 같은데. 왜냐하면 여가 생활 같은 것도 훨씬 더 많이 할 수 있고 이제 거의 내 친구들이나 생활 반경이 서울에 중심에 맞춰져 있다 보니까 서울에서 생활하는 게 편하긴 한데 가끔씩 여기가 사람이 너무 많아서 내려가고 싶다라는 생각이 들긴 해. 근데 직장을 얻고 뭔가 더 발전을 하려면은 서울에서 사는 게 맞는 거 같아. 나는 그 본가 살 때는 지하에 헬스장이 있어서 그거를 썼단 말이야. 근데 자취를 하니까 그런 여가 시설 시 그 아무튼 시설들이 없어서 막 주변에서 주변 다른 헬스장을 등록해 놨단 말이야. 근데 너는 지금 어쨌든 본가에 살잖아. 큰 아파트에 사는데 그러면 거기에 막 여가 시설 같은 게 와 잘 마련되어 있어?,0.005747126436781609,0.017241379310344827,0.004597701149425287,0.0,0.005747126436781609,0.0034482758620689655,0.005747126436781609,0.008045977011494253,0.01839080459770115,0.029885057471264367,0.004597701149425287,0.027586206896551724,0.0,0.008045977011494253,0.0022988505747126436,0.0,0.0034482758620689655,0.0011494252873563218,0.03218390804597701,0.013793103448275862,0.0,0.0,0.0,0.0022988505747126436,0.0,0.004597701149425287,0.021839080459770115,0.0,0.0034482758620689655,0.0034482758620689655,0.04367816091954023,0.0,0.006896551724137931,0.0,0.004597701149425287,0.009195402298850575,0.0,0.0,0.011494252873563218,0.0011494252873563218,0.0,0.0022988505747126436,0.0,0.0,0.034482758620689655,0.004597701149425287,0.013793103448275862,0.0022988505747126436,0.004597701149425287,0.0367816091954023,0.009195402298850575,0.0011494252873563218,0.0,0.0022988505747126436,0.0,0.0011494252873563218,0.0011494252873563218,0.0022988505747126436,0.0,0.006896551724137931,0.0,0.0,0.0,0.0011494252873563218,0.006896551724137931,0.0022988505747126436,0.0022988505747126436,0.0011494252873563218,0.0011494252873563218,0.0,0.0,0.0,0.0022988505747126436,0.0,0.0,0.005747126436781609,0.0022988505747126436,0.0,0.006896551724137931,0.010344827586206896,0.0011494252873563218,0.0,0.0,0.0,0.0,0.004597701149425287,0.0034482758620689655,0.0,0.0022988505747126436,0.004597701149425287,0.0,0.0022988505747126436,0.0,0.0011494252873563218,0.0,0.0011494252873563218,0.0011494252873563218,0.0011494252873563218,0.0,0.0022988505747126436,0.004597701149425287,0.0011494252873563218,0.0,0.0,0.0,0.0,0.01264367816091954,0.009195402298850575,0.0,0.0011494252873563218,0.0011494252873563218,0.0022988505747126436,0.0011494252873563218,0.0,0.0,0.0011494252873563218,0.0,0.0,0.0011494252873563218,0.011494252873563218,0.0,0.005747126436781609,0.0011494252873563218,0.0,0.0022988505747126436,0.0011494252873563218,0.0011494252873563218,0.0,0.0022988505747126436,0.0,0.0,0.0,0.0,0.0034482758620689655,0.0,0.0,0.01839080459770115,0.0022988505747126436,0.0,0.0,0.0022988505747126436,0.0022988505747126436,0.0022988505747126436,0.0,0.0,0.005747126436781609,0.0011494252873563218,0.0,0.008045977011494253,0.0022988505747126436,0.0011494252873563218,0.005747126436781609,0.0011494252873563218,0.0,0.0,0.0011494252873563218,0.0,0.0011494252873563218,0.006896551724137931,0.0011494252873563218,0.0,0.0034482758620689655,0.0,0.0,0.0,0.004597701149425287,0.0011494252873563218,0.0011494252873563218,0.0,0.0,0.0011494252873563218,0.0,0.0,0.0,0.006896551724137931,0.0,0.0,0.0,0.0,0.0,0.0011494252873563218,0.0,0.0034482758620689655,0.0022988505747126436,0.0,0.0022988505747126436,0.0,0.0022988505747126436,0.0022988505747126436,0.0,0.0,0.0,0.0022988505747126436,0.0,0.0,0.0011494252873563218,0.0,0.0,0.0,0.0,0.0034482758620689655,0.0,0.004597701149425287,0.0,0.0,0.0,0.0,0.0,0.0,0.0011494252873563218,0.0,0.0,0.0,0.0,0.0011494252873563218,0.0,0.0011494252873563218,0.0,0.0011494252873563218,0.0,0.0022988505747126436,0.0,0.0011494252873563218,0.0022988505747126436,0.0,0.0,0.005747126436781609,0.0,0.0022988505747126436,0.0,0.0,0.0,0.0,0.0,0.0,0.0,0.0,0.0,0.0022988505747126436,0.0,0.0,0.0,0.004597701149425287,0.0,0.0,0.0,0.0,0.0,0.0,0.0,0.0,0.0,0.0,0.0,0.0,0.0,0.006896551724137931,0.0034482758620689655,0.0011494252873563218,0.0011494252873563218,0.0011494252873563218,0.0011494252873563218,0.0022988505747126436,0.0022988505747126436,0.0011494252873563218,0.0011494252873563218,0.0011494252873563218,0.0011494252873563218,0.0011494252873563218,0.0011494252873563218,0.0034482758620689655,0.0011494252873563218,0.005747126436781609,0.0011494252873563218,0.0011494252873563218,0.0011494252873563218,0.0022988505747126436,0.0022988505747126436,0.0011494252873563218,0.0022988505747126436,0.0011494252873563218,0.0011494252873563218,0.0011494252873563218,0.0011494252873563218,0.0022988505747126436,0.0011494252873563218,0.0011494252873563218,0.0011494252873563218,0.0022988505747126436,0.0011494252873563218,0.0011494252873563218,0.0011494252873563218,0.0011494252873563218,0.0011494252873563218,0.0011494252873563218,0.0011494252873563218,0.0011494252873563218,0.0022988505747126436,0.0022988505747126436,0.0011494252873563218,0.0011494252873563218,0.0011494252873563218,0.0022988505747126436,0.0011494252873563218,0.0011494252873563218,0.0034482758620689655,0.0011494252873563218,0.0011494252873563218,0.0011494252873563218,0.0011494252873563218,0.0011494252873563218,0.0011494252873563218,0.0011494252873563218,0.0022988505747126436,0.0011494252873563218,0.0022988505747126436,0.0022988505747126436,0.0011494252873563218,0.0011494252873563218,0.0034482758620689655,0.0011494252873563218,0.0011494252873563218,0.0022988505747126436,0.0011494252873563218,0.0022988505747126436,0.0011494252873563218,0.0011494252873563218,0.0022988505747126436,0.0011494252873563218,0.0011494252873563218,0.0011494252873563218,0.0022988505747126436,0.0011494252873563218,0.0034482758620689655,0.0034482758620689655,0.0022988505747126436,0.0011494252873563218,0.0011494252873563218,0.0011494252873563218,0.0011494252873563218,0.0011494252873563218,0.0011494252873563218,0.0011494252873563218,0.004597701149425287,0.0011494252873563218,0.0011494252873563218,0.0011494252873563218,0.0011494252873563218,0.0022988505747126436,0.0011494252873563218,0.0011494252873563218,0.0011494252873563218,0.0034482758620689655,0.0011494252873563218,0.0011494252873563218,0.0011494252873563218,0.0011494252873563218,0.0022988505747126436,0.0011494252873563218,0.0022988505747126436,0.0022988505747126436,0.0022988505747126436,0.0011494252873563218,0.0011494252873563218,0.0011494252873563218,0.0011494252873563218,0.0022988505747126436,0.0011494252873563218,0.0034482758620689655,0.0034482758620689655,0.0011494252873563218,0.004597701149425287,0.0011494252873563218,0.0011494252873563218,0.0022988505747126436,0.0022988505747126436,0.0011494252873563218,0.0011494252873563218,0.0011494252873563218,0.0022988505747126436,0.0011494252873563218,0.0022988505747126436,0.0022988505747126436,0.0011494252873563218,0.0011494252873563218,0.0011494252873563218,0.0011494252873563218,0.0011494252873563218,0.0011494252873563218,0.0011494252873563218,0.0011494252873563218,0.0011494252873563218,0.0011494252873563218,0.0011494252873563218,0.0011494252873563218,0.0022988505747126436,0.0011494252873563218,0.0011494252873563218,0.0011494252873563218,0.0011494252873563218,0.0011494252873563218,0.0011494252873563218,0.0011494252873563218,0.0011494252873563218,0.0011494252873563218,0.0011494252873563218,0.0011494252873563218,0.0022988505747126436,0.0011494252873563218,0.0011494252873563218,0.0011494252873563218,0.0011494252873563218,0.0011494252873563218,0.0022988505747126436,0.0011494252873563218,0.0022988505747126436,0.0011494252873563218,0.0011494252873563218,0.0011494252873563218,0.0034482758620689655,0.0011494252873563218,0.0011494252873563218,0.0011494252873563218,0.0011494252873563218,0.0011494252873563218,0.0011494252873563218,0.0011494252873563218,0.0011494252873563218,0.0011494252873563218,0.0011494252873563218,0.0011494252873563218,0.0011494252873563218,0.0034482758620689655,0.0011494252873563218,0.0022988505747126436,0.0011494252873563218,0.0011494252873563218,0.0011494252873563218,0.0011494252873563218,0.0011494252873563218,0.0011494252873563218,0.0011494252873563218,0.0011494252873563218,0.0011494252873563218,0.0011494252873563218,0.0011494252873563218,0.0011494252873563218,0.0011494252873563218,0.0011494252873563218,0.0011494252873563218,0.0011494252873563218,0.0011494252873563218,0.0011494252873563218,0.0,0.0,0.0,0.0,0.0,0.0,0.0,0.0,0.0,0.0,0.0,0.0,0.0,0.0,0.0,0.0,0.0,0.0,0.0,0.0,0.0,0.0,0.0,0.0,0.0,0.0,0.0,0.0,0.0,0.0,0.0,0.0,0.0,0.0,0.0,0.0,0.0,0.0,0.0,0.0,0.31423945271524706,0.0,0.0,0.0,0.0,0.0,0.0,0.0,0.0,0.0,0.0,0.0,0.0,0.0,0.0,0.0,0.0,0.0,0.0,0.0,0.0,0.0,0.0,0.0,0.0,0.0,0.0,0.0,0.0,0.0,0.0,0.0,0.0,0.0,0.0,0.0,0.0,0.0,0.0,0.0,0.0,0.0,0.0,0.0,0.0,0.0,0.0,0.0,0.0,0.0,0.0,0.0,0.0,0.0,0.0,0.0,0.0,0.0,0.0,0.0,0.0,0.0,0.0,0.0,0.0,0.0,0.0,0.0,0.0,0.0,0.0,0.0,0.0,0.0,0.0,0.0,0.0,0.0,0.0,0.0,0.0,0.0,0.0,0.0,0.0,0.0,0.0,0.0,0.0,0.0,0.0,0.0,0.0,0.0,0.0,0.0,0.0,0.0,0.0,0.0,0.0,0.0,0.0,0.0,0.0,0.0,0.0,0.0,0.0,0.0,0.0,0.0,0.0,0.0,0.0,0.0,0.0,0.0,0.0,0.0,0.0,0.0,0.0,0.0,0.0,0.0,0.0,0.0,0.0,0.0,0.0,0.0,0.0,0.0,0.0,0.0,0.0,0.0,0.0,0.0,0.0,0.0,0.0,0.0,0.0,0.0,0.0,0.0,0.0,0.0,0.0,0.0,0.0,0.0,0.0,0.0,0.0,0.0,0.0,0.0,0.0,0.0,0.0,0.0,0.0,0.0,0.0,0.0,0.0,0.0,0.0,0.0,0.0,0.0,0.0,0.0,0.0,0.0,0.0,0.0,0.0,0.0,0.0,0.0,0.0,0.0,0.0,0.0,0.0,0.0,0.0,0.0,0.0,0.0,0.0,0.0,0.0,0.0,0.0,0.0,0.0,0.0,0.0,0.0,0.0,0.0,0.0,0.0,0.0,0.0,0.0,0.0,0.0,0.0,0.0,0.0,0.0,0.0,0.0,0.0,0.0,0.0,0.0,0.0,0.0,0.0,0.0,0.0,0.0,0.0,0.0,0.0,0.0,0.0,0.0,0.0,0.0,0.48322997655588545,0.0,0.0,0.0,0.0,0.0,0.0,0.0,0.0,0.0,0.0,0.48322997655588545,0.0,0.0,0.0,0.0,0.0,0.0,0.0,0.0,0.0,0.0,0.0,0.0,0.0,0.0,0.0,0.0,0.0,0.0,0.0,0.0,0.0,0.0,0.0,0.0,0.0,0.0,0.0,0.0,0.0,0.0,0.0,0.0,0.0,0.0,0.0,0.0,0.0,0.0,0.0,0.0,0.0,0.0,0.0,0.0,0.0,0.0,0.0,0.0,0.0,0.0,0.0,0.0,0.0,0.0,0.0,0.0,0.0,0.0,0.0,0.0,0.0,0.0,0.0,0.0,0.0,0.0,0.0,0.0,0.0,0.0,0.0,0.0,0.0,0.0,0.0,0.0,0.0,0.0,0.0,0.0,0.0,0.0,0.0,0.0,0.0,0.0,0.0,0.0,0.0,0.0,0.0,0.0,0.0,0.0,0.0,0.0,0.0,0.0,0.0,0.0,0.0,0.0,0.0,0.0,0.0,0.0,0.0,0.0,0.0,0.0,0.0,0.0,0.0,0.0,0.0,0.0,0.0,0.0,0.0,0.0,0.0,0.0,0.0,0.0,0.0,0.0,0.0,0.0,0.0,0.0,0.0,0.0,0.0,0.0,0.0,0.0,0.0,0.0,0.0,0.0,0.0,0.0,0.0,0.0,0.0,0.0,0.0,0.0,0.0,0.0,0.0,0.0,0.0,0.0,0.0,0.0,0.0,0.0,0.0,0.0,0.0,0.0,0.0,0.0,0.0,0.0,0.0,0.0,0.0,0.0,0.0,0.0,0.0,0.0,0.0,0.0,0.0,0.0,0.0,0.0,0.0,0.0,0.0,0.0,0.0,0.0,0.0,0.48322997655588545,0.0,0.0,0.0,0.0,0.0,0.0,0.0,0.0,0.0,0.0,0.0,0.0,0.0,0.0,0.0,0.0,0.0,0.0,0.0,0.0,0.0,0.0,0.0,0.0,0.0,0.0,0.0,0.0,0.0,0.0,0.0,0.0,0.0,0.0,0.0,0.0,0.0,0.0,0.0,0.0,0.0,0.0,0.0,0.0,0.0,0.0,0.0,0.0,0.0,0.0,0.0,0.0,0.0,0.0,0.0,0.0,0.0,0.0,0.0,0.0,0.0,0.0,0.0,0.0,0.0,0.0,0.0,0.0,0.0,0.0,0.0,0.0,0.0,0.0,0.0,0.0,0.0,0.0,0.0,0.0,0.0,0.0,0.0,0.0,0.0,0.0,0.0,0.0,0.0,0.0,0.0,0.0,0.0,0.0,0.0,0.0,0.0,0.0,0.0,0.0,0.0,0.0,0.0,0.0,0.0,0.0,0.0,0.0,0.0,0.0,0.0,0.0,0.0,0.0,0.0,0.0,0.0,0.0,0.0,0.0,0.0,0.0,0.0,0.0,0.0,0.0,0.0,0.0,0.0,0.0,0.0,0.0,0.0,0.0,0.0,0.0,0.0,0.0,0.0,0.0,0.0,0.0,0.0,0.0,0.0,0.0,0.0,0.0,0.0,0.0,0.0,0.0,0.0,0.0,0.0,0.0,0.0,0.0,0.0,0.0,0.0,0.0,0.0,0.0,0.0,0.0,0.0,0.0,0.0,0.0,0.0,0.0,0.0,0.0,0.0,0.0,0.0,0.0,0.0,0.0,0.0,0.0,0.0,0.0,0.0,0.0,0.0,0.0,0.0,0.0,0.0,0.0,0.0,0.0,0.0,0.0,0.0,0.0,0.0,0.0,0.0,0.0,0.0,0.0,0.0,0.0,0.0,0.0,0.44801778494900973,0.0,0.0,0.0,0.0,0.0,0.0,0.0,0.0,0.0,0.0,0.0,0.0,0.0,0.0,0.0,0.0,0.0,0.0,0.0,0.0,0.0,0.0,0.0,0.0,0.0,0.0,0.0,0.0,0.0,0.0,0.0,0.0,0.0,0.0,0.0,0.0,0.0,0.0,0.0,0.0,0.0
SD2401268,20대,음 근데 우리집이 꼭대기 층이라 그런지 좀 괜찮은 거 같은데. 층간 소음은 없는데 벽간 소음이 쪼금 있는 거 같아. 방이 그 방음이 잘 안 돼서 옆 문 그 첫 입구 문에만 서도 옆의 방이 뭐 유튜브 뭐 듣고 있는지 무슨 대화하고 있는지가 너무 잘 들려서 쪼끔 부담스럽긴 해. 근데 위에는 아무도 사람이 안 사니까 내가 살기에는 어 소음이 없어서 되게 좋은 거 같아. 그거 말고도 본가 살 때는 위층이 아빠 지인이 살았었는데 그래서 막 소음이 나도 뭐라 하기가 좀 그랬던 경험이 있어. 너는 지금 몇 층 정도에 살아? 층간 소음은 없어? 음 그 학 학교 들어오고 나서부터 2년 동안 여기 살고 올해 새로 계약해서 똑같은 데 연장해서 거기서 살고 있어. 아마 내년에는 교환 학생을 가서 없으니까 오빠가 혼자 살 거 같아 지금 같이 살고 있으니까. 그리고 사실 나는 올해 딱 계약 연장할 때쯤에 새로 구해서 따로따로 살고 싶었는데 아무래도 서울 뭐 월세가 비싸다 보니까 그냥 한집에서 해서 전세로 사는 게 낫겠다 싶어서 같이 살고 있는데. 어 아무래도 생활 패턴이나 그런 집안일 하는 거가 좀 안 맞아서 좀 그게 제일 힘들어서 따로 살고 싶었던 거 같아. 뭐 혼자 늦게 자고 그런 건 상관없는데 오빠가 게임을 하니까 늦게까지 게임하는 소리 계속 들려 오 들려 오고 하니까 나 자는 데 방에 돼서 그랬던 거 같아. 너는 그런 적은 없어? 어 중3 때까지 1곳에서 살았고 그 주 중3 이후에 약간 신도시 분양 그런 청약 담 당첨 돼 가지고 1번 이사를 갔었어. 근데 그 중3 때까지 계속 같은 지역에 살다 보니까 거기 유치원 초등학교 중학교 나오고 고등학교도 그쪽을 가려고 했는데 이사를 가게 돼서 혼자 떨어진 곳을 가니까 친구들이랑도 멀어지고 그러 그 뭐 원래 놀던 데에서도 못 놀고 이런 게 쪼끔 아쉽고 힘들긴 하더라고. 근데 집이 넓어서 되게 좋았던 거 같아. 나는 이사를 많이 안 해 봐서 막 해 보고 싶었다 이런 게 좀 컸었는데 주변에 이사 많이 다니는 사람은 안 그렇더라고. 이사를 그만 다니고 싶다 그러더라. 혹시 너도 그런 편이야? 음 나는 이사 간 다음에 우 이 이사 간 아파트 앞에 막 전원주택 같은 게 있는 거야. 그래서 나중에 이 또 이사를 가게 된다면은 저런 데에서 살고 싶다. 저런 데에서 마당에서 막 식물 키우고 동물 키우고 막 나만의 정원을 가꾸면서 2층 바 다락방에서 살고 싶다 막 이런 생각을 했었는데. 근데 막상 거기에 살면은 관리하는 게 되게 힘들어 보이더라고. 할머니 집도 그런 전원주택인데 조금만 뭘 관리를 안 해 줘도 잡초 자라고 먼지가 끼고 더러워지고 막 그런 게 많아서 관리가 힘들다고 하더라고. 근데 그럼에도 한 약간 한번쯤은 전원주택에 살고 싶다 이런 생각이 있는데. 너는 그런 어디에 살고 싶다 이런 로망 같은 게 있어? 어 전자레인지랑 냉장고 세탁기 이 이 정도는 원래 있었던 거 같고. 밥솥이랑 응 어 그 오븐 같은 거 뭐라고 하지. 그 아 에어프라이어는 사 왔고. 최근에 여름 되니까 벌레가 너무 많이 생기잖아. 특히 음식물에 벌레가 많이 생기는데 그래서 버리기가 너무 힘들어서 미생물로 분해해 주는 기계 그런 게 있더라고. 오빠가 인스타그램에서 찾아와서 막 우 이거 쓰자 막 그러면서 찾아왔던 기억이 있어. 그래서 그거를 지금 살까 고민 중에 있어. 그게 음식물 쓰레기를 넣으면은 미생물들이 분해를 해서 흙으로 바로 만들어 준대. 근데 그게 하루 만에 다 만들어 주고 냄새도 안 나서 좋다고 하더라고. 너는 혹시 집안일 같은 거는 어떻게 하는 편이야? 어 가끔 아니 자주 좀 싸운 싸우진 않고 이런 거에 대해 짜증을 내는 거 같긴 한데 내 방이 쓰레기 그 분리수거 하는 데 바로 앞에 있단 말이야. 그래서 오빠는 좀 멀어서 쓰레기 같은 걸 거기 내면 그만인데 나는 내고 나서 그게 분리수거가 잘 안 되어 있거나 막 더러운 게 섞여 있거나 하면은 냄새가 바로 내 방으로 들어온단 말이야. 그거 때문에 오빠한테 뭐라 한 적도 많았던 거 같고. 약간 분담 같은 게 예전에는 막 뭐 냉장고 청소 네가 1번 하면 내가 화장실 청소 1번 하고 이런 식으로 번갈아서 하자라고 말은 했는데 어느 순간 보니까 내가 다 하고 있더라고. 그래서 그거에 대해서 쌓아 놨다가 화내기 직전에 딱 말하면은 오빠가 또 눈치는 빨라 가지고 그제서야 부랴부랴 치우고 막 이래서 어 싸우지는 않았던 거 같아. 근데 자취를 하니까 확실히 본가 살 때는 엄마가 다 해 주고 그러는데 내가 다 해야 되니까 그게 힘든 거 같긴 해. 너는 자취하고 싶다는 생각은 없어? 아 나 처음에 집 들어올 때 막 냉장고랑 기본 가구에 막 여 연두색 띠가 막 둘러져 있는 거야. 기본 색깔로 막 있는 거야. 그래서 그걸 보고 아 진짜 별로다. 여기 살기 싫다 했었는데 막상 들어가 보니까 그런 거 별로 티도 안 나고 깔끔해 보이고 좋더라고. 그래서 그렇게 쓰고 있고. 뭔가 인테리어 아 그 자취하면 내 방식대로 바 집을 꾸미고 막 이렇게 써야지라는 생각은 있었는데 막상 있으니까 짐을 그 넣을 짐도 너무 많고 근데 그거에 비해 공간은 안 나오고 하니까 인테리어라고 할 것도 없이 그냥 짐을 넣어 놓은 거 같아. 내 방이 너무 작아서 옷장 같은 게 들어갈 공간이 안 나서 거실에다가 행거 설치해서 바로 옷 놓아두고. 그래서 뭔가 꾸미기도 애매하고 그랬던 거 같아. 너는 집 인테리어 어떤 편이야? 서울에서 살 수 있으면 좋을 거 같은데. 왜냐하면 여가 생활 같은 것도 훨씬 더 많이 할 수 있고 이제 거의 내 친구들이나 생활 반경이 서울에 중심에 맞춰져 있다 보니까 서울에서 생활하는 게 편하긴 한데 가끔씩 여기가 사람이 너무 많아서 내려가고 싶다라는 생각이 들긴 해. 근데 직장을 얻고 뭔가 더 발전을 하려면은 서울에서 사는 게 맞는 거 같아. 나는 그 본가 살 때는 지하에 헬스장이 있어서 그거를 썼단 말이야. 근데 자취를 하니까 그런 여가 시설 시 그 아무튼 시설들이 없어서 막 주변에서 주변 다른 헬스장을 등록해 놨단 말이야. 근데 너는 지금 어쨌든 본가에 살잖아. 큰 아파트에 사는데 그러면 거기에 막 여가 시설 같은 게 와 잘 마련되어 있어?,0.005747126436781609,0.017241379310344827,0.004597701149425287,0.0,0.005747126436781609,0.0034482758620689655,0.005747126436781609,0.008045977011494253,0.01839080459770115,0.029885057471264367,0.004597701149425287,0.027586206896551724,0.0,0.008045977011494253,0.0022988505747126436,0.0,0.0034482758620689655,0.0011494252873563218,0.03218390804597701,0.013793103448275862,0.0,0.0,0.0,0.0022988505747126436,0.0,0.004597701149425287,0.021839080459770115,0.0,0.0034482758620689655,0.0034482758620689655,0.04367816091954023,0.0,0.006896551724137931,0.0,0.004597701149425287,0.009195402298850575,0.0,0.0,0.011494252873563218,0.0011494252873563218,0.0,0.0022988505747126436,0.0,0.0,0.034482758620689655,0.004597701149425287,0.013793103448275862,0.0022988505747126436,0.004597701149425287,0.0367816091954023,0.009195402298850575,0.0011494252873563218,0.0,0.0022988505747126436,0.0,0.0011494252873563218,0.0011494252873563218,0.0022988505747126436,0.0,0.006896551724137931,0.0,0.0,0.0,0.0011494252873563218,0.006896551724137931,0.0022988505747126436,0.0022988505747126436,0.0011494252873563218,0.0011494252873563218,0.0,0.0,0.0,0.0022988505747126436,0.0,0.0,0.005747126436781609,0.0022988505747126436,0.0,0.006896551724137931,0.010344827586206896,0.0011494252873563218,0.0,0.0,0.0,0.0,0.004597701149425287,0.0034482758620689655,0.0,0.0022988505747126436,0.004597701149425287,0.0,0.0022988505747126436,0.0,0.0011494252873563218,0.0,0.0011494252873563218,0.0011494252873563218,0.0011494252873563218,0.0,0.0022988505747126436,0.004597701149425287,0.0011494252873563218,0.0,0.0,0.0,0.0,0.01264367816091954,0.009195402298850575,0.0,0.0011494252873563218,0.0011494252873563218,0.0022988505747126436,0.0011494252873563218,0.0,0.0,0.0011494252873563218,0.0,0.0,0.0011494252873563218,0.011494252873563218,0.0,0.005747126436781609,0.0011494252873563218,0.0,0.0022988505747126436,0.0011494252873563218,0.0011494252873563218,0.0,0.0022988505747126436,0.0,0.0,0.0,0.0,0.0034482758620689655,0.0,0.0,0.01839080459770115,0.0022988505747126436,0.0,0.0,0.0022988505747126436,0.0022988505747126436,0.0022988505747126436,0.0,0.0,0.005747126436781609,0.0011494252873563218,0.0,0.008045977011494253,0.0022988505747126436,0.0011494252873563218,0.005747126436781609,0.0011494252873563218,0.0,0.0,0.0011494252873563218,0.0,0.0011494252873563218,0.006896551724137931,0.0011494252873563218,0.0,0.0034482758620689655,0.0,0.0,0.0,0.004597701149425287,0.0011494252873563218,0.0011494252873563218,0.0,0.0,0.0011494252873563218,0.0,0.0,0.0,0.006896551724137931,0.0,0.0,0.0,0.0,0.0,0.0011494252873563218,0.0,0.0034482758620689655,0.0022988505747126436,0.0,0.0022988505747126436,0.0,0.0022988505747126436,0.0022988505747126436,0.0,0.0,0.0,0.0022988505747126436,0.0,0.0,0.0011494252873563218,0.0,0.0,0.0,0.0,0.0034482758620689655,0.0,0.004597701149425287,0.0,0.0,0.0,0.0,0.0,0.0,0.0011494252873563218,0.0,0.0,0.0,0.0,0.0011494252873563218,0.0,0.0011494252873563218,0.0,0.0011494252873563218,0.0,0.0022988505747126436,0.0,0.0011494252873563218,0.0022988505747126436,0.0,0.0,0.005747126436781609,0.0,0.0022988505747126436,0.0,0.0,0.0,0.0,0.0,0.0,0.0,0.0,0.0,0.0022988505747126436,0.0,0.0,0.0,0.004597701149425287,0.0,0.0,0.0,0.0,0.0,0.0,0.0,0.0,0.0,0.0,0.0,0.0,0.0,0.006896551724137931,0.0034482758620689655,0.0011494252873563218,0.0011494252873563218,0.0011494252873563218,0.0011494252873563218,0.0022988505747126436,0.0022988505747126436,0.0011494252873563218,0.0011494252873563218,0.0011494252873563218,0.0011494252873563218,0.0011494252873563218,0.0011494252873563218,0.0034482758620689655,0.0011494252873563218,0.005747126436781609,0.0011494252873563218,0.0011494252873563218,0.0011494252873563218,0.0022988505747126436,0.0022988505747126436,0.0011494252873563218,0.0022988505747126436,0.0011494252873563218,0.0011494252873563218,0.0011494252873563218,0.0011494252873563218,0.0022988505747126436,0.0011494252873563218,0.0011494252873563218,0.0011494252873563218,0.0022988505747126436,0.0011494252873563218,0.0011494252873563218,0.0011494252873563218,0.0011494252873563218,0.0011494252873563218,0.0011494252873563218,0.0011494252873563218,0.0011494252873563218,0.0022988505747126436,0.0022988505747126436,0.0011494252873563218,0.0011494252873563218,0.0011494252873563218,0.0022988505747126436,0.0011494252873563218,0.0011494252873563218,0.0034482758620689655,0.0011494252873563218,0.0011494252873563218,0.0011494252873563218,0.0011494252873563218,0.0011494252873563218,0.0011494252873563218,0.0011494252873563218,0.0022988505747126436,0.0011494252873563218,0.0022988505747126436,0.0022988505747126436,0.0011494252873563218,0.0011494252873563218,0.0034482758620689655,0.0011494252873563218,0.0011494252873563218,0.0022988505747126436,0.0011494252873563218,0.0022988505747126436,0.0011494252873563218,0.0011494252873563218,0.0022988505747126436,0.0011494252873563218,0.0011494252873563218,0.0011494252873563218,0.0022988505747126436,0.0011494252873563218,0.0034482758620689655,0.0034482758620689655,0.0022988505747126436,0.0011494252873563218,0.0011494252873563218,0.0011494252873563218,0.0011494252873563218,0.0011494252873563218,0.0011494252873563218,0.0011494252873563218,0.004597701149425287,0.0011494252873563218,0.0011494252873563218,0.0011494252873563218,0.0011494252873563218,0.0022988505747126436,0.0011494252873563218,0.0011494252873563218,0.0011494252873563218,0.0034482758620689655,0.0011494252873563218,0.0011494252873563218,0.0011494252873563218,0.0011494252873563218,0.0022988505747126436,0.0011494252873563218,0.0022988505747126436,0.0022988505747126436,0.0022988505747126436,0.0011494252873563218,0.0011494252873563218,0.0011494252873563218,0.0011494252873563218,0.0022988505747126436,0.0011494252873563218,0.0034482758620689655,0.0034482758620689655,0.0011494252873563218,0.004597701149425287,0.0011494252873563218,0.0011494252873563218,0.0022988505747126436,0.0022988505747126436,0.0011494252873563218,0.0011494252873563218,0.0011494252873563218,0.0022988505747126436,0.0011494252873563218,0.0022988505747126436,0.0022988505747126436,0.0011494252873563218,0.0011494252873563218,0.0011494252873563218,0.0011494252873563218,0.0011494252873563218,0.0011494252873563218,0.0011494252873563218,0.0011494252873563218,0.0011494252873563218,0.0011494252873563218,0.0011494252873563218,0.0011494252873563218,0.0022988505747126436,0.0011494252873563218,0.0011494252873563218,0.0011494252873563218,0.0011494252873563218,0.0011494252873563218,0.0011494252873563218,0.0011494252873563218,0.0011494252873563218,0.0011494252873563218,0.0011494252873563218,0.0011494252873563218,0.0022988505747126436,0.0011494252873563218,0.0011494252873563218,0.0011494252873563218,0.0011494252873563218,0.0011494252873563218,0.0022988505747126436,0.0011494252873563218,0.0022988505747126436,0.0011494252873563218,0.0011494252873563218,0.0011494252873563218,0.0034482758620689655,0.0011494252873563218,0.0011494252873563218,0.0011494252873563218,0.0011494252873563218,0.0011494252873563218,0.0011494252873563218,0.0011494252873563218,0.0011494252873563218,0.0011494252873563218,0.0011494252873563218,0.0011494252873563218,0.0011494252873563218,0.0034482758620689655,0.0011494252873563218,0.0022988505747126436,0.0011494252873563218,0.0011494252873563218,0.0011494252873563218,0.0011494252873563218,0.0011494252873563218,0.0011494252873563218,0.0011494252873563218,0.0011494252873563218,0.0011494252873563218,0.0011494252873563218,0.0011494252873563218,0.0011494252873563218,0.0011494252873563218,0.0011494252873563218,0.0011494252873563218,0.0011494252873563218,0.0011494252873563218,0.0011494252873563218,0.0,0.0,0.0,0.0,0.0,0.0,0.0,0.0,0.0,0.0,0.0,0.0,0.0,0.0,0.0,0.0,0.0,0.0,0.0,0.0,0.0,0.0,0.0,0.0,0.0,0.0,0.0,0.0,0.0,0.0,0.0,0.0,0.0,0.0,0.0,0.0,0.0,0.0,0.0,0.0,0.0,0.0,0.0,0.0,0.0,0.0,0.0,0.0,0.0,0.0,0.0,0.0,0.0,0.0,0.0,0.0,0.0,0.0,0.0,0.0,0.0,0.0,0.0,0.0,0.0,0.0,0.0,0.0,0.0,0.0,0.0,0.0,0.0,0.0,0.0,0.0,0.0,0.0,0.0,0.0,0.0,0.0,0.0,0.0,0.0,0.0,0.0,0.0,0.0,0.0,0.0,0.0,0.0,0.0,0.0,0.0,0.0,0.0,0.0,0.0,0.0,0.0,0.0,0.0,0.0,0.0,0.0,0.0,0.0,0.0,0.0,0.0,0.0,0.0,0.0,0.0,0.0,0.0,0.0,0.0,0.0,0.0,0.0,0.0,0.0,0.0,0.0,0.0,0.0,0.0,0.0,0.0,0.0,0.0,0.0,0.0,0.0,0.0,0.0,0.0,0.0,0.0,0.0,0.0,0.0,0.0,0.0,0.0,0.0,0.0,0.0,0.0,0.0,0.0,0.0,0.0,0.0,0.0,0.0,0.0,0.0,0.0,0.0,0.0,0.0,0.0,0.0,0.0,0.0,0.0,0.0,0.0,0.0,0.0,0.0,0.0,0.0,0.0,0.0,0.0,0.0,0.0,0.0,0.0,0.0,0.0,0.0,0.0,0.0,0.0,0.0,0.0,0.0,0.0,0.0,0.0,0.0,0.0,0.0,0.0,0.0,0.0,0.0,0.0,0.0,0.0,0.0,0.0,0.0,0.0,0.0,0.0,0.0,0.0,0.0,0.0,0.0,0.0,0.0,0.0,0.0,0.0,0.0,0.0,0.0,0.0,0.0,0.0,0.0,0.0,0.0,0.0,0.0,0.0,0.0,0.0,0.0,0.0,0.0,0.0,0.0,0.0,0.0,0.0,0.0,0.0,0.0,0.0,0.0,0.0,0.0,0.0,0.0,0.0,0.0,0.0,0.0,0.0,0.0,0.0,0.0,0.0,0.0,0.0,0.0,0.0,0.0,0.0,0.0,0.0,0.0,0.0,0.0,0.0,0.0,0.0,0.0,0.0,0.0,0.0,0.0,0.0,0.0,0.0,0.0,0.0,0.0,0.0,0.0,0.0,0.0,0.0,0.0,0.0,0.0,0.0,0.0,0.0,0.0,0.0,0.0,0.0,0.0,0.0,0.0,0.0,0.0,0.0,0.0,0.0,0.0,0.0,0.0,0.0,0.0,0.0,0.0,0.0,0.0,0.0,0.0,0.0,0.0,0.0,0.0,0.0,0.0,0.0,0.0,0.0,0.0,0.0,0.0,0.0,0.0,0.0,0.0,0.0,0.0,0.0,0.0,0.0,0.0,0.0,0.0,0.0,0.0,0.0,0.0,0.0,0.0,0.0,0.0,0.0,0.0,0.0,0.0,0.0,0.0,0.0,0.0,0.0,0.0,0.0,0.0,0.0,0.0,0.0,0.0,0.0,0.0,0.0,0.0,0.0,0.0,0.0,0.0,0.0,0.0,0.0,0.0,0.0,0.0,0.0,0.0,0.0,0.0,0.0,0.0,0.0,0.0,0.0,0.0,0.0,0.0,0.0,0.0,0.0,0.0,0.0,0.0,0.0,0.0,0.0,0.0,0.0,0.0,0.0,0.0,0.0,0.0,0.0,0.0,0.0,0.0,0.0,0.0,0.0,0.0,0.0,0.0,0.0,0.0,0.0,0.0,0.0,0.0,0.0,0.0,0.0,0.0,0.0,0.0,0.0,0.0,0.0,0.0,0.0,0.0,0.0,0.0,0.0,0.0,0.0,0.0,0.0,0.0,0.0,0.0,0.0,0.0,0.0,0.0,0.0,0.0,0.0,0.0,0.0,0.0,0.0,0.0,0.0,0.0,0.0,0.0,0.7071067811865475,0.0,0.0,0.0,0.0,0.0,0.0,0.0,0.0,0.0,0.0,0.0,0.0,0.0,0.0,0.0,0.0,0.0,0.0,0.0,0.0,0.0,0.0,0.0,0.0,0.0,0.7071067811865475,0.0,0.0,0.0,0.0,0.0,0.0,0.0,0.0,0.0,0.0,0.0,0.0,0.0,0.0,0.0,0.0,0.0,0.0,0.0,0.0,0.0,0.0,0.0,0.0,0.0,0.0,0.0,0.0,0.0,0.0,0.0,0.0,0.0,0.0,0.0,0.0,0.0,0.0,0.0,0.0,0.0,0.0,0.0,0.0,0.0,0.0,0.0,0.0,0.0,0.0,0.0,0.0,0.0,0.0,0.0,0.0,0.0,0.0,0.0,0.0,0.0,0.0,0.0,0.0,0.0,0.0,0.0,0.0,0.0,0.0,0.0,0.0,0.0,0.0,0.0,0.0,0.0,0.0,0.0,0.0,0.0,0.0,0.0,0.0,0.0,0.0,0.0,0.0,0.0,0.0,0.0,0.0,0.0,0.0,0.0,0.0,0.0,0.0,0.0,0.0,0.0,0.0,0.0,0.0,0.0,0.0,0.0,0.0,0.0,0.0,0.0,0.0,0.0,0.0,0.0,0.0,0.0,0.0,0.0,0.0,0.0,0.0,0.0,0.0,0.0,0.0,0.0,0.0,0.0,0.0,0.0,0.0,0.0,0.0,0.0,0.0,0.0,0.0,0.0,0.0,0.0,0.0,0.0,0.0,0.0,0.0,0.0,0.0,0.0,0.0,0.0,0.0,0.0,0.0,0.0,0.0,0.0,0.0,0.0,0.0,0.0,0.0,0.0,0.0,0.0,0.0,0.0,0.0,0.0,0.0,0.0,0.0,0.0,0.0,0.0,0.0,0.0,0.0,0.0,0.0,0.0,0.0,0.0,0.0,0.0,0.0,0.0,0.0,0.0,0.0,0.0,0.0,0.0,0.0,0.0,0.0,0.0,0.0,0.0,0.0,0.0,0.0,0.0,0.0,0.0,0.0,0.0,0.0,0.0,0.0,0.0,0.0,0.0,0.0,0.0,0.0,0.0,0.0,0.0,0.0,0.0,0.0,0.0,0.0,0.0,0.0,0.0,0.0,0.0,0.0,0.0,0.0,0.0,0.0,0.0
SD2401268,20대,음 근데 우리집이 꼭대기 층이라 그런지 좀 괜찮은 거 같은데. 층간 소음은 없는데 벽간 소음이 쪼금 있는 거 같아. 방이 그 방음이 잘 안 돼서 옆 문 그 첫 입구 문에만 서도 옆의 방이 뭐 유튜브 뭐 듣고 있는지 무슨 대화하고 있는지가 너무 잘 들려서 쪼끔 부담스럽긴 해. 근데 위에는 아무도 사람이 안 사니까 내가 살기에는 어 소음이 없어서 되게 좋은 거 같아. 그거 말고도 본가 살 때는 위층이 아빠 지인이 살았었는데 그래서 막 소음이 나도 뭐라 하기가 좀 그랬던 경험이 있어. 너는 지금 몇 층 정도에 살아? 층간 소음은 없어? 음 그 학 학교 들어오고 나서부터 2년 동안 여기 살고 올해 새로 계약해서 똑같은 데 연장해서 거기서 살고 있어. 아마 내년에는 교환 학생을 가서 없으니까 오빠가 혼자 살 거 같아 지금 같이 살고 있으니까. 그리고 사실 나는 올해 딱 계약 연장할 때쯤에 새로 구해서 따로따로 살고 싶었는데 아무래도 서울 뭐 월세가 비싸다 보니까 그냥 한집에서 해서 전세로 사는 게 낫겠다 싶어서 같이 살고 있는데. 어 아무래도 생활 패턴이나 그런 집안일 하는 거가 좀 안 맞아서 좀 그게 제일 힘들어서 따로 살고 싶었던 거 같아. 뭐 혼자 늦게 자고 그런 건 상관없는데 오빠가 게임을 하니까 늦게까지 게임하는 소리 계속 들려 오 들려 오고 하니까 나 자는 데 방에 돼서 그랬던 거 같아. 너는 그런 적은 없어? 어 중3 때까지 1곳에서 살았고 그 주 중3 이후에 약간 신도시 분양 그런 청약 담 당첨 돼 가지고 1번 이사를 갔었어. 근데 그 중3 때까지 계속 같은 지역에 살다 보니까 거기 유치원 초등학교 중학교 나오고 고등학교도 그쪽을 가려고 했는데 이사를 가게 돼서 혼자 떨어진 곳을 가니까 친구들이랑도 멀어지고 그러 그 뭐 원래 놀던 데에서도 못 놀고 이런 게 쪼끔 아쉽고 힘들긴 하더라고. 근데 집이 넓어서 되게 좋았던 거 같아. 나는 이사를 많이 안 해 봐서 막 해 보고 싶었다 이런 게 좀 컸었는데 주변에 이사 많이 다니는 사람은 안 그렇더라고. 이사를 그만 다니고 싶다 그러더라. 혹시 너도 그런 편이야? 음 나는 이사 간 다음에 우 이 이사 간 아파트 앞에 막 전원주택 같은 게 있는 거야. 그래서 나중에 이 또 이사를 가게 된다면은 저런 데에서 살고 싶다. 저런 데에서 마당에서 막 식물 키우고 동물 키우고 막 나만의 정원을 가꾸면서 2층 바 다락방에서 살고 싶다 막 이런 생각을 했었는데. 근데 막상 거기에 살면은 관리하는 게 되게 힘들어 보이더라고. 할머니 집도 그런 전원주택인데 조금만 뭘 관리를 안 해 줘도 잡초 자라고 먼지가 끼고 더러워지고 막 그런 게 많아서 관리가 힘들다고 하더라고. 근데 그럼에도 한 약간 한번쯤은 전원주택에 살고 싶다 이런 생각이 있는데. 너는 그런 어디에 살고 싶다 이런 로망 같은 게 있어? 어 전자레인지랑 냉장고 세탁기 이 이 정도는 원래 있었던 거 같고. 밥솥이랑 응 어 그 오븐 같은 거 뭐라고 하지. 그 아 에어프라이어는 사 왔고. 최근에 여름 되니까 벌레가 너무 많이 생기잖아. 특히 음식물에 벌레가 많이 생기는데 그래서 버리기가 너무 힘들어서 미생물로 분해해 주는 기계 그런 게 있더라고. 오빠가 인스타그램에서 찾아와서 막 우 이거 쓰자 막 그러면서 찾아왔던 기억이 있어. 그래서 그거를 지금 살까 고민 중에 있어. 그게 음식물 쓰레기를 넣으면은 미생물들이 분해를 해서 흙으로 바로 만들어 준대. 근데 그게 하루 만에 다 만들어 주고 냄새도 안 나서 좋다고 하더라고. 너는 혹시 집안일 같은 거는 어떻게 하는 편이야? 어 가끔 아니 자주 좀 싸운 싸우진 않고 이런 거에 대해 짜증을 내는 거 같긴 한데 내 방이 쓰레기 그 분리수거 하는 데 바로 앞에 있단 말이야. 그래서 오빠는 좀 멀어서 쓰레기 같은 걸 거기 내면 그만인데 나는 내고 나서 그게 분리수거가 잘 안 되어 있거나 막 더러운 게 섞여 있거나 하면은 냄새가 바로 내 방으로 들어온단 말이야. 그거 때문에 오빠한테 뭐라 한 적도 많았던 거 같고. 약간 분담 같은 게 예전에는 막 뭐 냉장고 청소 네가 1번 하면 내가 화장실 청소 1번 하고 이런 식으로 번갈아서 하자라고 말은 했는데 어느 순간 보니까 내가 다 하고 있더라고. 그래서 그거에 대해서 쌓아 놨다가 화내기 직전에 딱 말하면은 오빠가 또 눈치는 빨라 가지고 그제서야 부랴부랴 치우고 막 이래서 어 싸우지는 않았던 거 같아. 근데 자취를 하니까 확실히 본가 살 때는 엄마가 다 해 주고 그러는데 내가 다 해야 되니까 그게 힘든 거 같긴 해. 너는 자취하고 싶다는 생각은 없어? 아 나 처음에 집 들어올 때 막 냉장고랑 기본 가구에 막 여 연두색 띠가 막 둘러져 있는 거야. 기본 색깔로 막 있는 거야. 그래서 그걸 보고 아 진짜 별로다. 여기 살기 싫다 했었는데 막상 들어가 보니까 그런 거 별로 티도 안 나고 깔끔해 보이고 좋더라고. 그래서 그렇게 쓰고 있고. 뭔가 인테리어 아 그 자취하면 내 방식대로 바 집을 꾸미고 막 이렇게 써야지라는 생각은 있었는데 막상 있으니까 짐을 그 넣을 짐도 너무 많고 근데 그거에 비해 공간은 안 나오고 하니까 인테리어라고 할 것도 없이 그냥 짐을 넣어 놓은 거 같아. 내 방이 너무 작아서 옷장 같은 게 들어갈 공간이 안 나서 거실에다가 행거 설치해서 바로 옷 놓아두고. 그래서 뭔가 꾸미기도 애매하고 그랬던 거 같아. 너는 집 인테리어 어떤 편이야? 서울에서 살 수 있으면 좋을 거 같은데. 왜냐하면 여가 생활 같은 것도 훨씬 더 많이 할 수 있고 이제 거의 내 친구들이나 생활 반경이 서울에 중심에 맞춰져 있다 보니까 서울에서 생활하는 게 편하긴 한데 가끔씩 여기가 사람이 너무 많아서 내려가고 싶다라는 생각이 들긴 해. 근데 직장을 얻고 뭔가 더 발전을 하려면은 서울에서 사는 게 맞는 거 같아. 나는 그 본가 살 때는 지하에 헬스장이 있어서 그거를 썼단 말이야. 근데 자취를 하니까 그런 여가 시설 시 그 아무튼 시설들이 없어서 막 주변에서 주변 다른 헬스장을 등록해 놨단 말이야. 근데 너는 지금 어쨌든 본가에 살잖아. 큰 아파트에 사는데 그러면 거기에 막 여가 시설 같은 게 와 잘 마련되어 있어?,0.005747126436781609,0.017241379310344827,0.004597701149425287,0.0,0.005747126436781609,0.0034482758620689655,0.005747126436781609,0.008045977011494253,0.01839080459770115,0.029885057471264367,0.004597701149425287,0.027586206896551724,0.0,0.008045977011494253,0.0022988505747126436,0.0,0.0034482758620689655,0.0011494252873563218,0.03218390804597701,0.013793103448275862,0.0,0.0,0.0,0.0022988505747126436,0.0,0.004597701149425287,0.021839080459770115,0.0,0.0034482758620689655,0.0034482758620689655,0.04367816091954023,0.0,0.006896551724137931,0.0,0.004597701149425287,0.009195402298850575,0.0,0.0,0.011494252873563218,0.0011494252873563218,0.0,0.0022988505747126436,0.0,0.0,0.034482758620689655,0.004597701149425287,0.013793103448275862,0.0022988505747126436,0.004597701149425287,0.0367816091954023,0.009195402298850575,0.0011494252873563218,0.0,0.0022988505747126436,0.0,0.0011494252873563218,0.0011494252873563218,0.0022988505747126436,0.0,0.006896551724137931,0.0,0.0,0.0,0.0011494252873563218,0.006896551724137931,0.0022988505747126436,0.0022988505747126436,0.0011494252873563218,0.0011494252873563218,0.0,0.0,0.0,0.0022988505747126436,0.0,0.0,0.005747126436781609,0.0022988505747126436,0.0,0.006896551724137931,0.010344827586206896,0.0011494252873563218,0.0,0.0,0.0,0.0,0.004597701149425287,0.0034482758620689655,0.0,0.0022988505747126436,0.004597701149425287,0.0,0.0022988505747126436,0.0,0.0011494252873563218,0.0,0.0011494252873563218,0.0011494252873563218,0.0011494252873563218,0.0,0.0022988505747126436,0.004597701149425287,0.0011494252873563218,0.0,0.0,0.0,0.0,0.01264367816091954,0.009195402298850575,0.0,0.0011494252873563218,0.0011494252873563218,0.0022988505747126436,0.0011494252873563218,0.0,0.0,0.0011494252873563218,0.0,0.0,0.0011494252873563218,0.011494252873563218,0.0,0.005747126436781609,0.0011494252873563218,0.0,0.0022988505747126436,0.0011494252873563218,0.0011494252873563218,0.0,0.0022988505747126436,0.0,0.0,0.0,0.0,0.0034482758620689655,0.0,0.0,0.01839080459770115,0.0022988505747126436,0.0,0.0,0.0022988505747126436,0.0022988505747126436,0.0022988505747126436,0.0,0.0,0.005747126436781609,0.0011494252873563218,0.0,0.008045977011494253,0.0022988505747126436,0.0011494252873563218,0.005747126436781609,0.0011494252873563218,0.0,0.0,0.0011494252873563218,0.0,0.0011494252873563218,0.006896551724137931,0.0011494252873563218,0.0,0.0034482758620689655,0.0,0.0,0.0,0.004597701149425287,0.0011494252873563218,0.0011494252873563218,0.0,0.0,0.0011494252873563218,0.0,0.0,0.0,0.006896551724137931,0.0,0.0,0.0,0.0,0.0,0.0011494252873563218,0.0,0.0034482758620689655,0.0022988505747126436,0.0,0.0022988505747126436,0.0,0.0022988505747126436,0.0022988505747126436,0.0,0.0,0.0,0.0022988505747126436,0.0,0.0,0.0011494252873563218,0.0,0.0,0.0,0.0,0.0034482758620689655,0.0,0.004597701149425287,0.0,0.0,0.0,0.0,0.0,0.0,0.0011494252873563218,0.0,0.0,0.0,0.0,0.0011494252873563218,0.0,0.0011494252873563218,0.0,0.0011494252873563218,0.0,0.0022988505747126436,0.0,0.0011494252873563218,0.0022988505747126436,0.0,0.0,0.005747126436781609,0.0,0.0022988505747126436,0.0,0.0,0.0,0.0,0.0,0.0,0.0,0.0,0.0,0.0022988505747126436,0.0,0.0,0.0,0.004597701149425287,0.0,0.0,0.0,0.0,0.0,0.0,0.0,0.0,0.0,0.0,0.0,0.0,0.0,0.006896551724137931,0.0034482758620689655,0.0011494252873563218,0.0011494252873563218,0.0011494252873563218,0.0011494252873563218,0.0022988505747126436,0.0022988505747126436,0.0011494252873563218,0.0011494252873563218,0.0011494252873563218,0.0011494252873563218,0.0011494252873563218,0.0011494252873563218,0.0034482758620689655,0.0011494252873563218,0.005747126436781609,0.0011494252873563218,0.0011494252873563218,0.0011494252873563218,0.0022988505747126436,0.0022988505747126436,0.0011494252873563218,0.0022988505747126436,0.0011494252873563218,0.0011494252873563218,0.0011494252873563218,0.0011494252873563218,0.0022988505747126436,0.0011494252873563218,0.0011494252873563218,0.0011494252873563218,0.0022988505747126436,0.0011494252873563218,0.0011494252873563218,0.0011494252873563218,0.0011494252873563218,0.0011494252873563218,0.0011494252873563218,0.0011494252873563218,0.0011494252873563218,0.0022988505747126436,0.0022988505747126436,0.0011494252873563218,0.0011494252873563218,0.0011494252873563218,0.0022988505747126436,0.0011494252873563218,0.0011494252873563218,0.0034482758620689655,0.0011494252873563218,0.0011494252873563218,0.0011494252873563218,0.0011494252873563218,0.0011494252873563218,0.0011494252873563218,0.0011494252873563218,0.0022988505747126436,0.0011494252873563218,0.0022988505747126436,0.0022988505747126436,0.0011494252873563218,0.0011494252873563218,0.0034482758620689655,0.0011494252873563218,0.0011494252873563218,0.0022988505747126436,0.0011494252873563218,0.0022988505747126436,0.0011494252873563218,0.0011494252873563218,0.0022988505747126436,0.0011494252873563218,0.0011494252873563218,0.0011494252873563218,0.0022988505747126436,0.0011494252873563218,0.0034482758620689655,0.0034482758620689655,0.0022988505747126436,0.0011494252873563218,0.0011494252873563218,0.0011494252873563218,0.0011494252873563218,0.0011494252873563218,0.0011494252873563218,0.0011494252873563218,0.004597701149425287,0.0011494252873563218,0.0011494252873563218,0.0011494252873563218,0.0011494252873563218,0.0022988505747126436,0.0011494252873563218,0.0011494252873563218,0.0011494252873563218,0.0034482758620689655,0.0011494252873563218,0.0011494252873563218,0.0011494252873563218,0.0011494252873563218,0.0022988505747126436,0.0011494252873563218,0.0022988505747126436,0.0022988505747126436,0.0022988505747126436,0.0011494252873563218,0.0011494252873563218,0.0011494252873563218,0.0011494252873563218,0.0022988505747126436,0.0011494252873563218,0.0034482758620689655,0.0034482758620689655,0.0011494252873563218,0.004597701149425287,0.0011494252873563218,0.0011494252873563218,0.0022988505747126436,0.0022988505747126436,0.0011494252873563218,0.0011494252873563218,0.0011494252873563218,0.0022988505747126436,0.0011494252873563218,0.0022988505747126436,0.0022988505747126436,0.0011494252873563218,0.0011494252873563218,0.0011494252873563218,0.0011494252873563218,0.0011494252873563218,0.0011494252873563218,0.0011494252873563218,0.0011494252873563218,0.0011494252873563218,0.0011494252873563218,0.0011494252873563218,0.0011494252873563218,0.0022988505747126436,0.0011494252873563218,0.0011494252873563218,0.0011494252873563218,0.0011494252873563218,0.0011494252873563218,0.0011494252873563218,0.0011494252873563218,0.0011494252873563218,0.0011494252873563218,0.0011494252873563218,0.0011494252873563218,0.0022988505747126436,0.0011494252873563218,0.0011494252873563218,0.0011494252873563218,0.0011494252873563218,0.0011494252873563218,0.0022988505747126436,0.0011494252873563218,0.0022988505747126436,0.0011494252873563218,0.0011494252873563218,0.0011494252873563218,0.0034482758620689655,0.0011494252873563218,0.0011494252873563218,0.0011494252873563218,0.0011494252873563218,0.0011494252873563218,0.0011494252873563218,0.0011494252873563218,0.0011494252873563218,0.0011494252873563218,0.0011494252873563218,0.0011494252873563218,0.0011494252873563218,0.0034482758620689655,0.0011494252873563218,0.0022988505747126436,0.0011494252873563218,0.0011494252873563218,0.0011494252873563218,0.0011494252873563218,0.0011494252873563218,0.0011494252873563218,0.0011494252873563218,0.0011494252873563218,0.0011494252873563218,0.0011494252873563218,0.0011494252873563218,0.0011494252873563218,0.0011494252873563218,0.0011494252873563218,0.0011494252873563218,0.0011494252873563218,0.0011494252873563218,0.0011494252873563218,0.0,0.0,0.0,0.0,0.0,0.0,0.0,0.0,0.0,0.0,0.0,0.0,0.0,0.0,0.0,0.0,0.0,0.0,0.0,0.0,0.0,0.0,0.0,0.0,0.0,0.0,0.0,0.0,0.0,0.0,0.0,0.0,0.0,0.0,0.0,0.0,0.0,0.0,0.0,0.0,0.0,0.0,0.0,0.0,0.0,0.0,0.0,0.0,0.0,0.0,0.0,0.0,0.0,0.0,0.0,0.0,0.0,0.0,0.0,0.0,0.0,0.0,0.0,0.0,0.0,0.0,0.0,0.0,0.0,0.0,0.0,0.0,0.0,0.0,0.0,0.0,0.0,0.0,0.0,0.0,0.0,0.0,0.0,0.0,0.0,0.0,0.0,0.0,0.0,0.0,0.0,0.0,0.0,0.0,0.0,0.0,0.0,0.0,0.0,0.0,0.0,0.0,0.0,0.0,0.0,0.0,0.0,0.0,0.0,0.0,0.0,0.0,0.0,0.0,0.0,0.0,0.0,0.0,0.0,0.0,0.0,0.0,0.0,0.0,0.0,0.0,0.0,0.0,0.0,0.0,0.0,0.0,0.0,0.0,0.0,0.0,0.0,0.0,0.0,0.0,0.0,0.0,0.0,0.0,0.0,0.0,0.0,0.0,0.0,0.0,0.0,0.0,0.0,0.0,0.28969938062432576,0.0,0.0,0.0,0.0,0.0,0.0,0.0,0.0,0.0,0.0,0.0,0.0,0.0,0.0,0.0,0.0,0.0,0.0,0.0,0.0,0.0,0.0,0.0,0.0,0.0,0.0,0.0,0.0,0.0,0.0,0.0,0.0,0.0,0.0,0.0,0.0,0.0,0.0,0.0,0.0,0.0,0.0,0.0,0.0,0.0,0.0,0.0,0.0,0.0,0.0,0.0,0.0,0.0,0.0,0.0,0.3872228198618293,0.0,0.0,0.0,0.0,0.0,0.0,0.0,0.0,0.0,0.0,0.0,0.0,0.0,0.0,0.0,0.0,0.0,0.0,0.0,0.0,0.0,0.0,0.0,0.0,0.0,0.0,0.0,0.0,0.0,0.0,0.0,0.0,0.0,0.0,0.0,0.0,0.0,0.0,0.0,0.0,0.0,0.0,0.0,0.0,0.304761608495147,0.0,0.0,0.0,0.0,0.0,0.0,0.0,0.0,0.0,0.0,0.0,0.0,0.0,0.0,0.0,0.0,0.0,0.0,0.0,0.0,0.0,0.0,0.0,0.0,0.0,0.0,0.0,0.0,0.0,0.0,0.0,0.0,0.0,0.0,0.0,0.0,0.0,0.0,0.0,0.0,0.3872228198618293,0.0,0.0,0.0,0.0,0.0,0.0,0.0,0.0,0.0,0.0,0.0,0.0,0.0,0.0,0.0,0.0,0.0,0.0,0.0,0.0,0.0,0.0,0.0,0.0,0.0,0.0,0.0,0.0,0.0,0.0,0.0,0.0,0.0,0.0,0.0,0.0,0.0,0.0,0.0,0.0,0.0,0.0,0.0,0.0,0.0,0.0,0.0,0.0,0.0,0.0,0.0,0.0,0.0,0.0,0.0,0.0,0.0,0.0,0.4176567994617269,0.0,0.0,0.0,0.0,0.0,0.0,0.0,0.0,0.0,0.0,0.0,0.0,0.0,0.0,0.0,0.0,0.0,0.0,0.0,0.0,0.0,0.0,0.0,0.0,0.0,0.0,0.0,0.0,0.0,0.0,0.0,0.0,0.0,0.0,0.0,0.0,0.0,0.0,0.0,0.0,0.0,0.0,0.0,0.0,0.0,0.0,0.0,0.0,0.0,0.0,0.0,0.0,0.0,0.0,0.0,0.0,0.0,0.0,0.0,0.0,0.0,0.0,0.0,0.0,0.0,0.0,0.0,0.0,0.0,0.0,0.0,0.0,0.0,0.0,0.0,0.0,0.0,0.0,0.0,0.0,0.0,0.0,0.0,0.0,0.0,0.0,0.0,0.0,0.0,0.0,0.0,0.0,0.0,0.0,0.0,0.0,0.0,0.0,0.0,0.0,0.0,0.0,0.0,0.0,0.0,0.0,0.0,0.0,0.0,0.0,0.0,0.0,0.0,0.4176567994617269,0.0,0.0,0.0,0.0,0.0,0.0,0.0,0.0,0.0,0.0,0.0,0.0,0.0,0.0,0.0,0.0,0.0,0.0,0.0,0.0,0.0,0.0,0.0,0.0,0.0,0.0,0.0,0.0,0.0,0.0,0.0,0.0,0.0,0.0,0.0,0.0,0.0,0.0,0.0,0.0,0.0,0.0,0.0,0.0,0.0,0.0,0.0,0.0,0.0,0.0,0.0,0.0,0.0,0.0,0.0,0.0,0.0,0.0,0.0,0.0,0.0,0.0,0.0,0.0,0.0,0.0,0.0,0.0,0.0,0.0,0.0,0.0,0.0,0.0,0.0,0.0,0.0,0.0,0.0,0.0,0.0,0.0,0.0,0.0,0.0,0.0,0.0,0.0,0.0,0.0,0.0,0.0,0.0,0.0,0.0,0.0,0.0,0.0,0.0,0.0,0.0,0.0,0.0,0.0,0.0,0.0,0.0,0.0,0.0,0.0,0.0,0.0,0.0,0.0,0.0,0.0,0.0,0.0,0.0,0.0,0.0,0.0,0.0,0.0,0.0,0.0,0.0,0.0,0.0,0.0,0.0,0.0,0.0,0.0,0.0,0.0,0.0,0.0,0.0,0.0,0.0,0.0,0.0,0.0,0.0,0.0,0.0,0.0,0.0,0.0,0.0,0.0,0.0,0.0,0.0,0.0,0.0,0.0,0.0,0.0,0.0,0.0,0.0,0.0,0.0,0.0,0.0,0.0,0.0,0.0,0.0,0.0,0.0,0.0,0.0,0.0,0.0,0.0,0.0,0.0,0.0,0.4176567994617269,0.0,0.0,0.0,0.0,0.0,0.0,0.0,0.0,0.0,0.0,0.0,0.0,0.0,0.0,0.0,0.0,0.0,0.0,0.0,0.0,0.0,0.0,0.0,0.0,0.0,0.0,0.0,0.0,0.0,0.0,0.0,0.0,0.0,0.0,0.0,0.0,0.0,0.0,0.0,0.0,0.0,0.0,0.0,0.0,0.0,0.0,0.0,0.0,0.0,0.0,0.0,0.0,0.0,0.0,0.0,0.0,0.0,0.0,0.0,0.0,0.0,0.0,0.0,0.0,0.0,0.0,0.0,0.0,0.0,0.0,0.0,0.0,0.0,0.0,0.0
SD2401268,20대,음 근데 우리집이 꼭대기 층이라 그런지 좀 괜찮은 거 같은데. 층간 소음은 없는데 벽간 소음이 쪼금 있는 거 같아. 방이 그 방음이 잘 안 돼서 옆 문 그 첫 입구 문에만 서도 옆의 방이 뭐 유튜브 뭐 듣고 있는지 무슨 대화하고 있는지가 너무 잘 들려서 쪼끔 부담스럽긴 해. 근데 위에는 아무도 사람이 안 사니까 내가 살기에는 어 소음이 없어서 되게 좋은 거 같아. 그거 말고도 본가 살 때는 위층이 아빠 지인이 살았었는데 그래서 막 소음이 나도 뭐라 하기가 좀 그랬던 경험이 있어. 너는 지금 몇 층 정도에 살아? 층간 소음은 없어? 음 그 학 학교 들어오고 나서부터 2년 동안 여기 살고 올해 새로 계약해서 똑같은 데 연장해서 거기서 살고 있어. 아마 내년에는 교환 학생을 가서 없으니까 오빠가 혼자 살 거 같아 지금 같이 살고 있으니까. 그리고 사실 나는 올해 딱 계약 연장할 때쯤에 새로 구해서 따로따로 살고 싶었는데 아무래도 서울 뭐 월세가 비싸다 보니까 그냥 한집에서 해서 전세로 사는 게 낫겠다 싶어서 같이 살고 있는데. 어 아무래도 생활 패턴이나 그런 집안일 하는 거가 좀 안 맞아서 좀 그게 제일 힘들어서 따로 살고 싶었던 거 같아. 뭐 혼자 늦게 자고 그런 건 상관없는데 오빠가 게임을 하니까 늦게까지 게임하는 소리 계속 들려 오 들려 오고 하니까 나 자는 데 방에 돼서 그랬던 거 같아. 너는 그런 적은 없어? 어 중3 때까지 1곳에서 살았고 그 주 중3 이후에 약간 신도시 분양 그런 청약 담 당첨 돼 가지고 1번 이사를 갔었어. 근데 그 중3 때까지 계속 같은 지역에 살다 보니까 거기 유치원 초등학교 중학교 나오고 고등학교도 그쪽을 가려고 했는데 이사를 가게 돼서 혼자 떨어진 곳을 가니까 친구들이랑도 멀어지고 그러 그 뭐 원래 놀던 데에서도 못 놀고 이런 게 쪼끔 아쉽고 힘들긴 하더라고. 근데 집이 넓어서 되게 좋았던 거 같아. 나는 이사를 많이 안 해 봐서 막 해 보고 싶었다 이런 게 좀 컸었는데 주변에 이사 많이 다니는 사람은 안 그렇더라고. 이사를 그만 다니고 싶다 그러더라. 혹시 너도 그런 편이야? 음 나는 이사 간 다음에 우 이 이사 간 아파트 앞에 막 전원주택 같은 게 있는 거야. 그래서 나중에 이 또 이사를 가게 된다면은 저런 데에서 살고 싶다. 저런 데에서 마당에서 막 식물 키우고 동물 키우고 막 나만의 정원을 가꾸면서 2층 바 다락방에서 살고 싶다 막 이런 생각을 했었는데. 근데 막상 거기에 살면은 관리하는 게 되게 힘들어 보이더라고. 할머니 집도 그런 전원주택인데 조금만 뭘 관리를 안 해 줘도 잡초 자라고 먼지가 끼고 더러워지고 막 그런 게 많아서 관리가 힘들다고 하더라고. 근데 그럼에도 한 약간 한번쯤은 전원주택에 살고 싶다 이런 생각이 있는데. 너는 그런 어디에 살고 싶다 이런 로망 같은 게 있어? 어 전자레인지랑 냉장고 세탁기 이 이 정도는 원래 있었던 거 같고. 밥솥이랑 응 어 그 오븐 같은 거 뭐라고 하지. 그 아 에어프라이어는 사 왔고. 최근에 여름 되니까 벌레가 너무 많이 생기잖아. 특히 음식물에 벌레가 많이 생기는데 그래서 버리기가 너무 힘들어서 미생물로 분해해 주는 기계 그런 게 있더라고. 오빠가 인스타그램에서 찾아와서 막 우 이거 쓰자 막 그러면서 찾아왔던 기억이 있어. 그래서 그거를 지금 살까 고민 중에 있어. 그게 음식물 쓰레기를 넣으면은 미생물들이 분해를 해서 흙으로 바로 만들어 준대. 근데 그게 하루 만에 다 만들어 주고 냄새도 안 나서 좋다고 하더라고. 너는 혹시 집안일 같은 거는 어떻게 하는 편이야? 어 가끔 아니 자주 좀 싸운 싸우진 않고 이런 거에 대해 짜증을 내는 거 같긴 한데 내 방이 쓰레기 그 분리수거 하는 데 바로 앞에 있단 말이야. 그래서 오빠는 좀 멀어서 쓰레기 같은 걸 거기 내면 그만인데 나는 내고 나서 그게 분리수거가 잘 안 되어 있거나 막 더러운 게 섞여 있거나 하면은 냄새가 바로 내 방으로 들어온단 말이야. 그거 때문에 오빠한테 뭐라 한 적도 많았던 거 같고. 약간 분담 같은 게 예전에는 막 뭐 냉장고 청소 네가 1번 하면 내가 화장실 청소 1번 하고 이런 식으로 번갈아서 하자라고 말은 했는데 어느 순간 보니까 내가 다 하고 있더라고. 그래서 그거에 대해서 쌓아 놨다가 화내기 직전에 딱 말하면은 오빠가 또 눈치는 빨라 가지고 그제서야 부랴부랴 치우고 막 이래서 어 싸우지는 않았던 거 같아. 근데 자취를 하니까 확실히 본가 살 때는 엄마가 다 해 주고 그러는데 내가 다 해야 되니까 그게 힘든 거 같긴 해. 너는 자취하고 싶다는 생각은 없어? 아 나 처음에 집 들어올 때 막 냉장고랑 기본 가구에 막 여 연두색 띠가 막 둘러져 있는 거야. 기본 색깔로 막 있는 거야. 그래서 그걸 보고 아 진짜 별로다. 여기 살기 싫다 했었는데 막상 들어가 보니까 그런 거 별로 티도 안 나고 깔끔해 보이고 좋더라고. 그래서 그렇게 쓰고 있고. 뭔가 인테리어 아 그 자취하면 내 방식대로 바 집을 꾸미고 막 이렇게 써야지라는 생각은 있었는데 막상 있으니까 짐을 그 넣을 짐도 너무 많고 근데 그거에 비해 공간은 안 나오고 하니까 인테리어라고 할 것도 없이 그냥 짐을 넣어 놓은 거 같아. 내 방이 너무 작아서 옷장 같은 게 들어갈 공간이 안 나서 거실에다가 행거 설치해서 바로 옷 놓아두고. 그래서 뭔가 꾸미기도 애매하고 그랬던 거 같아. 너는 집 인테리어 어떤 편이야? 서울에서 살 수 있으면 좋을 거 같은데. 왜냐하면 여가 생활 같은 것도 훨씬 더 많이 할 수 있고 이제 거의 내 친구들이나 생활 반경이 서울에 중심에 맞춰져 있다 보니까 서울에서 생활하는 게 편하긴 한데 가끔씩 여기가 사람이 너무 많아서 내려가고 싶다라는 생각이 들긴 해. 근데 직장을 얻고 뭔가 더 발전을 하려면은 서울에서 사는 게 맞는 거 같아. 나는 그 본가 살 때는 지하에 헬스장이 있어서 그거를 썼단 말이야. 근데 자취를 하니까 그런 여가 시설 시 그 아무튼 시설들이 없어서 막 주변에서 주변 다른 헬스장을 등록해 놨단 말이야. 근데 너는 지금 어쨌든 본가에 살잖아. 큰 아파트에 사는데 그러면 거기에 막 여가 시설 같은 게 와 잘 마련되어 있어?,0.005747126436781609,0.017241379310344827,0.004597701149425287,0.0,0.005747126436781609,0.0034482758620689655,0.005747126436781609,0.008045977011494253,0.01839080459770115,0.029885057471264367,0.004597701149425287,0.027586206896551724,0.0,0.008045977011494253,0.0022988505747126436,0.0,0.0034482758620689655,0.0011494252873563218,0.03218390804597701,0.013793103448275862,0.0,0.0,0.0,0.0022988505747126436,0.0,0.004597701149425287,0.021839080459770115,0.0,0.0034482758620689655,0.0034482758620689655,0.04367816091954023,0.0,0.006896551724137931,0.0,0.004597701149425287,0.009195402298850575,0.0,0.0,0.011494252873563218,0.0011494252873563218,0.0,0.0022988505747126436,0.0,0.0,0.034482758620689655,0.004597701149425287,0.013793103448275862,0.0022988505747126436,0.004597701149425287,0.0367816091954023,0.009195402298850575,0.0011494252873563218,0.0,0.0022988505747126436,0.0,0.0011494252873563218,0.0011494252873563218,0.0022988505747126436,0.0,0.006896551724137931,0.0,0.0,0.0,0.0011494252873563218,0.006896551724137931,0.0022988505747126436,0.0022988505747126436,0.0011494252873563218,0.0011494252873563218,0.0,0.0,0.0,0.0022988505747126436,0.0,0.0,0.005747126436781609,0.0022988505747126436,0.0,0.006896551724137931,0.010344827586206896,0.0011494252873563218,0.0,0.0,0.0,0.0,0.004597701149425287,0.0034482758620689655,0.0,0.0022988505747126436,0.004597701149425287,0.0,0.0022988505747126436,0.0,0.0011494252873563218,0.0,0.0011494252873563218,0.0011494252873563218,0.0011494252873563218,0.0,0.0022988505747126436,0.004597701149425287,0.0011494252873563218,0.0,0.0,0.0,0.0,0.01264367816091954,0.009195402298850575,0.0,0.0011494252873563218,0.0011494252873563218,0.0022988505747126436,0.0011494252873563218,0.0,0.0,0.0011494252873563218,0.0,0.0,0.0011494252873563218,0.011494252873563218,0.0,0.005747126436781609,0.0011494252873563218,0.0,0.0022988505747126436,0.0011494252873563218,0.0011494252873563218,0.0,0.0022988505747126436,0.0,0.0,0.0,0.0,0.0034482758620689655,0.0,0.0,0.01839080459770115,0.0022988505747126436,0.0,0.0,0.0022988505747126436,0.0022988505747126436,0.0022988505747126436,0.0,0.0,0.005747126436781609,0.0011494252873563218,0.0,0.008045977011494253,0.0022988505747126436,0.0011494252873563218,0.005747126436781609,0.0011494252873563218,0.0,0.0,0.0011494252873563218,0.0,0.0011494252873563218,0.006896551724137931,0.0011494252873563218,0.0,0.0034482758620689655,0.0,0.0,0.0,0.004597701149425287,0.0011494252873563218,0.0011494252873563218,0.0,0.0,0.0011494252873563218,0.0,0.0,0.0,0.006896551724137931,0.0,0.0,0.0,0.0,0.0,0.0011494252873563218,0.0,0.0034482758620689655,0.0022988505747126436,0.0,0.0022988505747126436,0.0,0.0022988505747126436,0.0022988505747126436,0.0,0.0,0.0,0.0022988505747126436,0.0,0.0,0.0011494252873563218,0.0,0.0,0.0,0.0,0.0034482758620689655,0.0,0.004597701149425287,0.0,0.0,0.0,0.0,0.0,0.0,0.0011494252873563218,0.0,0.0,0.0,0.0,0.0011494252873563218,0.0,0.0011494252873563218,0.0,0.0011494252873563218,0.0,0.0022988505747126436,0.0,0.0011494252873563218,0.0022988505747126436,0.0,0.0,0.005747126436781609,0.0,0.0022988505747126436,0.0,0.0,0.0,0.0,0.0,0.0,0.0,0.0,0.0,0.0022988505747126436,0.0,0.0,0.0,0.004597701149425287,0.0,0.0,0.0,0.0,0.0,0.0,0.0,0.0,0.0,0.0,0.0,0.0,0.0,0.006896551724137931,0.0034482758620689655,0.0011494252873563218,0.0011494252873563218,0.0011494252873563218,0.0011494252873563218,0.0022988505747126436,0.0022988505747126436,0.0011494252873563218,0.0011494252873563218,0.0011494252873563218,0.0011494252873563218,0.0011494252873563218,0.0011494252873563218,0.0034482758620689655,0.0011494252873563218,0.005747126436781609,0.0011494252873563218,0.0011494252873563218,0.0011494252873563218,0.0022988505747126436,0.0022988505747126436,0.0011494252873563218,0.0022988505747126436,0.0011494252873563218,0.0011494252873563218,0.0011494252873563218,0.0011494252873563218,0.0022988505747126436,0.0011494252873563218,0.0011494252873563218,0.0011494252873563218,0.0022988505747126436,0.0011494252873563218,0.0011494252873563218,0.0011494252873563218,0.0011494252873563218,0.0011494252873563218,0.0011494252873563218,0.0011494252873563218,0.0011494252873563218,0.0022988505747126436,0.0022988505747126436,0.0011494252873563218,0.0011494252873563218,0.0011494252873563218,0.0022988505747126436,0.0011494252873563218,0.0011494252873563218,0.0034482758620689655,0.0011494252873563218,0.0011494252873563218,0.0011494252873563218,0.0011494252873563218,0.0011494252873563218,0.0011494252873563218,0.0011494252873563218,0.0022988505747126436,0.0011494252873563218,0.0022988505747126436,0.0022988505747126436,0.0011494252873563218,0.0011494252873563218,0.0034482758620689655,0.0011494252873563218,0.0011494252873563218,0.0022988505747126436,0.0011494252873563218,0.0022988505747126436,0.0011494252873563218,0.0011494252873563218,0.0022988505747126436,0.0011494252873563218,0.0011494252873563218,0.0011494252873563218,0.0022988505747126436,0.0011494252873563218,0.0034482758620689655,0.0034482758620689655,0.0022988505747126436,0.0011494252873563218,0.0011494252873563218,0.0011494252873563218,0.0011494252873563218,0.0011494252873563218,0.0011494252873563218,0.0011494252873563218,0.004597701149425287,0.0011494252873563218,0.0011494252873563218,0.0011494252873563218,0.0011494252873563218,0.0022988505747126436,0.0011494252873563218,0.0011494252873563218,0.0011494252873563218,0.0034482758620689655,0.0011494252873563218,0.0011494252873563218,0.0011494252873563218,0.0011494252873563218,0.0022988505747126436,0.0011494252873563218,0.0022988505747126436,0.0022988505747126436,0.0022988505747126436,0.0011494252873563218,0.0011494252873563218,0.0011494252873563218,0.0011494252873563218,0.0022988505747126436,0.0011494252873563218,0.0034482758620689655,0.0034482758620689655,0.0011494252873563218,0.004597701149425287,0.0011494252873563218,0.0011494252873563218,0.0022988505747126436,0.0022988505747126436,0.0011494252873563218,0.0011494252873563218,0.0011494252873563218,0.0022988505747126436,0.0011494252873563218,0.0022988505747126436,0.0022988505747126436,0.0011494252873563218,0.0011494252873563218,0.0011494252873563218,0.0011494252873563218,0.0011494252873563218,0.0011494252873563218,0.0011494252873563218,0.0011494252873563218,0.0011494252873563218,0.0011494252873563218,0.0011494252873563218,0.0011494252873563218,0.0022988505747126436,0.0011494252873563218,0.0011494252873563218,0.0011494252873563218,0.0011494252873563218,0.0011494252873563218,0.0011494252873563218,0.0011494252873563218,0.0011494252873563218,0.0011494252873563218,0.0011494252873563218,0.0011494252873563218,0.0022988505747126436,0.0011494252873563218,0.0011494252873563218,0.0011494252873563218,0.0011494252873563218,0.0011494252873563218,0.0022988505747126436,0.0011494252873563218,0.0022988505747126436,0.0011494252873563218,0.0011494252873563218,0.0011494252873563218,0.0034482758620689655,0.0011494252873563218,0.0011494252873563218,0.0011494252873563218,0.0011494252873563218,0.0011494252873563218,0.0011494252873563218,0.0011494252873563218,0.0011494252873563218,0.0011494252873563218,0.0011494252873563218,0.0011494252873563218,0.0011494252873563218,0.0034482758620689655,0.0011494252873563218,0.0022988505747126436,0.0011494252873563218,0.0011494252873563218,0.0011494252873563218,0.0011494252873563218,0.0011494252873563218,0.0011494252873563218,0.0011494252873563218,0.0011494252873563218,0.0011494252873563218,0.0011494252873563218,0.0011494252873563218,0.0011494252873563218,0.0011494252873563218,0.0011494252873563218,0.0011494252873563218,0.0011494252873563218,0.0011494252873563218,0.0011494252873563218,0.0,0.0,0.0,0.0,0.0,0.0,0.0,0.0,0.0,0.0,0.0,0.0,0.0,0.0,0.0,0.0,0.0,0.0,0.0,0.0,0.0,0.0,0.0,0.0,0.0,0.0,0.0,0.0,0.0,0.0,0.0,0.0,0.0,0.0,0.0,0.0,0.0,0.0,0.0,0.0,0.0,0.0,0.0,0.0,0.0,0.0,0.0,0.0,0.0,0.0,0.0,0.0,0.0,0.0,0.0,0.0,0.0,0.0,0.0,0.0,0.0,0.0,0.0,0.0,0.0,0.0,0.0,0.0,0.0,0.0,0.0,0.0,0.0,0.0,0.0,0.0,0.0,0.0,0.0,0.0,0.0,0.0,0.0,0.0,0.0,0.0,0.0,0.0,0.0,0.0,0.0,0.0,0.0,0.0,0.0,0.0,0.0,0.0,0.0,0.0,0.0,0.0,0.0,0.0,0.0,0.0,0.0,0.0,0.0,0.0,0.0,0.0,0.0,0.0,0.0,0.0,0.0,0.0,0.0,0.0,0.0,0.0,0.0,0.0,0.0,0.0,0.0,0.0,0.0,0.0,0.0,0.0,0.0,0.0,0.0,0.0,0.0,0.0,0.0,0.0,0.0,0.0,0.0,0.0,0.0,0.0,0.0,0.0,0.0,0.0,0.0,0.0,0.0,0.0,0.0,0.0,0.0,0.0,0.0,0.0,0.0,0.0,0.0,0.0,0.0,0.0,0.0,0.0,0.0,0.0,0.0,0.0,0.0,0.0,0.0,0.0,0.0,0.0,0.0,0.0,0.0,0.0,0.0,0.0,0.0,0.0,0.0,0.0,0.0,0.0,0.0,0.0,0.0,0.0,0.0,0.0,0.0,0.0,0.0,0.0,0.0,0.0,0.0,0.0,0.0,0.0,0.0,0.0,0.0,0.0,0.0,0.0,0.0,0.0,0.0,0.0,0.0,0.0,0.0,0.0,0.0,0.0,0.0,0.0,0.0,0.0,0.0,0.0,0.0,0.0,0.0,0.0,0.0,0.0,0.0,0.0,0.0,0.0,0.0,0.0,0.0,0.0,0.0,0.0,0.0,0.0,0.0,0.0,0.0,0.0,0.0,0.0,0.0,0.0,0.0,0.34818354394177065,0.0,0.0,0.0,0.0,0.0,0.0,0.0,0.0,0.0,0.0,0.0,0.0,0.0,0.0,0.0,0.0,0.0,0.0,0.0,0.0,0.0,0.0,0.0,0.0,0.0,0.0,0.0,0.0,0.0,0.0,0.0,0.0,0.0,0.0,0.0,0.0,0.0,0.0,0.0,0.0,0.44239369381319077,0.0,0.0,0.0,0.0,0.0,0.0,0.0,0.0,0.0,0.0,0.0,0.0,0.0,0.0,0.0,0.0,0.0,0.0,0.0,0.0,0.0,0.0,0.0,0.0,0.0,0.0,0.0,0.0,0.0,0.0,0.0,0.0,0.0,0.0,0.0,0.0,0.0,0.0,0.0,0.0,0.0,0.0,0.0,0.0,0.0,0.0,0.0,0.0,0.0,0.0,0.0,0.0,0.0,0.0,0.0,0.0,0.0,0.47716385704230574,0.0,0.0,0.0,0.0,0.0,0.0,0.0,0.0,0.0,0.0,0.0,0.0,0.0,0.0,0.0,0.0,0.0,0.0,0.0,0.0,0.0,0.0,0.0,0.0,0.0,0.0,0.0,0.0,0.0,0.0,0.0,0.0,0.0,0.0,0.0,0.0,0.0,0.0,0.0,0.0,0.0,0.0,0.0,0.0,0.0,0.0,0.0,0.0,0.0,0.0,0.0,0.0,0.0,0.0,0.0,0.0,0.0,0.0,0.0,0.0,0.0,0.0,0.0,0.0,0.0,0.0,0.0,0.0,0.0,0.0,0.0,0.0,0.0,0.0,0.0,0.0,0.0,0.0,0.0,0.0,0.0,0.0,0.0,0.0,0.0,0.0,0.0,0.0,0.0,0.0,0.0,0.0,0.0,0.0,0.0,0.0,0.0,0.0,0.0,0.0,0.0,0.0,0.0,0.0,0.0,0.0,0.0,0.0,0.0,0.0,0.0,0.0,0.0,0.0,0.0,0.0,0.0,0.0,0.0,0.0,0.0,0.0,0.0,0.0,0.0,0.0,0.0,0.0,0.0,0.0,0.0,0.0,0.0,0.0,0.0,0.0,0.0,0.0,0.0,0.0,0.0,0.0,0.0,0.0,0.0,0.0,0.0,0.0,0.0,0.0,0.0,0.0,0.0,0.0,0.0,0.47716385704230574,0.0,0.0,0.0,0.0,0.0,0.0,0.0,0.0,0.0,0.0,0.0,0.0,0.0,0.0,0.0,0.0,0.0,0.0,0.0,0.0,0.0,0.0,0.0,0.0,0.0,0.0,0.0,0.0,0.0,0.0,0.0,0.0,0.0,0.0,0.0,0.0,0.0,0.0,0.0,0.0,0.0,0.0,0.0,0.0,0.0,0.0,0.0,0.0,0.0,0.0,0.0,0.0,0.0,0.0,0.0,0.0,0.0,0.0,0.0,0.0,0.0,0.0,0.0,0.0,0.0,0.0,0.0,0.0,0.0,0.0,0.0,0.0,0.0,0.0,0.0,0.0,0.0,0.0,0.0,0.0,0.0,0.0,0.0,0.0,0.0,0.0,0.0,0.0,0.0,0.0,0.0,0.0,0.0,0.0,0.0,0.0,0.0,0.0,0.0,0.0,0.0,0.0,0.0,0.0,0.0,0.0,0.0,0.0,0.0,0.0,0.0,0.0,0.0,0.0,0.0,0.0,0.0,0.0,0.0,0.0,0.0,0.0,0.0,0.0,0.0,0.0,0.0,0.0,0.0,0.0,0.0,0.0,0.0,0.0,0.0,0.0,0.0,0.0,0.0,0.0,0.0,0.0,0.0,0.0,0.0,0.0,0.0,0.0,0.0,0.0,0.0,0.0,0.0,0.0,0.47716385704230574,0.0,0.0,0.0,0.0,0.0,0.0,0.0,0.0,0.0,0.0,0.0,0.0,0.0,0.0,0.0,0.0,0.0,0.0,0.0,0.0,0.0,0.0,0.0,0.0,0.0,0.0,0.0,0.0,0.0,0.0,0.0,0.0,0.0,0.0,0.0,0.0,0.0,0.0,0.0,0.0,0.0,0.0,0.0,0.0,0.0,0.0,0.0,0.0,0.0,0.0,0.0,0.0,0.0,0.0,0.0,0.0,0.0,0.0,0.0,0.0,0.0
SD2401268,20대,음 근데 우리집이 꼭대기 층이라 그런지 좀 괜찮은 거 같은데. 층간 소음은 없는데 벽간 소음이 쪼금 있는 거 같아. 방이 그 방음이 잘 안 돼서 옆 문 그 첫 입구 문에만 서도 옆의 방이 뭐 유튜브 뭐 듣고 있는지 무슨 대화하고 있는지가 너무 잘 들려서 쪼끔 부담스럽긴 해. 근데 위에는 아무도 사람이 안 사니까 내가 살기에는 어 소음이 없어서 되게 좋은 거 같아. 그거 말고도 본가 살 때는 위층이 아빠 지인이 살았었는데 그래서 막 소음이 나도 뭐라 하기가 좀 그랬던 경험이 있어. 너는 지금 몇 층 정도에 살아? 층간 소음은 없어? 음 그 학 학교 들어오고 나서부터 2년 동안 여기 살고 올해 새로 계약해서 똑같은 데 연장해서 거기서 살고 있어. 아마 내년에는 교환 학생을 가서 없으니까 오빠가 혼자 살 거 같아 지금 같이 살고 있으니까. 그리고 사실 나는 올해 딱 계약 연장할 때쯤에 새로 구해서 따로따로 살고 싶었는데 아무래도 서울 뭐 월세가 비싸다 보니까 그냥 한집에서 해서 전세로 사는 게 낫겠다 싶어서 같이 살고 있는데. 어 아무래도 생활 패턴이나 그런 집안일 하는 거가 좀 안 맞아서 좀 그게 제일 힘들어서 따로 살고 싶었던 거 같아. 뭐 혼자 늦게 자고 그런 건 상관없는데 오빠가 게임을 하니까 늦게까지 게임하는 소리 계속 들려 오 들려 오고 하니까 나 자는 데 방에 돼서 그랬던 거 같아. 너는 그런 적은 없어? 어 중3 때까지 1곳에서 살았고 그 주 중3 이후에 약간 신도시 분양 그런 청약 담 당첨 돼 가지고 1번 이사를 갔었어. 근데 그 중3 때까지 계속 같은 지역에 살다 보니까 거기 유치원 초등학교 중학교 나오고 고등학교도 그쪽을 가려고 했는데 이사를 가게 돼서 혼자 떨어진 곳을 가니까 친구들이랑도 멀어지고 그러 그 뭐 원래 놀던 데에서도 못 놀고 이런 게 쪼끔 아쉽고 힘들긴 하더라고. 근데 집이 넓어서 되게 좋았던 거 같아. 나는 이사를 많이 안 해 봐서 막 해 보고 싶었다 이런 게 좀 컸었는데 주변에 이사 많이 다니는 사람은 안 그렇더라고. 이사를 그만 다니고 싶다 그러더라. 혹시 너도 그런 편이야? 음 나는 이사 간 다음에 우 이 이사 간 아파트 앞에 막 전원주택 같은 게 있는 거야. 그래서 나중에 이 또 이사를 가게 된다면은 저런 데에서 살고 싶다. 저런 데에서 마당에서 막 식물 키우고 동물 키우고 막 나만의 정원을 가꾸면서 2층 바 다락방에서 살고 싶다 막 이런 생각을 했었는데. 근데 막상 거기에 살면은 관리하는 게 되게 힘들어 보이더라고. 할머니 집도 그런 전원주택인데 조금만 뭘 관리를 안 해 줘도 잡초 자라고 먼지가 끼고 더러워지고 막 그런 게 많아서 관리가 힘들다고 하더라고. 근데 그럼에도 한 약간 한번쯤은 전원주택에 살고 싶다 이런 생각이 있는데. 너는 그런 어디에 살고 싶다 이런 로망 같은 게 있어? 어 전자레인지랑 냉장고 세탁기 이 이 정도는 원래 있었던 거 같고. 밥솥이랑 응 어 그 오븐 같은 거 뭐라고 하지. 그 아 에어프라이어는 사 왔고. 최근에 여름 되니까 벌레가 너무 많이 생기잖아. 특히 음식물에 벌레가 많이 생기는데 그래서 버리기가 너무 힘들어서 미생물로 분해해 주는 기계 그런 게 있더라고. 오빠가 인스타그램에서 찾아와서 막 우 이거 쓰자 막 그러면서 찾아왔던 기억이 있어. 그래서 그거를 지금 살까 고민 중에 있어. 그게 음식물 쓰레기를 넣으면은 미생물들이 분해를 해서 흙으로 바로 만들어 준대. 근데 그게 하루 만에 다 만들어 주고 냄새도 안 나서 좋다고 하더라고. 너는 혹시 집안일 같은 거는 어떻게 하는 편이야? 어 가끔 아니 자주 좀 싸운 싸우진 않고 이런 거에 대해 짜증을 내는 거 같긴 한데 내 방이 쓰레기 그 분리수거 하는 데 바로 앞에 있단 말이야. 그래서 오빠는 좀 멀어서 쓰레기 같은 걸 거기 내면 그만인데 나는 내고 나서 그게 분리수거가 잘 안 되어 있거나 막 더러운 게 섞여 있거나 하면은 냄새가 바로 내 방으로 들어온단 말이야. 그거 때문에 오빠한테 뭐라 한 적도 많았던 거 같고. 약간 분담 같은 게 예전에는 막 뭐 냉장고 청소 네가 1번 하면 내가 화장실 청소 1번 하고 이런 식으로 번갈아서 하자라고 말은 했는데 어느 순간 보니까 내가 다 하고 있더라고. 그래서 그거에 대해서 쌓아 놨다가 화내기 직전에 딱 말하면은 오빠가 또 눈치는 빨라 가지고 그제서야 부랴부랴 치우고 막 이래서 어 싸우지는 않았던 거 같아. 근데 자취를 하니까 확실히 본가 살 때는 엄마가 다 해 주고 그러는데 내가 다 해야 되니까 그게 힘든 거 같긴 해. 너는 자취하고 싶다는 생각은 없어? 아 나 처음에 집 들어올 때 막 냉장고랑 기본 가구에 막 여 연두색 띠가 막 둘러져 있는 거야. 기본 색깔로 막 있는 거야. 그래서 그걸 보고 아 진짜 별로다. 여기 살기 싫다 했었는데 막상 들어가 보니까 그런 거 별로 티도 안 나고 깔끔해 보이고 좋더라고. 그래서 그렇게 쓰고 있고. 뭔가 인테리어 아 그 자취하면 내 방식대로 바 집을 꾸미고 막 이렇게 써야지라는 생각은 있었는데 막상 있으니까 짐을 그 넣을 짐도 너무 많고 근데 그거에 비해 공간은 안 나오고 하니까 인테리어라고 할 것도 없이 그냥 짐을 넣어 놓은 거 같아. 내 방이 너무 작아서 옷장 같은 게 들어갈 공간이 안 나서 거실에다가 행거 설치해서 바로 옷 놓아두고. 그래서 뭔가 꾸미기도 애매하고 그랬던 거 같아. 너는 집 인테리어 어떤 편이야? 서울에서 살 수 있으면 좋을 거 같은데. 왜냐하면 여가 생활 같은 것도 훨씬 더 많이 할 수 있고 이제 거의 내 친구들이나 생활 반경이 서울에 중심에 맞춰져 있다 보니까 서울에서 생활하는 게 편하긴 한데 가끔씩 여기가 사람이 너무 많아서 내려가고 싶다라는 생각이 들긴 해. 근데 직장을 얻고 뭔가 더 발전을 하려면은 서울에서 사는 게 맞는 거 같아. 나는 그 본가 살 때는 지하에 헬스장이 있어서 그거를 썼단 말이야. 근데 자취를 하니까 그런 여가 시설 시 그 아무튼 시설들이 없어서 막 주변에서 주변 다른 헬스장을 등록해 놨단 말이야. 근데 너는 지금 어쨌든 본가에 살잖아. 큰 아파트에 사는데 그러면 거기에 막 여가 시설 같은 게 와 잘 마련되어 있어?,0.005747126436781609,0.017241379310344827,0.004597701149425287,0.0,0.005747126436781609,0.0034482758620689655,0.005747126436781609,0.008045977011494253,0.01839080459770115,0.029885057471264367,0.004597701149425287,0.027586206896551724,0.0,0.008045977011494253,0.0022988505747126436,0.0,0.0034482758620689655,0.0011494252873563218,0.03218390804597701,0.013793103448275862,0.0,0.0,0.0,0.0022988505747126436,0.0,0.004597701149425287,0.021839080459770115,0.0,0.0034482758620689655,0.0034482758620689655,0.04367816091954023,0.0,0.006896551724137931,0.0,0.004597701149425287,0.009195402298850575,0.0,0.0,0.011494252873563218,0.0011494252873563218,0.0,0.0022988505747126436,0.0,0.0,0.034482758620689655,0.004597701149425287,0.013793103448275862,0.0022988505747126436,0.004597701149425287,0.0367816091954023,0.009195402298850575,0.0011494252873563218,0.0,0.0022988505747126436,0.0,0.0011494252873563218,0.0011494252873563218,0.0022988505747126436,0.0,0.006896551724137931,0.0,0.0,0.0,0.0011494252873563218,0.006896551724137931,0.0022988505747126436,0.0022988505747126436,0.0011494252873563218,0.0011494252873563218,0.0,0.0,0.0,0.0022988505747126436,0.0,0.0,0.005747126436781609,0.0022988505747126436,0.0,0.006896551724137931,0.010344827586206896,0.0011494252873563218,0.0,0.0,0.0,0.0,0.004597701149425287,0.0034482758620689655,0.0,0.0022988505747126436,0.004597701149425287,0.0,0.0022988505747126436,0.0,0.0011494252873563218,0.0,0.0011494252873563218,0.0011494252873563218,0.0011494252873563218,0.0,0.0022988505747126436,0.004597701149425287,0.0011494252873563218,0.0,0.0,0.0,0.0,0.01264367816091954,0.009195402298850575,0.0,0.0011494252873563218,0.0011494252873563218,0.0022988505747126436,0.0011494252873563218,0.0,0.0,0.0011494252873563218,0.0,0.0,0.0011494252873563218,0.011494252873563218,0.0,0.005747126436781609,0.0011494252873563218,0.0,0.0022988505747126436,0.0011494252873563218,0.0011494252873563218,0.0,0.0022988505747126436,0.0,0.0,0.0,0.0,0.0034482758620689655,0.0,0.0,0.01839080459770115,0.0022988505747126436,0.0,0.0,0.0022988505747126436,0.0022988505747126436,0.0022988505747126436,0.0,0.0,0.005747126436781609,0.0011494252873563218,0.0,0.008045977011494253,0.0022988505747126436,0.0011494252873563218,0.005747126436781609,0.0011494252873563218,0.0,0.0,0.0011494252873563218,0.0,0.0011494252873563218,0.006896551724137931,0.0011494252873563218,0.0,0.0034482758620689655,0.0,0.0,0.0,0.004597701149425287,0.0011494252873563218,0.0011494252873563218,0.0,0.0,0.0011494252873563218,0.0,0.0,0.0,0.006896551724137931,0.0,0.0,0.0,0.0,0.0,0.0011494252873563218,0.0,0.0034482758620689655,0.0022988505747126436,0.0,0.0022988505747126436,0.0,0.0022988505747126436,0.0022988505747126436,0.0,0.0,0.0,0.0022988505747126436,0.0,0.0,0.0011494252873563218,0.0,0.0,0.0,0.0,0.0034482758620689655,0.0,0.004597701149425287,0.0,0.0,0.0,0.0,0.0,0.0,0.0011494252873563218,0.0,0.0,0.0,0.0,0.0011494252873563218,0.0,0.0011494252873563218,0.0,0.0011494252873563218,0.0,0.0022988505747126436,0.0,0.0011494252873563218,0.0022988505747126436,0.0,0.0,0.005747126436781609,0.0,0.0022988505747126436,0.0,0.0,0.0,0.0,0.0,0.0,0.0,0.0,0.0,0.0022988505747126436,0.0,0.0,0.0,0.004597701149425287,0.0,0.0,0.0,0.0,0.0,0.0,0.0,0.0,0.0,0.0,0.0,0.0,0.0,0.006896551724137931,0.0034482758620689655,0.0011494252873563218,0.0011494252873563218,0.0011494252873563218,0.0011494252873563218,0.0022988505747126436,0.0022988505747126436,0.0011494252873563218,0.0011494252873563218,0.0011494252873563218,0.0011494252873563218,0.0011494252873563218,0.0011494252873563218,0.0034482758620689655,0.0011494252873563218,0.005747126436781609,0.0011494252873563218,0.0011494252873563218,0.0011494252873563218,0.0022988505747126436,0.0022988505747126436,0.0011494252873563218,0.0022988505747126436,0.0011494252873563218,0.0011494252873563218,0.0011494252873563218,0.0011494252873563218,0.0022988505747126436,0.0011494252873563218,0.0011494252873563218,0.0011494252873563218,0.0022988505747126436,0.0011494252873563218,0.0011494252873563218,0.0011494252873563218,0.0011494252873563218,0.0011494252873563218,0.0011494252873563218,0.0011494252873563218,0.0011494252873563218,0.0022988505747126436,0.0022988505747126436,0.0011494252873563218,0.0011494252873563218,0.0011494252873563218,0.0022988505747126436,0.0011494252873563218,0.0011494252873563218,0.0034482758620689655,0.0011494252873563218,0.0011494252873563218,0.0011494252873563218,0.0011494252873563218,0.0011494252873563218,0.0011494252873563218,0.0011494252873563218,0.0022988505747126436,0.0011494252873563218,0.0022988505747126436,0.0022988505747126436,0.0011494252873563218,0.0011494252873563218,0.0034482758620689655,0.0011494252873563218,0.0011494252873563218,0.0022988505747126436,0.0011494252873563218,0.0022988505747126436,0.0011494252873563218,0.0011494252873563218,0.0022988505747126436,0.0011494252873563218,0.0011494252873563218,0.0011494252873563218,0.0022988505747126436,0.0011494252873563218,0.0034482758620689655,0.0034482758620689655,0.0022988505747126436,0.0011494252873563218,0.0011494252873563218,0.0011494252873563218,0.0011494252873563218,0.0011494252873563218,0.0011494252873563218,0.0011494252873563218,0.004597701149425287,0.0011494252873563218,0.0011494252873563218,0.0011494252873563218,0.0011494252873563218,0.0022988505747126436,0.0011494252873563218,0.0011494252873563218,0.0011494252873563218,0.0034482758620689655,0.0011494252873563218,0.0011494252873563218,0.0011494252873563218,0.0011494252873563218,0.0022988505747126436,0.0011494252873563218,0.0022988505747126436,0.0022988505747126436,0.0022988505747126436,0.0011494252873563218,0.0011494252873563218,0.0011494252873563218,0.0011494252873563218,0.0022988505747126436,0.0011494252873563218,0.0034482758620689655,0.0034482758620689655,0.0011494252873563218,0.004597701149425287,0.0011494252873563218,0.0011494252873563218,0.0022988505747126436,0.0022988505747126436,0.0011494252873563218,0.0011494252873563218,0.0011494252873563218,0.0022988505747126436,0.0011494252873563218,0.0022988505747126436,0.0022988505747126436,0.0011494252873563218,0.0011494252873563218,0.0011494252873563218,0.0011494252873563218,0.0011494252873563218,0.0011494252873563218,0.0011494252873563218,0.0011494252873563218,0.0011494252873563218,0.0011494252873563218,0.0011494252873563218,0.0011494252873563218,0.0022988505747126436,0.0011494252873563218,0.0011494252873563218,0.0011494252873563218,0.0011494252873563218,0.0011494252873563218,0.0011494252873563218,0.0011494252873563218,0.0011494252873563218,0.0011494252873563218,0.0011494252873563218,0.0011494252873563218,0.0022988505747126436,0.0011494252873563218,0.0011494252873563218,0.0011494252873563218,0.0011494252873563218,0.0011494252873563218,0.0022988505747126436,0.0011494252873563218,0.0022988505747126436,0.0011494252873563218,0.0011494252873563218,0.0011494252873563218,0.0034482758620689655,0.0011494252873563218,0.0011494252873563218,0.0011494252873563218,0.0011494252873563218,0.0011494252873563218,0.0011494252873563218,0.0011494252873563218,0.0011494252873563218,0.0011494252873563218,0.0011494252873563218,0.0011494252873563218,0.0011494252873563218,0.0034482758620689655,0.0011494252873563218,0.0022988505747126436,0.0011494252873563218,0.0011494252873563218,0.0011494252873563218,0.0011494252873563218,0.0011494252873563218,0.0011494252873563218,0.0011494252873563218,0.0011494252873563218,0.0011494252873563218,0.0011494252873563218,0.0011494252873563218,0.0011494252873563218,0.0011494252873563218,0.0011494252873563218,0.0011494252873563218,0.0011494252873563218,0.0011494252873563218,0.0011494252873563218,0.0,0.0,0.0,0.0,0.0,0.0,0.0,0.0,0.0,0.0,0.0,0.0,0.0,0.0,0.0,0.0,0.0,0.0,0.0,0.0,0.0,0.0,0.0,0.0,0.0,0.0,0.0,0.0,0.0,0.0,0.0,0.0,0.0,0.0,0.0,0.0,0.0,0.0,0.0,0.0,0.0,0.0,0.0,0.0,0.0,0.0,0.0,0.0,0.0,0.0,0.0,0.0,0.0,0.0,0.0,0.0,0.0,0.0,0.0,0.0,0.0,0.0,0.0,0.0,0.0,0.0,0.0,0.0,0.0,0.0,0.0,0.0,0.0,0.0,0.0,0.0,0.0,0.0,0.0,0.0,0.0,0.0,0.0,0.0,0.0,0.0,0.0,0.0,0.0,0.0,0.0,0.0,0.0,0.0,0.39117528538311525,0.0,0.0,0.0,0.0,0.0,0.0,0.0,0.0,0.0,0.0,0.0,0.0,0.0,0.0,0.0,0.0,0.0,0.0,0.0,0.0,0.0,0.0,0.0,0.0,0.0,0.0,0.0,0.0,0.0,0.0,0.0,0.0,0.0,0.0,0.0,0.0,0.0,0.0,0.0,0.0,0.0,0.0,0.0,0.0,0.0,0.0,0.0,0.0,0.0,0.0,0.0,0.0,0.0,0.0,0.0,0.0,0.0,0.0,0.0,0.41724637884752847,0.0,0.0,0.0,0.0,0.0,0.0,0.0,0.0,0.0,0.0,0.0,0.0,0.0,0.0,0.0,0.0,0.0,0.0,0.0,0.0,0.0,0.0,0.0,0.0,0.0,0.0,0.0,0.0,0.0,0.0,0.0,0.0,0.0,0.0,0.0,0.0,0.0,0.0,0.0,0.0,0.0,0.0,0.0,0.0,0.0,0.0,0.0,0.0,0.0,0.0,0.0,0.0,0.0,0.0,0.0,0.0,0.0,0.0,0.0,0.0,0.0,0.0,0.0,0.0,0.0,0.0,0.0,0.0,0.0,0.0,0.0,0.0,0.0,0.0,0.0,0.0,0.0,0.0,0.0,0.0,0.0,0.0,0.0,0.0,0.0,0.0,0.0,0.0,0.0,0.0,0.0,0.0,0.0,0.0,0.0,0.0,0.0,0.0,0.0,0.0,0.0,0.0,0.0,0.0,0.0,0.0,0.0,0.0,0.0,0.0,0.0,0.0,0.0,0.0,0.0,0.0,0.0,0.0,0.0,0.0,0.0,0.0,0.0,0.0,0.0,0.0,0.0,0.0,0.0,0.0,0.0,0.0,0.0,0.0,0.0,0.0,0.0,0.0,0.0,0.6015400750974923,0.0,0.0,0.0,0.0,0.0,0.0,0.0,0.0,0.0,0.0,0.0,0.0,0.0,0.0,0.0,0.0,0.0,0.0,0.0,0.0,0.0,0.0,0.0,0.0,0.0,0.0,0.0,0.0,0.0,0.0,0.0,0.0,0.0,0.0,0.0,0.0,0.0,0.0,0.0,0.0,0.0,0.0,0.0,0.0,0.0,0.0,0.0,0.0,0.0,0.0,0.0,0.0,0.0,0.0,0.0,0.0,0.0,0.0,0.0,0.0,0.0,0.0,0.0,0.0,0.0,0.0,0.0,0.0,0.0,0.0,0.0,0.0,0.0,0.0,0.0,0.0,0.0,0.0,0.0,0.0,0.0,0.0,0.0,0.0,0.0,0.0,0.0,0.0,0.0,0.0,0.0,0.0,0.0,0.0,0.0,0.0,0.0,0.0,0.0,0.0,0.0,0.0,0.0,0.0,0.0,0.0,0.0,0.0,0.0,0.0,0.0,0.0,0.0,0.0,0.0,0.0,0.0,0.0,0.0,0.0,0.0,0.0,0.0,0.0,0.0,0.0,0.0,0.0,0.0,0.0,0.0,0.0,0.0,0.0,0.0,0.0,0.0,0.0,0.0,0.0,0.0,0.0,0.0,0.0,0.0,0.0,0.0,0.0,0.0,0.0,0.0,0.0,0.0,0.0,0.0,0.0,0.0,0.0,0.0,0.0,0.0,0.0,0.0,0.0,0.0,0.0,0.0,0.0,0.0,0.0,0.0,0.0,0.0,0.0,0.0,0.0,0.0,0.0,0.0,0.0,0.0,0.0,0.0,0.0,0.0,0.0,0.0,0.0,0.0,0.0,0.0,0.0,0.0,0.0,0.0,0.0,0.0,0.0,0.0,0.0,0.0,0.0,0.0,0.0,0.0,0.0,0.0,0.0,0.0,0.0,0.0,0.0,0.0,0.0,0.0,0.0,0.0,0.0,0.0,0.0,0.0,0.0,0.0,0.0,0.0,0.0,0.0,0.0,0.0,0.0,0.0,0.0,0.0,0.0,0.0,0.0,0.0,0.0,0.0,0.0,0.0,0.0,0.0,0.0,0.0,0.0,0.0,0.0,0.0,0.0,0.0,0.0,0.0,0.0,0.0,0.0,0.0,0.0,0.0,0.0,0.0,0.0,0.0,0.0,0.0,0.0,0.0,0.0,0.0,0.0,0.0,0.0,0.0,0.0,0.0,0.0,0.0,0.0,0.0,0.0,0.0,0.0,0.0,0.0,0.0,0.0,0.0,0.0,0.0,0.0,0.0,0.0,0.0,0.0,0.0,0.0,0.0,0.0,0.0,0.0,0.0,0.0,0.0,0.0,0.0,0.0,0.0,0.0,0.0,0.0,0.0,0.0,0.0,0.0,0.0,0.0,0.0,0.0,0.0,0.0,0.0,0.0,0.0,0.0,0.0,0.0,0.0,0.0,0.0,0.0,0.0,0.0,0.0,0.0,0.0,0.0,0.0,0.0,0.0,0.0,0.0,0.0,0.0,0.0,0.0,0.0,0.0,0.0,0.0,0.0,0.0,0.0,0.0,0.0,0.0,0.0,0.0,0.0,0.0,0.0,0.0,0.0,0.0,0.0,0.0,0.0,0.0,0.0,0.0,0.0,0.0,0.0,0.0,0.0,0.0,0.0,0.0,0.0,0.0,0.0,0.0,0.0,0.0,0.0,0.0,0.0,0.0,0.0,0.0,0.0,0.0,0.0,0.0,0.0,0.0,0.0,0.0,0.0,0.0,0.0,0.0,0.0,0.0,0.0,0.0,0.0,0.0,0.0,0.0,0.0,0.0,0.0,0.0,0.0,0.0,0.0,0.0,0.0,0.0,0.0,0.0,0.0,0.0,0.0,0.0,0.0,0.0,0.0,0.0,0.0,0.0,0.5577068167915525
SD2401268,20대,음 근데 우리집이 꼭대기 층이라 그런지 좀 괜찮은 거 같은데. 층간 소음은 없는데 벽간 소음이 쪼금 있는 거 같아. 방이 그 방음이 잘 안 돼서 옆 문 그 첫 입구 문에만 서도 옆의 방이 뭐 유튜브 뭐 듣고 있는지 무슨 대화하고 있는지가 너무 잘 들려서 쪼끔 부담스럽긴 해. 근데 위에는 아무도 사람이 안 사니까 내가 살기에는 어 소음이 없어서 되게 좋은 거 같아. 그거 말고도 본가 살 때는 위층이 아빠 지인이 살았었는데 그래서 막 소음이 나도 뭐라 하기가 좀 그랬던 경험이 있어. 너는 지금 몇 층 정도에 살아? 층간 소음은 없어? 음 그 학 학교 들어오고 나서부터 2년 동안 여기 살고 올해 새로 계약해서 똑같은 데 연장해서 거기서 살고 있어. 아마 내년에는 교환 학생을 가서 없으니까 오빠가 혼자 살 거 같아 지금 같이 살고 있으니까. 그리고 사실 나는 올해 딱 계약 연장할 때쯤에 새로 구해서 따로따로 살고 싶었는데 아무래도 서울 뭐 월세가 비싸다 보니까 그냥 한집에서 해서 전세로 사는 게 낫겠다 싶어서 같이 살고 있는데. 어 아무래도 생활 패턴이나 그런 집안일 하는 거가 좀 안 맞아서 좀 그게 제일 힘들어서 따로 살고 싶었던 거 같아. 뭐 혼자 늦게 자고 그런 건 상관없는데 오빠가 게임을 하니까 늦게까지 게임하는 소리 계속 들려 오 들려 오고 하니까 나 자는 데 방에 돼서 그랬던 거 같아. 너는 그런 적은 없어? 어 중3 때까지 1곳에서 살았고 그 주 중3 이후에 약간 신도시 분양 그런 청약 담 당첨 돼 가지고 1번 이사를 갔었어. 근데 그 중3 때까지 계속 같은 지역에 살다 보니까 거기 유치원 초등학교 중학교 나오고 고등학교도 그쪽을 가려고 했는데 이사를 가게 돼서 혼자 떨어진 곳을 가니까 친구들이랑도 멀어지고 그러 그 뭐 원래 놀던 데에서도 못 놀고 이런 게 쪼끔 아쉽고 힘들긴 하더라고. 근데 집이 넓어서 되게 좋았던 거 같아. 나는 이사를 많이 안 해 봐서 막 해 보고 싶었다 이런 게 좀 컸었는데 주변에 이사 많이 다니는 사람은 안 그렇더라고. 이사를 그만 다니고 싶다 그러더라. 혹시 너도 그런 편이야? 음 나는 이사 간 다음에 우 이 이사 간 아파트 앞에 막 전원주택 같은 게 있는 거야. 그래서 나중에 이 또 이사를 가게 된다면은 저런 데에서 살고 싶다. 저런 데에서 마당에서 막 식물 키우고 동물 키우고 막 나만의 정원을 가꾸면서 2층 바 다락방에서 살고 싶다 막 이런 생각을 했었는데. 근데 막상 거기에 살면은 관리하는 게 되게 힘들어 보이더라고. 할머니 집도 그런 전원주택인데 조금만 뭘 관리를 안 해 줘도 잡초 자라고 먼지가 끼고 더러워지고 막 그런 게 많아서 관리가 힘들다고 하더라고. 근데 그럼에도 한 약간 한번쯤은 전원주택에 살고 싶다 이런 생각이 있는데. 너는 그런 어디에 살고 싶다 이런 로망 같은 게 있어? 어 전자레인지랑 냉장고 세탁기 이 이 정도는 원래 있었던 거 같고. 밥솥이랑 응 어 그 오븐 같은 거 뭐라고 하지. 그 아 에어프라이어는 사 왔고. 최근에 여름 되니까 벌레가 너무 많이 생기잖아. 특히 음식물에 벌레가 많이 생기는데 그래서 버리기가 너무 힘들어서 미생물로 분해해 주는 기계 그런 게 있더라고. 오빠가 인스타그램에서 찾아와서 막 우 이거 쓰자 막 그러면서 찾아왔던 기억이 있어. 그래서 그거를 지금 살까 고민 중에 있어. 그게 음식물 쓰레기를 넣으면은 미생물들이 분해를 해서 흙으로 바로 만들어 준대. 근데 그게 하루 만에 다 만들어 주고 냄새도 안 나서 좋다고 하더라고. 너는 혹시 집안일 같은 거는 어떻게 하는 편이야? 어 가끔 아니 자주 좀 싸운 싸우진 않고 이런 거에 대해 짜증을 내는 거 같긴 한데 내 방이 쓰레기 그 분리수거 하는 데 바로 앞에 있단 말이야. 그래서 오빠는 좀 멀어서 쓰레기 같은 걸 거기 내면 그만인데 나는 내고 나서 그게 분리수거가 잘 안 되어 있거나 막 더러운 게 섞여 있거나 하면은 냄새가 바로 내 방으로 들어온단 말이야. 그거 때문에 오빠한테 뭐라 한 적도 많았던 거 같고. 약간 분담 같은 게 예전에는 막 뭐 냉장고 청소 네가 1번 하면 내가 화장실 청소 1번 하고 이런 식으로 번갈아서 하자라고 말은 했는데 어느 순간 보니까 내가 다 하고 있더라고. 그래서 그거에 대해서 쌓아 놨다가 화내기 직전에 딱 말하면은 오빠가 또 눈치는 빨라 가지고 그제서야 부랴부랴 치우고 막 이래서 어 싸우지는 않았던 거 같아. 근데 자취를 하니까 확실히 본가 살 때는 엄마가 다 해 주고 그러는데 내가 다 해야 되니까 그게 힘든 거 같긴 해. 너는 자취하고 싶다는 생각은 없어? 아 나 처음에 집 들어올 때 막 냉장고랑 기본 가구에 막 여 연두색 띠가 막 둘러져 있는 거야. 기본 색깔로 막 있는 거야. 그래서 그걸 보고 아 진짜 별로다. 여기 살기 싫다 했었는데 막상 들어가 보니까 그런 거 별로 티도 안 나고 깔끔해 보이고 좋더라고. 그래서 그렇게 쓰고 있고. 뭔가 인테리어 아 그 자취하면 내 방식대로 바 집을 꾸미고 막 이렇게 써야지라는 생각은 있었는데 막상 있으니까 짐을 그 넣을 짐도 너무 많고 근데 그거에 비해 공간은 안 나오고 하니까 인테리어라고 할 것도 없이 그냥 짐을 넣어 놓은 거 같아. 내 방이 너무 작아서 옷장 같은 게 들어갈 공간이 안 나서 거실에다가 행거 설치해서 바로 옷 놓아두고. 그래서 뭔가 꾸미기도 애매하고 그랬던 거 같아. 너는 집 인테리어 어떤 편이야? 서울에서 살 수 있으면 좋을 거 같은데. 왜냐하면 여가 생활 같은 것도 훨씬 더 많이 할 수 있고 이제 거의 내 친구들이나 생활 반경이 서울에 중심에 맞춰져 있다 보니까 서울에서 생활하는 게 편하긴 한데 가끔씩 여기가 사람이 너무 많아서 내려가고 싶다라는 생각이 들긴 해. 근데 직장을 얻고 뭔가 더 발전을 하려면은 서울에서 사는 게 맞는 거 같아. 나는 그 본가 살 때는 지하에 헬스장이 있어서 그거를 썼단 말이야. 근데 자취를 하니까 그런 여가 시설 시 그 아무튼 시설들이 없어서 막 주변에서 주변 다른 헬스장을 등록해 놨단 말이야. 근데 너는 지금 어쨌든 본가에 살잖아. 큰 아파트에 사는데 그러면 거기에 막 여가 시설 같은 게 와 잘 마련되어 있어?,0.005747126436781609,0.017241379310344827,0.004597701149425287,0.0,0.005747126436781609,0.0034482758620689655,0.005747126436781609,0.008045977011494253,0.01839080459770115,0.029885057471264367,0.004597701149425287,0.027586206896551724,0.0,0.008045977011494253,0.0022988505747126436,0.0,0.0034482758620689655,0.0011494252873563218,0.03218390804597701,0.013793103448275862,0.0,0.0,0.0,0.0022988505747126436,0.0,0.004597701149425287,0.021839080459770115,0.0,0.0034482758620689655,0.0034482758620689655,0.04367816091954023,0.0,0.006896551724137931,0.0,0.004597701149425287,0.009195402298850575,0.0,0.0,0.011494252873563218,0.0011494252873563218,0.0,0.0022988505747126436,0.0,0.0,0.034482758620689655,0.004597701149425287,0.013793103448275862,0.0022988505747126436,0.004597701149425287,0.0367816091954023,0.009195402298850575,0.0011494252873563218,0.0,0.0022988505747126436,0.0,0.0011494252873563218,0.0011494252873563218,0.0022988505747126436,0.0,0.006896551724137931,0.0,0.0,0.0,0.0011494252873563218,0.006896551724137931,0.0022988505747126436,0.0022988505747126436,0.0011494252873563218,0.0011494252873563218,0.0,0.0,0.0,0.0022988505747126436,0.0,0.0,0.005747126436781609,0.0022988505747126436,0.0,0.006896551724137931,0.010344827586206896,0.0011494252873563218,0.0,0.0,0.0,0.0,0.004597701149425287,0.0034482758620689655,0.0,0.0022988505747126436,0.004597701149425287,0.0,0.0022988505747126436,0.0,0.0011494252873563218,0.0,0.0011494252873563218,0.0011494252873563218,0.0011494252873563218,0.0,0.0022988505747126436,0.004597701149425287,0.0011494252873563218,0.0,0.0,0.0,0.0,0.01264367816091954,0.009195402298850575,0.0,0.0011494252873563218,0.0011494252873563218,0.0022988505747126436,0.0011494252873563218,0.0,0.0,0.0011494252873563218,0.0,0.0,0.0011494252873563218,0.011494252873563218,0.0,0.005747126436781609,0.0011494252873563218,0.0,0.0022988505747126436,0.0011494252873563218,0.0011494252873563218,0.0,0.0022988505747126436,0.0,0.0,0.0,0.0,0.0034482758620689655,0.0,0.0,0.01839080459770115,0.0022988505747126436,0.0,0.0,0.0022988505747126436,0.0022988505747126436,0.0022988505747126436,0.0,0.0,0.005747126436781609,0.0011494252873563218,0.0,0.008045977011494253,0.0022988505747126436,0.0011494252873563218,0.005747126436781609,0.0011494252873563218,0.0,0.0,0.0011494252873563218,0.0,0.0011494252873563218,0.006896551724137931,0.0011494252873563218,0.0,0.0034482758620689655,0.0,0.0,0.0,0.004597701149425287,0.0011494252873563218,0.0011494252873563218,0.0,0.0,0.0011494252873563218,0.0,0.0,0.0,0.006896551724137931,0.0,0.0,0.0,0.0,0.0,0.0011494252873563218,0.0,0.0034482758620689655,0.0022988505747126436,0.0,0.0022988505747126436,0.0,0.0022988505747126436,0.0022988505747126436,0.0,0.0,0.0,0.0022988505747126436,0.0,0.0,0.0011494252873563218,0.0,0.0,0.0,0.0,0.0034482758620689655,0.0,0.004597701149425287,0.0,0.0,0.0,0.0,0.0,0.0,0.0011494252873563218,0.0,0.0,0.0,0.0,0.0011494252873563218,0.0,0.0011494252873563218,0.0,0.0011494252873563218,0.0,0.0022988505747126436,0.0,0.0011494252873563218,0.0022988505747126436,0.0,0.0,0.005747126436781609,0.0,0.0022988505747126436,0.0,0.0,0.0,0.0,0.0,0.0,0.0,0.0,0.0,0.0022988505747126436,0.0,0.0,0.0,0.004597701149425287,0.0,0.0,0.0,0.0,0.0,0.0,0.0,0.0,0.0,0.0,0.0,0.0,0.0,0.006896551724137931,0.0034482758620689655,0.0011494252873563218,0.0011494252873563218,0.0011494252873563218,0.0011494252873563218,0.0022988505747126436,0.0022988505747126436,0.0011494252873563218,0.0011494252873563218,0.0011494252873563218,0.0011494252873563218,0.0011494252873563218,0.0011494252873563218,0.0034482758620689655,0.0011494252873563218,0.005747126436781609,0.0011494252873563218,0.0011494252873563218,0.0011494252873563218,0.0022988505747126436,0.0022988505747126436,0.0011494252873563218,0.0022988505747126436,0.0011494252873563218,0.0011494252873563218,0.0011494252873563218,0.0011494252873563218,0.0022988505747126436,0.0011494252873563218,0.0011494252873563218,0.0011494252873563218,0.0022988505747126436,0.0011494252873563218,0.0011494252873563218,0.0011494252873563218,0.0011494252873563218,0.0011494252873563218,0.0011494252873563218,0.0011494252873563218,0.0011494252873563218,0.0022988505747126436,0.0022988505747126436,0.0011494252873563218,0.0011494252873563218,0.0011494252873563218,0.0022988505747126436,0.0011494252873563218,0.0011494252873563218,0.0034482758620689655,0.0011494252873563218,0.0011494252873563218,0.0011494252873563218,0.0011494252873563218,0.0011494252873563218,0.0011494252873563218,0.0011494252873563218,0.0022988505747126436,0.0011494252873563218,0.0022988505747126436,0.0022988505747126436,0.0011494252873563218,0.0011494252873563218,0.0034482758620689655,0.0011494252873563218,0.0011494252873563218,0.0022988505747126436,0.0011494252873563218,0.0022988505747126436,0.0011494252873563218,0.0011494252873563218,0.0022988505747126436,0.0011494252873563218,0.0011494252873563218,0.0011494252873563218,0.0022988505747126436,0.0011494252873563218,0.0034482758620689655,0.0034482758620689655,0.0022988505747126436,0.0011494252873563218,0.0011494252873563218,0.0011494252873563218,0.0011494252873563218,0.0011494252873563218,0.0011494252873563218,0.0011494252873563218,0.004597701149425287,0.0011494252873563218,0.0011494252873563218,0.0011494252873563218,0.0011494252873563218,0.0022988505747126436,0.0011494252873563218,0.0011494252873563218,0.0011494252873563218,0.0034482758620689655,0.0011494252873563218,0.0011494252873563218,0.0011494252873563218,0.0011494252873563218,0.0022988505747126436,0.0011494252873563218,0.0022988505747126436,0.0022988505747126436,0.0022988505747126436,0.0011494252873563218,0.0011494252873563218,0.0011494252873563218,0.0011494252873563218,0.0022988505747126436,0.0011494252873563218,0.0034482758620689655,0.0034482758620689655,0.0011494252873563218,0.004597701149425287,0.0011494252873563218,0.0011494252873563218,0.0022988505747126436,0.0022988505747126436,0.0011494252873563218,0.0011494252873563218,0.0011494252873563218,0.0022988505747126436,0.0011494252873563218,0.0022988505747126436,0.0022988505747126436,0.0011494252873563218,0.0011494252873563218,0.0011494252873563218,0.0011494252873563218,0.0011494252873563218,0.0011494252873563218,0.0011494252873563218,0.0011494252873563218,0.0011494252873563218,0.0011494252873563218,0.0011494252873563218,0.0011494252873563218,0.0022988505747126436,0.0011494252873563218,0.0011494252873563218,0.0011494252873563218,0.0011494252873563218,0.0011494252873563218,0.0011494252873563218,0.0011494252873563218,0.0011494252873563218,0.0011494252873563218,0.0011494252873563218,0.0011494252873563218,0.0022988505747126436,0.0011494252873563218,0.0011494252873563218,0.0011494252873563218,0.0011494252873563218,0.0011494252873563218,0.0022988505747126436,0.0011494252873563218,0.0022988505747126436,0.0011494252873563218,0.0011494252873563218,0.0011494252873563218,0.0034482758620689655,0.0011494252873563218,0.0011494252873563218,0.0011494252873563218,0.0011494252873563218,0.0011494252873563218,0.0011494252873563218,0.0011494252873563218,0.0011494252873563218,0.0011494252873563218,0.0011494252873563218,0.0011494252873563218,0.0011494252873563218,0.0034482758620689655,0.0011494252873563218,0.0022988505747126436,0.0011494252873563218,0.0011494252873563218,0.0011494252873563218,0.0011494252873563218,0.0011494252873563218,0.0011494252873563218,0.0011494252873563218,0.0011494252873563218,0.0011494252873563218,0.0011494252873563218,0.0011494252873563218,0.0011494252873563218,0.0011494252873563218,0.0011494252873563218,0.0011494252873563218,0.0011494252873563218,0.0011494252873563218,0.0011494252873563218,0.0,0.0,0.0,0.0,0.0,0.0,0.0,0.0,0.0,0.0,0.0,0.0,0.0,0.0,0.0,0.0,0.0,0.0,0.0,0.0,0.0,0.0,0.0,0.0,0.0,0.0,0.0,0.0,0.0,0.0,0.0,0.0,0.0,0.0,0.0,0.0,0.0,0.0,0.0,0.0,0.0,0.0,0.0,0.0,0.0,0.0,0.0,0.0,0.0,0.0,0.0,0.0,0.0,0.0,0.0,0.0,0.0,0.0,0.0,0.0,0.0,0.0,0.0,0.0,0.0,0.0,0.0,0.0,0.0,0.0,0.0,0.0,0.0,0.0,0.0,0.0,0.0,0.0,0.0,0.0,0.0,0.0,0.0,0.0,0.0,0.0,0.0,0.0,0.0,0.0,0.0,0.0,0.0,0.0,0.0,0.0,0.0,0.0,0.0,0.0,0.0,0.0,0.0,0.2757465335533272,0.0,0.0,0.0,0.0,0.0,0.0,0.0,0.0,0.0,0.0,0.0,0.0,0.0,0.44028431159678877,0.0,0.0,0.0,0.0,0.0,0.0,0.0,0.0,0.0,0.0,0.0,0.0,0.0,0.0,0.0,0.0,0.0,0.0,0.0,0.0,0.0,0.0,0.0,0.0,0.0,0.0,0.0,0.0,0.0,0.0,0.0,0.0,0.0,0.0,0.0,0.0,0.0,0.0,0.0,0.0,0.0,0.0,0.0,0.0,0.0,0.0,0.0,0.0,0.0,0.0,0.0,0.0,0.0,0.0,0.0,0.0,0.0,0.0,0.0,0.0,0.0,0.0,0.0,0.0,0.0,0.0,0.0,0.0,0.0,0.0,0.0,0.0,0.0,0.0,0.0,0.0,0.0,0.0,0.0,0.0,0.0,0.0,0.0,0.0,0.0,0.0,0.0,0.0,0.0,0.0,0.0,0.0,0.0,0.0,0.0,0.0,0.0,0.0,0.0,0.0,0.0,0.0,0.0,0.0,0.0,0.0,0.0,0.0,0.0,0.0,0.0,0.0,0.0,0.0,0.0,0.0,0.0,0.0,0.0,0.0,0.0,0.0,0.0,0.0,0.0,0.0,0.0,0.0,0.0,0.0,0.0,0.0,0.0,0.0,0.0,0.0,0.0,0.0,0.0,0.0,0.0,0.0,0.0,0.0,0.0,0.0,0.0,0.0,0.0,0.0,0.0,0.0,0.0,0.0,0.0,0.0,0.0,0.0,0.0,0.0,0.0,0.0,0.0,0.44028431159678877,0.0,0.0,0.0,0.0,0.0,0.0,0.0,0.0,0.0,0.0,0.0,0.0,0.0,0.0,0.0,0.0,0.0,0.0,0.0,0.0,0.0,0.0,0.0,0.0,0.0,0.0,0.0,0.0,0.0,0.0,0.0,0.0,0.0,0.0,0.44028431159678877,0.0,0.0,0.0,0.0,0.0,0.0,0.0,0.0,0.0,0.0,0.0,0.0,0.0,0.0,0.0,0.0,0.0,0.0,0.0,0.0,0.0,0.0,0.0,0.0,0.0,0.0,0.0,0.0,0.0,0.0,0.0,0.0,0.0,0.0,0.0,0.0,0.0,0.0,0.0,0.0,0.0,0.0,0.0,0.0,0.0,0.0,0.0,0.0,0.0,0.0,0.0,0.0,0.0,0.0,0.0,0.0,0.0,0.0,0.0,0.0,0.0,0.0,0.0,0.0,0.0,0.0,0.0,0.0,0.0,0.0,0.0,0.0,0.0,0.0,0.0,0.0,0.0,0.0,0.0,0.0,0.0,0.0,0.0,0.0,0.0,0.0,0.0,0.0,0.0,0.0,0.0,0.0,0.0,0.0,0.0,0.0,0.0,0.0,0.0,0.0,0.0,0.0,0.0,0.0,0.0,0.0,0.0,0.0,0.0,0.0,0.0,0.0,0.0,0.0,0.0,0.0,0.0,0.0,0.0,0.0,0.0,0.0,0.0,0.0,0.0,0.0,0.0,0.0,0.0,0.0,0.0,0.0,0.0,0.0,0.0,0.0,0.0,0.0,0.0,0.0,0.0,0.0,0.0,0.0,0.0,0.0,0.0,0.0,0.0,0.0,0.0,0.0,0.0,0.0,0.0,0.0,0.0,0.0,0.0,0.0,0.0,0.0,0.0,0.0,0.0,0.0,0.0,0.0,0.0,0.0,0.0,0.0,0.0,0.0,0.0,0.0,0.0,0.0,0.0,0.0,0.0,0.0,0.0,0.0,0.0,0.0,0.0,0.0,0.0,0.0,0.0,0.0,0.0,0.0,0.0,0.0,0.0,0.0,0.0,0.0,0.0,0.0,0.0,0.0,0.0,0.0,0.0,0.0,0.0,0.0,0.0,0.0,0.0,0.0,0.0,0.0,0.0,0.0,0.0,0.0,0.0,0.0,0.0,0.0,0.0,0.0,0.0,0.0,0.38543838558230153,0.0,0.0,0.0,0.0,0.0,0.0,0.0,0.0,0.0,0.0,0.0,0.0,0.0,0.0,0.0,0.0,0.0,0.0,0.0,0.0,0.0,0.0,0.0,0.0,0.0,0.0,0.0,0.0,0.0,0.0,0.0,0.0,0.0,0.0,0.0,0.0,0.0,0.0,0.0,0.0,0.0,0.0,0.0,0.0,0.0,0.0,0.0,0.0,0.0,0.0,0.0,0.0,0.0,0.0,0.44028431159678877,0.0,0.0,0.0,0.0,0.0,0.0,0.0,0.0,0.0,0.0,0.0,0.0,0.0,0.0,0.0,0.0,0.0,0.0,0.0,0.0,0.0,0.0,0.0,0.0,0.0,0.0,0.0,0.0,0.0,0.0,0.0,0.0,0.0,0.0,0.0,0.0,0.0,0.0,0.0,0.0,0.0,0.0,0.0,0.0,0.0,0.0,0.0,0.0,0.0,0.0,0.0,0.0,0.0,0.0,0.0,0.0,0.0,0.0,0.0,0.0,0.0,0.0,0.0,0.0,0.0,0.0,0.0,0.0,0.0,0.0,0.0,0.0,0.0,0.0,0.0,0.0,0.0,0.0,0.0,0.0,0.0,0.0,0.0,0.0,0.0,0.0,0.0,0.0,0.0,0.0,0.0,0.0,0.0,0.0,0.0,0.0,0.0,0.0,0.0,0.0,0.0,0.0,0.0,0.0,0.0,0.0,0.0,0.0,0.0,0.0,0.0,0.0,0.0,0.0,0.0,0.0,0.0,0.0,0.0,0.0,0.0,0.0,0.0,0.0,0.0,0.0
SD2401268,20대,음 근데 우리집이 꼭대기 층이라 그런지 좀 괜찮은 거 같은데. 층간 소음은 없는데 벽간 소음이 쪼금 있는 거 같아. 방이 그 방음이 잘 안 돼서 옆 문 그 첫 입구 문에만 서도 옆의 방이 뭐 유튜브 뭐 듣고 있는지 무슨 대화하고 있는지가 너무 잘 들려서 쪼끔 부담스럽긴 해. 근데 위에는 아무도 사람이 안 사니까 내가 살기에는 어 소음이 없어서 되게 좋은 거 같아. 그거 말고도 본가 살 때는 위층이 아빠 지인이 살았었는데 그래서 막 소음이 나도 뭐라 하기가 좀 그랬던 경험이 있어. 너는 지금 몇 층 정도에 살아? 층간 소음은 없어? 음 그 학 학교 들어오고 나서부터 2년 동안 여기 살고 올해 새로 계약해서 똑같은 데 연장해서 거기서 살고 있어. 아마 내년에는 교환 학생을 가서 없으니까 오빠가 혼자 살 거 같아 지금 같이 살고 있으니까. 그리고 사실 나는 올해 딱 계약 연장할 때쯤에 새로 구해서 따로따로 살고 싶었는데 아무래도 서울 뭐 월세가 비싸다 보니까 그냥 한집에서 해서 전세로 사는 게 낫겠다 싶어서 같이 살고 있는데. 어 아무래도 생활 패턴이나 그런 집안일 하는 거가 좀 안 맞아서 좀 그게 제일 힘들어서 따로 살고 싶었던 거 같아. 뭐 혼자 늦게 자고 그런 건 상관없는데 오빠가 게임을 하니까 늦게까지 게임하는 소리 계속 들려 오 들려 오고 하니까 나 자는 데 방에 돼서 그랬던 거 같아. 너는 그런 적은 없어? 어 중3 때까지 1곳에서 살았고 그 주 중3 이후에 약간 신도시 분양 그런 청약 담 당첨 돼 가지고 1번 이사를 갔었어. 근데 그 중3 때까지 계속 같은 지역에 살다 보니까 거기 유치원 초등학교 중학교 나오고 고등학교도 그쪽을 가려고 했는데 이사를 가게 돼서 혼자 떨어진 곳을 가니까 친구들이랑도 멀어지고 그러 그 뭐 원래 놀던 데에서도 못 놀고 이런 게 쪼끔 아쉽고 힘들긴 하더라고. 근데 집이 넓어서 되게 좋았던 거 같아. 나는 이사를 많이 안 해 봐서 막 해 보고 싶었다 이런 게 좀 컸었는데 주변에 이사 많이 다니는 사람은 안 그렇더라고. 이사를 그만 다니고 싶다 그러더라. 혹시 너도 그런 편이야? 음 나는 이사 간 다음에 우 이 이사 간 아파트 앞에 막 전원주택 같은 게 있는 거야. 그래서 나중에 이 또 이사를 가게 된다면은 저런 데에서 살고 싶다. 저런 데에서 마당에서 막 식물 키우고 동물 키우고 막 나만의 정원을 가꾸면서 2층 바 다락방에서 살고 싶다 막 이런 생각을 했었는데. 근데 막상 거기에 살면은 관리하는 게 되게 힘들어 보이더라고. 할머니 집도 그런 전원주택인데 조금만 뭘 관리를 안 해 줘도 잡초 자라고 먼지가 끼고 더러워지고 막 그런 게 많아서 관리가 힘들다고 하더라고. 근데 그럼에도 한 약간 한번쯤은 전원주택에 살고 싶다 이런 생각이 있는데. 너는 그런 어디에 살고 싶다 이런 로망 같은 게 있어? 어 전자레인지랑 냉장고 세탁기 이 이 정도는 원래 있었던 거 같고. 밥솥이랑 응 어 그 오븐 같은 거 뭐라고 하지. 그 아 에어프라이어는 사 왔고. 최근에 여름 되니까 벌레가 너무 많이 생기잖아. 특히 음식물에 벌레가 많이 생기는데 그래서 버리기가 너무 힘들어서 미생물로 분해해 주는 기계 그런 게 있더라고. 오빠가 인스타그램에서 찾아와서 막 우 이거 쓰자 막 그러면서 찾아왔던 기억이 있어. 그래서 그거를 지금 살까 고민 중에 있어. 그게 음식물 쓰레기를 넣으면은 미생물들이 분해를 해서 흙으로 바로 만들어 준대. 근데 그게 하루 만에 다 만들어 주고 냄새도 안 나서 좋다고 하더라고. 너는 혹시 집안일 같은 거는 어떻게 하는 편이야? 어 가끔 아니 자주 좀 싸운 싸우진 않고 이런 거에 대해 짜증을 내는 거 같긴 한데 내 방이 쓰레기 그 분리수거 하는 데 바로 앞에 있단 말이야. 그래서 오빠는 좀 멀어서 쓰레기 같은 걸 거기 내면 그만인데 나는 내고 나서 그게 분리수거가 잘 안 되어 있거나 막 더러운 게 섞여 있거나 하면은 냄새가 바로 내 방으로 들어온단 말이야. 그거 때문에 오빠한테 뭐라 한 적도 많았던 거 같고. 약간 분담 같은 게 예전에는 막 뭐 냉장고 청소 네가 1번 하면 내가 화장실 청소 1번 하고 이런 식으로 번갈아서 하자라고 말은 했는데 어느 순간 보니까 내가 다 하고 있더라고. 그래서 그거에 대해서 쌓아 놨다가 화내기 직전에 딱 말하면은 오빠가 또 눈치는 빨라 가지고 그제서야 부랴부랴 치우고 막 이래서 어 싸우지는 않았던 거 같아. 근데 자취를 하니까 확실히 본가 살 때는 엄마가 다 해 주고 그러는데 내가 다 해야 되니까 그게 힘든 거 같긴 해. 너는 자취하고 싶다는 생각은 없어? 아 나 처음에 집 들어올 때 막 냉장고랑 기본 가구에 막 여 연두색 띠가 막 둘러져 있는 거야. 기본 색깔로 막 있는 거야. 그래서 그걸 보고 아 진짜 별로다. 여기 살기 싫다 했었는데 막상 들어가 보니까 그런 거 별로 티도 안 나고 깔끔해 보이고 좋더라고. 그래서 그렇게 쓰고 있고. 뭔가 인테리어 아 그 자취하면 내 방식대로 바 집을 꾸미고 막 이렇게 써야지라는 생각은 있었는데 막상 있으니까 짐을 그 넣을 짐도 너무 많고 근데 그거에 비해 공간은 안 나오고 하니까 인테리어라고 할 것도 없이 그냥 짐을 넣어 놓은 거 같아. 내 방이 너무 작아서 옷장 같은 게 들어갈 공간이 안 나서 거실에다가 행거 설치해서 바로 옷 놓아두고. 그래서 뭔가 꾸미기도 애매하고 그랬던 거 같아. 너는 집 인테리어 어떤 편이야? 서울에서 살 수 있으면 좋을 거 같은데. 왜냐하면 여가 생활 같은 것도 훨씬 더 많이 할 수 있고 이제 거의 내 친구들이나 생활 반경이 서울에 중심에 맞춰져 있다 보니까 서울에서 생활하는 게 편하긴 한데 가끔씩 여기가 사람이 너무 많아서 내려가고 싶다라는 생각이 들긴 해. 근데 직장을 얻고 뭔가 더 발전을 하려면은 서울에서 사는 게 맞는 거 같아. 나는 그 본가 살 때는 지하에 헬스장이 있어서 그거를 썼단 말이야. 근데 자취를 하니까 그런 여가 시설 시 그 아무튼 시설들이 없어서 막 주변에서 주변 다른 헬스장을 등록해 놨단 말이야. 근데 너는 지금 어쨌든 본가에 살잖아. 큰 아파트에 사는데 그러면 거기에 막 여가 시설 같은 게 와 잘 마련되어 있어?,0.005747126436781609,0.017241379310344827,0.004597701149425287,0.0,0.005747126436781609,0.0034482758620689655,0.005747126436781609,0.008045977011494253,0.01839080459770115,0.029885057471264367,0.004597701149425287,0.027586206896551724,0.0,0.008045977011494253,0.0022988505747126436,0.0,0.0034482758620689655,0.0011494252873563218,0.03218390804597701,0.013793103448275862,0.0,0.0,0.0,0.0022988505747126436,0.0,0.004597701149425287,0.021839080459770115,0.0,0.0034482758620689655,0.0034482758620689655,0.04367816091954023,0.0,0.006896551724137931,0.0,0.004597701149425287,0.009195402298850575,0.0,0.0,0.011494252873563218,0.0011494252873563218,0.0,0.0022988505747126436,0.0,0.0,0.034482758620689655,0.004597701149425287,0.013793103448275862,0.0022988505747126436,0.004597701149425287,0.0367816091954023,0.009195402298850575,0.0011494252873563218,0.0,0.0022988505747126436,0.0,0.0011494252873563218,0.0011494252873563218,0.0022988505747126436,0.0,0.006896551724137931,0.0,0.0,0.0,0.0011494252873563218,0.006896551724137931,0.0022988505747126436,0.0022988505747126436,0.0011494252873563218,0.0011494252873563218,0.0,0.0,0.0,0.0022988505747126436,0.0,0.0,0.005747126436781609,0.0022988505747126436,0.0,0.006896551724137931,0.010344827586206896,0.0011494252873563218,0.0,0.0,0.0,0.0,0.004597701149425287,0.0034482758620689655,0.0,0.0022988505747126436,0.004597701149425287,0.0,0.0022988505747126436,0.0,0.0011494252873563218,0.0,0.0011494252873563218,0.0011494252873563218,0.0011494252873563218,0.0,0.0022988505747126436,0.004597701149425287,0.0011494252873563218,0.0,0.0,0.0,0.0,0.01264367816091954,0.009195402298850575,0.0,0.0011494252873563218,0.0011494252873563218,0.0022988505747126436,0.0011494252873563218,0.0,0.0,0.0011494252873563218,0.0,0.0,0.0011494252873563218,0.011494252873563218,0.0,0.005747126436781609,0.0011494252873563218,0.0,0.0022988505747126436,0.0011494252873563218,0.0011494252873563218,0.0,0.0022988505747126436,0.0,0.0,0.0,0.0,0.0034482758620689655,0.0,0.0,0.01839080459770115,0.0022988505747126436,0.0,0.0,0.0022988505747126436,0.0022988505747126436,0.0022988505747126436,0.0,0.0,0.005747126436781609,0.0011494252873563218,0.0,0.008045977011494253,0.0022988505747126436,0.0011494252873563218,0.005747126436781609,0.0011494252873563218,0.0,0.0,0.0011494252873563218,0.0,0.0011494252873563218,0.006896551724137931,0.0011494252873563218,0.0,0.0034482758620689655,0.0,0.0,0.0,0.004597701149425287,0.0011494252873563218,0.0011494252873563218,0.0,0.0,0.0011494252873563218,0.0,0.0,0.0,0.006896551724137931,0.0,0.0,0.0,0.0,0.0,0.0011494252873563218,0.0,0.0034482758620689655,0.0022988505747126436,0.0,0.0022988505747126436,0.0,0.0022988505747126436,0.0022988505747126436,0.0,0.0,0.0,0.0022988505747126436,0.0,0.0,0.0011494252873563218,0.0,0.0,0.0,0.0,0.0034482758620689655,0.0,0.004597701149425287,0.0,0.0,0.0,0.0,0.0,0.0,0.0011494252873563218,0.0,0.0,0.0,0.0,0.0011494252873563218,0.0,0.0011494252873563218,0.0,0.0011494252873563218,0.0,0.0022988505747126436,0.0,0.0011494252873563218,0.0022988505747126436,0.0,0.0,0.005747126436781609,0.0,0.0022988505747126436,0.0,0.0,0.0,0.0,0.0,0.0,0.0,0.0,0.0,0.0022988505747126436,0.0,0.0,0.0,0.004597701149425287,0.0,0.0,0.0,0.0,0.0,0.0,0.0,0.0,0.0,0.0,0.0,0.0,0.0,0.006896551724137931,0.0034482758620689655,0.0011494252873563218,0.0011494252873563218,0.0011494252873563218,0.0011494252873563218,0.0022988505747126436,0.0022988505747126436,0.0011494252873563218,0.0011494252873563218,0.0011494252873563218,0.0011494252873563218,0.0011494252873563218,0.0011494252873563218,0.0034482758620689655,0.0011494252873563218,0.005747126436781609,0.0011494252873563218,0.0011494252873563218,0.0011494252873563218,0.0022988505747126436,0.0022988505747126436,0.0011494252873563218,0.0022988505747126436,0.0011494252873563218,0.0011494252873563218,0.0011494252873563218,0.0011494252873563218,0.0022988505747126436,0.0011494252873563218,0.0011494252873563218,0.0011494252873563218,0.0022988505747126436,0.0011494252873563218,0.0011494252873563218,0.0011494252873563218,0.0011494252873563218,0.0011494252873563218,0.0011494252873563218,0.0011494252873563218,0.0011494252873563218,0.0022988505747126436,0.0022988505747126436,0.0011494252873563218,0.0011494252873563218,0.0011494252873563218,0.0022988505747126436,0.0011494252873563218,0.0011494252873563218,0.0034482758620689655,0.0011494252873563218,0.0011494252873563218,0.0011494252873563218,0.0011494252873563218,0.0011494252873563218,0.0011494252873563218,0.0011494252873563218,0.0022988505747126436,0.0011494252873563218,0.0022988505747126436,0.0022988505747126436,0.0011494252873563218,0.0011494252873563218,0.0034482758620689655,0.0011494252873563218,0.0011494252873563218,0.0022988505747126436,0.0011494252873563218,0.0022988505747126436,0.0011494252873563218,0.0011494252873563218,0.0022988505747126436,0.0011494252873563218,0.0011494252873563218,0.0011494252873563218,0.0022988505747126436,0.0011494252873563218,0.0034482758620689655,0.0034482758620689655,0.0022988505747126436,0.0011494252873563218,0.0011494252873563218,0.0011494252873563218,0.0011494252873563218,0.0011494252873563218,0.0011494252873563218,0.0011494252873563218,0.004597701149425287,0.0011494252873563218,0.0011494252873563218,0.0011494252873563218,0.0011494252873563218,0.0022988505747126436,0.0011494252873563218,0.0011494252873563218,0.0011494252873563218,0.0034482758620689655,0.0011494252873563218,0.0011494252873563218,0.0011494252873563218,0.0011494252873563218,0.0022988505747126436,0.0011494252873563218,0.0022988505747126436,0.0022988505747126436,0.0022988505747126436,0.0011494252873563218,0.0011494252873563218,0.0011494252873563218,0.0011494252873563218,0.0022988505747126436,0.0011494252873563218,0.0034482758620689655,0.0034482758620689655,0.0011494252873563218,0.004597701149425287,0.0011494252873563218,0.0011494252873563218,0.0022988505747126436,0.0022988505747126436,0.0011494252873563218,0.0011494252873563218,0.0011494252873563218,0.0022988505747126436,0.0011494252873563218,0.0022988505747126436,0.0022988505747126436,0.0011494252873563218,0.0011494252873563218,0.0011494252873563218,0.0011494252873563218,0.0011494252873563218,0.0011494252873563218,0.0011494252873563218,0.0011494252873563218,0.0011494252873563218,0.0011494252873563218,0.0011494252873563218,0.0011494252873563218,0.0022988505747126436,0.0011494252873563218,0.0011494252873563218,0.0011494252873563218,0.0011494252873563218,0.0011494252873563218,0.0011494252873563218,0.0011494252873563218,0.0011494252873563218,0.0011494252873563218,0.0011494252873563218,0.0011494252873563218,0.0022988505747126436,0.0011494252873563218,0.0011494252873563218,0.0011494252873563218,0.0011494252873563218,0.0011494252873563218,0.0022988505747126436,0.0011494252873563218,0.0022988505747126436,0.0011494252873563218,0.0011494252873563218,0.0011494252873563218,0.0034482758620689655,0.0011494252873563218,0.0011494252873563218,0.0011494252873563218,0.0011494252873563218,0.0011494252873563218,0.0011494252873563218,0.0011494252873563218,0.0011494252873563218,0.0011494252873563218,0.0011494252873563218,0.0011494252873563218,0.0011494252873563218,0.0034482758620689655,0.0011494252873563218,0.0022988505747126436,0.0011494252873563218,0.0011494252873563218,0.0011494252873563218,0.0011494252873563218,0.0011494252873563218,0.0011494252873563218,0.0011494252873563218,0.0011494252873563218,0.0011494252873563218,0.0011494252873563218,0.0011494252873563218,0.0011494252873563218,0.0011494252873563218,0.0011494252873563218,0.0011494252873563218,0.0011494252873563218,0.0011494252873563218,0.0011494252873563218,0.0,0.0,0.0,0.0,0.0,0.0,0.0,0.0,0.0,0.0,0.0,0.0,0.0,0.0,0.0,0.0,0.0,0.0,0.0,0.0,0.0,0.0,0.0,0.0,0.0,0.0,0.0,0.0,0.0,0.0,0.0,0.0,0.0,0.0,0.0,0.0,0.0,0.0,0.0,0.0,0.0,0.0,0.0,0.0,0.0,0.0,0.0,0.0,0.0,0.0,0.0,0.0,0.0,0.0,0.0,0.0,0.0,0.0,0.0,0.0,0.0,0.0,0.0,0.0,0.0,0.0,0.0,0.0,0.0,0.0,0.0,0.0,0.0,0.0,0.0,0.0,0.0,0.0,0.0,0.0,0.0,0.0,0.0,0.0,0.0,0.0,0.0,0.0,0.0,0.0,0.0,0.0,0.0,0.0,0.0,0.0,0.0,0.0,0.0,0.0,0.0,0.3539912166284671,0.0,0.0,0.0,0.0,0.0,0.0,0.0,0.0,0.0,0.0,0.0,0.0,0.0,0.0,0.0,0.0,0.0,0.32819644570818446,0.0,0.0,0.0,0.0,0.0,0.0,0.0,0.0,0.0,0.0,0.0,0.0,0.0,0.0,0.0,0.0,0.0,0.0,0.0,0.0,0.0,0.0,0.0,0.0,0.0,0.0,0.0,0.0,0.0,0.0,0.0,0.0,0.0,0.0,0.0,0.0,0.0,0.0,0.0,0.0,0.0,0.0,0.0,0.0,0.0,0.0,0.0,0.0,0.0,0.0,0.0,0.0,0.0,0.0,0.0,0.0,0.0,0.0,0.0,0.0,0.0,0.0,0.0,0.0,0.0,0.0,0.0,0.0,0.0,0.0,0.0,0.0,0.0,0.0,0.0,0.0,0.0,0.0,0.0,0.0,0.0,0.0,0.0,0.0,0.0,0.0,0.0,0.0,0.0,0.0,0.0,0.0,0.0,0.0,0.0,0.0,0.0,0.0,0.0,0.0,0.0,0.0,0.0,0.0,0.0,0.0,0.0,0.0,0.0,0.0,0.0,0.0,0.0,0.0,0.0,0.0,0.0,0.0,0.0,0.0,0.0,0.0,0.0,0.0,0.0,0.0,0.0,0.0,0.0,0.0,0.0,0.0,0.0,0.0,0.0,0.0,0.0,0.0,0.0,0.0,0.0,0.0,0.0,0.0,0.0,0.0,0.0,0.0,0.0,0.0,0.0,0.0,0.0,0.0,0.0,0.0,0.0,0.0,0.0,0.0,0.0,0.0,0.0,0.0,0.0,0.0,0.0,0.0,0.0,0.0,0.0,0.0,0.0,0.0,0.0,0.0,0.0,0.0,0.0,0.0,0.0,0.0,0.0,0.0,0.0,0.0,0.0,0.0,0.0,0.0,0.0,0.0,0.0,0.0,0.0,0.0,0.0,0.0,0.0,0.0,0.0,0.0,0.0,0.0,0.0,0.0,0.0,0.0,0.0,0.0,0.0,0.0,0.0,0.0,0.0,0.0,0.0,0.0,0.0,0.0,0.0,0.0,0.0,0.0,0.0,0.0,0.0,0.0,0.0,0.0,0.0,0.0,0.0,0.0,0.0,0.0,0.0,0.0,0.0,0.0,0.0,0.0,0.0,0.0,0.0,0.0,0.0,0.0,0.0,0.0,0.0,0.0,0.0,0.0,0.0,0.0,0.0,0.0,0.0,0.0,0.0,0.0,0.0,0.0,0.0,0.0,0.0,0.0,0.0,0.0,0.0,0.0,0.0,0.0,0.0,0.0,0.0,0.0,0.0,0.0,0.0,0.0,0.0,0.0,0.0,0.0,0.0,0.0,0.0,0.0,0.0,0.3539912166284671,0.0,0.0,0.0,0.0,0.0,0.0,0.0,0.0,0.0,0.0,0.0,0.0,0.0,0.0,0.0,0.0,0.0,0.0,0.0,0.0,0.0,0.0,0.0,0.0,0.0,0.0,0.0,0.0,0.0,0.0,0.0,0.0,0.0,0.0,0.0,0.0,0.0,0.0,0.0,0.0,0.0,0.0,0.0,0.0,0.0,0.0,0.0,0.0,0.0,0.0,0.0,0.0,0.0,0.0,0.0,0.0,0.0,0.0,0.0,0.0,0.0,0.0,0.0,0.0,0.0,0.29569887765175096,0.0,0.0,0.0,0.0,0.0,0.0,0.0,0.0,0.0,0.0,0.0,0.0,0.0,0.0,0.0,0.0,0.0,0.0,0.0,0.0,0.0,0.0,0.0,0.0,0.0,0.0,0.0,0.0,0.0,0.0,0.0,0.0,0.0,0.0,0.3539912166284671,0.0,0.0,0.0,0.0,0.0,0.0,0.0,0.0,0.0,0.0,0.0,0.0,0.0,0.3539912166284671,0.0,0.0,0.0,0.0,0.0,0.0,0.0,0.0,0.0,0.0,0.0,0.0,0.0,0.0,0.0,0.0,0.0,0.0,0.0,0.2301968246509834,0.0,0.0,0.0,0.0,0.0,0.0,0.0,0.0,0.0,0.0,0.0,0.0,0.0,0.0,0.0,0.0,0.0,0.0,0.0,0.0,0.0,0.0,0.0,0.0,0.0,0.0,0.0,0.0,0.0,0.0,0.0,0.0,0.0,0.0,0.0,0.0,0.0,0.0,0.0,0.0,0.0,0.0,0.0,0.0,0.0,0.0,0.0,0.0,0.0,0.0,0.0,0.0,0.0,0.0,0.0,0.0,0.0,0.0,0.0,0.0,0.0,0.0,0.0,0.0,0.0,0.0,0.0,0.0,0.0,0.0,0.0,0.0,0.0,0.0,0.0,0.0,0.0,0.0,0.0,0.0,0.0,0.0,0.0,0.0,0.0,0.0,0.0,0.0,0.0,0.0,0.0,0.0,0.0,0.3539912166284671,0.3539912166284671,0.0,0.0,0.0,0.0,0.0,0.0,0.0,0.0,0.0,0.0,0.0,0.0,0.0,0.0,0.0,0.0,0.0,0.0,0.0,0.0,0.0,0.0,0.0,0.0,0.0,0.0,0.0,0.0,0.0,0.0,0.0,0.0,0.0,0.0,0.0,0.0,0.0,0.0,0.0,0.0,0.0,0.0,0.0,0.0,0.0,0.0,0.0,0.0,0.0,0.0,0.0,0.0,0.0,0.0,0.0,0.0,0.0,0.0,0.0,0.0,0.0,0.0,0.0,0.0,0.0,0.0,0.0,0.0,0.0,0.0,0.0,0.0,0.0,0.0,0.0,0.0,0.0,0.0,0.0,0.0,0.0,0.0,0.0,0.0,0.0
SD2401268,20대,음 근데 우리집이 꼭대기 층이라 그런지 좀 괜찮은 거 같은데. 층간 소음은 없는데 벽간 소음이 쪼금 있는 거 같아. 방이 그 방음이 잘 안 돼서 옆 문 그 첫 입구 문에만 서도 옆의 방이 뭐 유튜브 뭐 듣고 있는지 무슨 대화하고 있는지가 너무 잘 들려서 쪼끔 부담스럽긴 해. 근데 위에는 아무도 사람이 안 사니까 내가 살기에는 어 소음이 없어서 되게 좋은 거 같아. 그거 말고도 본가 살 때는 위층이 아빠 지인이 살았었는데 그래서 막 소음이 나도 뭐라 하기가 좀 그랬던 경험이 있어. 너는 지금 몇 층 정도에 살아? 층간 소음은 없어? 음 그 학 학교 들어오고 나서부터 2년 동안 여기 살고 올해 새로 계약해서 똑같은 데 연장해서 거기서 살고 있어. 아마 내년에는 교환 학생을 가서 없으니까 오빠가 혼자 살 거 같아 지금 같이 살고 있으니까. 그리고 사실 나는 올해 딱 계약 연장할 때쯤에 새로 구해서 따로따로 살고 싶었는데 아무래도 서울 뭐 월세가 비싸다 보니까 그냥 한집에서 해서 전세로 사는 게 낫겠다 싶어서 같이 살고 있는데. 어 아무래도 생활 패턴이나 그런 집안일 하는 거가 좀 안 맞아서 좀 그게 제일 힘들어서 따로 살고 싶었던 거 같아. 뭐 혼자 늦게 자고 그런 건 상관없는데 오빠가 게임을 하니까 늦게까지 게임하는 소리 계속 들려 오 들려 오고 하니까 나 자는 데 방에 돼서 그랬던 거 같아. 너는 그런 적은 없어? 어 중3 때까지 1곳에서 살았고 그 주 중3 이후에 약간 신도시 분양 그런 청약 담 당첨 돼 가지고 1번 이사를 갔었어. 근데 그 중3 때까지 계속 같은 지역에 살다 보니까 거기 유치원 초등학교 중학교 나오고 고등학교도 그쪽을 가려고 했는데 이사를 가게 돼서 혼자 떨어진 곳을 가니까 친구들이랑도 멀어지고 그러 그 뭐 원래 놀던 데에서도 못 놀고 이런 게 쪼끔 아쉽고 힘들긴 하더라고. 근데 집이 넓어서 되게 좋았던 거 같아. 나는 이사를 많이 안 해 봐서 막 해 보고 싶었다 이런 게 좀 컸었는데 주변에 이사 많이 다니는 사람은 안 그렇더라고. 이사를 그만 다니고 싶다 그러더라. 혹시 너도 그런 편이야? 음 나는 이사 간 다음에 우 이 이사 간 아파트 앞에 막 전원주택 같은 게 있는 거야. 그래서 나중에 이 또 이사를 가게 된다면은 저런 데에서 살고 싶다. 저런 데에서 마당에서 막 식물 키우고 동물 키우고 막 나만의 정원을 가꾸면서 2층 바 다락방에서 살고 싶다 막 이런 생각을 했었는데. 근데 막상 거기에 살면은 관리하는 게 되게 힘들어 보이더라고. 할머니 집도 그런 전원주택인데 조금만 뭘 관리를 안 해 줘도 잡초 자라고 먼지가 끼고 더러워지고 막 그런 게 많아서 관리가 힘들다고 하더라고. 근데 그럼에도 한 약간 한번쯤은 전원주택에 살고 싶다 이런 생각이 있는데. 너는 그런 어디에 살고 싶다 이런 로망 같은 게 있어? 어 전자레인지랑 냉장고 세탁기 이 이 정도는 원래 있었던 거 같고. 밥솥이랑 응 어 그 오븐 같은 거 뭐라고 하지. 그 아 에어프라이어는 사 왔고. 최근에 여름 되니까 벌레가 너무 많이 생기잖아. 특히 음식물에 벌레가 많이 생기는데 그래서 버리기가 너무 힘들어서 미생물로 분해해 주는 기계 그런 게 있더라고. 오빠가 인스타그램에서 찾아와서 막 우 이거 쓰자 막 그러면서 찾아왔던 기억이 있어. 그래서 그거를 지금 살까 고민 중에 있어. 그게 음식물 쓰레기를 넣으면은 미생물들이 분해를 해서 흙으로 바로 만들어 준대. 근데 그게 하루 만에 다 만들어 주고 냄새도 안 나서 좋다고 하더라고. 너는 혹시 집안일 같은 거는 어떻게 하는 편이야? 어 가끔 아니 자주 좀 싸운 싸우진 않고 이런 거에 대해 짜증을 내는 거 같긴 한데 내 방이 쓰레기 그 분리수거 하는 데 바로 앞에 있단 말이야. 그래서 오빠는 좀 멀어서 쓰레기 같은 걸 거기 내면 그만인데 나는 내고 나서 그게 분리수거가 잘 안 되어 있거나 막 더러운 게 섞여 있거나 하면은 냄새가 바로 내 방으로 들어온단 말이야. 그거 때문에 오빠한테 뭐라 한 적도 많았던 거 같고. 약간 분담 같은 게 예전에는 막 뭐 냉장고 청소 네가 1번 하면 내가 화장실 청소 1번 하고 이런 식으로 번갈아서 하자라고 말은 했는데 어느 순간 보니까 내가 다 하고 있더라고. 그래서 그거에 대해서 쌓아 놨다가 화내기 직전에 딱 말하면은 오빠가 또 눈치는 빨라 가지고 그제서야 부랴부랴 치우고 막 이래서 어 싸우지는 않았던 거 같아. 근데 자취를 하니까 확실히 본가 살 때는 엄마가 다 해 주고 그러는데 내가 다 해야 되니까 그게 힘든 거 같긴 해. 너는 자취하고 싶다는 생각은 없어? 아 나 처음에 집 들어올 때 막 냉장고랑 기본 가구에 막 여 연두색 띠가 막 둘러져 있는 거야. 기본 색깔로 막 있는 거야. 그래서 그걸 보고 아 진짜 별로다. 여기 살기 싫다 했었는데 막상 들어가 보니까 그런 거 별로 티도 안 나고 깔끔해 보이고 좋더라고. 그래서 그렇게 쓰고 있고. 뭔가 인테리어 아 그 자취하면 내 방식대로 바 집을 꾸미고 막 이렇게 써야지라는 생각은 있었는데 막상 있으니까 짐을 그 넣을 짐도 너무 많고 근데 그거에 비해 공간은 안 나오고 하니까 인테리어라고 할 것도 없이 그냥 짐을 넣어 놓은 거 같아. 내 방이 너무 작아서 옷장 같은 게 들어갈 공간이 안 나서 거실에다가 행거 설치해서 바로 옷 놓아두고. 그래서 뭔가 꾸미기도 애매하고 그랬던 거 같아. 너는 집 인테리어 어떤 편이야? 서울에서 살 수 있으면 좋을 거 같은데. 왜냐하면 여가 생활 같은 것도 훨씬 더 많이 할 수 있고 이제 거의 내 친구들이나 생활 반경이 서울에 중심에 맞춰져 있다 보니까 서울에서 생활하는 게 편하긴 한데 가끔씩 여기가 사람이 너무 많아서 내려가고 싶다라는 생각이 들긴 해. 근데 직장을 얻고 뭔가 더 발전을 하려면은 서울에서 사는 게 맞는 거 같아. 나는 그 본가 살 때는 지하에 헬스장이 있어서 그거를 썼단 말이야. 근데 자취를 하니까 그런 여가 시설 시 그 아무튼 시설들이 없어서 막 주변에서 주변 다른 헬스장을 등록해 놨단 말이야. 근데 너는 지금 어쨌든 본가에 살잖아. 큰 아파트에 사는데 그러면 거기에 막 여가 시설 같은 게 와 잘 마련되어 있어?,0.005747126436781609,0.017241379310344827,0.004597701149425287,0.0,0.005747126436781609,0.0034482758620689655,0.005747126436781609,0.008045977011494253,0.01839080459770115,0.029885057471264367,0.004597701149425287,0.027586206896551724,0.0,0.008045977011494253,0.0022988505747126436,0.0,0.0034482758620689655,0.0011494252873563218,0.03218390804597701,0.013793103448275862,0.0,0.0,0.0,0.0022988505747126436,0.0,0.004597701149425287,0.021839080459770115,0.0,0.0034482758620689655,0.0034482758620689655,0.04367816091954023,0.0,0.006896551724137931,0.0,0.004597701149425287,0.009195402298850575,0.0,0.0,0.011494252873563218,0.0011494252873563218,0.0,0.0022988505747126436,0.0,0.0,0.034482758620689655,0.004597701149425287,0.013793103448275862,0.0022988505747126436,0.004597701149425287,0.0367816091954023,0.009195402298850575,0.0011494252873563218,0.0,0.0022988505747126436,0.0,0.0011494252873563218,0.0011494252873563218,0.0022988505747126436,0.0,0.006896551724137931,0.0,0.0,0.0,0.0011494252873563218,0.006896551724137931,0.0022988505747126436,0.0022988505747126436,0.0011494252873563218,0.0011494252873563218,0.0,0.0,0.0,0.0022988505747126436,0.0,0.0,0.005747126436781609,0.0022988505747126436,0.0,0.006896551724137931,0.010344827586206896,0.0011494252873563218,0.0,0.0,0.0,0.0,0.004597701149425287,0.0034482758620689655,0.0,0.0022988505747126436,0.004597701149425287,0.0,0.0022988505747126436,0.0,0.0011494252873563218,0.0,0.0011494252873563218,0.0011494252873563218,0.0011494252873563218,0.0,0.0022988505747126436,0.004597701149425287,0.0011494252873563218,0.0,0.0,0.0,0.0,0.01264367816091954,0.009195402298850575,0.0,0.0011494252873563218,0.0011494252873563218,0.0022988505747126436,0.0011494252873563218,0.0,0.0,0.0011494252873563218,0.0,0.0,0.0011494252873563218,0.011494252873563218,0.0,0.005747126436781609,0.0011494252873563218,0.0,0.0022988505747126436,0.0011494252873563218,0.0011494252873563218,0.0,0.0022988505747126436,0.0,0.0,0.0,0.0,0.0034482758620689655,0.0,0.0,0.01839080459770115,0.0022988505747126436,0.0,0.0,0.0022988505747126436,0.0022988505747126436,0.0022988505747126436,0.0,0.0,0.005747126436781609,0.0011494252873563218,0.0,0.008045977011494253,0.0022988505747126436,0.0011494252873563218,0.005747126436781609,0.0011494252873563218,0.0,0.0,0.0011494252873563218,0.0,0.0011494252873563218,0.006896551724137931,0.0011494252873563218,0.0,0.0034482758620689655,0.0,0.0,0.0,0.004597701149425287,0.0011494252873563218,0.0011494252873563218,0.0,0.0,0.0011494252873563218,0.0,0.0,0.0,0.006896551724137931,0.0,0.0,0.0,0.0,0.0,0.0011494252873563218,0.0,0.0034482758620689655,0.0022988505747126436,0.0,0.0022988505747126436,0.0,0.0022988505747126436,0.0022988505747126436,0.0,0.0,0.0,0.0022988505747126436,0.0,0.0,0.0011494252873563218,0.0,0.0,0.0,0.0,0.0034482758620689655,0.0,0.004597701149425287,0.0,0.0,0.0,0.0,0.0,0.0,0.0011494252873563218,0.0,0.0,0.0,0.0,0.0011494252873563218,0.0,0.0011494252873563218,0.0,0.0011494252873563218,0.0,0.0022988505747126436,0.0,0.0011494252873563218,0.0022988505747126436,0.0,0.0,0.005747126436781609,0.0,0.0022988505747126436,0.0,0.0,0.0,0.0,0.0,0.0,0.0,0.0,0.0,0.0022988505747126436,0.0,0.0,0.0,0.004597701149425287,0.0,0.0,0.0,0.0,0.0,0.0,0.0,0.0,0.0,0.0,0.0,0.0,0.0,0.006896551724137931,0.0034482758620689655,0.0011494252873563218,0.0011494252873563218,0.0011494252873563218,0.0011494252873563218,0.0022988505747126436,0.0022988505747126436,0.0011494252873563218,0.0011494252873563218,0.0011494252873563218,0.0011494252873563218,0.0011494252873563218,0.0011494252873563218,0.0034482758620689655,0.0011494252873563218,0.005747126436781609,0.0011494252873563218,0.0011494252873563218,0.0011494252873563218,0.0022988505747126436,0.0022988505747126436,0.0011494252873563218,0.0022988505747126436,0.0011494252873563218,0.0011494252873563218,0.0011494252873563218,0.0011494252873563218,0.0022988505747126436,0.0011494252873563218,0.0011494252873563218,0.0011494252873563218,0.0022988505747126436,0.0011494252873563218,0.0011494252873563218,0.0011494252873563218,0.0011494252873563218,0.0011494252873563218,0.0011494252873563218,0.0011494252873563218,0.0011494252873563218,0.0022988505747126436,0.0022988505747126436,0.0011494252873563218,0.0011494252873563218,0.0011494252873563218,0.0022988505747126436,0.0011494252873563218,0.0011494252873563218,0.0034482758620689655,0.0011494252873563218,0.0011494252873563218,0.0011494252873563218,0.0011494252873563218,0.0011494252873563218,0.0011494252873563218,0.0011494252873563218,0.0022988505747126436,0.0011494252873563218,0.0022988505747126436,0.0022988505747126436,0.0011494252873563218,0.0011494252873563218,0.0034482758620689655,0.0011494252873563218,0.0011494252873563218,0.0022988505747126436,0.0011494252873563218,0.0022988505747126436,0.0011494252873563218,0.0011494252873563218,0.0022988505747126436,0.0011494252873563218,0.0011494252873563218,0.0011494252873563218,0.0022988505747126436,0.0011494252873563218,0.0034482758620689655,0.0034482758620689655,0.0022988505747126436,0.0011494252873563218,0.0011494252873563218,0.0011494252873563218,0.0011494252873563218,0.0011494252873563218,0.0011494252873563218,0.0011494252873563218,0.004597701149425287,0.0011494252873563218,0.0011494252873563218,0.0011494252873563218,0.0011494252873563218,0.0022988505747126436,0.0011494252873563218,0.0011494252873563218,0.0011494252873563218,0.0034482758620689655,0.0011494252873563218,0.0011494252873563218,0.0011494252873563218,0.0011494252873563218,0.0022988505747126436,0.0011494252873563218,0.0022988505747126436,0.0022988505747126436,0.0022988505747126436,0.0011494252873563218,0.0011494252873563218,0.0011494252873563218,0.0011494252873563218,0.0022988505747126436,0.0011494252873563218,0.0034482758620689655,0.0034482758620689655,0.0011494252873563218,0.004597701149425287,0.0011494252873563218,0.0011494252873563218,0.0022988505747126436,0.0022988505747126436,0.0011494252873563218,0.0011494252873563218,0.0011494252873563218,0.0022988505747126436,0.0011494252873563218,0.0022988505747126436,0.0022988505747126436,0.0011494252873563218,0.0011494252873563218,0.0011494252873563218,0.0011494252873563218,0.0011494252873563218,0.0011494252873563218,0.0011494252873563218,0.0011494252873563218,0.0011494252873563218,0.0011494252873563218,0.0011494252873563218,0.0011494252873563218,0.0022988505747126436,0.0011494252873563218,0.0011494252873563218,0.0011494252873563218,0.0011494252873563218,0.0011494252873563218,0.0011494252873563218,0.0011494252873563218,0.0011494252873563218,0.0011494252873563218,0.0011494252873563218,0.0011494252873563218,0.0022988505747126436,0.0011494252873563218,0.0011494252873563218,0.0011494252873563218,0.0011494252873563218,0.0011494252873563218,0.0022988505747126436,0.0011494252873563218,0.0022988505747126436,0.0011494252873563218,0.0011494252873563218,0.0011494252873563218,0.0034482758620689655,0.0011494252873563218,0.0011494252873563218,0.0011494252873563218,0.0011494252873563218,0.0011494252873563218,0.0011494252873563218,0.0011494252873563218,0.0011494252873563218,0.0011494252873563218,0.0011494252873563218,0.0011494252873563218,0.0011494252873563218,0.0034482758620689655,0.0011494252873563218,0.0022988505747126436,0.0011494252873563218,0.0011494252873563218,0.0011494252873563218,0.0011494252873563218,0.0011494252873563218,0.0011494252873563218,0.0011494252873563218,0.0011494252873563218,0.0011494252873563218,0.0011494252873563218,0.0011494252873563218,0.0011494252873563218,0.0011494252873563218,0.0011494252873563218,0.0011494252873563218,0.0011494252873563218,0.0011494252873563218,0.0011494252873563218,0.0,0.0,0.0,0.0,0.0,0.0,0.0,0.0,0.0,0.0,0.0,0.0,0.0,0.0,0.0,0.0,0.0,0.0,0.0,0.0,0.0,0.0,0.0,0.0,0.0,0.0,0.0,0.0,0.0,0.0,0.0,0.0,0.0,0.0,0.0,0.0,0.0,0.0,0.0,0.0,0.0,0.0,0.0,0.0,0.0,0.0,0.0,0.0,0.0,0.0,0.0,0.0,0.0,0.0,0.0,0.0,0.0,0.0,0.0,0.0,0.0,0.0,0.0,0.0,0.0,0.0,0.0,0.0,0.0,0.0,0.44158813893079096,0.0,0.0,0.0,0.0,0.0,0.0,0.0,0.0,0.0,0.0,0.0,0.0,0.0,0.0,0.0,0.40941032109304265,0.0,0.0,0.0,0.0,0.0,0.0,0.0,0.28716019666695525,0.0,0.0,0.0,0.0,0.0,0.0,0.0,0.0,0.0,0.0,0.0,0.0,0.0,0.0,0.0,0.0,0.0,0.0,0.0,0.0,0.0,0.0,0.0,0.0,0.0,0.0,0.0,0.0,0.0,0.0,0.0,0.0,0.0,0.0,0.0,0.0,0.0,0.0,0.0,0.0,0.0,0.0,0.0,0.0,0.0,0.0,0.0,0.0,0.0,0.0,0.0,0.0,0.0,0.0,0.0,0.0,0.0,0.0,0.0,0.0,0.0,0.0,0.0,0.0,0.0,0.0,0.0,0.0,0.0,0.0,0.0,0.0,0.0,0.0,0.0,0.0,0.0,0.0,0.0,0.0,0.0,0.0,0.0,0.0,0.0,0.0,0.0,0.0,0.0,0.0,0.0,0.0,0.0,0.0,0.0,0.0,0.0,0.0,0.0,0.0,0.0,0.0,0.0,0.0,0.0,0.0,0.0,0.0,0.0,0.0,0.0,0.0,0.0,0.0,0.0,0.0,0.0,0.0,0.0,0.0,0.0,0.0,0.0,0.0,0.0,0.0,0.0,0.0,0.0,0.0,0.0,0.0,0.0,0.0,0.0,0.0,0.0,0.0,0.0,0.0,0.0,0.0,0.0,0.0,0.0,0.0,0.0,0.0,0.0,0.0,0.0,0.0,0.0,0.0,0.0,0.0,0.0,0.0,0.0,0.0,0.0,0.0,0.0,0.0,0.0,0.0,0.0,0.0,0.0,0.0,0.0,0.0,0.0,0.0,0.0,0.0,0.0,0.0,0.0,0.0,0.0,0.0,0.0,0.0,0.0,0.0,0.0,0.0,0.0,0.0,0.0,0.0,0.0,0.0,0.0,0.0,0.0,0.0,0.0,0.0,0.0,0.0,0.0,0.0,0.0,0.0,0.0,0.0,0.0,0.0,0.0,0.0,0.0,0.0,0.0,0.0,0.0,0.0,0.0,0.0,0.0,0.0,0.0,0.0,0.0,0.0,0.0,0.0,0.0,0.0,0.0,0.0,0.0,0.0,0.0,0.0,0.0,0.0,0.0,0.0,0.0,0.44158813893079096,0.0,0.0,0.0,0.0,0.0,0.0,0.0,0.0,0.0,0.0,0.0,0.0,0.0,0.0,0.0,0.0,0.0,0.0,0.0,0.0,0.0,0.0,0.0,0.0,0.0,0.0,0.0,0.0,0.0,0.0,0.0,0.0,0.0,0.0,0.0,0.0,0.0,0.0,0.0,0.0,0.0,0.0,0.0,0.0,0.0,0.0,0.0,0.0,0.0,0.0,0.0,0.0,0.0,0.0,0.0,0.0,0.0,0.0,0.0,0.0,0.0,0.0,0.0,0.0,0.0,0.0,0.0,0.0,0.0,0.0,0.0,0.0,0.0,0.0,0.0,0.0,0.0,0.0,0.0,0.0,0.0,0.0,0.0,0.0,0.0,0.0,0.0,0.0,0.0,0.0,0.0,0.0,0.0,0.0,0.0,0.0,0.0,0.0,0.0,0.0,0.0,0.0,0.0,0.0,0.0,0.0,0.0,0.0,0.0,0.0,0.0,0.0,0.0,0.0,0.0,0.0,0.0,0.0,0.0,0.0,0.0,0.0,0.0,0.0,0.0,0.0,0.0,0.0,0.0,0.0,0.0,0.0,0.0,0.0,0.0,0.0,0.0,0.0,0.0,0.0,0.0,0.0,0.0,0.0,0.0,0.0,0.0,0.0,0.0,0.0,0.0,0.0,0.0,0.0,0.0,0.0,0.0,0.0,0.0,0.0,0.0,0.0,0.0,0.0,0.0,0.0,0.0,0.0,0.0,0.0,0.0,0.0,0.0,0.0,0.0,0.0,0.0,0.0,0.0,0.0,0.0,0.0,0.0,0.0,0.0,0.0,0.0,0.0,0.0,0.0,0.0,0.0,0.0,0.0,0.0,0.0,0.0,0.0,0.0,0.0,0.0,0.0,0.0,0.0,0.0,0.0,0.0,0.0,0.0,0.28716019666695525,0.0,0.0,0.0,0.0,0.0,0.0,0.0,0.0,0.0,0.0,0.0,0.0,0.0,0.0,0.0,0.0,0.0,0.0,0.0,0.0,0.0,0.0,0.0,0.0,0.0,0.0,0.0,0.0,0.0,0.0,0.0,0.0,0.0,0.0,0.0,0.0,0.0,0.0,0.0,0.0,0.0,0.0,0.0,0.0,0.0,0.0,0.0,0.0,0.0,0.0,0.0,0.0,0.0,0.0,0.0,0.0,0.0,0.0,0.0,0.0,0.0,0.44158813893079096,0.0,0.0,0.28716019666695525,0.0,0.0,0.0,0.0,0.0,0.0,0.0,0.0,0.0,0.0,0.0,0.0,0.0,0.0,0.0,0.0,0.0,0.0,0.0,0.0,0.0,0.0,0.0,0.0,0.0,0.0,0.0,0.0,0.0,0.0,0.0,0.0,0.0,0.0,0.0,0.0,0.0,0.0,0.0,0.0,0.0,0.0,0.0,0.0,0.0,0.0,0.0,0.0,0.0,0.0,0.0,0.0,0.0,0.0,0.0,0.0,0.0,0.0,0.0,0.0,0.0,0.0,0.0,0.0,0.0,0.0,0.0,0.0,0.0,0.0,0.0,0.0,0.0,0.0,0.0,0.0,0.0,0.0,0.0,0.0,0.0,0.0,0.0,0.0,0.0,0.0,0.0,0.0,0.0,0.0,0.0,0.0,0.0,0.0,0.0,0.0,0.0,0.0,0.0,0.0,0.0,0.0,0.0,0.0,0.0,0.0,0.0,0.0,0.0,0.0,0.0,0.0,0.0,0.0,0.0
SD2401268,20대,음 근데 우리집이 꼭대기 층이라 그런지 좀 괜찮은 거 같은데. 층간 소음은 없는데 벽간 소음이 쪼금 있는 거 같아. 방이 그 방음이 잘 안 돼서 옆 문 그 첫 입구 문에만 서도 옆의 방이 뭐 유튜브 뭐 듣고 있는지 무슨 대화하고 있는지가 너무 잘 들려서 쪼끔 부담스럽긴 해. 근데 위에는 아무도 사람이 안 사니까 내가 살기에는 어 소음이 없어서 되게 좋은 거 같아. 그거 말고도 본가 살 때는 위층이 아빠 지인이 살았었는데 그래서 막 소음이 나도 뭐라 하기가 좀 그랬던 경험이 있어. 너는 지금 몇 층 정도에 살아? 층간 소음은 없어? 음 그 학 학교 들어오고 나서부터 2년 동안 여기 살고 올해 새로 계약해서 똑같은 데 연장해서 거기서 살고 있어. 아마 내년에는 교환 학생을 가서 없으니까 오빠가 혼자 살 거 같아 지금 같이 살고 있으니까. 그리고 사실 나는 올해 딱 계약 연장할 때쯤에 새로 구해서 따로따로 살고 싶었는데 아무래도 서울 뭐 월세가 비싸다 보니까 그냥 한집에서 해서 전세로 사는 게 낫겠다 싶어서 같이 살고 있는데. 어 아무래도 생활 패턴이나 그런 집안일 하는 거가 좀 안 맞아서 좀 그게 제일 힘들어서 따로 살고 싶었던 거 같아. 뭐 혼자 늦게 자고 그런 건 상관없는데 오빠가 게임을 하니까 늦게까지 게임하는 소리 계속 들려 오 들려 오고 하니까 나 자는 데 방에 돼서 그랬던 거 같아. 너는 그런 적은 없어? 어 중3 때까지 1곳에서 살았고 그 주 중3 이후에 약간 신도시 분양 그런 청약 담 당첨 돼 가지고 1번 이사를 갔었어. 근데 그 중3 때까지 계속 같은 지역에 살다 보니까 거기 유치원 초등학교 중학교 나오고 고등학교도 그쪽을 가려고 했는데 이사를 가게 돼서 혼자 떨어진 곳을 가니까 친구들이랑도 멀어지고 그러 그 뭐 원래 놀던 데에서도 못 놀고 이런 게 쪼끔 아쉽고 힘들긴 하더라고. 근데 집이 넓어서 되게 좋았던 거 같아. 나는 이사를 많이 안 해 봐서 막 해 보고 싶었다 이런 게 좀 컸었는데 주변에 이사 많이 다니는 사람은 안 그렇더라고. 이사를 그만 다니고 싶다 그러더라. 혹시 너도 그런 편이야? 음 나는 이사 간 다음에 우 이 이사 간 아파트 앞에 막 전원주택 같은 게 있는 거야. 그래서 나중에 이 또 이사를 가게 된다면은 저런 데에서 살고 싶다. 저런 데에서 마당에서 막 식물 키우고 동물 키우고 막 나만의 정원을 가꾸면서 2층 바 다락방에서 살고 싶다 막 이런 생각을 했었는데. 근데 막상 거기에 살면은 관리하는 게 되게 힘들어 보이더라고. 할머니 집도 그런 전원주택인데 조금만 뭘 관리를 안 해 줘도 잡초 자라고 먼지가 끼고 더러워지고 막 그런 게 많아서 관리가 힘들다고 하더라고. 근데 그럼에도 한 약간 한번쯤은 전원주택에 살고 싶다 이런 생각이 있는데. 너는 그런 어디에 살고 싶다 이런 로망 같은 게 있어? 어 전자레인지랑 냉장고 세탁기 이 이 정도는 원래 있었던 거 같고. 밥솥이랑 응 어 그 오븐 같은 거 뭐라고 하지. 그 아 에어프라이어는 사 왔고. 최근에 여름 되니까 벌레가 너무 많이 생기잖아. 특히 음식물에 벌레가 많이 생기는데 그래서 버리기가 너무 힘들어서 미생물로 분해해 주는 기계 그런 게 있더라고. 오빠가 인스타그램에서 찾아와서 막 우 이거 쓰자 막 그러면서 찾아왔던 기억이 있어. 그래서 그거를 지금 살까 고민 중에 있어. 그게 음식물 쓰레기를 넣으면은 미생물들이 분해를 해서 흙으로 바로 만들어 준대. 근데 그게 하루 만에 다 만들어 주고 냄새도 안 나서 좋다고 하더라고. 너는 혹시 집안일 같은 거는 어떻게 하는 편이야? 어 가끔 아니 자주 좀 싸운 싸우진 않고 이런 거에 대해 짜증을 내는 거 같긴 한데 내 방이 쓰레기 그 분리수거 하는 데 바로 앞에 있단 말이야. 그래서 오빠는 좀 멀어서 쓰레기 같은 걸 거기 내면 그만인데 나는 내고 나서 그게 분리수거가 잘 안 되어 있거나 막 더러운 게 섞여 있거나 하면은 냄새가 바로 내 방으로 들어온단 말이야. 그거 때문에 오빠한테 뭐라 한 적도 많았던 거 같고. 약간 분담 같은 게 예전에는 막 뭐 냉장고 청소 네가 1번 하면 내가 화장실 청소 1번 하고 이런 식으로 번갈아서 하자라고 말은 했는데 어느 순간 보니까 내가 다 하고 있더라고. 그래서 그거에 대해서 쌓아 놨다가 화내기 직전에 딱 말하면은 오빠가 또 눈치는 빨라 가지고 그제서야 부랴부랴 치우고 막 이래서 어 싸우지는 않았던 거 같아. 근데 자취를 하니까 확실히 본가 살 때는 엄마가 다 해 주고 그러는데 내가 다 해야 되니까 그게 힘든 거 같긴 해. 너는 자취하고 싶다는 생각은 없어? 아 나 처음에 집 들어올 때 막 냉장고랑 기본 가구에 막 여 연두색 띠가 막 둘러져 있는 거야. 기본 색깔로 막 있는 거야. 그래서 그걸 보고 아 진짜 별로다. 여기 살기 싫다 했었는데 막상 들어가 보니까 그런 거 별로 티도 안 나고 깔끔해 보이고 좋더라고. 그래서 그렇게 쓰고 있고. 뭔가 인테리어 아 그 자취하면 내 방식대로 바 집을 꾸미고 막 이렇게 써야지라는 생각은 있었는데 막상 있으니까 짐을 그 넣을 짐도 너무 많고 근데 그거에 비해 공간은 안 나오고 하니까 인테리어라고 할 것도 없이 그냥 짐을 넣어 놓은 거 같아. 내 방이 너무 작아서 옷장 같은 게 들어갈 공간이 안 나서 거실에다가 행거 설치해서 바로 옷 놓아두고. 그래서 뭔가 꾸미기도 애매하고 그랬던 거 같아. 너는 집 인테리어 어떤 편이야? 서울에서 살 수 있으면 좋을 거 같은데. 왜냐하면 여가 생활 같은 것도 훨씬 더 많이 할 수 있고 이제 거의 내 친구들이나 생활 반경이 서울에 중심에 맞춰져 있다 보니까 서울에서 생활하는 게 편하긴 한데 가끔씩 여기가 사람이 너무 많아서 내려가고 싶다라는 생각이 들긴 해. 근데 직장을 얻고 뭔가 더 발전을 하려면은 서울에서 사는 게 맞는 거 같아. 나는 그 본가 살 때는 지하에 헬스장이 있어서 그거를 썼단 말이야. 근데 자취를 하니까 그런 여가 시설 시 그 아무튼 시설들이 없어서 막 주변에서 주변 다른 헬스장을 등록해 놨단 말이야. 근데 너는 지금 어쨌든 본가에 살잖아. 큰 아파트에 사는데 그러면 거기에 막 여가 시설 같은 게 와 잘 마련되어 있어?,0.005747126436781609,0.017241379310344827,0.004597701149425287,0.0,0.005747126436781609,0.0034482758620689655,0.005747126436781609,0.008045977011494253,0.01839080459770115,0.029885057471264367,0.004597701149425287,0.027586206896551724,0.0,0.008045977011494253,0.0022988505747126436,0.0,0.0034482758620689655,0.0011494252873563218,0.03218390804597701,0.013793103448275862,0.0,0.0,0.0,0.0022988505747126436,0.0,0.004597701149425287,0.021839080459770115,0.0,0.0034482758620689655,0.0034482758620689655,0.04367816091954023,0.0,0.006896551724137931,0.0,0.004597701149425287,0.009195402298850575,0.0,0.0,0.011494252873563218,0.0011494252873563218,0.0,0.0022988505747126436,0.0,0.0,0.034482758620689655,0.004597701149425287,0.013793103448275862,0.0022988505747126436,0.004597701149425287,0.0367816091954023,0.009195402298850575,0.0011494252873563218,0.0,0.0022988505747126436,0.0,0.0011494252873563218,0.0011494252873563218,0.0022988505747126436,0.0,0.006896551724137931,0.0,0.0,0.0,0.0011494252873563218,0.006896551724137931,0.0022988505747126436,0.0022988505747126436,0.0011494252873563218,0.0011494252873563218,0.0,0.0,0.0,0.0022988505747126436,0.0,0.0,0.005747126436781609,0.0022988505747126436,0.0,0.006896551724137931,0.010344827586206896,0.0011494252873563218,0.0,0.0,0.0,0.0,0.004597701149425287,0.0034482758620689655,0.0,0.0022988505747126436,0.004597701149425287,0.0,0.0022988505747126436,0.0,0.0011494252873563218,0.0,0.0011494252873563218,0.0011494252873563218,0.0011494252873563218,0.0,0.0022988505747126436,0.004597701149425287,0.0011494252873563218,0.0,0.0,0.0,0.0,0.01264367816091954,0.009195402298850575,0.0,0.0011494252873563218,0.0011494252873563218,0.0022988505747126436,0.0011494252873563218,0.0,0.0,0.0011494252873563218,0.0,0.0,0.0011494252873563218,0.011494252873563218,0.0,0.005747126436781609,0.0011494252873563218,0.0,0.0022988505747126436,0.0011494252873563218,0.0011494252873563218,0.0,0.0022988505747126436,0.0,0.0,0.0,0.0,0.0034482758620689655,0.0,0.0,0.01839080459770115,0.0022988505747126436,0.0,0.0,0.0022988505747126436,0.0022988505747126436,0.0022988505747126436,0.0,0.0,0.005747126436781609,0.0011494252873563218,0.0,0.008045977011494253,0.0022988505747126436,0.0011494252873563218,0.005747126436781609,0.0011494252873563218,0.0,0.0,0.0011494252873563218,0.0,0.0011494252873563218,0.006896551724137931,0.0011494252873563218,0.0,0.0034482758620689655,0.0,0.0,0.0,0.004597701149425287,0.0011494252873563218,0.0011494252873563218,0.0,0.0,0.0011494252873563218,0.0,0.0,0.0,0.006896551724137931,0.0,0.0,0.0,0.0,0.0,0.0011494252873563218,0.0,0.0034482758620689655,0.0022988505747126436,0.0,0.0022988505747126436,0.0,0.0022988505747126436,0.0022988505747126436,0.0,0.0,0.0,0.0022988505747126436,0.0,0.0,0.0011494252873563218,0.0,0.0,0.0,0.0,0.0034482758620689655,0.0,0.004597701149425287,0.0,0.0,0.0,0.0,0.0,0.0,0.0011494252873563218,0.0,0.0,0.0,0.0,0.0011494252873563218,0.0,0.0011494252873563218,0.0,0.0011494252873563218,0.0,0.0022988505747126436,0.0,0.0011494252873563218,0.0022988505747126436,0.0,0.0,0.005747126436781609,0.0,0.0022988505747126436,0.0,0.0,0.0,0.0,0.0,0.0,0.0,0.0,0.0,0.0022988505747126436,0.0,0.0,0.0,0.004597701149425287,0.0,0.0,0.0,0.0,0.0,0.0,0.0,0.0,0.0,0.0,0.0,0.0,0.0,0.006896551724137931,0.0034482758620689655,0.0011494252873563218,0.0011494252873563218,0.0011494252873563218,0.0011494252873563218,0.0022988505747126436,0.0022988505747126436,0.0011494252873563218,0.0011494252873563218,0.0011494252873563218,0.0011494252873563218,0.0011494252873563218,0.0011494252873563218,0.0034482758620689655,0.0011494252873563218,0.005747126436781609,0.0011494252873563218,0.0011494252873563218,0.0011494252873563218,0.0022988505747126436,0.0022988505747126436,0.0011494252873563218,0.0022988505747126436,0.0011494252873563218,0.0011494252873563218,0.0011494252873563218,0.0011494252873563218,0.0022988505747126436,0.0011494252873563218,0.0011494252873563218,0.0011494252873563218,0.0022988505747126436,0.0011494252873563218,0.0011494252873563218,0.0011494252873563218,0.0011494252873563218,0.0011494252873563218,0.0011494252873563218,0.0011494252873563218,0.0011494252873563218,0.0022988505747126436,0.0022988505747126436,0.0011494252873563218,0.0011494252873563218,0.0011494252873563218,0.0022988505747126436,0.0011494252873563218,0.0011494252873563218,0.0034482758620689655,0.0011494252873563218,0.0011494252873563218,0.0011494252873563218,0.0011494252873563218,0.0011494252873563218,0.0011494252873563218,0.0011494252873563218,0.0022988505747126436,0.0011494252873563218,0.0022988505747126436,0.0022988505747126436,0.0011494252873563218,0.0011494252873563218,0.0034482758620689655,0.0011494252873563218,0.0011494252873563218,0.0022988505747126436,0.0011494252873563218,0.0022988505747126436,0.0011494252873563218,0.0011494252873563218,0.0022988505747126436,0.0011494252873563218,0.0011494252873563218,0.0011494252873563218,0.0022988505747126436,0.0011494252873563218,0.0034482758620689655,0.0034482758620689655,0.0022988505747126436,0.0011494252873563218,0.0011494252873563218,0.0011494252873563218,0.0011494252873563218,0.0011494252873563218,0.0011494252873563218,0.0011494252873563218,0.004597701149425287,0.0011494252873563218,0.0011494252873563218,0.0011494252873563218,0.0011494252873563218,0.0022988505747126436,0.0011494252873563218,0.0011494252873563218,0.0011494252873563218,0.0034482758620689655,0.0011494252873563218,0.0011494252873563218,0.0011494252873563218,0.0011494252873563218,0.0022988505747126436,0.0011494252873563218,0.0022988505747126436,0.0022988505747126436,0.0022988505747126436,0.0011494252873563218,0.0011494252873563218,0.0011494252873563218,0.0011494252873563218,0.0022988505747126436,0.0011494252873563218,0.0034482758620689655,0.0034482758620689655,0.0011494252873563218,0.004597701149425287,0.0011494252873563218,0.0011494252873563218,0.0022988505747126436,0.0022988505747126436,0.0011494252873563218,0.0011494252873563218,0.0011494252873563218,0.0022988505747126436,0.0011494252873563218,0.0022988505747126436,0.0022988505747126436,0.0011494252873563218,0.0011494252873563218,0.0011494252873563218,0.0011494252873563218,0.0011494252873563218,0.0011494252873563218,0.0011494252873563218,0.0011494252873563218,0.0011494252873563218,0.0011494252873563218,0.0011494252873563218,0.0011494252873563218,0.0022988505747126436,0.0011494252873563218,0.0011494252873563218,0.0011494252873563218,0.0011494252873563218,0.0011494252873563218,0.0011494252873563218,0.0011494252873563218,0.0011494252873563218,0.0011494252873563218,0.0011494252873563218,0.0011494252873563218,0.0022988505747126436,0.0011494252873563218,0.0011494252873563218,0.0011494252873563218,0.0011494252873563218,0.0011494252873563218,0.0022988505747126436,0.0011494252873563218,0.0022988505747126436,0.0011494252873563218,0.0011494252873563218,0.0011494252873563218,0.0034482758620689655,0.0011494252873563218,0.0011494252873563218,0.0011494252873563218,0.0011494252873563218,0.0011494252873563218,0.0011494252873563218,0.0011494252873563218,0.0011494252873563218,0.0011494252873563218,0.0011494252873563218,0.0011494252873563218,0.0011494252873563218,0.0034482758620689655,0.0011494252873563218,0.0022988505747126436,0.0011494252873563218,0.0011494252873563218,0.0011494252873563218,0.0011494252873563218,0.0011494252873563218,0.0011494252873563218,0.0011494252873563218,0.0011494252873563218,0.0011494252873563218,0.0011494252873563218,0.0011494252873563218,0.0011494252873563218,0.0011494252873563218,0.0011494252873563218,0.0011494252873563218,0.0011494252873563218,0.0011494252873563218,0.0011494252873563218,0.0,0.0,0.0,0.0,0.0,0.0,0.0,0.0,0.0,0.0,0.0,0.0,0.0,0.0,0.0,0.0,0.0,0.0,0.0,0.0,0.0,0.0,0.0,0.0,0.0,0.0,0.0,0.0,0.0,0.0,0.0,0.0,0.0,0.0,0.0,0.0,0.0,0.0,0.0,0.0,0.0,0.0,0.0,0.0,0.0,0.0,0.0,0.0,0.0,0.0,0.0,0.0,0.0,0.0,0.0,0.0,0.0,0.0,0.0,0.0,0.0,0.0,0.0,0.0,0.0,0.0,0.0,0.0,0.0,0.0,0.0,0.0,0.0,0.0,0.0,0.0,0.0,0.0,0.0,0.0,0.0,0.0,0.0,0.0,0.0,0.0,0.0,0.0,0.0,0.4083634936208611,0.0,0.0,0.0,0.0,0.0,0.0,0.0,0.0,0.0,0.0,0.0,0.0,0.0,0.0,0.0,0.0,0.0,0.0,0.0,0.0,0.0,0.0,0.0,0.0,0.0,0.0,0.0,0.0,0.0,0.0,0.0,0.0,0.0,0.0,0.0,0.0,0.0,0.0,0.0,0.0,0.0,0.0,0.0,0.0,0.0,0.0,0.0,0.0,0.0,0.0,0.0,0.0,0.0,0.0,0.0,0.0,0.0,0.0,0.0,0.0,0.0,0.0,0.0,0.0,0.0,0.0,0.0,0.0,0.0,0.0,0.5270165263309317,0.0,0.0,0.0,0.0,0.0,0.0,0.0,0.0,0.0,0.0,0.0,0.0,0.0,0.0,0.0,0.0,0.0,0.0,0.0,0.0,0.0,0.0,0.0,0.0,0.0,0.0,0.0,0.0,0.0,0.0,0.0,0.0,0.0,0.0,0.0,0.0,0.0,0.0,0.0,0.0,0.0,0.0,0.0,0.0,0.0,0.0,0.0,0.0,0.0,0.0,0.0,0.0,0.0,0.0,0.0,0.0,0.0,0.0,0.0,0.0,0.0,0.0,0.0,0.0,0.0,0.0,0.0,0.0,0.0,0.0,0.0,0.0,0.0,0.0,0.0,0.0,0.0,0.0,0.0,0.0,0.0,0.0,0.0,0.0,0.0,0.0,0.0,0.0,0.0,0.0,0.0,0.0,0.0,0.0,0.0,0.0,0.0,0.0,0.0,0.0,0.0,0.0,0.0,0.0,0.0,0.0,0.0,0.0,0.0,0.0,0.0,0.0,0.0,0.0,0.0,0.0,0.0,0.0,0.0,0.0,0.0,0.0,0.0,0.0,0.0,0.0,0.0,0.0,0.0,0.0,0.0,0.0,0.0,0.0,0.0,0.0,0.0,0.0,0.0,0.0,0.0,0.0,0.0,0.0,0.0,0.0,0.0,0.0,0.0,0.0,0.0,0.0,0.0,0.0,0.0,0.0,0.0,0.0,0.0,0.0,0.0,0.0,0.0,0.0,0.0,0.0,0.0,0.0,0.0,0.0,0.0,0.0,0.0,0.0,0.0,0.0,0.0,0.0,0.0,0.0,0.0,0.0,0.0,0.0,0.0,0.0,0.0,0.0,0.0,0.0,0.0,0.0,0.0,0.0,0.0,0.0,0.0,0.0,0.0,0.0,0.0,0.0,0.0,0.0,0.0,0.0,0.0,0.0,0.0,0.0,0.0,0.0,0.0,0.0,0.0,0.0,0.0,0.0,0.0,0.0,0.0,0.0,0.0,0.0,0.0,0.0,0.0,0.0,0.0,0.0,0.0,0.0,0.0,0.0,0.0,0.0,0.0,0.0,0.0,0.0,0.0,0.0,0.0,0.0,0.0,0.0,0.0,0.0,0.0,0.5270165263309317,0.0,0.0,0.0,0.0,0.0,0.0,0.0,0.0,0.0,0.0,0.0,0.0,0.0,0.0,0.0,0.0,0.0,0.0,0.0,0.0,0.0,0.0,0.0,0.0,0.0,0.0,0.0,0.0,0.0,0.0,0.0,0.0,0.0,0.0,0.0,0.0,0.0,0.0,0.0,0.0,0.0,0.0,0.0,0.0,0.0,0.0,0.0,0.0,0.0,0.0,0.0,0.0,0.0,0.0,0.0,0.0,0.0,0.0,0.0,0.0,0.0,0.0,0.0,0.0,0.0,0.0,0.0,0.0,0.0,0.0,0.0,0.0,0.0,0.0,0.0,0.0,0.0,0.0,0.0,0.0,0.0,0.0,0.0,0.0,0.0,0.0,0.0,0.0,0.0,0.0,0.0,0.0,0.0,0.0,0.0,0.0,0.0,0.0,0.5270165263309317,0.0,0.0,0.0,0.0,0.0,0.0,0.0,0.0,0.0,0.0,0.0,0.0,0.0,0.0,0.0,0.0,0.0,0.0,0.0,0.0,0.0,0.0,0.0,0.0,0.0,0.0,0.0,0.0,0.0,0.0,0.0,0.0,0.0,0.0,0.0,0.0,0.0,0.0,0.0,0.0,0.0,0.0,0.0,0.0,0.0,0.0,0.0,0.0,0.0,0.0,0.0,0.0,0.0,0.0,0.0,0.0,0.0,0.0,0.0,0.0,0.0,0.0,0.0,0.0,0.0,0.0,0.0,0.0,0.0,0.0,0.0,0.0,0.0,0.0,0.0,0.0,0.0,0.0,0.0,0.0,0.0,0.0,0.0,0.0,0.0,0.0,0.0,0.0,0.0,0.0,0.0,0.0,0.0,0.0,0.0,0.0,0.0,0.0,0.0,0.0,0.0,0.0,0.0,0.0,0.0,0.0,0.0,0.0,0.0,0.0,0.0,0.0,0.0,0.0,0.0,0.0,0.0,0.0,0.0,0.0,0.0,0.0,0.0,0.0,0.0,0.0,0.0,0.0,0.0,0.0,0.0,0.0,0.0,0.0,0.0,0.0,0.0,0.0,0.0,0.0,0.0,0.0,0.0,0.0,0.0,0.0,0.0,0.0,0.0,0.0,0.0,0.0,0.0,0.0,0.0,0.0,0.0,0.0,0.0,0.0,0.0,0.0,0.0,0.0,0.0,0.0,0.0,0.0,0.0,0.0,0.0,0.0,0.0,0.0,0.0,0.0,0.0,0.0,0.0,0.0,0.0,0.0,0.0,0.0,0.0,0.0,0.0,0.0,0.0,0.0,0.0,0.0,0.0,0.0,0.0,0.0,0.0,0.0,0.0,0.0,0.0,0.0,0.0,0.0,0.0,0.0,0.0,0.0,0.0,0.0,0.0,0.0,0.0,0.0,0.0,0.0,0.0
SD2401268,20대,음 근데 우리집이 꼭대기 층이라 그런지 좀 괜찮은 거 같은데. 층간 소음은 없는데 벽간 소음이 쪼금 있는 거 같아. 방이 그 방음이 잘 안 돼서 옆 문 그 첫 입구 문에만 서도 옆의 방이 뭐 유튜브 뭐 듣고 있는지 무슨 대화하고 있는지가 너무 잘 들려서 쪼끔 부담스럽긴 해. 근데 위에는 아무도 사람이 안 사니까 내가 살기에는 어 소음이 없어서 되게 좋은 거 같아. 그거 말고도 본가 살 때는 위층이 아빠 지인이 살았었는데 그래서 막 소음이 나도 뭐라 하기가 좀 그랬던 경험이 있어. 너는 지금 몇 층 정도에 살아? 층간 소음은 없어? 음 그 학 학교 들어오고 나서부터 2년 동안 여기 살고 올해 새로 계약해서 똑같은 데 연장해서 거기서 살고 있어. 아마 내년에는 교환 학생을 가서 없으니까 오빠가 혼자 살 거 같아 지금 같이 살고 있으니까. 그리고 사실 나는 올해 딱 계약 연장할 때쯤에 새로 구해서 따로따로 살고 싶었는데 아무래도 서울 뭐 월세가 비싸다 보니까 그냥 한집에서 해서 전세로 사는 게 낫겠다 싶어서 같이 살고 있는데. 어 아무래도 생활 패턴이나 그런 집안일 하는 거가 좀 안 맞아서 좀 그게 제일 힘들어서 따로 살고 싶었던 거 같아. 뭐 혼자 늦게 자고 그런 건 상관없는데 오빠가 게임을 하니까 늦게까지 게임하는 소리 계속 들려 오 들려 오고 하니까 나 자는 데 방에 돼서 그랬던 거 같아. 너는 그런 적은 없어? 어 중3 때까지 1곳에서 살았고 그 주 중3 이후에 약간 신도시 분양 그런 청약 담 당첨 돼 가지고 1번 이사를 갔었어. 근데 그 중3 때까지 계속 같은 지역에 살다 보니까 거기 유치원 초등학교 중학교 나오고 고등학교도 그쪽을 가려고 했는데 이사를 가게 돼서 혼자 떨어진 곳을 가니까 친구들이랑도 멀어지고 그러 그 뭐 원래 놀던 데에서도 못 놀고 이런 게 쪼끔 아쉽고 힘들긴 하더라고. 근데 집이 넓어서 되게 좋았던 거 같아. 나는 이사를 많이 안 해 봐서 막 해 보고 싶었다 이런 게 좀 컸었는데 주변에 이사 많이 다니는 사람은 안 그렇더라고. 이사를 그만 다니고 싶다 그러더라. 혹시 너도 그런 편이야? 음 나는 이사 간 다음에 우 이 이사 간 아파트 앞에 막 전원주택 같은 게 있는 거야. 그래서 나중에 이 또 이사를 가게 된다면은 저런 데에서 살고 싶다. 저런 데에서 마당에서 막 식물 키우고 동물 키우고 막 나만의 정원을 가꾸면서 2층 바 다락방에서 살고 싶다 막 이런 생각을 했었는데. 근데 막상 거기에 살면은 관리하는 게 되게 힘들어 보이더라고. 할머니 집도 그런 전원주택인데 조금만 뭘 관리를 안 해 줘도 잡초 자라고 먼지가 끼고 더러워지고 막 그런 게 많아서 관리가 힘들다고 하더라고. 근데 그럼에도 한 약간 한번쯤은 전원주택에 살고 싶다 이런 생각이 있는데. 너는 그런 어디에 살고 싶다 이런 로망 같은 게 있어? 어 전자레인지랑 냉장고 세탁기 이 이 정도는 원래 있었던 거 같고. 밥솥이랑 응 어 그 오븐 같은 거 뭐라고 하지. 그 아 에어프라이어는 사 왔고. 최근에 여름 되니까 벌레가 너무 많이 생기잖아. 특히 음식물에 벌레가 많이 생기는데 그래서 버리기가 너무 힘들어서 미생물로 분해해 주는 기계 그런 게 있더라고. 오빠가 인스타그램에서 찾아와서 막 우 이거 쓰자 막 그러면서 찾아왔던 기억이 있어. 그래서 그거를 지금 살까 고민 중에 있어. 그게 음식물 쓰레기를 넣으면은 미생물들이 분해를 해서 흙으로 바로 만들어 준대. 근데 그게 하루 만에 다 만들어 주고 냄새도 안 나서 좋다고 하더라고. 너는 혹시 집안일 같은 거는 어떻게 하는 편이야? 어 가끔 아니 자주 좀 싸운 싸우진 않고 이런 거에 대해 짜증을 내는 거 같긴 한데 내 방이 쓰레기 그 분리수거 하는 데 바로 앞에 있단 말이야. 그래서 오빠는 좀 멀어서 쓰레기 같은 걸 거기 내면 그만인데 나는 내고 나서 그게 분리수거가 잘 안 되어 있거나 막 더러운 게 섞여 있거나 하면은 냄새가 바로 내 방으로 들어온단 말이야. 그거 때문에 오빠한테 뭐라 한 적도 많았던 거 같고. 약간 분담 같은 게 예전에는 막 뭐 냉장고 청소 네가 1번 하면 내가 화장실 청소 1번 하고 이런 식으로 번갈아서 하자라고 말은 했는데 어느 순간 보니까 내가 다 하고 있더라고. 그래서 그거에 대해서 쌓아 놨다가 화내기 직전에 딱 말하면은 오빠가 또 눈치는 빨라 가지고 그제서야 부랴부랴 치우고 막 이래서 어 싸우지는 않았던 거 같아. 근데 자취를 하니까 확실히 본가 살 때는 엄마가 다 해 주고 그러는데 내가 다 해야 되니까 그게 힘든 거 같긴 해. 너는 자취하고 싶다는 생각은 없어? 아 나 처음에 집 들어올 때 막 냉장고랑 기본 가구에 막 여 연두색 띠가 막 둘러져 있는 거야. 기본 색깔로 막 있는 거야. 그래서 그걸 보고 아 진짜 별로다. 여기 살기 싫다 했었는데 막상 들어가 보니까 그런 거 별로 티도 안 나고 깔끔해 보이고 좋더라고. 그래서 그렇게 쓰고 있고. 뭔가 인테리어 아 그 자취하면 내 방식대로 바 집을 꾸미고 막 이렇게 써야지라는 생각은 있었는데 막상 있으니까 짐을 그 넣을 짐도 너무 많고 근데 그거에 비해 공간은 안 나오고 하니까 인테리어라고 할 것도 없이 그냥 짐을 넣어 놓은 거 같아. 내 방이 너무 작아서 옷장 같은 게 들어갈 공간이 안 나서 거실에다가 행거 설치해서 바로 옷 놓아두고. 그래서 뭔가 꾸미기도 애매하고 그랬던 거 같아. 너는 집 인테리어 어떤 편이야? 서울에서 살 수 있으면 좋을 거 같은데. 왜냐하면 여가 생활 같은 것도 훨씬 더 많이 할 수 있고 이제 거의 내 친구들이나 생활 반경이 서울에 중심에 맞춰져 있다 보니까 서울에서 생활하는 게 편하긴 한데 가끔씩 여기가 사람이 너무 많아서 내려가고 싶다라는 생각이 들긴 해. 근데 직장을 얻고 뭔가 더 발전을 하려면은 서울에서 사는 게 맞는 거 같아. 나는 그 본가 살 때는 지하에 헬스장이 있어서 그거를 썼단 말이야. 근데 자취를 하니까 그런 여가 시설 시 그 아무튼 시설들이 없어서 막 주변에서 주변 다른 헬스장을 등록해 놨단 말이야. 근데 너는 지금 어쨌든 본가에 살잖아. 큰 아파트에 사는데 그러면 거기에 막 여가 시설 같은 게 와 잘 마련되어 있어?,0.005747126436781609,0.017241379310344827,0.004597701149425287,0.0,0.005747126436781609,0.0034482758620689655,0.005747126436781609,0.008045977011494253,0.01839080459770115,0.029885057471264367,0.004597701149425287,0.027586206896551724,0.0,0.008045977011494253,0.0022988505747126436,0.0,0.0034482758620689655,0.0011494252873563218,0.03218390804597701,0.013793103448275862,0.0,0.0,0.0,0.0022988505747126436,0.0,0.004597701149425287,0.021839080459770115,0.0,0.0034482758620689655,0.0034482758620689655,0.04367816091954023,0.0,0.006896551724137931,0.0,0.004597701149425287,0.009195402298850575,0.0,0.0,0.011494252873563218,0.0011494252873563218,0.0,0.0022988505747126436,0.0,0.0,0.034482758620689655,0.004597701149425287,0.013793103448275862,0.0022988505747126436,0.004597701149425287,0.0367816091954023,0.009195402298850575,0.0011494252873563218,0.0,0.0022988505747126436,0.0,0.0011494252873563218,0.0011494252873563218,0.0022988505747126436,0.0,0.006896551724137931,0.0,0.0,0.0,0.0011494252873563218,0.006896551724137931,0.0022988505747126436,0.0022988505747126436,0.0011494252873563218,0.0011494252873563218,0.0,0.0,0.0,0.0022988505747126436,0.0,0.0,0.005747126436781609,0.0022988505747126436,0.0,0.006896551724137931,0.010344827586206896,0.0011494252873563218,0.0,0.0,0.0,0.0,0.004597701149425287,0.0034482758620689655,0.0,0.0022988505747126436,0.004597701149425287,0.0,0.0022988505747126436,0.0,0.0011494252873563218,0.0,0.0011494252873563218,0.0011494252873563218,0.0011494252873563218,0.0,0.0022988505747126436,0.004597701149425287,0.0011494252873563218,0.0,0.0,0.0,0.0,0.01264367816091954,0.009195402298850575,0.0,0.0011494252873563218,0.0011494252873563218,0.0022988505747126436,0.0011494252873563218,0.0,0.0,0.0011494252873563218,0.0,0.0,0.0011494252873563218,0.011494252873563218,0.0,0.005747126436781609,0.0011494252873563218,0.0,0.0022988505747126436,0.0011494252873563218,0.0011494252873563218,0.0,0.0022988505747126436,0.0,0.0,0.0,0.0,0.0034482758620689655,0.0,0.0,0.01839080459770115,0.0022988505747126436,0.0,0.0,0.0022988505747126436,0.0022988505747126436,0.0022988505747126436,0.0,0.0,0.005747126436781609,0.0011494252873563218,0.0,0.008045977011494253,0.0022988505747126436,0.0011494252873563218,0.005747126436781609,0.0011494252873563218,0.0,0.0,0.0011494252873563218,0.0,0.0011494252873563218,0.006896551724137931,0.0011494252873563218,0.0,0.0034482758620689655,0.0,0.0,0.0,0.004597701149425287,0.0011494252873563218,0.0011494252873563218,0.0,0.0,0.0011494252873563218,0.0,0.0,0.0,0.006896551724137931,0.0,0.0,0.0,0.0,0.0,0.0011494252873563218,0.0,0.0034482758620689655,0.0022988505747126436,0.0,0.0022988505747126436,0.0,0.0022988505747126436,0.0022988505747126436,0.0,0.0,0.0,0.0022988505747126436,0.0,0.0,0.0011494252873563218,0.0,0.0,0.0,0.0,0.0034482758620689655,0.0,0.004597701149425287,0.0,0.0,0.0,0.0,0.0,0.0,0.0011494252873563218,0.0,0.0,0.0,0.0,0.0011494252873563218,0.0,0.0011494252873563218,0.0,0.0011494252873563218,0.0,0.0022988505747126436,0.0,0.0011494252873563218,0.0022988505747126436,0.0,0.0,0.005747126436781609,0.0,0.0022988505747126436,0.0,0.0,0.0,0.0,0.0,0.0,0.0,0.0,0.0,0.0022988505747126436,0.0,0.0,0.0,0.004597701149425287,0.0,0.0,0.0,0.0,0.0,0.0,0.0,0.0,0.0,0.0,0.0,0.0,0.0,0.006896551724137931,0.0034482758620689655,0.0011494252873563218,0.0011494252873563218,0.0011494252873563218,0.0011494252873563218,0.0022988505747126436,0.0022988505747126436,0.0011494252873563218,0.0011494252873563218,0.0011494252873563218,0.0011494252873563218,0.0011494252873563218,0.0011494252873563218,0.0034482758620689655,0.0011494252873563218,0.005747126436781609,0.0011494252873563218,0.0011494252873563218,0.0011494252873563218,0.0022988505747126436,0.0022988505747126436,0.0011494252873563218,0.0022988505747126436,0.0011494252873563218,0.0011494252873563218,0.0011494252873563218,0.0011494252873563218,0.0022988505747126436,0.0011494252873563218,0.0011494252873563218,0.0011494252873563218,0.0022988505747126436,0.0011494252873563218,0.0011494252873563218,0.0011494252873563218,0.0011494252873563218,0.0011494252873563218,0.0011494252873563218,0.0011494252873563218,0.0011494252873563218,0.0022988505747126436,0.0022988505747126436,0.0011494252873563218,0.0011494252873563218,0.0011494252873563218,0.0022988505747126436,0.0011494252873563218,0.0011494252873563218,0.0034482758620689655,0.0011494252873563218,0.0011494252873563218,0.0011494252873563218,0.0011494252873563218,0.0011494252873563218,0.0011494252873563218,0.0011494252873563218,0.0022988505747126436,0.0011494252873563218,0.0022988505747126436,0.0022988505747126436,0.0011494252873563218,0.0011494252873563218,0.0034482758620689655,0.0011494252873563218,0.0011494252873563218,0.0022988505747126436,0.0011494252873563218,0.0022988505747126436,0.0011494252873563218,0.0011494252873563218,0.0022988505747126436,0.0011494252873563218,0.0011494252873563218,0.0011494252873563218,0.0022988505747126436,0.0011494252873563218,0.0034482758620689655,0.0034482758620689655,0.0022988505747126436,0.0011494252873563218,0.0011494252873563218,0.0011494252873563218,0.0011494252873563218,0.0011494252873563218,0.0011494252873563218,0.0011494252873563218,0.004597701149425287,0.0011494252873563218,0.0011494252873563218,0.0011494252873563218,0.0011494252873563218,0.0022988505747126436,0.0011494252873563218,0.0011494252873563218,0.0011494252873563218,0.0034482758620689655,0.0011494252873563218,0.0011494252873563218,0.0011494252873563218,0.0011494252873563218,0.0022988505747126436,0.0011494252873563218,0.0022988505747126436,0.0022988505747126436,0.0022988505747126436,0.0011494252873563218,0.0011494252873563218,0.0011494252873563218,0.0011494252873563218,0.0022988505747126436,0.0011494252873563218,0.0034482758620689655,0.0034482758620689655,0.0011494252873563218,0.004597701149425287,0.0011494252873563218,0.0011494252873563218,0.0022988505747126436,0.0022988505747126436,0.0011494252873563218,0.0011494252873563218,0.0011494252873563218,0.0022988505747126436,0.0011494252873563218,0.0022988505747126436,0.0022988505747126436,0.0011494252873563218,0.0011494252873563218,0.0011494252873563218,0.0011494252873563218,0.0011494252873563218,0.0011494252873563218,0.0011494252873563218,0.0011494252873563218,0.0011494252873563218,0.0011494252873563218,0.0011494252873563218,0.0011494252873563218,0.0022988505747126436,0.0011494252873563218,0.0011494252873563218,0.0011494252873563218,0.0011494252873563218,0.0011494252873563218,0.0011494252873563218,0.0011494252873563218,0.0011494252873563218,0.0011494252873563218,0.0011494252873563218,0.0011494252873563218,0.0022988505747126436,0.0011494252873563218,0.0011494252873563218,0.0011494252873563218,0.0011494252873563218,0.0011494252873563218,0.0022988505747126436,0.0011494252873563218,0.0022988505747126436,0.0011494252873563218,0.0011494252873563218,0.0011494252873563218,0.0034482758620689655,0.0011494252873563218,0.0011494252873563218,0.0011494252873563218,0.0011494252873563218,0.0011494252873563218,0.0011494252873563218,0.0011494252873563218,0.0011494252873563218,0.0011494252873563218,0.0011494252873563218,0.0011494252873563218,0.0011494252873563218,0.0034482758620689655,0.0011494252873563218,0.0022988505747126436,0.0011494252873563218,0.0011494252873563218,0.0011494252873563218,0.0011494252873563218,0.0011494252873563218,0.0011494252873563218,0.0011494252873563218,0.0011494252873563218,0.0011494252873563218,0.0011494252873563218,0.0011494252873563218,0.0011494252873563218,0.0011494252873563218,0.0011494252873563218,0.0011494252873563218,0.0011494252873563218,0.0011494252873563218,0.0011494252873563218,0.0,0.0,0.0,0.0,0.0,0.0,0.0,0.0,0.0,0.0,0.0,0.0,0.0,0.0,0.0,0.0,0.0,0.0,0.0,0.0,0.0,0.0,0.0,0.0,0.0,0.0,0.0,0.0,0.0,0.0,0.0,0.0,0.0,0.0,0.0,0.0,0.0,0.0,0.0,0.0,0.0,0.0,0.0,0.0,0.0,0.0,0.0,0.0,0.0,0.0,0.0,0.0,0.0,0.0,0.0,0.0,0.0,0.0,0.0,0.0,0.0,0.0,0.0,0.0,0.0,0.0,0.0,0.0,0.0,0.0,0.0,0.0,0.0,0.0,0.0,0.0,0.0,0.0,0.0,0.0,0.0,0.0,0.0,0.0,0.0,0.0,0.0,0.0,0.0,0.0,0.0,0.0,0.0,0.0,0.0,0.0,0.0,0.0,0.0,0.0,0.0,0.0,0.0,0.0,0.0,0.0,0.0,0.0,0.0,0.0,0.0,0.0,0.0,0.0,0.0,0.0,0.0,0.0,0.0,0.0,0.0,0.0,0.0,0.0,0.0,0.0,0.0,0.0,0.0,0.0,0.0,0.0,0.0,0.0,0.0,0.0,0.0,0.0,0.0,0.0,0.0,0.0,0.0,0.0,0.0,0.0,0.0,0.0,0.0,0.0,0.0,0.0,0.0,0.0,0.0,0.0,0.0,0.0,0.0,0.0,0.0,0.0,0.0,0.0,0.0,0.0,0.0,0.0,0.0,0.0,0.0,0.0,0.0,0.0,0.0,0.0,0.0,0.0,0.0,0.0,0.0,0.0,0.0,0.0,0.0,0.0,0.0,0.0,0.0,0.0,0.0,0.0,0.0,0.0,0.0,0.0,0.0,0.0,0.0,0.0,0.0,0.0,0.0,0.0,0.0,0.0,0.0,0.0,0.0,0.0,0.0,0.0,0.0,0.0,0.0,0.0,0.0,0.0,0.0,0.0,0.0,0.0,0.0,0.0,0.0,0.0,0.0,0.0,0.0,0.0,0.0,0.0,0.0,0.0,0.0,0.0,0.0,0.0,0.0,0.0,0.0,0.0,0.0,0.0,0.0,0.0,0.0,0.0,0.0,0.34812503635108305,0.0,0.0,0.0,0.0,0.0,0.0,0.0,0.0,0.0,0.0,0.0,0.0,0.0,0.0,0.0,0.0,0.0,0.0,0.0,0.0,0.0,0.0,0.0,0.0,0.0,0.0,0.0,0.0,0.0,0.0,0.3976614621501301,0.0,0.0,0.0,0.3321778691660667,0.0,0.0,0.0,0.0,0.0,0.0,0.0,0.0,0.0,0.0,0.0,0.0,0.0,0.0,0.0,0.0,0.0,0.0,0.0,0.0,0.0,0.0,0.0,0.0,0.0,0.0,0.0,0.0,0.0,0.0,0.3976614621501301,0.0,0.0,0.0,0.0,0.0,0.0,0.0,0.0,0.0,0.0,0.0,0.0,0.0,0.0,0.0,0.0,0.0,0.0,0.0,0.0,0.0,0.0,0.0,0.0,0.0,0.0,0.0,0.0,0.0,0.0,0.0,0.0,0.0,0.0,0.0,0.0,0.0,0.0,0.0,0.0,0.0,0.0,0.0,0.0,0.0,0.0,0.0,0.0,0.0,0.0,0.0,0.0,0.0,0.0,0.0,0.0,0.0,0.0,0.0,0.0,0.0,0.0,0.0,0.0,0.0,0.0,0.0,0.0,0.0,0.0,0.0,0.0,0.0,0.0,0.0,0.0,0.0,0.0,0.0,0.0,0.0,0.0,0.0,0.0,0.0,0.0,0.0,0.0,0.0,0.0,0.0,0.0,0.0,0.0,0.0,0.0,0.0,0.0,0.0,0.0,0.0,0.0,0.0,0.0,0.0,0.0,0.0,0.0,0.0,0.0,0.0,0.0,0.0,0.0,0.0,0.0,0.0,0.0,0.0,0.0,0.0,0.0,0.0,0.0,0.0,0.0,0.0,0.0,0.0,0.0,0.0,0.0,0.0,0.0,0.0,0.0,0.0,0.0,0.0,0.0,0.0,0.0,0.0,0.0,0.0,0.0,0.0,0.0,0.0,0.0,0.0,0.0,0.0,0.0,0.0,0.0,0.0,0.0,0.0,0.0,0.0,0.0,0.0,0.0,0.0,0.0,0.0,0.0,0.0,0.0,0.0,0.0,0.0,0.0,0.0,0.0,0.0,0.0,0.0,0.0,0.0,0.0,0.0,0.0,0.0,0.0,0.0,0.0,0.0,0.0,0.0,0.0,0.0,0.0,0.0,0.0,0.0,0.0,0.0,0.0,0.0,0.0,0.0,0.0,0.0,0.0,0.0,0.0,0.0,0.0,0.0,0.0,0.0,0.0,0.0,0.0,0.0,0.0,0.0,0.0,0.0,0.0,0.0,0.0,0.0,0.0,0.0,0.0,0.0,0.0,0.0,0.0,0.0,0.0,0.0,0.0,0.0,0.0,0.0,0.0,0.0,0.0,0.0,0.0,0.0,0.0,0.0,0.0,0.0,0.0,0.0,0.0,0.0,0.0,0.0,0.0,0.0,0.0,0.0,0.0,0.0,0.0,0.0,0.0,0.0,0.0,0.0,0.0,0.0,0.0,0.0,0.0,0.0,0.0,0.0,0.0,0.0,0.0,0.0,0.0,0.0,0.0,0.0,0.0,0.0,0.0,0.0,0.0,0.0,0.3976614621501301,0.0,0.0,0.0,0.0,0.0,0.0,0.0,0.0,0.0,0.0,0.0,0.0,0.0,0.0,0.0,0.0,0.0,0.0,0.0,0.0,0.0,0.0,0.0,0.0,0.0,0.0,0.0,0.0,0.0,0.0,0.0,0.0,0.0,0.0,0.0,0.0,0.0,0.0,0.0,0.0,0.0,0.0,0.0,0.0,0.0,0.0,0.0,0.0,0.0,0.0,0.0,0.0,0.0,0.0,0.0,0.0,0.0,0.0,0.0,0.0,0.0,0.0,0.0,0.0,0.0,0.0,0.0,0.0,0.0,0.0,0.0,0.0,0.0,0.0,0.0,0.0,0.0,0.0,0.0,0.0,0.0,0.0,0.0,0.0,0.0,0.0,0.0,0.0,0.0,0.0,0.3686845106379315,0.0,0.0,0.0,0.0,0.0,0.0,0.0,0.0,0.0,0.0,0.0,0.0,0.0,0.0,0.0,0.0,0.0,0.0,0.0,0.0,0.0,0.0,0.0,0.3976614621501301,0.0,0.0,0.0,0.0,0.0,0.0
SD2401268,20대,음 근데 우리집이 꼭대기 층이라 그런지 좀 괜찮은 거 같은데. 층간 소음은 없는데 벽간 소음이 쪼금 있는 거 같아. 방이 그 방음이 잘 안 돼서 옆 문 그 첫 입구 문에만 서도 옆의 방이 뭐 유튜브 뭐 듣고 있는지 무슨 대화하고 있는지가 너무 잘 들려서 쪼끔 부담스럽긴 해. 근데 위에는 아무도 사람이 안 사니까 내가 살기에는 어 소음이 없어서 되게 좋은 거 같아. 그거 말고도 본가 살 때는 위층이 아빠 지인이 살았었는데 그래서 막 소음이 나도 뭐라 하기가 좀 그랬던 경험이 있어. 너는 지금 몇 층 정도에 살아? 층간 소음은 없어? 음 그 학 학교 들어오고 나서부터 2년 동안 여기 살고 올해 새로 계약해서 똑같은 데 연장해서 거기서 살고 있어. 아마 내년에는 교환 학생을 가서 없으니까 오빠가 혼자 살 거 같아 지금 같이 살고 있으니까. 그리고 사실 나는 올해 딱 계약 연장할 때쯤에 새로 구해서 따로따로 살고 싶었는데 아무래도 서울 뭐 월세가 비싸다 보니까 그냥 한집에서 해서 전세로 사는 게 낫겠다 싶어서 같이 살고 있는데. 어 아무래도 생활 패턴이나 그런 집안일 하는 거가 좀 안 맞아서 좀 그게 제일 힘들어서 따로 살고 싶었던 거 같아. 뭐 혼자 늦게 자고 그런 건 상관없는데 오빠가 게임을 하니까 늦게까지 게임하는 소리 계속 들려 오 들려 오고 하니까 나 자는 데 방에 돼서 그랬던 거 같아. 너는 그런 적은 없어? 어 중3 때까지 1곳에서 살았고 그 주 중3 이후에 약간 신도시 분양 그런 청약 담 당첨 돼 가지고 1번 이사를 갔었어. 근데 그 중3 때까지 계속 같은 지역에 살다 보니까 거기 유치원 초등학교 중학교 나오고 고등학교도 그쪽을 가려고 했는데 이사를 가게 돼서 혼자 떨어진 곳을 가니까 친구들이랑도 멀어지고 그러 그 뭐 원래 놀던 데에서도 못 놀고 이런 게 쪼끔 아쉽고 힘들긴 하더라고. 근데 집이 넓어서 되게 좋았던 거 같아. 나는 이사를 많이 안 해 봐서 막 해 보고 싶었다 이런 게 좀 컸었는데 주변에 이사 많이 다니는 사람은 안 그렇더라고. 이사를 그만 다니고 싶다 그러더라. 혹시 너도 그런 편이야? 음 나는 이사 간 다음에 우 이 이사 간 아파트 앞에 막 전원주택 같은 게 있는 거야. 그래서 나중에 이 또 이사를 가게 된다면은 저런 데에서 살고 싶다. 저런 데에서 마당에서 막 식물 키우고 동물 키우고 막 나만의 정원을 가꾸면서 2층 바 다락방에서 살고 싶다 막 이런 생각을 했었는데. 근데 막상 거기에 살면은 관리하는 게 되게 힘들어 보이더라고. 할머니 집도 그런 전원주택인데 조금만 뭘 관리를 안 해 줘도 잡초 자라고 먼지가 끼고 더러워지고 막 그런 게 많아서 관리가 힘들다고 하더라고. 근데 그럼에도 한 약간 한번쯤은 전원주택에 살고 싶다 이런 생각이 있는데. 너는 그런 어디에 살고 싶다 이런 로망 같은 게 있어? 어 전자레인지랑 냉장고 세탁기 이 이 정도는 원래 있었던 거 같고. 밥솥이랑 응 어 그 오븐 같은 거 뭐라고 하지. 그 아 에어프라이어는 사 왔고. 최근에 여름 되니까 벌레가 너무 많이 생기잖아. 특히 음식물에 벌레가 많이 생기는데 그래서 버리기가 너무 힘들어서 미생물로 분해해 주는 기계 그런 게 있더라고. 오빠가 인스타그램에서 찾아와서 막 우 이거 쓰자 막 그러면서 찾아왔던 기억이 있어. 그래서 그거를 지금 살까 고민 중에 있어. 그게 음식물 쓰레기를 넣으면은 미생물들이 분해를 해서 흙으로 바로 만들어 준대. 근데 그게 하루 만에 다 만들어 주고 냄새도 안 나서 좋다고 하더라고. 너는 혹시 집안일 같은 거는 어떻게 하는 편이야? 어 가끔 아니 자주 좀 싸운 싸우진 않고 이런 거에 대해 짜증을 내는 거 같긴 한데 내 방이 쓰레기 그 분리수거 하는 데 바로 앞에 있단 말이야. 그래서 오빠는 좀 멀어서 쓰레기 같은 걸 거기 내면 그만인데 나는 내고 나서 그게 분리수거가 잘 안 되어 있거나 막 더러운 게 섞여 있거나 하면은 냄새가 바로 내 방으로 들어온단 말이야. 그거 때문에 오빠한테 뭐라 한 적도 많았던 거 같고. 약간 분담 같은 게 예전에는 막 뭐 냉장고 청소 네가 1번 하면 내가 화장실 청소 1번 하고 이런 식으로 번갈아서 하자라고 말은 했는데 어느 순간 보니까 내가 다 하고 있더라고. 그래서 그거에 대해서 쌓아 놨다가 화내기 직전에 딱 말하면은 오빠가 또 눈치는 빨라 가지고 그제서야 부랴부랴 치우고 막 이래서 어 싸우지는 않았던 거 같아. 근데 자취를 하니까 확실히 본가 살 때는 엄마가 다 해 주고 그러는데 내가 다 해야 되니까 그게 힘든 거 같긴 해. 너는 자취하고 싶다는 생각은 없어? 아 나 처음에 집 들어올 때 막 냉장고랑 기본 가구에 막 여 연두색 띠가 막 둘러져 있는 거야. 기본 색깔로 막 있는 거야. 그래서 그걸 보고 아 진짜 별로다. 여기 살기 싫다 했었는데 막상 들어가 보니까 그런 거 별로 티도 안 나고 깔끔해 보이고 좋더라고. 그래서 그렇게 쓰고 있고. 뭔가 인테리어 아 그 자취하면 내 방식대로 바 집을 꾸미고 막 이렇게 써야지라는 생각은 있었는데 막상 있으니까 짐을 그 넣을 짐도 너무 많고 근데 그거에 비해 공간은 안 나오고 하니까 인테리어라고 할 것도 없이 그냥 짐을 넣어 놓은 거 같아. 내 방이 너무 작아서 옷장 같은 게 들어갈 공간이 안 나서 거실에다가 행거 설치해서 바로 옷 놓아두고. 그래서 뭔가 꾸미기도 애매하고 그랬던 거 같아. 너는 집 인테리어 어떤 편이야? 서울에서 살 수 있으면 좋을 거 같은데. 왜냐하면 여가 생활 같은 것도 훨씬 더 많이 할 수 있고 이제 거의 내 친구들이나 생활 반경이 서울에 중심에 맞춰져 있다 보니까 서울에서 생활하는 게 편하긴 한데 가끔씩 여기가 사람이 너무 많아서 내려가고 싶다라는 생각이 들긴 해. 근데 직장을 얻고 뭔가 더 발전을 하려면은 서울에서 사는 게 맞는 거 같아. 나는 그 본가 살 때는 지하에 헬스장이 있어서 그거를 썼단 말이야. 근데 자취를 하니까 그런 여가 시설 시 그 아무튼 시설들이 없어서 막 주변에서 주변 다른 헬스장을 등록해 놨단 말이야. 근데 너는 지금 어쨌든 본가에 살잖아. 큰 아파트에 사는데 그러면 거기에 막 여가 시설 같은 게 와 잘 마련되어 있어?,0.005747126436781609,0.017241379310344827,0.004597701149425287,0.0,0.005747126436781609,0.0034482758620689655,0.005747126436781609,0.008045977011494253,0.01839080459770115,0.029885057471264367,0.004597701149425287,0.027586206896551724,0.0,0.008045977011494253,0.0022988505747126436,0.0,0.0034482758620689655,0.0011494252873563218,0.03218390804597701,0.013793103448275862,0.0,0.0,0.0,0.0022988505747126436,0.0,0.004597701149425287,0.021839080459770115,0.0,0.0034482758620689655,0.0034482758620689655,0.04367816091954023,0.0,0.006896551724137931,0.0,0.004597701149425287,0.009195402298850575,0.0,0.0,0.011494252873563218,0.0011494252873563218,0.0,0.0022988505747126436,0.0,0.0,0.034482758620689655,0.004597701149425287,0.013793103448275862,0.0022988505747126436,0.004597701149425287,0.0367816091954023,0.009195402298850575,0.0011494252873563218,0.0,0.0022988505747126436,0.0,0.0011494252873563218,0.0011494252873563218,0.0022988505747126436,0.0,0.006896551724137931,0.0,0.0,0.0,0.0011494252873563218,0.006896551724137931,0.0022988505747126436,0.0022988505747126436,0.0011494252873563218,0.0011494252873563218,0.0,0.0,0.0,0.0022988505747126436,0.0,0.0,0.005747126436781609,0.0022988505747126436,0.0,0.006896551724137931,0.010344827586206896,0.0011494252873563218,0.0,0.0,0.0,0.0,0.004597701149425287,0.0034482758620689655,0.0,0.0022988505747126436,0.004597701149425287,0.0,0.0022988505747126436,0.0,0.0011494252873563218,0.0,0.0011494252873563218,0.0011494252873563218,0.0011494252873563218,0.0,0.0022988505747126436,0.004597701149425287,0.0011494252873563218,0.0,0.0,0.0,0.0,0.01264367816091954,0.009195402298850575,0.0,0.0011494252873563218,0.0011494252873563218,0.0022988505747126436,0.0011494252873563218,0.0,0.0,0.0011494252873563218,0.0,0.0,0.0011494252873563218,0.011494252873563218,0.0,0.005747126436781609,0.0011494252873563218,0.0,0.0022988505747126436,0.0011494252873563218,0.0011494252873563218,0.0,0.0022988505747126436,0.0,0.0,0.0,0.0,0.0034482758620689655,0.0,0.0,0.01839080459770115,0.0022988505747126436,0.0,0.0,0.0022988505747126436,0.0022988505747126436,0.0022988505747126436,0.0,0.0,0.005747126436781609,0.0011494252873563218,0.0,0.008045977011494253,0.0022988505747126436,0.0011494252873563218,0.005747126436781609,0.0011494252873563218,0.0,0.0,0.0011494252873563218,0.0,0.0011494252873563218,0.006896551724137931,0.0011494252873563218,0.0,0.0034482758620689655,0.0,0.0,0.0,0.004597701149425287,0.0011494252873563218,0.0011494252873563218,0.0,0.0,0.0011494252873563218,0.0,0.0,0.0,0.006896551724137931,0.0,0.0,0.0,0.0,0.0,0.0011494252873563218,0.0,0.0034482758620689655,0.0022988505747126436,0.0,0.0022988505747126436,0.0,0.0022988505747126436,0.0022988505747126436,0.0,0.0,0.0,0.0022988505747126436,0.0,0.0,0.0011494252873563218,0.0,0.0,0.0,0.0,0.0034482758620689655,0.0,0.004597701149425287,0.0,0.0,0.0,0.0,0.0,0.0,0.0011494252873563218,0.0,0.0,0.0,0.0,0.0011494252873563218,0.0,0.0011494252873563218,0.0,0.0011494252873563218,0.0,0.0022988505747126436,0.0,0.0011494252873563218,0.0022988505747126436,0.0,0.0,0.005747126436781609,0.0,0.0022988505747126436,0.0,0.0,0.0,0.0,0.0,0.0,0.0,0.0,0.0,0.0022988505747126436,0.0,0.0,0.0,0.004597701149425287,0.0,0.0,0.0,0.0,0.0,0.0,0.0,0.0,0.0,0.0,0.0,0.0,0.0,0.006896551724137931,0.0034482758620689655,0.0011494252873563218,0.0011494252873563218,0.0011494252873563218,0.0011494252873563218,0.0022988505747126436,0.0022988505747126436,0.0011494252873563218,0.0011494252873563218,0.0011494252873563218,0.0011494252873563218,0.0011494252873563218,0.0011494252873563218,0.0034482758620689655,0.0011494252873563218,0.005747126436781609,0.0011494252873563218,0.0011494252873563218,0.0011494252873563218,0.0022988505747126436,0.0022988505747126436,0.0011494252873563218,0.0022988505747126436,0.0011494252873563218,0.0011494252873563218,0.0011494252873563218,0.0011494252873563218,0.0022988505747126436,0.0011494252873563218,0.0011494252873563218,0.0011494252873563218,0.0022988505747126436,0.0011494252873563218,0.0011494252873563218,0.0011494252873563218,0.0011494252873563218,0.0011494252873563218,0.0011494252873563218,0.0011494252873563218,0.0011494252873563218,0.0022988505747126436,0.0022988505747126436,0.0011494252873563218,0.0011494252873563218,0.0011494252873563218,0.0022988505747126436,0.0011494252873563218,0.0011494252873563218,0.0034482758620689655,0.0011494252873563218,0.0011494252873563218,0.0011494252873563218,0.0011494252873563218,0.0011494252873563218,0.0011494252873563218,0.0011494252873563218,0.0022988505747126436,0.0011494252873563218,0.0022988505747126436,0.0022988505747126436,0.0011494252873563218,0.0011494252873563218,0.0034482758620689655,0.0011494252873563218,0.0011494252873563218,0.0022988505747126436,0.0011494252873563218,0.0022988505747126436,0.0011494252873563218,0.0011494252873563218,0.0022988505747126436,0.0011494252873563218,0.0011494252873563218,0.0011494252873563218,0.0022988505747126436,0.0011494252873563218,0.0034482758620689655,0.0034482758620689655,0.0022988505747126436,0.0011494252873563218,0.0011494252873563218,0.0011494252873563218,0.0011494252873563218,0.0011494252873563218,0.0011494252873563218,0.0011494252873563218,0.004597701149425287,0.0011494252873563218,0.0011494252873563218,0.0011494252873563218,0.0011494252873563218,0.0022988505747126436,0.0011494252873563218,0.0011494252873563218,0.0011494252873563218,0.0034482758620689655,0.0011494252873563218,0.0011494252873563218,0.0011494252873563218,0.0011494252873563218,0.0022988505747126436,0.0011494252873563218,0.0022988505747126436,0.0022988505747126436,0.0022988505747126436,0.0011494252873563218,0.0011494252873563218,0.0011494252873563218,0.0011494252873563218,0.0022988505747126436,0.0011494252873563218,0.0034482758620689655,0.0034482758620689655,0.0011494252873563218,0.004597701149425287,0.0011494252873563218,0.0011494252873563218,0.0022988505747126436,0.0022988505747126436,0.0011494252873563218,0.0011494252873563218,0.0011494252873563218,0.0022988505747126436,0.0011494252873563218,0.0022988505747126436,0.0022988505747126436,0.0011494252873563218,0.0011494252873563218,0.0011494252873563218,0.0011494252873563218,0.0011494252873563218,0.0011494252873563218,0.0011494252873563218,0.0011494252873563218,0.0011494252873563218,0.0011494252873563218,0.0011494252873563218,0.0011494252873563218,0.0022988505747126436,0.0011494252873563218,0.0011494252873563218,0.0011494252873563218,0.0011494252873563218,0.0011494252873563218,0.0011494252873563218,0.0011494252873563218,0.0011494252873563218,0.0011494252873563218,0.0011494252873563218,0.0011494252873563218,0.0022988505747126436,0.0011494252873563218,0.0011494252873563218,0.0011494252873563218,0.0011494252873563218,0.0011494252873563218,0.0022988505747126436,0.0011494252873563218,0.0022988505747126436,0.0011494252873563218,0.0011494252873563218,0.0011494252873563218,0.0034482758620689655,0.0011494252873563218,0.0011494252873563218,0.0011494252873563218,0.0011494252873563218,0.0011494252873563218,0.0011494252873563218,0.0011494252873563218,0.0011494252873563218,0.0011494252873563218,0.0011494252873563218,0.0011494252873563218,0.0011494252873563218,0.0034482758620689655,0.0011494252873563218,0.0022988505747126436,0.0011494252873563218,0.0011494252873563218,0.0011494252873563218,0.0011494252873563218,0.0011494252873563218,0.0011494252873563218,0.0011494252873563218,0.0011494252873563218,0.0011494252873563218,0.0011494252873563218,0.0011494252873563218,0.0011494252873563218,0.0011494252873563218,0.0011494252873563218,0.0011494252873563218,0.0011494252873563218,0.0011494252873563218,0.0011494252873563218,0.0,0.0,0.0,0.0,0.0,0.0,0.0,0.0,0.0,0.0,0.0,0.0,0.0,0.0,0.0,0.0,0.0,0.0,0.0,0.0,0.0,0.0,0.0,0.0,0.0,0.0,0.0,0.0,0.0,0.0,0.0,0.0,0.0,0.0,0.0,0.0,0.0,0.0,0.0,0.0,0.0,0.0,0.0,0.0,0.0,0.0,0.0,0.0,0.0,0.0,0.0,0.0,0.0,0.0,0.0,0.0,0.0,0.0,0.0,0.0,0.0,0.0,0.0,0.0,0.0,0.0,0.0,0.0,0.0,0.0,0.0,0.0,0.0,0.0,0.0,0.0,0.0,0.0,0.0,0.0,0.0,0.0,0.0,0.0,0.0,0.0,0.0,0.0,0.0,0.2713986620739205,0.0,0.0,0.0,0.0,0.0,0.0,0.0,0.0,0.0,0.0,0.0,0.0,0.0,0.0,0.0,0.0,0.0,0.0,0.0,0.0,0.0,0.0,0.0,0.0,0.0,0.21936224225968673,0.0,0.0,0.0,0.0,0.0,0.0,0.0,0.0,0.0,0.0,0.0,0.0,0.0,0.0,0.0,0.0,0.0,0.30662444754880647,0.0,0.0,0.0,0.0,0.0,0.0,0.0,0.0,0.0,0.0,0.0,0.0,0.0,0.0,0.0,0.35025555019336635,0.0,0.0,0.0,0.0,0.0,0.0,0.0,0.0,0.0,0.0,0.0,0.0,0.0,0.0,0.0,0.0,0.0,0.0,0.0,0.0,0.0,0.0,0.0,0.0,0.0,0.0,0.0,0.0,0.0,0.0,0.0,0.0,0.0,0.0,0.0,0.0,0.0,0.0,0.0,0.0,0.0,0.0,0.0,0.0,0.0,0.0,0.0,0.0,0.0,0.0,0.0,0.0,0.0,0.0,0.0,0.0,0.0,0.0,0.0,0.0,0.0,0.0,0.0,0.0,0.0,0.0,0.0,0.0,0.0,0.0,0.0,0.0,0.0,0.0,0.0,0.0,0.0,0.0,0.0,0.0,0.0,0.0,0.0,0.0,0.0,0.0,0.0,0.0,0.0,0.0,0.0,0.0,0.0,0.0,0.0,0.0,0.0,0.0,0.0,0.30662444754880647,0.0,0.35025555019336635,0.0,0.0,0.0,0.0,0.0,0.0,0.0,0.0,0.0,0.0,0.0,0.0,0.0,0.0,0.0,0.0,0.0,0.0,0.0,0.0,0.0,0.0,0.0,0.0,0.0,0.0,0.0,0.0,0.0,0.0,0.0,0.0,0.0,0.0,0.0,0.0,0.0,0.0,0.0,0.0,0.0,0.0,0.0,0.0,0.0,0.0,0.0,0.0,0.0,0.0,0.0,0.0,0.0,0.0,0.0,0.0,0.0,0.0,0.0,0.0,0.0,0.0,0.0,0.0,0.0,0.0,0.0,0.0,0.0,0.0,0.0,0.0,0.0,0.0,0.0,0.0,0.0,0.0,0.0,0.0,0.0,0.0,0.0,0.0,0.0,0.0,0.0,0.0,0.0,0.0,0.0,0.0,0.0,0.0,0.0,0.0,0.0,0.0,0.0,0.0,0.0,0.0,0.0,0.0,0.0,0.0,0.0,0.0,0.0,0.0,0.0,0.0,0.0,0.0,0.0,0.0,0.0,0.0,0.0,0.0,0.0,0.0,0.0,0.0,0.0,0.0,0.0,0.0,0.0,0.0,0.0,0.0,0.0,0.0,0.0,0.0,0.0,0.0,0.0,0.0,0.0,0.0,0.0,0.0,0.0,0.0,0.0,0.0,0.0,0.0,0.0,0.0,0.0,0.0,0.0,0.0,0.0,0.0,0.0,0.0,0.0,0.0,0.0,0.0,0.0,0.0,0.0,0.0,0.0,0.0,0.0,0.0,0.0,0.0,0.0,0.0,0.0,0.0,0.0,0.0,0.0,0.0,0.0,0.0,0.0,0.0,0.0,0.0,0.0,0.0,0.0,0.0,0.0,0.0,0.0,0.0,0.0,0.0,0.0,0.0,0.0,0.0,0.0,0.0,0.0,0.0,0.0,0.0,0.0,0.0,0.0,0.0,0.0,0.0,0.0,0.0,0.0,0.0,0.0,0.0,0.0,0.0,0.0,0.0,0.0,0.0,0.0,0.0,0.0,0.0,0.0,0.0,0.0,0.0,0.0,0.0,0.0,0.0,0.0,0.0,0.0,0.0,0.0,0.0,0.0,0.0,0.0,0.0,0.0,0.0,0.0,0.0,0.0,0.0,0.0,0.0,0.0,0.0,0.0,0.0,0.0,0.0,0.0,0.0,0.0,0.0,0.0,0.0,0.0,0.0,0.0,0.0,0.0,0.0,0.0,0.0,0.0,0.0,0.0,0.0,0.0,0.0,0.0,0.0,0.0,0.0,0.0,0.0,0.0,0.0,0.0,0.0,0.0,0.0,0.0,0.0,0.0,0.0,0.0,0.0,0.0,0.0,0.0,0.0,0.0,0.0,0.0,0.0,0.0,0.0,0.0,0.0,0.0,0.0,0.0,0.0,0.0,0.0,0.0,0.0,0.0,0.0,0.0,0.0,0.0,0.0,0.0,0.0,0.0,0.0,0.0,0.0,0.0,0.0,0.0,0.0,0.0,0.0,0.0,0.0,0.0,0.0,0.35025555019336635,0.0,0.0,0.0,0.0,0.32473299128118316,0.0,0.0,0.0,0.0,0.0,0.0,0.0,0.0,0.0,0.0,0.0,0.0,0.0,0.0,0.0,0.0,0.0,0.0,0.0,0.0,0.0,0.0,0.0,0.0,0.0,0.0,0.0,0.0,0.0,0.0,0.0,0.0,0.0,0.0,0.0,0.0,0.0,0.0,0.0,0.0,0.0,0.0,0.0,0.0,0.0,0.0,0.0,0.0,0.0,0.0,0.0,0.0,0.0,0.0,0.0,0.0,0.0,0.0,0.0,0.0,0.0,0.0,0.0,0.0,0.0,0.0,0.0,0.0,0.0,0.0,0.0,0.0,0.0,0.0,0.0,0.0,0.0,0.0,0.30662444754880647,0.0,0.35025555019336635,0.0,0.0,0.0,0.0,0.0,0.0,0.0,0.0,0.0,0.0,0.0,0.0,0.0,0.0,0.0,0.0,0.0,0.0,0.0,0.0,0.0,0.0,0.0,0.0,0.0,0.0,0.0,0.0,0.0,0.0,0.0,0.0,0.0,0.0,0.0,0.0,0.0,0.0,0.0,0.0,0.0,0.0,0.0,0.0,0.0,0.0
SD2401268,20대,음 근데 우리집이 꼭대기 층이라 그런지 좀 괜찮은 거 같은데. 층간 소음은 없는데 벽간 소음이 쪼금 있는 거 같아. 방이 그 방음이 잘 안 돼서 옆 문 그 첫 입구 문에만 서도 옆의 방이 뭐 유튜브 뭐 듣고 있는지 무슨 대화하고 있는지가 너무 잘 들려서 쪼끔 부담스럽긴 해. 근데 위에는 아무도 사람이 안 사니까 내가 살기에는 어 소음이 없어서 되게 좋은 거 같아. 그거 말고도 본가 살 때는 위층이 아빠 지인이 살았었는데 그래서 막 소음이 나도 뭐라 하기가 좀 그랬던 경험이 있어. 너는 지금 몇 층 정도에 살아? 층간 소음은 없어? 음 그 학 학교 들어오고 나서부터 2년 동안 여기 살고 올해 새로 계약해서 똑같은 데 연장해서 거기서 살고 있어. 아마 내년에는 교환 학생을 가서 없으니까 오빠가 혼자 살 거 같아 지금 같이 살고 있으니까. 그리고 사실 나는 올해 딱 계약 연장할 때쯤에 새로 구해서 따로따로 살고 싶었는데 아무래도 서울 뭐 월세가 비싸다 보니까 그냥 한집에서 해서 전세로 사는 게 낫겠다 싶어서 같이 살고 있는데. 어 아무래도 생활 패턴이나 그런 집안일 하는 거가 좀 안 맞아서 좀 그게 제일 힘들어서 따로 살고 싶었던 거 같아. 뭐 혼자 늦게 자고 그런 건 상관없는데 오빠가 게임을 하니까 늦게까지 게임하는 소리 계속 들려 오 들려 오고 하니까 나 자는 데 방에 돼서 그랬던 거 같아. 너는 그런 적은 없어? 어 중3 때까지 1곳에서 살았고 그 주 중3 이후에 약간 신도시 분양 그런 청약 담 당첨 돼 가지고 1번 이사를 갔었어. 근데 그 중3 때까지 계속 같은 지역에 살다 보니까 거기 유치원 초등학교 중학교 나오고 고등학교도 그쪽을 가려고 했는데 이사를 가게 돼서 혼자 떨어진 곳을 가니까 친구들이랑도 멀어지고 그러 그 뭐 원래 놀던 데에서도 못 놀고 이런 게 쪼끔 아쉽고 힘들긴 하더라고. 근데 집이 넓어서 되게 좋았던 거 같아. 나는 이사를 많이 안 해 봐서 막 해 보고 싶었다 이런 게 좀 컸었는데 주변에 이사 많이 다니는 사람은 안 그렇더라고. 이사를 그만 다니고 싶다 그러더라. 혹시 너도 그런 편이야? 음 나는 이사 간 다음에 우 이 이사 간 아파트 앞에 막 전원주택 같은 게 있는 거야. 그래서 나중에 이 또 이사를 가게 된다면은 저런 데에서 살고 싶다. 저런 데에서 마당에서 막 식물 키우고 동물 키우고 막 나만의 정원을 가꾸면서 2층 바 다락방에서 살고 싶다 막 이런 생각을 했었는데. 근데 막상 거기에 살면은 관리하는 게 되게 힘들어 보이더라고. 할머니 집도 그런 전원주택인데 조금만 뭘 관리를 안 해 줘도 잡초 자라고 먼지가 끼고 더러워지고 막 그런 게 많아서 관리가 힘들다고 하더라고. 근데 그럼에도 한 약간 한번쯤은 전원주택에 살고 싶다 이런 생각이 있는데. 너는 그런 어디에 살고 싶다 이런 로망 같은 게 있어? 어 전자레인지랑 냉장고 세탁기 이 이 정도는 원래 있었던 거 같고. 밥솥이랑 응 어 그 오븐 같은 거 뭐라고 하지. 그 아 에어프라이어는 사 왔고. 최근에 여름 되니까 벌레가 너무 많이 생기잖아. 특히 음식물에 벌레가 많이 생기는데 그래서 버리기가 너무 힘들어서 미생물로 분해해 주는 기계 그런 게 있더라고. 오빠가 인스타그램에서 찾아와서 막 우 이거 쓰자 막 그러면서 찾아왔던 기억이 있어. 그래서 그거를 지금 살까 고민 중에 있어. 그게 음식물 쓰레기를 넣으면은 미생물들이 분해를 해서 흙으로 바로 만들어 준대. 근데 그게 하루 만에 다 만들어 주고 냄새도 안 나서 좋다고 하더라고. 너는 혹시 집안일 같은 거는 어떻게 하는 편이야? 어 가끔 아니 자주 좀 싸운 싸우진 않고 이런 거에 대해 짜증을 내는 거 같긴 한데 내 방이 쓰레기 그 분리수거 하는 데 바로 앞에 있단 말이야. 그래서 오빠는 좀 멀어서 쓰레기 같은 걸 거기 내면 그만인데 나는 내고 나서 그게 분리수거가 잘 안 되어 있거나 막 더러운 게 섞여 있거나 하면은 냄새가 바로 내 방으로 들어온단 말이야. 그거 때문에 오빠한테 뭐라 한 적도 많았던 거 같고. 약간 분담 같은 게 예전에는 막 뭐 냉장고 청소 네가 1번 하면 내가 화장실 청소 1번 하고 이런 식으로 번갈아서 하자라고 말은 했는데 어느 순간 보니까 내가 다 하고 있더라고. 그래서 그거에 대해서 쌓아 놨다가 화내기 직전에 딱 말하면은 오빠가 또 눈치는 빨라 가지고 그제서야 부랴부랴 치우고 막 이래서 어 싸우지는 않았던 거 같아. 근데 자취를 하니까 확실히 본가 살 때는 엄마가 다 해 주고 그러는데 내가 다 해야 되니까 그게 힘든 거 같긴 해. 너는 자취하고 싶다는 생각은 없어? 아 나 처음에 집 들어올 때 막 냉장고랑 기본 가구에 막 여 연두색 띠가 막 둘러져 있는 거야. 기본 색깔로 막 있는 거야. 그래서 그걸 보고 아 진짜 별로다. 여기 살기 싫다 했었는데 막상 들어가 보니까 그런 거 별로 티도 안 나고 깔끔해 보이고 좋더라고. 그래서 그렇게 쓰고 있고. 뭔가 인테리어 아 그 자취하면 내 방식대로 바 집을 꾸미고 막 이렇게 써야지라는 생각은 있었는데 막상 있으니까 짐을 그 넣을 짐도 너무 많고 근데 그거에 비해 공간은 안 나오고 하니까 인테리어라고 할 것도 없이 그냥 짐을 넣어 놓은 거 같아. 내 방이 너무 작아서 옷장 같은 게 들어갈 공간이 안 나서 거실에다가 행거 설치해서 바로 옷 놓아두고. 그래서 뭔가 꾸미기도 애매하고 그랬던 거 같아. 너는 집 인테리어 어떤 편이야? 서울에서 살 수 있으면 좋을 거 같은데. 왜냐하면 여가 생활 같은 것도 훨씬 더 많이 할 수 있고 이제 거의 내 친구들이나 생활 반경이 서울에 중심에 맞춰져 있다 보니까 서울에서 생활하는 게 편하긴 한데 가끔씩 여기가 사람이 너무 많아서 내려가고 싶다라는 생각이 들긴 해. 근데 직장을 얻고 뭔가 더 발전을 하려면은 서울에서 사는 게 맞는 거 같아. 나는 그 본가 살 때는 지하에 헬스장이 있어서 그거를 썼단 말이야. 근데 자취를 하니까 그런 여가 시설 시 그 아무튼 시설들이 없어서 막 주변에서 주변 다른 헬스장을 등록해 놨단 말이야. 근데 너는 지금 어쨌든 본가에 살잖아. 큰 아파트에 사는데 그러면 거기에 막 여가 시설 같은 게 와 잘 마련되어 있어?,0.005747126436781609,0.017241379310344827,0.004597701149425287,0.0,0.005747126436781609,0.0034482758620689655,0.005747126436781609,0.008045977011494253,0.01839080459770115,0.029885057471264367,0.004597701149425287,0.027586206896551724,0.0,0.008045977011494253,0.0022988505747126436,0.0,0.0034482758620689655,0.0011494252873563218,0.03218390804597701,0.013793103448275862,0.0,0.0,0.0,0.0022988505747126436,0.0,0.004597701149425287,0.021839080459770115,0.0,0.0034482758620689655,0.0034482758620689655,0.04367816091954023,0.0,0.006896551724137931,0.0,0.004597701149425287,0.009195402298850575,0.0,0.0,0.011494252873563218,0.0011494252873563218,0.0,0.0022988505747126436,0.0,0.0,0.034482758620689655,0.004597701149425287,0.013793103448275862,0.0022988505747126436,0.004597701149425287,0.0367816091954023,0.009195402298850575,0.0011494252873563218,0.0,0.0022988505747126436,0.0,0.0011494252873563218,0.0011494252873563218,0.0022988505747126436,0.0,0.006896551724137931,0.0,0.0,0.0,0.0011494252873563218,0.006896551724137931,0.0022988505747126436,0.0022988505747126436,0.0011494252873563218,0.0011494252873563218,0.0,0.0,0.0,0.0022988505747126436,0.0,0.0,0.005747126436781609,0.0022988505747126436,0.0,0.006896551724137931,0.010344827586206896,0.0011494252873563218,0.0,0.0,0.0,0.0,0.004597701149425287,0.0034482758620689655,0.0,0.0022988505747126436,0.004597701149425287,0.0,0.0022988505747126436,0.0,0.0011494252873563218,0.0,0.0011494252873563218,0.0011494252873563218,0.0011494252873563218,0.0,0.0022988505747126436,0.004597701149425287,0.0011494252873563218,0.0,0.0,0.0,0.0,0.01264367816091954,0.009195402298850575,0.0,0.0011494252873563218,0.0011494252873563218,0.0022988505747126436,0.0011494252873563218,0.0,0.0,0.0011494252873563218,0.0,0.0,0.0011494252873563218,0.011494252873563218,0.0,0.005747126436781609,0.0011494252873563218,0.0,0.0022988505747126436,0.0011494252873563218,0.0011494252873563218,0.0,0.0022988505747126436,0.0,0.0,0.0,0.0,0.0034482758620689655,0.0,0.0,0.01839080459770115,0.0022988505747126436,0.0,0.0,0.0022988505747126436,0.0022988505747126436,0.0022988505747126436,0.0,0.0,0.005747126436781609,0.0011494252873563218,0.0,0.008045977011494253,0.0022988505747126436,0.0011494252873563218,0.005747126436781609,0.0011494252873563218,0.0,0.0,0.0011494252873563218,0.0,0.0011494252873563218,0.006896551724137931,0.0011494252873563218,0.0,0.0034482758620689655,0.0,0.0,0.0,0.004597701149425287,0.0011494252873563218,0.0011494252873563218,0.0,0.0,0.0011494252873563218,0.0,0.0,0.0,0.006896551724137931,0.0,0.0,0.0,0.0,0.0,0.0011494252873563218,0.0,0.0034482758620689655,0.0022988505747126436,0.0,0.0022988505747126436,0.0,0.0022988505747126436,0.0022988505747126436,0.0,0.0,0.0,0.0022988505747126436,0.0,0.0,0.0011494252873563218,0.0,0.0,0.0,0.0,0.0034482758620689655,0.0,0.004597701149425287,0.0,0.0,0.0,0.0,0.0,0.0,0.0011494252873563218,0.0,0.0,0.0,0.0,0.0011494252873563218,0.0,0.0011494252873563218,0.0,0.0011494252873563218,0.0,0.0022988505747126436,0.0,0.0011494252873563218,0.0022988505747126436,0.0,0.0,0.005747126436781609,0.0,0.0022988505747126436,0.0,0.0,0.0,0.0,0.0,0.0,0.0,0.0,0.0,0.0022988505747126436,0.0,0.0,0.0,0.004597701149425287,0.0,0.0,0.0,0.0,0.0,0.0,0.0,0.0,0.0,0.0,0.0,0.0,0.0,0.006896551724137931,0.0034482758620689655,0.0011494252873563218,0.0011494252873563218,0.0011494252873563218,0.0011494252873563218,0.0022988505747126436,0.0022988505747126436,0.0011494252873563218,0.0011494252873563218,0.0011494252873563218,0.0011494252873563218,0.0011494252873563218,0.0011494252873563218,0.0034482758620689655,0.0011494252873563218,0.005747126436781609,0.0011494252873563218,0.0011494252873563218,0.0011494252873563218,0.0022988505747126436,0.0022988505747126436,0.0011494252873563218,0.0022988505747126436,0.0011494252873563218,0.0011494252873563218,0.0011494252873563218,0.0011494252873563218,0.0022988505747126436,0.0011494252873563218,0.0011494252873563218,0.0011494252873563218,0.0022988505747126436,0.0011494252873563218,0.0011494252873563218,0.0011494252873563218,0.0011494252873563218,0.0011494252873563218,0.0011494252873563218,0.0011494252873563218,0.0011494252873563218,0.0022988505747126436,0.0022988505747126436,0.0011494252873563218,0.0011494252873563218,0.0011494252873563218,0.0022988505747126436,0.0011494252873563218,0.0011494252873563218,0.0034482758620689655,0.0011494252873563218,0.0011494252873563218,0.0011494252873563218,0.0011494252873563218,0.0011494252873563218,0.0011494252873563218,0.0011494252873563218,0.0022988505747126436,0.0011494252873563218,0.0022988505747126436,0.0022988505747126436,0.0011494252873563218,0.0011494252873563218,0.0034482758620689655,0.0011494252873563218,0.0011494252873563218,0.0022988505747126436,0.0011494252873563218,0.0022988505747126436,0.0011494252873563218,0.0011494252873563218,0.0022988505747126436,0.0011494252873563218,0.0011494252873563218,0.0011494252873563218,0.0022988505747126436,0.0011494252873563218,0.0034482758620689655,0.0034482758620689655,0.0022988505747126436,0.0011494252873563218,0.0011494252873563218,0.0011494252873563218,0.0011494252873563218,0.0011494252873563218,0.0011494252873563218,0.0011494252873563218,0.004597701149425287,0.0011494252873563218,0.0011494252873563218,0.0011494252873563218,0.0011494252873563218,0.0022988505747126436,0.0011494252873563218,0.0011494252873563218,0.0011494252873563218,0.0034482758620689655,0.0011494252873563218,0.0011494252873563218,0.0011494252873563218,0.0011494252873563218,0.0022988505747126436,0.0011494252873563218,0.0022988505747126436,0.0022988505747126436,0.0022988505747126436,0.0011494252873563218,0.0011494252873563218,0.0011494252873563218,0.0011494252873563218,0.0022988505747126436,0.0011494252873563218,0.0034482758620689655,0.0034482758620689655,0.0011494252873563218,0.004597701149425287,0.0011494252873563218,0.0011494252873563218,0.0022988505747126436,0.0022988505747126436,0.0011494252873563218,0.0011494252873563218,0.0011494252873563218,0.0022988505747126436,0.0011494252873563218,0.0022988505747126436,0.0022988505747126436,0.0011494252873563218,0.0011494252873563218,0.0011494252873563218,0.0011494252873563218,0.0011494252873563218,0.0011494252873563218,0.0011494252873563218,0.0011494252873563218,0.0011494252873563218,0.0011494252873563218,0.0011494252873563218,0.0011494252873563218,0.0022988505747126436,0.0011494252873563218,0.0011494252873563218,0.0011494252873563218,0.0011494252873563218,0.0011494252873563218,0.0011494252873563218,0.0011494252873563218,0.0011494252873563218,0.0011494252873563218,0.0011494252873563218,0.0011494252873563218,0.0022988505747126436,0.0011494252873563218,0.0011494252873563218,0.0011494252873563218,0.0011494252873563218,0.0011494252873563218,0.0022988505747126436,0.0011494252873563218,0.0022988505747126436,0.0011494252873563218,0.0011494252873563218,0.0011494252873563218,0.0034482758620689655,0.0011494252873563218,0.0011494252873563218,0.0011494252873563218,0.0011494252873563218,0.0011494252873563218,0.0011494252873563218,0.0011494252873563218,0.0011494252873563218,0.0011494252873563218,0.0011494252873563218,0.0011494252873563218,0.0011494252873563218,0.0034482758620689655,0.0011494252873563218,0.0022988505747126436,0.0011494252873563218,0.0011494252873563218,0.0011494252873563218,0.0011494252873563218,0.0011494252873563218,0.0011494252873563218,0.0011494252873563218,0.0011494252873563218,0.0011494252873563218,0.0011494252873563218,0.0011494252873563218,0.0011494252873563218,0.0011494252873563218,0.0011494252873563218,0.0011494252873563218,0.0011494252873563218,0.0011494252873563218,0.0011494252873563218,0.0,0.0,0.0,0.0,0.0,0.0,0.0,0.0,0.0,0.0,0.0,0.0,0.0,0.0,0.0,0.0,0.0,0.0,0.0,0.0,0.0,0.0,0.0,0.0,0.0,0.0,0.0,0.0,0.0,0.0,0.0,0.0,0.0,0.0,0.0,0.0,0.0,0.0,0.0,0.0,0.2743067804397583,0.0,0.0,0.0,0.0,0.0,0.0,0.0,0.0,0.0,0.3692763149500142,0.0,0.0,0.0,0.0,0.0,0.0,0.0,0.0,0.0,0.0,0.0,0.0,0.0,0.0,0.0,0.0,0.0,0.0,0.0,0.0,0.0,0.0,0.0,0.0,0.0,0.0,0.0,0.0,0.0,0.0,0.0,0.0,0.0,0.0,0.0,0.0,0.0,0.0,0.0,0.0,0.0,0.0,0.0,0.0,0.0,0.0,0.0,0.0,0.0,0.0,0.0,0.0,0.0,0.0,0.0,0.0,0.0,0.0,0.0,0.0,0.0,0.0,0.0,0.0,0.0,0.0,0.0,0.0,0.0,0.0,0.0,0.0,0.0,0.0,0.0,0.0,0.0,0.0,0.0,0.0,0.0,0.0,0.0,0.0,0.0,0.0,0.0,0.0,0.0,0.0,0.0,0.0,0.0,0.0,0.0,0.0,0.0,0.0,0.0,0.0,0.0,0.2925888089267142,0.0,0.0,0.0,0.0,0.0,0.0,0.0,0.0,0.0,0.0,0.0,0.0,0.0,0.0,0.0,0.0,0.0,0.0,0.0,0.0,0.0,0.0,0.0,0.0,0.0,0.0,0.0,0.0,0.0,0.0,0.0,0.0,0.0,0.0,0.0,0.0,0.0,0.0,0.0,0.0,0.0,0.0,0.0,0.0,0.0,0.0,0.0,0.0,0.0,0.0,0.0,0.0,0.0,0.0,0.0,0.0,0.0,0.0,0.0,0.0,0.0,0.0,0.0,0.0,0.0,0.0,0.0,0.0,0.0,0.0,0.0,0.0,0.0,0.0,0.0,0.0,0.0,0.0,0.0,0.0,0.0,0.0,0.0,0.0,0.0,0.0,0.0,0.0,0.0,0.0,0.0,0.0,0.0,0.0,0.0,0.0,0.0,0.0,0.0,0.0,0.0,0.0,0.0,0.0,0.0,0.0,0.0,0.0,0.0,0.0,0.0,0.0,0.0,0.0,0.0,0.0,0.0,0.0,0.0,0.0,0.0,0.0,0.0,0.0,0.0,0.0,0.0,0.0,0.0,0.0,0.0,0.0,0.0,0.0,0.0,0.0,0.0,0.0,0.0,0.0,0.0,0.0,0.0,0.0,0.0,0.0,0.0,0.0,0.0,0.0,0.0,0.0,0.0,0.0,0.0,0.0,0.0,0.0,0.0,0.0,0.0,0.0,0.0,0.0,0.0,0.0,0.0,0.0,0.0,0.0,0.0,0.0,0.0,0.0,0.0,0.0,0.0,0.0,0.0,0.0,0.0,0.0,0.0,0.0,0.0,0.0,0.0,0.0,0.0,0.0,0.0,0.0,0.0,0.0,0.0,0.0,0.0,0.0,0.0,0.0,0.0,0.0,0.0,0.0,0.0,0.0,0.0,0.0,0.0,0.0,0.0,0.0,0.0,0.0,0.0,0.0,0.0,0.0,0.0,0.0,0.0,0.0,0.0,0.0,0.0,0.0,0.0,0.0,0.0,0.0,0.0,0.0,0.0,0.0,0.0,0.0,0.0,0.0,0.0,0.0,0.0,0.0,0.0,0.0,0.0,0.0,0.0,0.0,0.0,0.0,0.0,0.0,0.0,0.0,0.0,0.0,0.0,0.0,0.0,0.0,0.0,0.0,0.0,0.0,0.0,0.0,0.0,0.0,0.0,0.0,0.0,0.0,0.0,0.0,0.0,0.0,0.0,0.0,0.0,0.0,0.0,0.0,0.0,0.0,0.0,0.0,0.0,0.0,0.0,0.0,0.0,0.0,0.0,0.0,0.0,0.0,0.3910849357304522,0.0,0.0,0.0,0.0,0.0,0.0,0.0,0.0,0.0,0.0,0.0,0.0,0.0,0.0,0.0,0.0,0.0,0.0,0.0,0.0,0.0,0.0,0.0,0.0,0.0,0.0,0.0,0.0,0.0,0.0,0.0,0.0,0.0,0.0,0.0,0.0,0.0,0.0,0.0,0.0,0.0,0.0,0.0,0.0,0.0,0.0,0.0,0.0,0.0,0.0,0.0,0.0,0.0,0.0,0.0,0.0,0.0,0.0,0.0,0.0,0.0,0.0,0.0,0.0,0.0,0.0,0.0,0.0,0.0,0.0,0.0,0.0,0.0,0.0,0.0,0.0,0.0,0.0,0.0,0.0,0.0,0.0,0.0,0.0,0.0,0.0,0.0,0.0,0.0,0.0,0.0,0.0,0.0,0.0,0.0,0.0,0.0,0.0,0.0,0.0,0.0,0.0,0.0,0.0,0.0,0.0,0.0,0.0,0.0,0.0,0.0,0.0,0.0,0.0,0.0,0.0,0.0,0.0,0.0,0.0,0.0,0.0,0.0,0.0,0.0,0.0,0.0,0.0,0.0,0.0,0.0,0.0,0.0,0.0,0.0,0.0,0.0,0.0,0.0,0.0,0.0,0.0,0.0,0.0,0.0,0.0,0.0,0.0,0.0,0.0,0.0,0.0,0.0,0.0,0.0,0.0,0.0,0.0,0.0,0.0,0.0,0.0,0.0,0.0,0.0,0.0,0.0,0.0,0.0,0.0,0.0,0.0,0.0,0.0,0.0,0.0,0.3910849357304522,0.0,0.0,0.0,0.0,0.0,0.0,0.0,0.0,0.0,0.0,0.0,0.0,0.0,0.0,0.0,0.0,0.0,0.0,0.0,0.0,0.0,0.0,0.0,0.0,0.0,0.0,0.0,0.0,0.0,0.0,0.0,0.0,0.0,0.0,0.0,0.0,0.0,0.0,0.0,0.0,0.0,0.0,0.3692763149500142,0.0,0.0,0.0,0.0,0.0,0.35236023447013826,0.0,0.0,0.0,0.0,0.0,0.0,0.0,0.0,0.0,0.0,0.0,0.0,0.0,0.0,0.0,0.0,0.0,0.0,0.0,0.0,0.0,0.0,0.0,0.0,0.0,0.0,0.0,0.0,0.0,0.0,0.0,0.0,0.0,0.0,0.0,0.3692763149500142,0.0,0.0,0.0,0.0,0.0,0.0,0.0,0.0,0.0,0.0,0.0,0.0,0.0,0.0,0.0
SD2401268,20대,음 근데 우리집이 꼭대기 층이라 그런지 좀 괜찮은 거 같은데. 층간 소음은 없는데 벽간 소음이 쪼금 있는 거 같아. 방이 그 방음이 잘 안 돼서 옆 문 그 첫 입구 문에만 서도 옆의 방이 뭐 유튜브 뭐 듣고 있는지 무슨 대화하고 있는지가 너무 잘 들려서 쪼끔 부담스럽긴 해. 근데 위에는 아무도 사람이 안 사니까 내가 살기에는 어 소음이 없어서 되게 좋은 거 같아. 그거 말고도 본가 살 때는 위층이 아빠 지인이 살았었는데 그래서 막 소음이 나도 뭐라 하기가 좀 그랬던 경험이 있어. 너는 지금 몇 층 정도에 살아? 층간 소음은 없어? 음 그 학 학교 들어오고 나서부터 2년 동안 여기 살고 올해 새로 계약해서 똑같은 데 연장해서 거기서 살고 있어. 아마 내년에는 교환 학생을 가서 없으니까 오빠가 혼자 살 거 같아 지금 같이 살고 있으니까. 그리고 사실 나는 올해 딱 계약 연장할 때쯤에 새로 구해서 따로따로 살고 싶었는데 아무래도 서울 뭐 월세가 비싸다 보니까 그냥 한집에서 해서 전세로 사는 게 낫겠다 싶어서 같이 살고 있는데. 어 아무래도 생활 패턴이나 그런 집안일 하는 거가 좀 안 맞아서 좀 그게 제일 힘들어서 따로 살고 싶었던 거 같아. 뭐 혼자 늦게 자고 그런 건 상관없는데 오빠가 게임을 하니까 늦게까지 게임하는 소리 계속 들려 오 들려 오고 하니까 나 자는 데 방에 돼서 그랬던 거 같아. 너는 그런 적은 없어? 어 중3 때까지 1곳에서 살았고 그 주 중3 이후에 약간 신도시 분양 그런 청약 담 당첨 돼 가지고 1번 이사를 갔었어. 근데 그 중3 때까지 계속 같은 지역에 살다 보니까 거기 유치원 초등학교 중학교 나오고 고등학교도 그쪽을 가려고 했는데 이사를 가게 돼서 혼자 떨어진 곳을 가니까 친구들이랑도 멀어지고 그러 그 뭐 원래 놀던 데에서도 못 놀고 이런 게 쪼끔 아쉽고 힘들긴 하더라고. 근데 집이 넓어서 되게 좋았던 거 같아. 나는 이사를 많이 안 해 봐서 막 해 보고 싶었다 이런 게 좀 컸었는데 주변에 이사 많이 다니는 사람은 안 그렇더라고. 이사를 그만 다니고 싶다 그러더라. 혹시 너도 그런 편이야? 음 나는 이사 간 다음에 우 이 이사 간 아파트 앞에 막 전원주택 같은 게 있는 거야. 그래서 나중에 이 또 이사를 가게 된다면은 저런 데에서 살고 싶다. 저런 데에서 마당에서 막 식물 키우고 동물 키우고 막 나만의 정원을 가꾸면서 2층 바 다락방에서 살고 싶다 막 이런 생각을 했었는데. 근데 막상 거기에 살면은 관리하는 게 되게 힘들어 보이더라고. 할머니 집도 그런 전원주택인데 조금만 뭘 관리를 안 해 줘도 잡초 자라고 먼지가 끼고 더러워지고 막 그런 게 많아서 관리가 힘들다고 하더라고. 근데 그럼에도 한 약간 한번쯤은 전원주택에 살고 싶다 이런 생각이 있는데. 너는 그런 어디에 살고 싶다 이런 로망 같은 게 있어? 어 전자레인지랑 냉장고 세탁기 이 이 정도는 원래 있었던 거 같고. 밥솥이랑 응 어 그 오븐 같은 거 뭐라고 하지. 그 아 에어프라이어는 사 왔고. 최근에 여름 되니까 벌레가 너무 많이 생기잖아. 특히 음식물에 벌레가 많이 생기는데 그래서 버리기가 너무 힘들어서 미생물로 분해해 주는 기계 그런 게 있더라고. 오빠가 인스타그램에서 찾아와서 막 우 이거 쓰자 막 그러면서 찾아왔던 기억이 있어. 그래서 그거를 지금 살까 고민 중에 있어. 그게 음식물 쓰레기를 넣으면은 미생물들이 분해를 해서 흙으로 바로 만들어 준대. 근데 그게 하루 만에 다 만들어 주고 냄새도 안 나서 좋다고 하더라고. 너는 혹시 집안일 같은 거는 어떻게 하는 편이야? 어 가끔 아니 자주 좀 싸운 싸우진 않고 이런 거에 대해 짜증을 내는 거 같긴 한데 내 방이 쓰레기 그 분리수거 하는 데 바로 앞에 있단 말이야. 그래서 오빠는 좀 멀어서 쓰레기 같은 걸 거기 내면 그만인데 나는 내고 나서 그게 분리수거가 잘 안 되어 있거나 막 더러운 게 섞여 있거나 하면은 냄새가 바로 내 방으로 들어온단 말이야. 그거 때문에 오빠한테 뭐라 한 적도 많았던 거 같고. 약간 분담 같은 게 예전에는 막 뭐 냉장고 청소 네가 1번 하면 내가 화장실 청소 1번 하고 이런 식으로 번갈아서 하자라고 말은 했는데 어느 순간 보니까 내가 다 하고 있더라고. 그래서 그거에 대해서 쌓아 놨다가 화내기 직전에 딱 말하면은 오빠가 또 눈치는 빨라 가지고 그제서야 부랴부랴 치우고 막 이래서 어 싸우지는 않았던 거 같아. 근데 자취를 하니까 확실히 본가 살 때는 엄마가 다 해 주고 그러는데 내가 다 해야 되니까 그게 힘든 거 같긴 해. 너는 자취하고 싶다는 생각은 없어? 아 나 처음에 집 들어올 때 막 냉장고랑 기본 가구에 막 여 연두색 띠가 막 둘러져 있는 거야. 기본 색깔로 막 있는 거야. 그래서 그걸 보고 아 진짜 별로다. 여기 살기 싫다 했었는데 막상 들어가 보니까 그런 거 별로 티도 안 나고 깔끔해 보이고 좋더라고. 그래서 그렇게 쓰고 있고. 뭔가 인테리어 아 그 자취하면 내 방식대로 바 집을 꾸미고 막 이렇게 써야지라는 생각은 있었는데 막상 있으니까 짐을 그 넣을 짐도 너무 많고 근데 그거에 비해 공간은 안 나오고 하니까 인테리어라고 할 것도 없이 그냥 짐을 넣어 놓은 거 같아. 내 방이 너무 작아서 옷장 같은 게 들어갈 공간이 안 나서 거실에다가 행거 설치해서 바로 옷 놓아두고. 그래서 뭔가 꾸미기도 애매하고 그랬던 거 같아. 너는 집 인테리어 어떤 편이야? 서울에서 살 수 있으면 좋을 거 같은데. 왜냐하면 여가 생활 같은 것도 훨씬 더 많이 할 수 있고 이제 거의 내 친구들이나 생활 반경이 서울에 중심에 맞춰져 있다 보니까 서울에서 생활하는 게 편하긴 한데 가끔씩 여기가 사람이 너무 많아서 내려가고 싶다라는 생각이 들긴 해. 근데 직장을 얻고 뭔가 더 발전을 하려면은 서울에서 사는 게 맞는 거 같아. 나는 그 본가 살 때는 지하에 헬스장이 있어서 그거를 썼단 말이야. 근데 자취를 하니까 그런 여가 시설 시 그 아무튼 시설들이 없어서 막 주변에서 주변 다른 헬스장을 등록해 놨단 말이야. 근데 너는 지금 어쨌든 본가에 살잖아. 큰 아파트에 사는데 그러면 거기에 막 여가 시설 같은 게 와 잘 마련되어 있어?,0.005747126436781609,0.017241379310344827,0.004597701149425287,0.0,0.005747126436781609,0.0034482758620689655,0.005747126436781609,0.008045977011494253,0.01839080459770115,0.029885057471264367,0.004597701149425287,0.027586206896551724,0.0,0.008045977011494253,0.0022988505747126436,0.0,0.0034482758620689655,0.0011494252873563218,0.03218390804597701,0.013793103448275862,0.0,0.0,0.0,0.0022988505747126436,0.0,0.004597701149425287,0.021839080459770115,0.0,0.0034482758620689655,0.0034482758620689655,0.04367816091954023,0.0,0.006896551724137931,0.0,0.004597701149425287,0.009195402298850575,0.0,0.0,0.011494252873563218,0.0011494252873563218,0.0,0.0022988505747126436,0.0,0.0,0.034482758620689655,0.004597701149425287,0.013793103448275862,0.0022988505747126436,0.004597701149425287,0.0367816091954023,0.009195402298850575,0.0011494252873563218,0.0,0.0022988505747126436,0.0,0.0011494252873563218,0.0011494252873563218,0.0022988505747126436,0.0,0.006896551724137931,0.0,0.0,0.0,0.0011494252873563218,0.006896551724137931,0.0022988505747126436,0.0022988505747126436,0.0011494252873563218,0.0011494252873563218,0.0,0.0,0.0,0.0022988505747126436,0.0,0.0,0.005747126436781609,0.0022988505747126436,0.0,0.006896551724137931,0.010344827586206896,0.0011494252873563218,0.0,0.0,0.0,0.0,0.004597701149425287,0.0034482758620689655,0.0,0.0022988505747126436,0.004597701149425287,0.0,0.0022988505747126436,0.0,0.0011494252873563218,0.0,0.0011494252873563218,0.0011494252873563218,0.0011494252873563218,0.0,0.0022988505747126436,0.004597701149425287,0.0011494252873563218,0.0,0.0,0.0,0.0,0.01264367816091954,0.009195402298850575,0.0,0.0011494252873563218,0.0011494252873563218,0.0022988505747126436,0.0011494252873563218,0.0,0.0,0.0011494252873563218,0.0,0.0,0.0011494252873563218,0.011494252873563218,0.0,0.005747126436781609,0.0011494252873563218,0.0,0.0022988505747126436,0.0011494252873563218,0.0011494252873563218,0.0,0.0022988505747126436,0.0,0.0,0.0,0.0,0.0034482758620689655,0.0,0.0,0.01839080459770115,0.0022988505747126436,0.0,0.0,0.0022988505747126436,0.0022988505747126436,0.0022988505747126436,0.0,0.0,0.005747126436781609,0.0011494252873563218,0.0,0.008045977011494253,0.0022988505747126436,0.0011494252873563218,0.005747126436781609,0.0011494252873563218,0.0,0.0,0.0011494252873563218,0.0,0.0011494252873563218,0.006896551724137931,0.0011494252873563218,0.0,0.0034482758620689655,0.0,0.0,0.0,0.004597701149425287,0.0011494252873563218,0.0011494252873563218,0.0,0.0,0.0011494252873563218,0.0,0.0,0.0,0.006896551724137931,0.0,0.0,0.0,0.0,0.0,0.0011494252873563218,0.0,0.0034482758620689655,0.0022988505747126436,0.0,0.0022988505747126436,0.0,0.0022988505747126436,0.0022988505747126436,0.0,0.0,0.0,0.0022988505747126436,0.0,0.0,0.0011494252873563218,0.0,0.0,0.0,0.0,0.0034482758620689655,0.0,0.004597701149425287,0.0,0.0,0.0,0.0,0.0,0.0,0.0011494252873563218,0.0,0.0,0.0,0.0,0.0011494252873563218,0.0,0.0011494252873563218,0.0,0.0011494252873563218,0.0,0.0022988505747126436,0.0,0.0011494252873563218,0.0022988505747126436,0.0,0.0,0.005747126436781609,0.0,0.0022988505747126436,0.0,0.0,0.0,0.0,0.0,0.0,0.0,0.0,0.0,0.0022988505747126436,0.0,0.0,0.0,0.004597701149425287,0.0,0.0,0.0,0.0,0.0,0.0,0.0,0.0,0.0,0.0,0.0,0.0,0.0,0.006896551724137931,0.0034482758620689655,0.0011494252873563218,0.0011494252873563218,0.0011494252873563218,0.0011494252873563218,0.0022988505747126436,0.0022988505747126436,0.0011494252873563218,0.0011494252873563218,0.0011494252873563218,0.0011494252873563218,0.0011494252873563218,0.0011494252873563218,0.0034482758620689655,0.0011494252873563218,0.005747126436781609,0.0011494252873563218,0.0011494252873563218,0.0011494252873563218,0.0022988505747126436,0.0022988505747126436,0.0011494252873563218,0.0022988505747126436,0.0011494252873563218,0.0011494252873563218,0.0011494252873563218,0.0011494252873563218,0.0022988505747126436,0.0011494252873563218,0.0011494252873563218,0.0011494252873563218,0.0022988505747126436,0.0011494252873563218,0.0011494252873563218,0.0011494252873563218,0.0011494252873563218,0.0011494252873563218,0.0011494252873563218,0.0011494252873563218,0.0011494252873563218,0.0022988505747126436,0.0022988505747126436,0.0011494252873563218,0.0011494252873563218,0.0011494252873563218,0.0022988505747126436,0.0011494252873563218,0.0011494252873563218,0.0034482758620689655,0.0011494252873563218,0.0011494252873563218,0.0011494252873563218,0.0011494252873563218,0.0011494252873563218,0.0011494252873563218,0.0011494252873563218,0.0022988505747126436,0.0011494252873563218,0.0022988505747126436,0.0022988505747126436,0.0011494252873563218,0.0011494252873563218,0.0034482758620689655,0.0011494252873563218,0.0011494252873563218,0.0022988505747126436,0.0011494252873563218,0.0022988505747126436,0.0011494252873563218,0.0011494252873563218,0.0022988505747126436,0.0011494252873563218,0.0011494252873563218,0.0011494252873563218,0.0022988505747126436,0.0011494252873563218,0.0034482758620689655,0.0034482758620689655,0.0022988505747126436,0.0011494252873563218,0.0011494252873563218,0.0011494252873563218,0.0011494252873563218,0.0011494252873563218,0.0011494252873563218,0.0011494252873563218,0.004597701149425287,0.0011494252873563218,0.0011494252873563218,0.0011494252873563218,0.0011494252873563218,0.0022988505747126436,0.0011494252873563218,0.0011494252873563218,0.0011494252873563218,0.0034482758620689655,0.0011494252873563218,0.0011494252873563218,0.0011494252873563218,0.0011494252873563218,0.0022988505747126436,0.0011494252873563218,0.0022988505747126436,0.0022988505747126436,0.0022988505747126436,0.0011494252873563218,0.0011494252873563218,0.0011494252873563218,0.0011494252873563218,0.0022988505747126436,0.0011494252873563218,0.0034482758620689655,0.0034482758620689655,0.0011494252873563218,0.004597701149425287,0.0011494252873563218,0.0011494252873563218,0.0022988505747126436,0.0022988505747126436,0.0011494252873563218,0.0011494252873563218,0.0011494252873563218,0.0022988505747126436,0.0011494252873563218,0.0022988505747126436,0.0022988505747126436,0.0011494252873563218,0.0011494252873563218,0.0011494252873563218,0.0011494252873563218,0.0011494252873563218,0.0011494252873563218,0.0011494252873563218,0.0011494252873563218,0.0011494252873563218,0.0011494252873563218,0.0011494252873563218,0.0011494252873563218,0.0022988505747126436,0.0011494252873563218,0.0011494252873563218,0.0011494252873563218,0.0011494252873563218,0.0011494252873563218,0.0011494252873563218,0.0011494252873563218,0.0011494252873563218,0.0011494252873563218,0.0011494252873563218,0.0011494252873563218,0.0022988505747126436,0.0011494252873563218,0.0011494252873563218,0.0011494252873563218,0.0011494252873563218,0.0011494252873563218,0.0022988505747126436,0.0011494252873563218,0.0022988505747126436,0.0011494252873563218,0.0011494252873563218,0.0011494252873563218,0.0034482758620689655,0.0011494252873563218,0.0011494252873563218,0.0011494252873563218,0.0011494252873563218,0.0011494252873563218,0.0011494252873563218,0.0011494252873563218,0.0011494252873563218,0.0011494252873563218,0.0011494252873563218,0.0011494252873563218,0.0011494252873563218,0.0034482758620689655,0.0011494252873563218,0.0022988505747126436,0.0011494252873563218,0.0011494252873563218,0.0011494252873563218,0.0011494252873563218,0.0011494252873563218,0.0011494252873563218,0.0011494252873563218,0.0011494252873563218,0.0011494252873563218,0.0011494252873563218,0.0011494252873563218,0.0011494252873563218,0.0011494252873563218,0.0011494252873563218,0.0011494252873563218,0.0011494252873563218,0.0011494252873563218,0.0011494252873563218,0.0,0.0,0.0,0.0,0.0,0.0,0.0,0.0,0.0,0.0,0.0,0.0,0.0,0.0,0.0,0.0,0.0,0.0,0.0,0.2923575662772826,0.0,0.0,0.0,0.0,0.0,0.0,0.0,0.0,0.0,0.0,0.0,0.0,0.0,0.0,0.0,0.0,0.27105394038294617,0.0,0.0,0.0,0.0,0.0,0.0,0.0,0.0,0.0,0.0,0.0,0.0,0.0,0.0,0.0,0.0,0.0,0.2923575662772826,0.0,0.0,0.0,0.0,0.0,0.0,0.0,0.0,0.0,0.0,0.0,0.0,0.0,0.0,0.0,0.0,0.0,0.0,0.0,0.0,0.0,0.0,0.0,0.0,0.0,0.0,0.0,0.0,0.0,0.0,0.0,0.0,0.0,0.0,0.0,0.0,0.0,0.0,0.0,0.0,0.0,0.0,0.0,0.0,0.0,0.0,0.0,0.0,0.0,0.0,0.0,0.0,0.0,0.0,0.0,0.0,0.0,0.0,0.0,0.0,0.0,0.0,0.0,0.0,0.0,0.0,0.0,0.0,0.0,0.0,0.0,0.0,0.0,0.0,0.0,0.0,0.0,0.0,0.0,0.0,0.0,0.0,0.0,0.0,0.0,0.0,0.0,0.0,0.2923575662772826,0.0,0.0,0.0,0.0,0.0,0.0,0.0,0.0,0.0,0.0,0.0,0.0,0.0,0.0,0.0,0.0,0.0,0.0,0.0,0.0,0.0,0.0,0.0,0.0,0.0,0.0,0.0,0.0,0.0,0.0,0.0,0.0,0.0,0.0,0.0,0.0,0.0,0.0,0.0,0.0,0.0,0.0,0.0,0.0,0.0,0.0,0.0,0.0,0.2923575662772826,0.0,0.0,0.0,0.0,0.0,0.0,0.0,0.0,0.0,0.0,0.0,0.0,0.0,0.0,0.0,0.0,0.0,0.0,0.0,0.0,0.0,0.0,0.0,0.0,0.0,0.0,0.0,0.0,0.0,0.0,0.0,0.0,0.0,0.0,0.0,0.0,0.0,0.0,0.0,0.0,0.0,0.0,0.0,0.0,0.0,0.0,0.0,0.0,0.0,0.0,0.0,0.0,0.0,0.0,0.0,0.0,0.0,0.0,0.0,0.0,0.0,0.0,0.0,0.0,0.0,0.0,0.0,0.0,0.0,0.0,0.0,0.0,0.0,0.0,0.0,0.0,0.0,0.0,0.0,0.0,0.0,0.0,0.0,0.0,0.0,0.0,0.0,0.0,0.0,0.0,0.0,0.0,0.0,0.0,0.0,0.0,0.0,0.0,0.0,0.0,0.0,0.0,0.0,0.0,0.0,0.0,0.0,0.0,0.0,0.0,0.0,0.0,0.0,0.0,0.0,0.0,0.0,0.0,0.0,0.0,0.0,0.0,0.0,0.0,0.0,0.0,0.0,0.0,0.0,0.0,0.0,0.0,0.0,0.0,0.0,0.0,0.0,0.0,0.0,0.0,0.0,0.0,0.0,0.0,0.0,0.0,0.0,0.0,0.0,0.0,0.0,0.0,0.0,0.0,0.0,0.0,0.0,0.0,0.0,0.0,0.0,0.0,0.0,0.0,0.0,0.0,0.0,0.0,0.0,0.0,0.0,0.0,0.0,0.0,0.0,0.0,0.0,0.0,0.0,0.0,0.0,0.0,0.0,0.0,0.0,0.0,0.0,0.0,0.0,0.0,0.0,0.0,0.0,0.0,0.0,0.0,0.0,0.0,0.0,0.0,0.0,0.0,0.0,0.0,0.0,0.0,0.0,0.0,0.2923575662772826,0.27105394038294617,0.0,0.0,0.0,0.0,0.0,0.0,0.0,0.0,0.0,0.2923575662772826,0.0,0.0,0.0,0.0,0.0,0.0,0.0,0.0,0.0,0.0,0.0,0.0,0.0,0.0,0.0,0.0,0.0,0.0,0.0,0.0,0.0,0.0,0.27105394038294617,0.0,0.0,0.0,0.0,0.0,0.0,0.0,0.0,0.0,0.0,0.0,0.0,0.0,0.0,0.0,0.0,0.0,0.0,0.0,0.0,0.0,0.0,0.0,0.0,0.0,0.0,0.0,0.0,0.0,0.0,0.0,0.0,0.0,0.0,0.0,0.0,0.0,0.0,0.0,0.0,0.0,0.0,0.0,0.0,0.0,0.0,0.0,0.0,0.0,0.0,0.0,0.0,0.0,0.0,0.0,0.0,0.0,0.0,0.0,0.0,0.0,0.0,0.0,0.0,0.0,0.0,0.0,0.0,0.0,0.0,0.0,0.0,0.0,0.0,0.0,0.0,0.0,0.0,0.0,0.0,0.17407197943535327,0.0,0.0,0.0,0.0,0.0,0.0,0.0,0.0,0.0,0.0,0.0,0.0,0.0,0.0,0.0,0.0,0.0,0.0,0.0,0.0,0.0,0.0,0.0,0.0,0.0,0.0,0.0,0.0,0.0,0.0,0.0,0.0,0.0,0.0,0.0,0.0,0.0,0.0,0.0,0.0,0.0,0.2923575662772826,0.0,0.0,0.0,0.0,0.0,0.0,0.0,0.0,0.0,0.0,0.0,0.0,0.0,0.0,0.0,0.0,0.0,0.0,0.0,0.0,0.0,0.0,0.0,0.0,0.0,0.0,0.0,0.0,0.0,0.0,0.0,0.0,0.0,0.0,0.0,0.0,0.0,0.0,0.0,0.0,0.0,0.0,0.0,0.0,0.0,0.0,0.0,0.0,0.0,0.0,0.0,0.0,0.0,0.0,0.0,0.0,0.0,0.0,0.0,0.0,0.0,0.0,0.0,0.0,0.0,0.0,0.0,0.0,0.0,0.0,0.0,0.0,0.0,0.0,0.0,0.2923575662772826,0.0,0.0,0.0,0.0,0.0,0.0,0.0,0.0,0.0,0.0,0.0,0.0,0.0,0.0,0.0,0.0,0.0,0.0,0.0,0.0,0.0,0.0,0.0,0.0,0.0,0.0,0.0,0.0,0.0,0.0,0.0,0.0,0.0,0.0,0.0,0.0,0.0,0.0,0.0,0.0,0.0,0.0,0.0,0.0,0.0,0.0,0.0,0.0,0.0,0.0,0.0,0.0,0.0,0.0,0.25593877726418723,0.0,0.0,0.0,0.0,0.0,0.0,0.0,0.0,0.0,0.0,0.0,0.0,0.0,0.0,0.0,0.0,0.0,0.0,0.0,0.0,0.0,0.0,0.0,0.0,0.0,0.0,0.0,0.0,0.0,0.0,0.0,0.0,0.0,0.0,0.0,0.0,0.0
SD2401268,20대,음 근데 우리집이 꼭대기 층이라 그런지 좀 괜찮은 거 같은데. 층간 소음은 없는데 벽간 소음이 쪼금 있는 거 같아. 방이 그 방음이 잘 안 돼서 옆 문 그 첫 입구 문에만 서도 옆의 방이 뭐 유튜브 뭐 듣고 있는지 무슨 대화하고 있는지가 너무 잘 들려서 쪼끔 부담스럽긴 해. 근데 위에는 아무도 사람이 안 사니까 내가 살기에는 어 소음이 없어서 되게 좋은 거 같아. 그거 말고도 본가 살 때는 위층이 아빠 지인이 살았었는데 그래서 막 소음이 나도 뭐라 하기가 좀 그랬던 경험이 있어. 너는 지금 몇 층 정도에 살아? 층간 소음은 없어? 음 그 학 학교 들어오고 나서부터 2년 동안 여기 살고 올해 새로 계약해서 똑같은 데 연장해서 거기서 살고 있어. 아마 내년에는 교환 학생을 가서 없으니까 오빠가 혼자 살 거 같아 지금 같이 살고 있으니까. 그리고 사실 나는 올해 딱 계약 연장할 때쯤에 새로 구해서 따로따로 살고 싶었는데 아무래도 서울 뭐 월세가 비싸다 보니까 그냥 한집에서 해서 전세로 사는 게 낫겠다 싶어서 같이 살고 있는데. 어 아무래도 생활 패턴이나 그런 집안일 하는 거가 좀 안 맞아서 좀 그게 제일 힘들어서 따로 살고 싶었던 거 같아. 뭐 혼자 늦게 자고 그런 건 상관없는데 오빠가 게임을 하니까 늦게까지 게임하는 소리 계속 들려 오 들려 오고 하니까 나 자는 데 방에 돼서 그랬던 거 같아. 너는 그런 적은 없어? 어 중3 때까지 1곳에서 살았고 그 주 중3 이후에 약간 신도시 분양 그런 청약 담 당첨 돼 가지고 1번 이사를 갔었어. 근데 그 중3 때까지 계속 같은 지역에 살다 보니까 거기 유치원 초등학교 중학교 나오고 고등학교도 그쪽을 가려고 했는데 이사를 가게 돼서 혼자 떨어진 곳을 가니까 친구들이랑도 멀어지고 그러 그 뭐 원래 놀던 데에서도 못 놀고 이런 게 쪼끔 아쉽고 힘들긴 하더라고. 근데 집이 넓어서 되게 좋았던 거 같아. 나는 이사를 많이 안 해 봐서 막 해 보고 싶었다 이런 게 좀 컸었는데 주변에 이사 많이 다니는 사람은 안 그렇더라고. 이사를 그만 다니고 싶다 그러더라. 혹시 너도 그런 편이야? 음 나는 이사 간 다음에 우 이 이사 간 아파트 앞에 막 전원주택 같은 게 있는 거야. 그래서 나중에 이 또 이사를 가게 된다면은 저런 데에서 살고 싶다. 저런 데에서 마당에서 막 식물 키우고 동물 키우고 막 나만의 정원을 가꾸면서 2층 바 다락방에서 살고 싶다 막 이런 생각을 했었는데. 근데 막상 거기에 살면은 관리하는 게 되게 힘들어 보이더라고. 할머니 집도 그런 전원주택인데 조금만 뭘 관리를 안 해 줘도 잡초 자라고 먼지가 끼고 더러워지고 막 그런 게 많아서 관리가 힘들다고 하더라고. 근데 그럼에도 한 약간 한번쯤은 전원주택에 살고 싶다 이런 생각이 있는데. 너는 그런 어디에 살고 싶다 이런 로망 같은 게 있어? 어 전자레인지랑 냉장고 세탁기 이 이 정도는 원래 있었던 거 같고. 밥솥이랑 응 어 그 오븐 같은 거 뭐라고 하지. 그 아 에어프라이어는 사 왔고. 최근에 여름 되니까 벌레가 너무 많이 생기잖아. 특히 음식물에 벌레가 많이 생기는데 그래서 버리기가 너무 힘들어서 미생물로 분해해 주는 기계 그런 게 있더라고. 오빠가 인스타그램에서 찾아와서 막 우 이거 쓰자 막 그러면서 찾아왔던 기억이 있어. 그래서 그거를 지금 살까 고민 중에 있어. 그게 음식물 쓰레기를 넣으면은 미생물들이 분해를 해서 흙으로 바로 만들어 준대. 근데 그게 하루 만에 다 만들어 주고 냄새도 안 나서 좋다고 하더라고. 너는 혹시 집안일 같은 거는 어떻게 하는 편이야? 어 가끔 아니 자주 좀 싸운 싸우진 않고 이런 거에 대해 짜증을 내는 거 같긴 한데 내 방이 쓰레기 그 분리수거 하는 데 바로 앞에 있단 말이야. 그래서 오빠는 좀 멀어서 쓰레기 같은 걸 거기 내면 그만인데 나는 내고 나서 그게 분리수거가 잘 안 되어 있거나 막 더러운 게 섞여 있거나 하면은 냄새가 바로 내 방으로 들어온단 말이야. 그거 때문에 오빠한테 뭐라 한 적도 많았던 거 같고. 약간 분담 같은 게 예전에는 막 뭐 냉장고 청소 네가 1번 하면 내가 화장실 청소 1번 하고 이런 식으로 번갈아서 하자라고 말은 했는데 어느 순간 보니까 내가 다 하고 있더라고. 그래서 그거에 대해서 쌓아 놨다가 화내기 직전에 딱 말하면은 오빠가 또 눈치는 빨라 가지고 그제서야 부랴부랴 치우고 막 이래서 어 싸우지는 않았던 거 같아. 근데 자취를 하니까 확실히 본가 살 때는 엄마가 다 해 주고 그러는데 내가 다 해야 되니까 그게 힘든 거 같긴 해. 너는 자취하고 싶다는 생각은 없어? 아 나 처음에 집 들어올 때 막 냉장고랑 기본 가구에 막 여 연두색 띠가 막 둘러져 있는 거야. 기본 색깔로 막 있는 거야. 그래서 그걸 보고 아 진짜 별로다. 여기 살기 싫다 했었는데 막상 들어가 보니까 그런 거 별로 티도 안 나고 깔끔해 보이고 좋더라고. 그래서 그렇게 쓰고 있고. 뭔가 인테리어 아 그 자취하면 내 방식대로 바 집을 꾸미고 막 이렇게 써야지라는 생각은 있었는데 막상 있으니까 짐을 그 넣을 짐도 너무 많고 근데 그거에 비해 공간은 안 나오고 하니까 인테리어라고 할 것도 없이 그냥 짐을 넣어 놓은 거 같아. 내 방이 너무 작아서 옷장 같은 게 들어갈 공간이 안 나서 거실에다가 행거 설치해서 바로 옷 놓아두고. 그래서 뭔가 꾸미기도 애매하고 그랬던 거 같아. 너는 집 인테리어 어떤 편이야? 서울에서 살 수 있으면 좋을 거 같은데. 왜냐하면 여가 생활 같은 것도 훨씬 더 많이 할 수 있고 이제 거의 내 친구들이나 생활 반경이 서울에 중심에 맞춰져 있다 보니까 서울에서 생활하는 게 편하긴 한데 가끔씩 여기가 사람이 너무 많아서 내려가고 싶다라는 생각이 들긴 해. 근데 직장을 얻고 뭔가 더 발전을 하려면은 서울에서 사는 게 맞는 거 같아. 나는 그 본가 살 때는 지하에 헬스장이 있어서 그거를 썼단 말이야. 근데 자취를 하니까 그런 여가 시설 시 그 아무튼 시설들이 없어서 막 주변에서 주변 다른 헬스장을 등록해 놨단 말이야. 근데 너는 지금 어쨌든 본가에 살잖아. 큰 아파트에 사는데 그러면 거기에 막 여가 시설 같은 게 와 잘 마련되어 있어?,0.005747126436781609,0.017241379310344827,0.004597701149425287,0.0,0.005747126436781609,0.0034482758620689655,0.005747126436781609,0.008045977011494253,0.01839080459770115,0.029885057471264367,0.004597701149425287,0.027586206896551724,0.0,0.008045977011494253,0.0022988505747126436,0.0,0.0034482758620689655,0.0011494252873563218,0.03218390804597701,0.013793103448275862,0.0,0.0,0.0,0.0022988505747126436,0.0,0.004597701149425287,0.021839080459770115,0.0,0.0034482758620689655,0.0034482758620689655,0.04367816091954023,0.0,0.006896551724137931,0.0,0.004597701149425287,0.009195402298850575,0.0,0.0,0.011494252873563218,0.0011494252873563218,0.0,0.0022988505747126436,0.0,0.0,0.034482758620689655,0.004597701149425287,0.013793103448275862,0.0022988505747126436,0.004597701149425287,0.0367816091954023,0.009195402298850575,0.0011494252873563218,0.0,0.0022988505747126436,0.0,0.0011494252873563218,0.0011494252873563218,0.0022988505747126436,0.0,0.006896551724137931,0.0,0.0,0.0,0.0011494252873563218,0.006896551724137931,0.0022988505747126436,0.0022988505747126436,0.0011494252873563218,0.0011494252873563218,0.0,0.0,0.0,0.0022988505747126436,0.0,0.0,0.005747126436781609,0.0022988505747126436,0.0,0.006896551724137931,0.010344827586206896,0.0011494252873563218,0.0,0.0,0.0,0.0,0.004597701149425287,0.0034482758620689655,0.0,0.0022988505747126436,0.004597701149425287,0.0,0.0022988505747126436,0.0,0.0011494252873563218,0.0,0.0011494252873563218,0.0011494252873563218,0.0011494252873563218,0.0,0.0022988505747126436,0.004597701149425287,0.0011494252873563218,0.0,0.0,0.0,0.0,0.01264367816091954,0.009195402298850575,0.0,0.0011494252873563218,0.0011494252873563218,0.0022988505747126436,0.0011494252873563218,0.0,0.0,0.0011494252873563218,0.0,0.0,0.0011494252873563218,0.011494252873563218,0.0,0.005747126436781609,0.0011494252873563218,0.0,0.0022988505747126436,0.0011494252873563218,0.0011494252873563218,0.0,0.0022988505747126436,0.0,0.0,0.0,0.0,0.0034482758620689655,0.0,0.0,0.01839080459770115,0.0022988505747126436,0.0,0.0,0.0022988505747126436,0.0022988505747126436,0.0022988505747126436,0.0,0.0,0.005747126436781609,0.0011494252873563218,0.0,0.008045977011494253,0.0022988505747126436,0.0011494252873563218,0.005747126436781609,0.0011494252873563218,0.0,0.0,0.0011494252873563218,0.0,0.0011494252873563218,0.006896551724137931,0.0011494252873563218,0.0,0.0034482758620689655,0.0,0.0,0.0,0.004597701149425287,0.0011494252873563218,0.0011494252873563218,0.0,0.0,0.0011494252873563218,0.0,0.0,0.0,0.006896551724137931,0.0,0.0,0.0,0.0,0.0,0.0011494252873563218,0.0,0.0034482758620689655,0.0022988505747126436,0.0,0.0022988505747126436,0.0,0.0022988505747126436,0.0022988505747126436,0.0,0.0,0.0,0.0022988505747126436,0.0,0.0,0.0011494252873563218,0.0,0.0,0.0,0.0,0.0034482758620689655,0.0,0.004597701149425287,0.0,0.0,0.0,0.0,0.0,0.0,0.0011494252873563218,0.0,0.0,0.0,0.0,0.0011494252873563218,0.0,0.0011494252873563218,0.0,0.0011494252873563218,0.0,0.0022988505747126436,0.0,0.0011494252873563218,0.0022988505747126436,0.0,0.0,0.005747126436781609,0.0,0.0022988505747126436,0.0,0.0,0.0,0.0,0.0,0.0,0.0,0.0,0.0,0.0022988505747126436,0.0,0.0,0.0,0.004597701149425287,0.0,0.0,0.0,0.0,0.0,0.0,0.0,0.0,0.0,0.0,0.0,0.0,0.0,0.006896551724137931,0.0034482758620689655,0.0011494252873563218,0.0011494252873563218,0.0011494252873563218,0.0011494252873563218,0.0022988505747126436,0.0022988505747126436,0.0011494252873563218,0.0011494252873563218,0.0011494252873563218,0.0011494252873563218,0.0011494252873563218,0.0011494252873563218,0.0034482758620689655,0.0011494252873563218,0.005747126436781609,0.0011494252873563218,0.0011494252873563218,0.0011494252873563218,0.0022988505747126436,0.0022988505747126436,0.0011494252873563218,0.0022988505747126436,0.0011494252873563218,0.0011494252873563218,0.0011494252873563218,0.0011494252873563218,0.0022988505747126436,0.0011494252873563218,0.0011494252873563218,0.0011494252873563218,0.0022988505747126436,0.0011494252873563218,0.0011494252873563218,0.0011494252873563218,0.0011494252873563218,0.0011494252873563218,0.0011494252873563218,0.0011494252873563218,0.0011494252873563218,0.0022988505747126436,0.0022988505747126436,0.0011494252873563218,0.0011494252873563218,0.0011494252873563218,0.0022988505747126436,0.0011494252873563218,0.0011494252873563218,0.0034482758620689655,0.0011494252873563218,0.0011494252873563218,0.0011494252873563218,0.0011494252873563218,0.0011494252873563218,0.0011494252873563218,0.0011494252873563218,0.0022988505747126436,0.0011494252873563218,0.0022988505747126436,0.0022988505747126436,0.0011494252873563218,0.0011494252873563218,0.0034482758620689655,0.0011494252873563218,0.0011494252873563218,0.0022988505747126436,0.0011494252873563218,0.0022988505747126436,0.0011494252873563218,0.0011494252873563218,0.0022988505747126436,0.0011494252873563218,0.0011494252873563218,0.0011494252873563218,0.0022988505747126436,0.0011494252873563218,0.0034482758620689655,0.0034482758620689655,0.0022988505747126436,0.0011494252873563218,0.0011494252873563218,0.0011494252873563218,0.0011494252873563218,0.0011494252873563218,0.0011494252873563218,0.0011494252873563218,0.004597701149425287,0.0011494252873563218,0.0011494252873563218,0.0011494252873563218,0.0011494252873563218,0.0022988505747126436,0.0011494252873563218,0.0011494252873563218,0.0011494252873563218,0.0034482758620689655,0.0011494252873563218,0.0011494252873563218,0.0011494252873563218,0.0011494252873563218,0.0022988505747126436,0.0011494252873563218,0.0022988505747126436,0.0022988505747126436,0.0022988505747126436,0.0011494252873563218,0.0011494252873563218,0.0011494252873563218,0.0011494252873563218,0.0022988505747126436,0.0011494252873563218,0.0034482758620689655,0.0034482758620689655,0.0011494252873563218,0.004597701149425287,0.0011494252873563218,0.0011494252873563218,0.0022988505747126436,0.0022988505747126436,0.0011494252873563218,0.0011494252873563218,0.0011494252873563218,0.0022988505747126436,0.0011494252873563218,0.0022988505747126436,0.0022988505747126436,0.0011494252873563218,0.0011494252873563218,0.0011494252873563218,0.0011494252873563218,0.0011494252873563218,0.0011494252873563218,0.0011494252873563218,0.0011494252873563218,0.0011494252873563218,0.0011494252873563218,0.0011494252873563218,0.0011494252873563218,0.0022988505747126436,0.0011494252873563218,0.0011494252873563218,0.0011494252873563218,0.0011494252873563218,0.0011494252873563218,0.0011494252873563218,0.0011494252873563218,0.0011494252873563218,0.0011494252873563218,0.0011494252873563218,0.0011494252873563218,0.0022988505747126436,0.0011494252873563218,0.0011494252873563218,0.0011494252873563218,0.0011494252873563218,0.0011494252873563218,0.0022988505747126436,0.0011494252873563218,0.0022988505747126436,0.0011494252873563218,0.0011494252873563218,0.0011494252873563218,0.0034482758620689655,0.0011494252873563218,0.0011494252873563218,0.0011494252873563218,0.0011494252873563218,0.0011494252873563218,0.0011494252873563218,0.0011494252873563218,0.0011494252873563218,0.0011494252873563218,0.0011494252873563218,0.0011494252873563218,0.0011494252873563218,0.0034482758620689655,0.0011494252873563218,0.0022988505747126436,0.0011494252873563218,0.0011494252873563218,0.0011494252873563218,0.0011494252873563218,0.0011494252873563218,0.0011494252873563218,0.0011494252873563218,0.0011494252873563218,0.0011494252873563218,0.0011494252873563218,0.0011494252873563218,0.0011494252873563218,0.0011494252873563218,0.0011494252873563218,0.0011494252873563218,0.0011494252873563218,0.0011494252873563218,0.0011494252873563218,0.0,0.0,0.0,0.0,0.0,0.0,0.0,0.0,0.0,0.0,0.0,0.0,0.0,0.0,0.0,0.0,0.0,0.0,0.0,0.0,0.0,0.0,0.0,0.0,0.0,0.0,0.0,0.0,0.0,0.0,0.0,0.0,0.0,0.0,0.0,0.0,0.0,0.0,0.0,0.0,0.0,0.0,0.0,0.0,0.0,0.0,0.0,0.0,0.0,0.0,0.0,0.0,0.0,0.0,0.0,0.0,0.0,0.0,0.0,0.0,0.0,0.0,0.0,0.0,0.0,0.0,0.0,0.0,0.0,0.0,0.0,0.0,0.0,0.0,0.0,0.0,0.0,0.0,0.0,0.0,0.0,0.0,0.0,0.0,0.0,0.0,0.0,0.0,0.0,0.0,0.0,0.0,0.0,0.0,0.0,0.0,0.0,0.0,0.0,0.0,0.0,0.0,0.0,0.0,0.0,0.0,0.0,0.0,0.0,0.0,0.0,0.0,0.0,0.0,0.0,0.0,0.0,0.0,0.0,0.0,0.0,0.0,0.0,0.0,0.0,0.0,0.0,0.0,0.0,0.0,0.0,0.0,0.0,0.0,0.0,0.0,0.0,0.0,0.0,0.0,0.0,0.0,0.0,0.0,0.0,0.0,0.0,0.0,0.0,0.0,0.0,0.0,0.0,0.0,0.0,0.0,0.0,0.0,0.0,0.0,0.0,0.0,0.0,0.0,0.0,0.0,0.0,0.0,0.0,0.0,0.0,0.0,0.0,0.0,0.0,0.0,0.0,0.0,0.0,0.0,0.0,0.0,0.0,0.0,0.0,0.0,0.0,0.0,0.0,0.0,0.0,0.0,0.0,0.0,0.0,0.0,0.0,0.0,0.0,0.0,0.0,0.0,0.0,0.0,0.0,0.0,0.0,0.0,0.0,0.0,0.0,0.0,0.0,0.0,0.0,0.0,0.0,0.0,0.0,0.0,0.0,0.0,0.0,0.0,0.0,0.0,0.0,0.0,0.0,0.0,0.0,0.0,0.0,0.0,0.0,0.0,0.0,0.0,0.0,0.0,0.0,0.0,0.0,0.0,0.0,0.0,0.0,0.0,0.0,0.0,0.0,0.0,0.0,0.0,0.0,0.0,0.0,0.0,0.29755104079032657,0.0,0.0,0.0,0.0,0.0,0.0,0.0,0.0,0.0,0.0,0.0,0.0,0.0,0.0,0.0,0.0,0.0,0.0,0.0,0.0,0.0,0.0,0.0,0.0,0.0,0.3406261317751353,0.0,0.0,0.0,0.0,0.0,0.0,0.0,0.0,0.3159682532083693,0.0,0.0,0.0,0.0,0.0,0.0,0.0,0.0,0.0,0.0,0.0,0.0,0.0,0.0,0.0,0.0,0.0,0.0,0.3569788824404358,0.0,0.0,0.0,0.0,0.0,0.0,0.0,0.0,0.0,0.0,0.0,0.0,0.0,0.0,0.0,0.0,0.0,0.0,0.0,0.0,0.0,0.0,0.0,0.0,0.0,0.0,0.0,0.0,0.0,0.0,0.0,0.0,0.0,0.0,0.0,0.0,0.0,0.0,0.0,0.0,0.0,0.0,0.0,0.0,0.0,0.0,0.0,0.0,0.0,0.0,0.0,0.0,0.0,0.0,0.0,0.0,0.0,0.0,0.0,0.0,0.0,0.0,0.0,0.0,0.0,0.0,0.0,0.0,0.0,0.0,0.0,0.0,0.0,0.0,0.0,0.0,0.0,0.0,0.0,0.0,0.0,0.0,0.0,0.0,0.0,0.0,0.0,0.0,0.0,0.0,0.0,0.0,0.0,0.0,0.0,0.0,0.3780612447761352,0.0,0.0,0.0,0.0,0.0,0.0,0.0,0.0,0.0,0.0,0.0,0.0,0.0,0.0,0.0,0.0,0.0,0.0,0.0,0.0,0.0,0.0,0.0,0.0,0.0,0.0,0.0,0.0,0.0,0.3780612447761352,0.0,0.0,0.0,0.0,0.0,0.0,0.0,0.0,0.0,0.0,0.0,0.0,0.0,0.0,0.0,0.0,0.0,0.0,0.0,0.0,0.0,0.0,0.0,0.0,0.0,0.0,0.0,0.0,0.0,0.0,0.0,0.0,0.0,0.0,0.0,0.0,0.0,0.0,0.0,0.0,0.0,0.0,0.0,0.0,0.0,0.0,0.0,0.0,0.0,0.0,0.0,0.0,0.0,0.0,0.0,0.0,0.0,0.0,0.0,0.0,0.0,0.0,0.0,0.0,0.0,0.0,0.0,0.0,0.0,0.0,0.0,0.0,0.0,0.0,0.0,0.0,0.0,0.0,0.0,0.0,0.0,0.0,0.0,0.0,0.0,0.0,0.0,0.0,0.0,0.0,0.0,0.0,0.0,0.0,0.0,0.0,0.0,0.0,0.0,0.0,0.0,0.0,0.0,0.0,0.40777516560118976,0.0,0.0,0.0,0.0,0.0,0.0,0.0,0.0,0.0,0.0,0.0,0.0,0.0,0.0,0.0,0.0,0.0,0.0,0.0,0.0,0.0,0.0,0.0,0.0,0.0,0.0,0.0,0.0,0.0,0.0,0.0,0.0,0.0,0.0,0.0,0.0,0.0,0.0,0.0,0.0,0.0,0.0,0.0,0.0,0.0,0.0,0.0,0.0,0.0,0.0,0.0,0.0,0.0,0.0,0.0,0.0,0.0,0.0,0.0,0.0,0.0,0.0,0.0,0.0,0.0,0.0,0.0,0.0,0.0,0.0,0.0,0.0,0.0,0.0,0.0,0.0,0.0,0.0,0.0,0.0,0.0,0.0,0.0,0.0,0.0,0.0,0.0,0.0,0.0,0.0,0.0,0.0,0.0,0.0,0.0,0.0,0.0,0.0,0.0,0.0,0.0,0.0,0.0,0.0,0.0,0.0,0.0,0.0,0.0,0.0,0.0,0.0,0.0,0.0,0.0,0.0,0.0,0.0,0.0,0.0,0.0,0.0,0.0,0.0,0.0,0.0,0.0,0.0,0.0,0.0,0.3406261317751353,0.0,0.0,0.0,0.0,0.0,0.0,0.0,0.0,0.0,0.0,0.0,0.0,0.0,0.0,0.0,0.0,0.0,0.0,0.0,0.0,0.0,0.0,0.0,0.0,0.0,0.0,0.0,0.0,0.0,0.0,0.0,0.0,0.0,0.0,0.0,0.0,0.0,0.0,0.0,0.0,0.0,0.0,0.0,0.0,0.0,0.0,0.0,0.0,0.0,0.0,0.0
SD2401268,20대,음 근데 우리집이 꼭대기 층이라 그런지 좀 괜찮은 거 같은데. 층간 소음은 없는데 벽간 소음이 쪼금 있는 거 같아. 방이 그 방음이 잘 안 돼서 옆 문 그 첫 입구 문에만 서도 옆의 방이 뭐 유튜브 뭐 듣고 있는지 무슨 대화하고 있는지가 너무 잘 들려서 쪼끔 부담스럽긴 해. 근데 위에는 아무도 사람이 안 사니까 내가 살기에는 어 소음이 없어서 되게 좋은 거 같아. 그거 말고도 본가 살 때는 위층이 아빠 지인이 살았었는데 그래서 막 소음이 나도 뭐라 하기가 좀 그랬던 경험이 있어. 너는 지금 몇 층 정도에 살아? 층간 소음은 없어? 음 그 학 학교 들어오고 나서부터 2년 동안 여기 살고 올해 새로 계약해서 똑같은 데 연장해서 거기서 살고 있어. 아마 내년에는 교환 학생을 가서 없으니까 오빠가 혼자 살 거 같아 지금 같이 살고 있으니까. 그리고 사실 나는 올해 딱 계약 연장할 때쯤에 새로 구해서 따로따로 살고 싶었는데 아무래도 서울 뭐 월세가 비싸다 보니까 그냥 한집에서 해서 전세로 사는 게 낫겠다 싶어서 같이 살고 있는데. 어 아무래도 생활 패턴이나 그런 집안일 하는 거가 좀 안 맞아서 좀 그게 제일 힘들어서 따로 살고 싶었던 거 같아. 뭐 혼자 늦게 자고 그런 건 상관없는데 오빠가 게임을 하니까 늦게까지 게임하는 소리 계속 들려 오 들려 오고 하니까 나 자는 데 방에 돼서 그랬던 거 같아. 너는 그런 적은 없어? 어 중3 때까지 1곳에서 살았고 그 주 중3 이후에 약간 신도시 분양 그런 청약 담 당첨 돼 가지고 1번 이사를 갔었어. 근데 그 중3 때까지 계속 같은 지역에 살다 보니까 거기 유치원 초등학교 중학교 나오고 고등학교도 그쪽을 가려고 했는데 이사를 가게 돼서 혼자 떨어진 곳을 가니까 친구들이랑도 멀어지고 그러 그 뭐 원래 놀던 데에서도 못 놀고 이런 게 쪼끔 아쉽고 힘들긴 하더라고. 근데 집이 넓어서 되게 좋았던 거 같아. 나는 이사를 많이 안 해 봐서 막 해 보고 싶었다 이런 게 좀 컸었는데 주변에 이사 많이 다니는 사람은 안 그렇더라고. 이사를 그만 다니고 싶다 그러더라. 혹시 너도 그런 편이야? 음 나는 이사 간 다음에 우 이 이사 간 아파트 앞에 막 전원주택 같은 게 있는 거야. 그래서 나중에 이 또 이사를 가게 된다면은 저런 데에서 살고 싶다. 저런 데에서 마당에서 막 식물 키우고 동물 키우고 막 나만의 정원을 가꾸면서 2층 바 다락방에서 살고 싶다 막 이런 생각을 했었는데. 근데 막상 거기에 살면은 관리하는 게 되게 힘들어 보이더라고. 할머니 집도 그런 전원주택인데 조금만 뭘 관리를 안 해 줘도 잡초 자라고 먼지가 끼고 더러워지고 막 그런 게 많아서 관리가 힘들다고 하더라고. 근데 그럼에도 한 약간 한번쯤은 전원주택에 살고 싶다 이런 생각이 있는데. 너는 그런 어디에 살고 싶다 이런 로망 같은 게 있어? 어 전자레인지랑 냉장고 세탁기 이 이 정도는 원래 있었던 거 같고. 밥솥이랑 응 어 그 오븐 같은 거 뭐라고 하지. 그 아 에어프라이어는 사 왔고. 최근에 여름 되니까 벌레가 너무 많이 생기잖아. 특히 음식물에 벌레가 많이 생기는데 그래서 버리기가 너무 힘들어서 미생물로 분해해 주는 기계 그런 게 있더라고. 오빠가 인스타그램에서 찾아와서 막 우 이거 쓰자 막 그러면서 찾아왔던 기억이 있어. 그래서 그거를 지금 살까 고민 중에 있어. 그게 음식물 쓰레기를 넣으면은 미생물들이 분해를 해서 흙으로 바로 만들어 준대. 근데 그게 하루 만에 다 만들어 주고 냄새도 안 나서 좋다고 하더라고. 너는 혹시 집안일 같은 거는 어떻게 하는 편이야? 어 가끔 아니 자주 좀 싸운 싸우진 않고 이런 거에 대해 짜증을 내는 거 같긴 한데 내 방이 쓰레기 그 분리수거 하는 데 바로 앞에 있단 말이야. 그래서 오빠는 좀 멀어서 쓰레기 같은 걸 거기 내면 그만인데 나는 내고 나서 그게 분리수거가 잘 안 되어 있거나 막 더러운 게 섞여 있거나 하면은 냄새가 바로 내 방으로 들어온단 말이야. 그거 때문에 오빠한테 뭐라 한 적도 많았던 거 같고. 약간 분담 같은 게 예전에는 막 뭐 냉장고 청소 네가 1번 하면 내가 화장실 청소 1번 하고 이런 식으로 번갈아서 하자라고 말은 했는데 어느 순간 보니까 내가 다 하고 있더라고. 그래서 그거에 대해서 쌓아 놨다가 화내기 직전에 딱 말하면은 오빠가 또 눈치는 빨라 가지고 그제서야 부랴부랴 치우고 막 이래서 어 싸우지는 않았던 거 같아. 근데 자취를 하니까 확실히 본가 살 때는 엄마가 다 해 주고 그러는데 내가 다 해야 되니까 그게 힘든 거 같긴 해. 너는 자취하고 싶다는 생각은 없어? 아 나 처음에 집 들어올 때 막 냉장고랑 기본 가구에 막 여 연두색 띠가 막 둘러져 있는 거야. 기본 색깔로 막 있는 거야. 그래서 그걸 보고 아 진짜 별로다. 여기 살기 싫다 했었는데 막상 들어가 보니까 그런 거 별로 티도 안 나고 깔끔해 보이고 좋더라고. 그래서 그렇게 쓰고 있고. 뭔가 인테리어 아 그 자취하면 내 방식대로 바 집을 꾸미고 막 이렇게 써야지라는 생각은 있었는데 막상 있으니까 짐을 그 넣을 짐도 너무 많고 근데 그거에 비해 공간은 안 나오고 하니까 인테리어라고 할 것도 없이 그냥 짐을 넣어 놓은 거 같아. 내 방이 너무 작아서 옷장 같은 게 들어갈 공간이 안 나서 거실에다가 행거 설치해서 바로 옷 놓아두고. 그래서 뭔가 꾸미기도 애매하고 그랬던 거 같아. 너는 집 인테리어 어떤 편이야? 서울에서 살 수 있으면 좋을 거 같은데. 왜냐하면 여가 생활 같은 것도 훨씬 더 많이 할 수 있고 이제 거의 내 친구들이나 생활 반경이 서울에 중심에 맞춰져 있다 보니까 서울에서 생활하는 게 편하긴 한데 가끔씩 여기가 사람이 너무 많아서 내려가고 싶다라는 생각이 들긴 해. 근데 직장을 얻고 뭔가 더 발전을 하려면은 서울에서 사는 게 맞는 거 같아. 나는 그 본가 살 때는 지하에 헬스장이 있어서 그거를 썼단 말이야. 근데 자취를 하니까 그런 여가 시설 시 그 아무튼 시설들이 없어서 막 주변에서 주변 다른 헬스장을 등록해 놨단 말이야. 근데 너는 지금 어쨌든 본가에 살잖아. 큰 아파트에 사는데 그러면 거기에 막 여가 시설 같은 게 와 잘 마련되어 있어?,0.005747126436781609,0.017241379310344827,0.004597701149425287,0.0,0.005747126436781609,0.0034482758620689655,0.005747126436781609,0.008045977011494253,0.01839080459770115,0.029885057471264367,0.004597701149425287,0.027586206896551724,0.0,0.008045977011494253,0.0022988505747126436,0.0,0.0034482758620689655,0.0011494252873563218,0.03218390804597701,0.013793103448275862,0.0,0.0,0.0,0.0022988505747126436,0.0,0.004597701149425287,0.021839080459770115,0.0,0.0034482758620689655,0.0034482758620689655,0.04367816091954023,0.0,0.006896551724137931,0.0,0.004597701149425287,0.009195402298850575,0.0,0.0,0.011494252873563218,0.0011494252873563218,0.0,0.0022988505747126436,0.0,0.0,0.034482758620689655,0.004597701149425287,0.013793103448275862,0.0022988505747126436,0.004597701149425287,0.0367816091954023,0.009195402298850575,0.0011494252873563218,0.0,0.0022988505747126436,0.0,0.0011494252873563218,0.0011494252873563218,0.0022988505747126436,0.0,0.006896551724137931,0.0,0.0,0.0,0.0011494252873563218,0.006896551724137931,0.0022988505747126436,0.0022988505747126436,0.0011494252873563218,0.0011494252873563218,0.0,0.0,0.0,0.0022988505747126436,0.0,0.0,0.005747126436781609,0.0022988505747126436,0.0,0.006896551724137931,0.010344827586206896,0.0011494252873563218,0.0,0.0,0.0,0.0,0.004597701149425287,0.0034482758620689655,0.0,0.0022988505747126436,0.004597701149425287,0.0,0.0022988505747126436,0.0,0.0011494252873563218,0.0,0.0011494252873563218,0.0011494252873563218,0.0011494252873563218,0.0,0.0022988505747126436,0.004597701149425287,0.0011494252873563218,0.0,0.0,0.0,0.0,0.01264367816091954,0.009195402298850575,0.0,0.0011494252873563218,0.0011494252873563218,0.0022988505747126436,0.0011494252873563218,0.0,0.0,0.0011494252873563218,0.0,0.0,0.0011494252873563218,0.011494252873563218,0.0,0.005747126436781609,0.0011494252873563218,0.0,0.0022988505747126436,0.0011494252873563218,0.0011494252873563218,0.0,0.0022988505747126436,0.0,0.0,0.0,0.0,0.0034482758620689655,0.0,0.0,0.01839080459770115,0.0022988505747126436,0.0,0.0,0.0022988505747126436,0.0022988505747126436,0.0022988505747126436,0.0,0.0,0.005747126436781609,0.0011494252873563218,0.0,0.008045977011494253,0.0022988505747126436,0.0011494252873563218,0.005747126436781609,0.0011494252873563218,0.0,0.0,0.0011494252873563218,0.0,0.0011494252873563218,0.006896551724137931,0.0011494252873563218,0.0,0.0034482758620689655,0.0,0.0,0.0,0.004597701149425287,0.0011494252873563218,0.0011494252873563218,0.0,0.0,0.0011494252873563218,0.0,0.0,0.0,0.006896551724137931,0.0,0.0,0.0,0.0,0.0,0.0011494252873563218,0.0,0.0034482758620689655,0.0022988505747126436,0.0,0.0022988505747126436,0.0,0.0022988505747126436,0.0022988505747126436,0.0,0.0,0.0,0.0022988505747126436,0.0,0.0,0.0011494252873563218,0.0,0.0,0.0,0.0,0.0034482758620689655,0.0,0.004597701149425287,0.0,0.0,0.0,0.0,0.0,0.0,0.0011494252873563218,0.0,0.0,0.0,0.0,0.0011494252873563218,0.0,0.0011494252873563218,0.0,0.0011494252873563218,0.0,0.0022988505747126436,0.0,0.0011494252873563218,0.0022988505747126436,0.0,0.0,0.005747126436781609,0.0,0.0022988505747126436,0.0,0.0,0.0,0.0,0.0,0.0,0.0,0.0,0.0,0.0022988505747126436,0.0,0.0,0.0,0.004597701149425287,0.0,0.0,0.0,0.0,0.0,0.0,0.0,0.0,0.0,0.0,0.0,0.0,0.0,0.006896551724137931,0.0034482758620689655,0.0011494252873563218,0.0011494252873563218,0.0011494252873563218,0.0011494252873563218,0.0022988505747126436,0.0022988505747126436,0.0011494252873563218,0.0011494252873563218,0.0011494252873563218,0.0011494252873563218,0.0011494252873563218,0.0011494252873563218,0.0034482758620689655,0.0011494252873563218,0.005747126436781609,0.0011494252873563218,0.0011494252873563218,0.0011494252873563218,0.0022988505747126436,0.0022988505747126436,0.0011494252873563218,0.0022988505747126436,0.0011494252873563218,0.0011494252873563218,0.0011494252873563218,0.0011494252873563218,0.0022988505747126436,0.0011494252873563218,0.0011494252873563218,0.0011494252873563218,0.0022988505747126436,0.0011494252873563218,0.0011494252873563218,0.0011494252873563218,0.0011494252873563218,0.0011494252873563218,0.0011494252873563218,0.0011494252873563218,0.0011494252873563218,0.0022988505747126436,0.0022988505747126436,0.0011494252873563218,0.0011494252873563218,0.0011494252873563218,0.0022988505747126436,0.0011494252873563218,0.0011494252873563218,0.0034482758620689655,0.0011494252873563218,0.0011494252873563218,0.0011494252873563218,0.0011494252873563218,0.0011494252873563218,0.0011494252873563218,0.0011494252873563218,0.0022988505747126436,0.0011494252873563218,0.0022988505747126436,0.0022988505747126436,0.0011494252873563218,0.0011494252873563218,0.0034482758620689655,0.0011494252873563218,0.0011494252873563218,0.0022988505747126436,0.0011494252873563218,0.0022988505747126436,0.0011494252873563218,0.0011494252873563218,0.0022988505747126436,0.0011494252873563218,0.0011494252873563218,0.0011494252873563218,0.0022988505747126436,0.0011494252873563218,0.0034482758620689655,0.0034482758620689655,0.0022988505747126436,0.0011494252873563218,0.0011494252873563218,0.0011494252873563218,0.0011494252873563218,0.0011494252873563218,0.0011494252873563218,0.0011494252873563218,0.004597701149425287,0.0011494252873563218,0.0011494252873563218,0.0011494252873563218,0.0011494252873563218,0.0022988505747126436,0.0011494252873563218,0.0011494252873563218,0.0011494252873563218,0.0034482758620689655,0.0011494252873563218,0.0011494252873563218,0.0011494252873563218,0.0011494252873563218,0.0022988505747126436,0.0011494252873563218,0.0022988505747126436,0.0022988505747126436,0.0022988505747126436,0.0011494252873563218,0.0011494252873563218,0.0011494252873563218,0.0011494252873563218,0.0022988505747126436,0.0011494252873563218,0.0034482758620689655,0.0034482758620689655,0.0011494252873563218,0.004597701149425287,0.0011494252873563218,0.0011494252873563218,0.0022988505747126436,0.0022988505747126436,0.0011494252873563218,0.0011494252873563218,0.0011494252873563218,0.0022988505747126436,0.0011494252873563218,0.0022988505747126436,0.0022988505747126436,0.0011494252873563218,0.0011494252873563218,0.0011494252873563218,0.0011494252873563218,0.0011494252873563218,0.0011494252873563218,0.0011494252873563218,0.0011494252873563218,0.0011494252873563218,0.0011494252873563218,0.0011494252873563218,0.0011494252873563218,0.0022988505747126436,0.0011494252873563218,0.0011494252873563218,0.0011494252873563218,0.0011494252873563218,0.0011494252873563218,0.0011494252873563218,0.0011494252873563218,0.0011494252873563218,0.0011494252873563218,0.0011494252873563218,0.0011494252873563218,0.0022988505747126436,0.0011494252873563218,0.0011494252873563218,0.0011494252873563218,0.0011494252873563218,0.0011494252873563218,0.0022988505747126436,0.0011494252873563218,0.0022988505747126436,0.0011494252873563218,0.0011494252873563218,0.0011494252873563218,0.0034482758620689655,0.0011494252873563218,0.0011494252873563218,0.0011494252873563218,0.0011494252873563218,0.0011494252873563218,0.0011494252873563218,0.0011494252873563218,0.0011494252873563218,0.0011494252873563218,0.0011494252873563218,0.0011494252873563218,0.0011494252873563218,0.0034482758620689655,0.0011494252873563218,0.0022988505747126436,0.0011494252873563218,0.0011494252873563218,0.0011494252873563218,0.0011494252873563218,0.0011494252873563218,0.0011494252873563218,0.0011494252873563218,0.0011494252873563218,0.0011494252873563218,0.0011494252873563218,0.0011494252873563218,0.0011494252873563218,0.0011494252873563218,0.0011494252873563218,0.0011494252873563218,0.0011494252873563218,0.0011494252873563218,0.0011494252873563218,0.0,0.0,0.0,0.0,0.0,0.0,0.0,0.0,0.0,0.0,0.0,0.0,0.0,0.0,0.0,0.0,0.0,0.0,0.0,0.0,0.0,0.0,0.0,0.0,0.0,0.0,0.0,0.0,0.0,0.0,0.0,0.0,0.0,0.0,0.0,0.0,0.0,0.0,0.0,0.0,0.2538006956658023,0.0,0.0,0.0,0.0,0.36184898015892375,0.0,0.0,0.0,0.0,0.0,0.0,0.0,0.0,0.0,0.0,0.0,0.0,0.0,0.0,0.0,0.0,0.0,0.0,0.0,0.0,0.0,0.0,0.0,0.0,0.0,0.0,0.0,0.0,0.0,0.0,0.0,0.0,0.0,0.0,0.0,0.0,0.0,0.0,0.0,0.0,0.0,0.0,0.0,0.0,0.0,0.0,0.0,0.0,0.2538006956658023,0.0,0.0,0.0,0.0,0.0,0.0,0.0,0.0,0.0,0.0,0.0,0.0,0.0,0.0,0.0,0.0,0.0,0.390288689585992,0.0,0.0,0.0,0.0,0.0,0.0,0.0,0.0,0.0,0.0,0.0,0.0,0.0,0.0,0.0,0.0,0.0,0.0,0.0,0.0,0.0,0.0,0.0,0.0,0.0,0.0,0.0,0.0,0.0,0.0,0.0,0.0,0.390288689585992,0.0,0.0,0.0,0.0,0.0,0.0,0.0,0.0,0.0,0.0,0.0,0.0,0.0,0.0,0.0,0.0,0.0,0.0,0.0,0.0,0.0,0.0,0.0,0.0,0.0,0.0,0.0,0.0,0.0,0.0,0.0,0.0,0.0,0.0,0.0,0.0,0.0,0.0,0.0,0.0,0.0,0.0,0.0,0.0,0.0,0.0,0.0,0.0,0.0,0.0,0.0,0.0,0.0,0.0,0.0,0.0,0.0,0.0,0.0,0.0,0.0,0.0,0.0,0.0,0.0,0.0,0.0,0.0,0.0,0.0,0.0,0.0,0.0,0.0,0.0,0.0,0.0,0.0,0.0,0.0,0.0,0.0,0.0,0.0,0.0,0.0,0.0,0.0,0.0,0.0,0.0,0.0,0.0,0.0,0.0,0.0,0.0,0.0,0.0,0.0,0.0,0.0,0.0,0.0,0.0,0.0,0.0,0.0,0.0,0.0,0.0,0.0,0.0,0.0,0.0,0.0,0.0,0.0,0.0,0.390288689585992,0.0,0.0,0.0,0.0,0.0,0.0,0.0,0.0,0.0,0.0,0.0,0.0,0.0,0.0,0.0,0.0,0.0,0.0,0.0,0.0,0.0,0.0,0.0,0.0,0.0,0.0,0.0,0.0,0.0,0.0,0.0,0.0,0.0,0.0,0.0,0.0,0.0,0.0,0.0,0.0,0.0,0.0,0.0,0.0,0.0,0.0,0.0,0.0,0.0,0.0,0.0,0.0,0.0,0.0,0.0,0.0,0.0,0.0,0.0,0.0,0.0,0.0,0.0,0.0,0.0,0.0,0.0,0.0,0.0,0.0,0.0,0.0,0.0,0.0,0.0,0.0,0.0,0.0,0.0,0.0,0.0,0.0,0.0,0.0,0.0,0.0,0.0,0.0,0.0,0.0,0.0,0.0,0.0,0.0,0.0,0.0,0.0,0.0,0.0,0.0,0.0,0.0,0.0,0.0,0.0,0.0,0.0,0.0,0.0,0.0,0.0,0.0,0.0,0.0,0.0,0.0,0.0,0.0,0.0,0.0,0.0,0.0,0.0,0.0,0.0,0.0,0.0,0.0,0.0,0.0,0.0,0.0,0.0,0.0,0.0,0.0,0.0,0.0,0.0,0.0,0.0,0.0,0.0,0.36184898015892375,0.0,0.0,0.0,0.0,0.0,0.0,0.0,0.0,0.0,0.0,0.0,0.0,0.0,0.0,0.0,0.0,0.0,0.0,0.0,0.0,0.0,0.0,0.0,0.0,0.0,0.0,0.0,0.0,0.0,0.0,0.0,0.0,0.0,0.0,0.0,0.0,0.0,0.0,0.0,0.0,0.0,0.0,0.0,0.0,0.0,0.0,0.0,0.0,0.0,0.0,0.0,0.0,0.0,0.0,0.0,0.0,0.0,0.0,0.0,0.0,0.0,0.0,0.0,0.0,0.0,0.0,0.0,0.0,0.390288689585992,0.0,0.0,0.0,0.0,0.0,0.0,0.0,0.0,0.0,0.0,0.0,0.0,0.0,0.0,0.0,0.0,0.0,0.0,0.0,0.0,0.0,0.0,0.0,0.0,0.0,0.0,0.0,0.0,0.0,0.0,0.0,0.0,0.0,0.0,0.0,0.0,0.0,0.0,0.0,0.0,0.0,0.0,0.0,0.0,0.0,0.0,0.0,0.0,0.0,0.0,0.0,0.0,0.0,0.0,0.0,0.0,0.0,0.0,0.0,0.0,0.0,0.0,0.0,0.0,0.0,0.0,0.0,0.0,0.0,0.0,0.0,0.0,0.0,0.0,0.0,0.0,0.0,0.0,0.0,0.0,0.0,0.0,0.0,0.0,0.0,0.0,0.0,0.0,0.0,0.0,0.0,0.0,0.0,0.0,0.0,0.0,0.0,0.0,0.0,0.0,0.0,0.0,0.0,0.0,0.0,0.0,0.0,0.0,0.0,0.0,0.0,0.0,0.0,0.0,0.0,0.0,0.0,0.0,0.0,0.0,0.0,0.0,0.0,0.0,0.0,0.0,0.0,0.0,0.0,0.0,0.0,0.0,0.0,0.0,0.0,0.0,0.0,0.0,0.0,0.0,0.0,0.0,0.0,0.0,0.0,0.0,0.0,0.0,0.0,0.0,0.0,0.0,0.0,0.0,0.0,0.0,0.0,0.0,0.0,0.0,0.0,0.0,0.0,0.0,0.0,0.0,0.0,0.0,0.0,0.0,0.0,0.0,0.0,0.0,0.0,0.0,0.0,0.0,0.0,0.0,0.0,0.0,0.0,0.0,0.0,0.0,0.0,0.0,0.0,0.0,0.0,0.0,0.0,0.0,0.0,0.0,0.0,0.0,0.0,0.0,0.0,0.0,0.0,0.0,0.0,0.0,0.0,0.0,0.0,0.0,0.0,0.0,0.0,0.0,0.0,0.0,0.0,0.0,0.0,0.0,0.0,0.0,0.0,0.0,0.0,0.0,0.0,0.0,0.0,0.0,0.0,0.0,0.0,0.0,0.0,0.0,0.0,0.0,0.0,0.0,0.0,0.0,0.0,0.0,0.0,0.0,0.0,0.0
SD2401268,20대,음 근데 우리집이 꼭대기 층이라 그런지 좀 괜찮은 거 같은데. 층간 소음은 없는데 벽간 소음이 쪼금 있는 거 같아. 방이 그 방음이 잘 안 돼서 옆 문 그 첫 입구 문에만 서도 옆의 방이 뭐 유튜브 뭐 듣고 있는지 무슨 대화하고 있는지가 너무 잘 들려서 쪼끔 부담스럽긴 해. 근데 위에는 아무도 사람이 안 사니까 내가 살기에는 어 소음이 없어서 되게 좋은 거 같아. 그거 말고도 본가 살 때는 위층이 아빠 지인이 살았었는데 그래서 막 소음이 나도 뭐라 하기가 좀 그랬던 경험이 있어. 너는 지금 몇 층 정도에 살아? 층간 소음은 없어? 음 그 학 학교 들어오고 나서부터 2년 동안 여기 살고 올해 새로 계약해서 똑같은 데 연장해서 거기서 살고 있어. 아마 내년에는 교환 학생을 가서 없으니까 오빠가 혼자 살 거 같아 지금 같이 살고 있으니까. 그리고 사실 나는 올해 딱 계약 연장할 때쯤에 새로 구해서 따로따로 살고 싶었는데 아무래도 서울 뭐 월세가 비싸다 보니까 그냥 한집에서 해서 전세로 사는 게 낫겠다 싶어서 같이 살고 있는데. 어 아무래도 생활 패턴이나 그런 집안일 하는 거가 좀 안 맞아서 좀 그게 제일 힘들어서 따로 살고 싶었던 거 같아. 뭐 혼자 늦게 자고 그런 건 상관없는데 오빠가 게임을 하니까 늦게까지 게임하는 소리 계속 들려 오 들려 오고 하니까 나 자는 데 방에 돼서 그랬던 거 같아. 너는 그런 적은 없어? 어 중3 때까지 1곳에서 살았고 그 주 중3 이후에 약간 신도시 분양 그런 청약 담 당첨 돼 가지고 1번 이사를 갔었어. 근데 그 중3 때까지 계속 같은 지역에 살다 보니까 거기 유치원 초등학교 중학교 나오고 고등학교도 그쪽을 가려고 했는데 이사를 가게 돼서 혼자 떨어진 곳을 가니까 친구들이랑도 멀어지고 그러 그 뭐 원래 놀던 데에서도 못 놀고 이런 게 쪼끔 아쉽고 힘들긴 하더라고. 근데 집이 넓어서 되게 좋았던 거 같아. 나는 이사를 많이 안 해 봐서 막 해 보고 싶었다 이런 게 좀 컸었는데 주변에 이사 많이 다니는 사람은 안 그렇더라고. 이사를 그만 다니고 싶다 그러더라. 혹시 너도 그런 편이야? 음 나는 이사 간 다음에 우 이 이사 간 아파트 앞에 막 전원주택 같은 게 있는 거야. 그래서 나중에 이 또 이사를 가게 된다면은 저런 데에서 살고 싶다. 저런 데에서 마당에서 막 식물 키우고 동물 키우고 막 나만의 정원을 가꾸면서 2층 바 다락방에서 살고 싶다 막 이런 생각을 했었는데. 근데 막상 거기에 살면은 관리하는 게 되게 힘들어 보이더라고. 할머니 집도 그런 전원주택인데 조금만 뭘 관리를 안 해 줘도 잡초 자라고 먼지가 끼고 더러워지고 막 그런 게 많아서 관리가 힘들다고 하더라고. 근데 그럼에도 한 약간 한번쯤은 전원주택에 살고 싶다 이런 생각이 있는데. 너는 그런 어디에 살고 싶다 이런 로망 같은 게 있어? 어 전자레인지랑 냉장고 세탁기 이 이 정도는 원래 있었던 거 같고. 밥솥이랑 응 어 그 오븐 같은 거 뭐라고 하지. 그 아 에어프라이어는 사 왔고. 최근에 여름 되니까 벌레가 너무 많이 생기잖아. 특히 음식물에 벌레가 많이 생기는데 그래서 버리기가 너무 힘들어서 미생물로 분해해 주는 기계 그런 게 있더라고. 오빠가 인스타그램에서 찾아와서 막 우 이거 쓰자 막 그러면서 찾아왔던 기억이 있어. 그래서 그거를 지금 살까 고민 중에 있어. 그게 음식물 쓰레기를 넣으면은 미생물들이 분해를 해서 흙으로 바로 만들어 준대. 근데 그게 하루 만에 다 만들어 주고 냄새도 안 나서 좋다고 하더라고. 너는 혹시 집안일 같은 거는 어떻게 하는 편이야? 어 가끔 아니 자주 좀 싸운 싸우진 않고 이런 거에 대해 짜증을 내는 거 같긴 한데 내 방이 쓰레기 그 분리수거 하는 데 바로 앞에 있단 말이야. 그래서 오빠는 좀 멀어서 쓰레기 같은 걸 거기 내면 그만인데 나는 내고 나서 그게 분리수거가 잘 안 되어 있거나 막 더러운 게 섞여 있거나 하면은 냄새가 바로 내 방으로 들어온단 말이야. 그거 때문에 오빠한테 뭐라 한 적도 많았던 거 같고. 약간 분담 같은 게 예전에는 막 뭐 냉장고 청소 네가 1번 하면 내가 화장실 청소 1번 하고 이런 식으로 번갈아서 하자라고 말은 했는데 어느 순간 보니까 내가 다 하고 있더라고. 그래서 그거에 대해서 쌓아 놨다가 화내기 직전에 딱 말하면은 오빠가 또 눈치는 빨라 가지고 그제서야 부랴부랴 치우고 막 이래서 어 싸우지는 않았던 거 같아. 근데 자취를 하니까 확실히 본가 살 때는 엄마가 다 해 주고 그러는데 내가 다 해야 되니까 그게 힘든 거 같긴 해. 너는 자취하고 싶다는 생각은 없어? 아 나 처음에 집 들어올 때 막 냉장고랑 기본 가구에 막 여 연두색 띠가 막 둘러져 있는 거야. 기본 색깔로 막 있는 거야. 그래서 그걸 보고 아 진짜 별로다. 여기 살기 싫다 했었는데 막상 들어가 보니까 그런 거 별로 티도 안 나고 깔끔해 보이고 좋더라고. 그래서 그렇게 쓰고 있고. 뭔가 인테리어 아 그 자취하면 내 방식대로 바 집을 꾸미고 막 이렇게 써야지라는 생각은 있었는데 막상 있으니까 짐을 그 넣을 짐도 너무 많고 근데 그거에 비해 공간은 안 나오고 하니까 인테리어라고 할 것도 없이 그냥 짐을 넣어 놓은 거 같아. 내 방이 너무 작아서 옷장 같은 게 들어갈 공간이 안 나서 거실에다가 행거 설치해서 바로 옷 놓아두고. 그래서 뭔가 꾸미기도 애매하고 그랬던 거 같아. 너는 집 인테리어 어떤 편이야? 서울에서 살 수 있으면 좋을 거 같은데. 왜냐하면 여가 생활 같은 것도 훨씬 더 많이 할 수 있고 이제 거의 내 친구들이나 생활 반경이 서울에 중심에 맞춰져 있다 보니까 서울에서 생활하는 게 편하긴 한데 가끔씩 여기가 사람이 너무 많아서 내려가고 싶다라는 생각이 들긴 해. 근데 직장을 얻고 뭔가 더 발전을 하려면은 서울에서 사는 게 맞는 거 같아. 나는 그 본가 살 때는 지하에 헬스장이 있어서 그거를 썼단 말이야. 근데 자취를 하니까 그런 여가 시설 시 그 아무튼 시설들이 없어서 막 주변에서 주변 다른 헬스장을 등록해 놨단 말이야. 근데 너는 지금 어쨌든 본가에 살잖아. 큰 아파트에 사는데 그러면 거기에 막 여가 시설 같은 게 와 잘 마련되어 있어?,0.005747126436781609,0.017241379310344827,0.004597701149425287,0.0,0.005747126436781609,0.0034482758620689655,0.005747126436781609,0.008045977011494253,0.01839080459770115,0.029885057471264367,0.004597701149425287,0.027586206896551724,0.0,0.008045977011494253,0.0022988505747126436,0.0,0.0034482758620689655,0.0011494252873563218,0.03218390804597701,0.013793103448275862,0.0,0.0,0.0,0.0022988505747126436,0.0,0.004597701149425287,0.021839080459770115,0.0,0.0034482758620689655,0.0034482758620689655,0.04367816091954023,0.0,0.006896551724137931,0.0,0.004597701149425287,0.009195402298850575,0.0,0.0,0.011494252873563218,0.0011494252873563218,0.0,0.0022988505747126436,0.0,0.0,0.034482758620689655,0.004597701149425287,0.013793103448275862,0.0022988505747126436,0.004597701149425287,0.0367816091954023,0.009195402298850575,0.0011494252873563218,0.0,0.0022988505747126436,0.0,0.0011494252873563218,0.0011494252873563218,0.0022988505747126436,0.0,0.006896551724137931,0.0,0.0,0.0,0.0011494252873563218,0.006896551724137931,0.0022988505747126436,0.0022988505747126436,0.0011494252873563218,0.0011494252873563218,0.0,0.0,0.0,0.0022988505747126436,0.0,0.0,0.005747126436781609,0.0022988505747126436,0.0,0.006896551724137931,0.010344827586206896,0.0011494252873563218,0.0,0.0,0.0,0.0,0.004597701149425287,0.0034482758620689655,0.0,0.0022988505747126436,0.004597701149425287,0.0,0.0022988505747126436,0.0,0.0011494252873563218,0.0,0.0011494252873563218,0.0011494252873563218,0.0011494252873563218,0.0,0.0022988505747126436,0.004597701149425287,0.0011494252873563218,0.0,0.0,0.0,0.0,0.01264367816091954,0.009195402298850575,0.0,0.0011494252873563218,0.0011494252873563218,0.0022988505747126436,0.0011494252873563218,0.0,0.0,0.0011494252873563218,0.0,0.0,0.0011494252873563218,0.011494252873563218,0.0,0.005747126436781609,0.0011494252873563218,0.0,0.0022988505747126436,0.0011494252873563218,0.0011494252873563218,0.0,0.0022988505747126436,0.0,0.0,0.0,0.0,0.0034482758620689655,0.0,0.0,0.01839080459770115,0.0022988505747126436,0.0,0.0,0.0022988505747126436,0.0022988505747126436,0.0022988505747126436,0.0,0.0,0.005747126436781609,0.0011494252873563218,0.0,0.008045977011494253,0.0022988505747126436,0.0011494252873563218,0.005747126436781609,0.0011494252873563218,0.0,0.0,0.0011494252873563218,0.0,0.0011494252873563218,0.006896551724137931,0.0011494252873563218,0.0,0.0034482758620689655,0.0,0.0,0.0,0.004597701149425287,0.0011494252873563218,0.0011494252873563218,0.0,0.0,0.0011494252873563218,0.0,0.0,0.0,0.006896551724137931,0.0,0.0,0.0,0.0,0.0,0.0011494252873563218,0.0,0.0034482758620689655,0.0022988505747126436,0.0,0.0022988505747126436,0.0,0.0022988505747126436,0.0022988505747126436,0.0,0.0,0.0,0.0022988505747126436,0.0,0.0,0.0011494252873563218,0.0,0.0,0.0,0.0,0.0034482758620689655,0.0,0.004597701149425287,0.0,0.0,0.0,0.0,0.0,0.0,0.0011494252873563218,0.0,0.0,0.0,0.0,0.0011494252873563218,0.0,0.0011494252873563218,0.0,0.0011494252873563218,0.0,0.0022988505747126436,0.0,0.0011494252873563218,0.0022988505747126436,0.0,0.0,0.005747126436781609,0.0,0.0022988505747126436,0.0,0.0,0.0,0.0,0.0,0.0,0.0,0.0,0.0,0.0022988505747126436,0.0,0.0,0.0,0.004597701149425287,0.0,0.0,0.0,0.0,0.0,0.0,0.0,0.0,0.0,0.0,0.0,0.0,0.0,0.006896551724137931,0.0034482758620689655,0.0011494252873563218,0.0011494252873563218,0.0011494252873563218,0.0011494252873563218,0.0022988505747126436,0.0022988505747126436,0.0011494252873563218,0.0011494252873563218,0.0011494252873563218,0.0011494252873563218,0.0011494252873563218,0.0011494252873563218,0.0034482758620689655,0.0011494252873563218,0.005747126436781609,0.0011494252873563218,0.0011494252873563218,0.0011494252873563218,0.0022988505747126436,0.0022988505747126436,0.0011494252873563218,0.0022988505747126436,0.0011494252873563218,0.0011494252873563218,0.0011494252873563218,0.0011494252873563218,0.0022988505747126436,0.0011494252873563218,0.0011494252873563218,0.0011494252873563218,0.0022988505747126436,0.0011494252873563218,0.0011494252873563218,0.0011494252873563218,0.0011494252873563218,0.0011494252873563218,0.0011494252873563218,0.0011494252873563218,0.0011494252873563218,0.0022988505747126436,0.0022988505747126436,0.0011494252873563218,0.0011494252873563218,0.0011494252873563218,0.0022988505747126436,0.0011494252873563218,0.0011494252873563218,0.0034482758620689655,0.0011494252873563218,0.0011494252873563218,0.0011494252873563218,0.0011494252873563218,0.0011494252873563218,0.0011494252873563218,0.0011494252873563218,0.0022988505747126436,0.0011494252873563218,0.0022988505747126436,0.0022988505747126436,0.0011494252873563218,0.0011494252873563218,0.0034482758620689655,0.0011494252873563218,0.0011494252873563218,0.0022988505747126436,0.0011494252873563218,0.0022988505747126436,0.0011494252873563218,0.0011494252873563218,0.0022988505747126436,0.0011494252873563218,0.0011494252873563218,0.0011494252873563218,0.0022988505747126436,0.0011494252873563218,0.0034482758620689655,0.0034482758620689655,0.0022988505747126436,0.0011494252873563218,0.0011494252873563218,0.0011494252873563218,0.0011494252873563218,0.0011494252873563218,0.0011494252873563218,0.0011494252873563218,0.004597701149425287,0.0011494252873563218,0.0011494252873563218,0.0011494252873563218,0.0011494252873563218,0.0022988505747126436,0.0011494252873563218,0.0011494252873563218,0.0011494252873563218,0.0034482758620689655,0.0011494252873563218,0.0011494252873563218,0.0011494252873563218,0.0011494252873563218,0.0022988505747126436,0.0011494252873563218,0.0022988505747126436,0.0022988505747126436,0.0022988505747126436,0.0011494252873563218,0.0011494252873563218,0.0011494252873563218,0.0011494252873563218,0.0022988505747126436,0.0011494252873563218,0.0034482758620689655,0.0034482758620689655,0.0011494252873563218,0.004597701149425287,0.0011494252873563218,0.0011494252873563218,0.0022988505747126436,0.0022988505747126436,0.0011494252873563218,0.0011494252873563218,0.0011494252873563218,0.0022988505747126436,0.0011494252873563218,0.0022988505747126436,0.0022988505747126436,0.0011494252873563218,0.0011494252873563218,0.0011494252873563218,0.0011494252873563218,0.0011494252873563218,0.0011494252873563218,0.0011494252873563218,0.0011494252873563218,0.0011494252873563218,0.0011494252873563218,0.0011494252873563218,0.0011494252873563218,0.0022988505747126436,0.0011494252873563218,0.0011494252873563218,0.0011494252873563218,0.0011494252873563218,0.0011494252873563218,0.0011494252873563218,0.0011494252873563218,0.0011494252873563218,0.0011494252873563218,0.0011494252873563218,0.0011494252873563218,0.0022988505747126436,0.0011494252873563218,0.0011494252873563218,0.0011494252873563218,0.0011494252873563218,0.0011494252873563218,0.0022988505747126436,0.0011494252873563218,0.0022988505747126436,0.0011494252873563218,0.0011494252873563218,0.0011494252873563218,0.0034482758620689655,0.0011494252873563218,0.0011494252873563218,0.0011494252873563218,0.0011494252873563218,0.0011494252873563218,0.0011494252873563218,0.0011494252873563218,0.0011494252873563218,0.0011494252873563218,0.0011494252873563218,0.0011494252873563218,0.0011494252873563218,0.0034482758620689655,0.0011494252873563218,0.0022988505747126436,0.0011494252873563218,0.0011494252873563218,0.0011494252873563218,0.0011494252873563218,0.0011494252873563218,0.0011494252873563218,0.0011494252873563218,0.0011494252873563218,0.0011494252873563218,0.0011494252873563218,0.0011494252873563218,0.0011494252873563218,0.0011494252873563218,0.0011494252873563218,0.0011494252873563218,0.0011494252873563218,0.0011494252873563218,0.0011494252873563218,0.0,0.0,0.0,0.0,0.0,0.0,0.0,0.0,0.0,0.0,0.0,0.0,0.0,0.0,0.0,0.0,0.0,0.0,0.0,0.0,0.0,0.0,0.0,0.0,0.0,0.0,0.0,0.0,0.0,0.0,0.0,0.0,0.0,0.0,0.0,0.0,0.0,0.0,0.0,0.0,0.0,0.0,0.0,0.0,0.0,0.0,0.0,0.0,0.0,0.0,0.0,0.0,0.0,0.0,0.0,0.0,0.0,0.0,0.0,0.0,0.0,0.0,0.0,0.0,0.0,0.0,0.0,0.0,0.0,0.0,0.0,0.0,0.0,0.0,0.0,0.0,0.0,0.0,0.0,0.0,0.0,0.0,0.0,0.0,0.0,0.0,0.0,0.0,0.0,0.19476912167640953,0.0,0.0,0.0,0.0,0.0,0.0,0.0,0.0,0.0,0.0,0.0,0.0,0.0,0.0,0.0,0.0,0.0,0.0,0.0,0.0,0.0,0.0,0.0,0.0,0.0,0.0,0.0,0.0,0.0,0.0,0.0,0.0,0.0,0.0,0.0,0.0,0.0,0.0,0.0,0.0,0.183416385286072,0.0,0.0,0.220048889988003,0.0,0.0,0.0,0.0,0.0,0.0,0.0,0.2513607301972212,0.0,0.0,0.0,0.0,0.0,0.0,0.2513607301972212,0.0,0.0,0.0,0.0,0.0,0.0,0.0,0.0,0.0,0.0,0.0,0.0,0.0,0.0,0.0,0.0,0.0,0.0,0.0,0.0,0.0,0.0,0.0,0.0,0.0,0.0,0.0,0.0,0.0,0.0,0.0,0.0,0.0,0.0,0.0,0.0,0.0,0.0,0.0,0.0,0.0,0.0,0.0,0.0,0.0,0.0,0.2513607301972212,0.0,0.0,0.0,0.0,0.0,0.0,0.0,0.0,0.0,0.0,0.0,0.0,0.0,0.0,0.0,0.0,0.2513607301972212,0.0,0.0,0.0,0.0,0.0,0.0,0.0,0.0,0.0,0.0,0.2513607301972212,0.0,0.0,0.0,0.0,0.0,0.0,0.0,0.0,0.0,0.0,0.0,0.0,0.0,0.0,0.0,0.0,0.0,0.0,0.0,0.0,0.0,0.0,0.0,0.0,0.0,0.0,0.0,0.0,0.0,0.0,0.0,0.0,0.0,0.0,0.183416385286072,0.0,0.0,0.0,0.0,0.0,0.0,0.0,0.0,0.0,0.0,0.0,0.0,0.0,0.0,0.0,0.0,0.0,0.0,0.0,0.0,0.0,0.0,0.0,0.0,0.0,0.20996872892203192,0.0,0.0,0.0,0.0,0.0,0.0,0.2513607301972212,0.0,0.0,0.0,0.0,0.0,0.0,0.0,0.0,0.0,0.0,0.0,0.0,0.0,0.0,0.0,0.0,0.0,0.0,0.0,0.0,0.0,0.2513607301972212,0.0,0.0,0.0,0.0,0.0,0.0,0.0,0.0,0.0,0.0,0.0,0.0,0.0,0.0,0.0,0.0,0.0,0.0,0.0,0.0,0.0,0.0,0.0,0.0,0.0,0.0,0.0,0.0,0.0,0.0,0.0,0.0,0.0,0.0,0.0,0.0,0.0,0.0,0.0,0.0,0.0,0.0,0.0,0.0,0.0,0.0,0.0,0.0,0.0,0.0,0.2513607301972212,0.0,0.0,0.0,0.0,0.0,0.0,0.0,0.0,0.0,0.0,0.0,0.0,0.0,0.0,0.0,0.0,0.0,0.0,0.0,0.0,0.0,0.0,0.0,0.0,0.0,0.0,0.0,0.0,0.0,0.0,0.0,0.0,0.0,0.0,0.0,0.0,0.0,0.0,0.0,0.0,0.0,0.0,0.0,0.0,0.0,0.0,0.0,0.0,0.0,0.0,0.0,0.0,0.0,0.0,0.0,0.0,0.0,0.0,0.0,0.0,0.0,0.0,0.0,0.0,0.0,0.0,0.0,0.0,0.0,0.0,0.0,0.0,0.0,0.0,0.0,0.0,0.0,0.0,0.0,0.0,0.0,0.0,0.0,0.0,0.0,0.0,0.0,0.0,0.0,0.0,0.0,0.0,0.0,0.0,0.0,0.0,0.0,0.0,0.0,0.0,0.0,0.0,0.0,0.0,0.0,0.0,0.0,0.0,0.0,0.0,0.0,0.0,0.0,0.0,0.0,0.0,0.0,0.0,0.0,0.0,0.0,0.0,0.0,0.0,0.0,0.0,0.0,0.0,0.0,0.0,0.0,0.0,0.0,0.0,0.0,0.0,0.0,0.0,0.0,0.0,0.0,0.0,0.0,0.0,0.0,0.0,0.0,0.0,0.0,0.0,0.0,0.0,0.0,0.0,0.0,0.0,0.0,0.0,0.0,0.0,0.0,0.0,0.0,0.0,0.0,0.0,0.0,0.0,0.0,0.0,0.0,0.5027214603944424,0.0,0.0,0.0,0.0,0.0,0.0,0.0,0.0,0.0,0.0,0.0,0.0,0.0,0.0,0.0,0.0,0.0,0.0,0.0,0.0,0.0,0.0,0.0,0.0,0.0,0.0,0.0,0.0,0.0,0.0,0.0,0.0,0.0,0.0,0.0,0.0,0.0,0.0,0.0,0.0,0.0,0.0,0.0,0.0,0.0,0.0,0.0,0.0,0.0,0.0,0.0,0.0,0.0,0.0,0.0,0.0,0.0,0.0,0.0,0.0,0.0,0.0,0.0,0.0,0.0,0.0,0.0,0.0,0.0,0.0,0.0,0.0,0.0,0.0,0.0,0.0,0.0,0.0,0.0,0.0,0.0,0.0,0.0,0.0,0.0,0.0,0.0,0.0,0.0,0.0,0.0,0.0,0.0,0.0,0.0,0.0,0.0,0.0,0.0,0.0,0.0,0.0,0.0,0.0,0.0,0.0,0.0,0.0,0.0,0.0,0.0,0.0,0.0,0.0,0.0,0.0,0.0,0.0,0.0,0.0,0.0,0.0,0.0,0.0,0.0,0.0,0.0,0.0,0.0,0.0,0.0,0.0,0.0,0.0,0.0,0.0,0.0,0.0,0.0,0.0,0.0,0.0,0.0,0.0,0.0,0.0,0.20996872892203192,0.0,0.0,0.0,0.0,0.0,0.0,0.0,0.0,0.0,0.0,0.0,0.0,0.0,0.0,0.0,0.0,0.0,0.0,0.0,0.0,0.0,0.0,0.0,0.0,0.0,0.0,0.0,0.0,0.0,0.0,0.0,0.0,0.0,0.0,0.0,0.0,0.0,0.0,0.0,0.0,0.0,0.0,0.0
SD2401268,20대,음 근데 우리집이 꼭대기 층이라 그런지 좀 괜찮은 거 같은데. 층간 소음은 없는데 벽간 소음이 쪼금 있는 거 같아. 방이 그 방음이 잘 안 돼서 옆 문 그 첫 입구 문에만 서도 옆의 방이 뭐 유튜브 뭐 듣고 있는지 무슨 대화하고 있는지가 너무 잘 들려서 쪼끔 부담스럽긴 해. 근데 위에는 아무도 사람이 안 사니까 내가 살기에는 어 소음이 없어서 되게 좋은 거 같아. 그거 말고도 본가 살 때는 위층이 아빠 지인이 살았었는데 그래서 막 소음이 나도 뭐라 하기가 좀 그랬던 경험이 있어. 너는 지금 몇 층 정도에 살아? 층간 소음은 없어? 음 그 학 학교 들어오고 나서부터 2년 동안 여기 살고 올해 새로 계약해서 똑같은 데 연장해서 거기서 살고 있어. 아마 내년에는 교환 학생을 가서 없으니까 오빠가 혼자 살 거 같아 지금 같이 살고 있으니까. 그리고 사실 나는 올해 딱 계약 연장할 때쯤에 새로 구해서 따로따로 살고 싶었는데 아무래도 서울 뭐 월세가 비싸다 보니까 그냥 한집에서 해서 전세로 사는 게 낫겠다 싶어서 같이 살고 있는데. 어 아무래도 생활 패턴이나 그런 집안일 하는 거가 좀 안 맞아서 좀 그게 제일 힘들어서 따로 살고 싶었던 거 같아. 뭐 혼자 늦게 자고 그런 건 상관없는데 오빠가 게임을 하니까 늦게까지 게임하는 소리 계속 들려 오 들려 오고 하니까 나 자는 데 방에 돼서 그랬던 거 같아. 너는 그런 적은 없어? 어 중3 때까지 1곳에서 살았고 그 주 중3 이후에 약간 신도시 분양 그런 청약 담 당첨 돼 가지고 1번 이사를 갔었어. 근데 그 중3 때까지 계속 같은 지역에 살다 보니까 거기 유치원 초등학교 중학교 나오고 고등학교도 그쪽을 가려고 했는데 이사를 가게 돼서 혼자 떨어진 곳을 가니까 친구들이랑도 멀어지고 그러 그 뭐 원래 놀던 데에서도 못 놀고 이런 게 쪼끔 아쉽고 힘들긴 하더라고. 근데 집이 넓어서 되게 좋았던 거 같아. 나는 이사를 많이 안 해 봐서 막 해 보고 싶었다 이런 게 좀 컸었는데 주변에 이사 많이 다니는 사람은 안 그렇더라고. 이사를 그만 다니고 싶다 그러더라. 혹시 너도 그런 편이야? 음 나는 이사 간 다음에 우 이 이사 간 아파트 앞에 막 전원주택 같은 게 있는 거야. 그래서 나중에 이 또 이사를 가게 된다면은 저런 데에서 살고 싶다. 저런 데에서 마당에서 막 식물 키우고 동물 키우고 막 나만의 정원을 가꾸면서 2층 바 다락방에서 살고 싶다 막 이런 생각을 했었는데. 근데 막상 거기에 살면은 관리하는 게 되게 힘들어 보이더라고. 할머니 집도 그런 전원주택인데 조금만 뭘 관리를 안 해 줘도 잡초 자라고 먼지가 끼고 더러워지고 막 그런 게 많아서 관리가 힘들다고 하더라고. 근데 그럼에도 한 약간 한번쯤은 전원주택에 살고 싶다 이런 생각이 있는데. 너는 그런 어디에 살고 싶다 이런 로망 같은 게 있어? 어 전자레인지랑 냉장고 세탁기 이 이 정도는 원래 있었던 거 같고. 밥솥이랑 응 어 그 오븐 같은 거 뭐라고 하지. 그 아 에어프라이어는 사 왔고. 최근에 여름 되니까 벌레가 너무 많이 생기잖아. 특히 음식물에 벌레가 많이 생기는데 그래서 버리기가 너무 힘들어서 미생물로 분해해 주는 기계 그런 게 있더라고. 오빠가 인스타그램에서 찾아와서 막 우 이거 쓰자 막 그러면서 찾아왔던 기억이 있어. 그래서 그거를 지금 살까 고민 중에 있어. 그게 음식물 쓰레기를 넣으면은 미생물들이 분해를 해서 흙으로 바로 만들어 준대. 근데 그게 하루 만에 다 만들어 주고 냄새도 안 나서 좋다고 하더라고. 너는 혹시 집안일 같은 거는 어떻게 하는 편이야? 어 가끔 아니 자주 좀 싸운 싸우진 않고 이런 거에 대해 짜증을 내는 거 같긴 한데 내 방이 쓰레기 그 분리수거 하는 데 바로 앞에 있단 말이야. 그래서 오빠는 좀 멀어서 쓰레기 같은 걸 거기 내면 그만인데 나는 내고 나서 그게 분리수거가 잘 안 되어 있거나 막 더러운 게 섞여 있거나 하면은 냄새가 바로 내 방으로 들어온단 말이야. 그거 때문에 오빠한테 뭐라 한 적도 많았던 거 같고. 약간 분담 같은 게 예전에는 막 뭐 냉장고 청소 네가 1번 하면 내가 화장실 청소 1번 하고 이런 식으로 번갈아서 하자라고 말은 했는데 어느 순간 보니까 내가 다 하고 있더라고. 그래서 그거에 대해서 쌓아 놨다가 화내기 직전에 딱 말하면은 오빠가 또 눈치는 빨라 가지고 그제서야 부랴부랴 치우고 막 이래서 어 싸우지는 않았던 거 같아. 근데 자취를 하니까 확실히 본가 살 때는 엄마가 다 해 주고 그러는데 내가 다 해야 되니까 그게 힘든 거 같긴 해. 너는 자취하고 싶다는 생각은 없어? 아 나 처음에 집 들어올 때 막 냉장고랑 기본 가구에 막 여 연두색 띠가 막 둘러져 있는 거야. 기본 색깔로 막 있는 거야. 그래서 그걸 보고 아 진짜 별로다. 여기 살기 싫다 했었는데 막상 들어가 보니까 그런 거 별로 티도 안 나고 깔끔해 보이고 좋더라고. 그래서 그렇게 쓰고 있고. 뭔가 인테리어 아 그 자취하면 내 방식대로 바 집을 꾸미고 막 이렇게 써야지라는 생각은 있었는데 막상 있으니까 짐을 그 넣을 짐도 너무 많고 근데 그거에 비해 공간은 안 나오고 하니까 인테리어라고 할 것도 없이 그냥 짐을 넣어 놓은 거 같아. 내 방이 너무 작아서 옷장 같은 게 들어갈 공간이 안 나서 거실에다가 행거 설치해서 바로 옷 놓아두고. 그래서 뭔가 꾸미기도 애매하고 그랬던 거 같아. 너는 집 인테리어 어떤 편이야? 서울에서 살 수 있으면 좋을 거 같은데. 왜냐하면 여가 생활 같은 것도 훨씬 더 많이 할 수 있고 이제 거의 내 친구들이나 생활 반경이 서울에 중심에 맞춰져 있다 보니까 서울에서 생활하는 게 편하긴 한데 가끔씩 여기가 사람이 너무 많아서 내려가고 싶다라는 생각이 들긴 해. 근데 직장을 얻고 뭔가 더 발전을 하려면은 서울에서 사는 게 맞는 거 같아. 나는 그 본가 살 때는 지하에 헬스장이 있어서 그거를 썼단 말이야. 근데 자취를 하니까 그런 여가 시설 시 그 아무튼 시설들이 없어서 막 주변에서 주변 다른 헬스장을 등록해 놨단 말이야. 근데 너는 지금 어쨌든 본가에 살잖아. 큰 아파트에 사는데 그러면 거기에 막 여가 시설 같은 게 와 잘 마련되어 있어?,0.005747126436781609,0.017241379310344827,0.004597701149425287,0.0,0.005747126436781609,0.0034482758620689655,0.005747126436781609,0.008045977011494253,0.01839080459770115,0.029885057471264367,0.004597701149425287,0.027586206896551724,0.0,0.008045977011494253,0.0022988505747126436,0.0,0.0034482758620689655,0.0011494252873563218,0.03218390804597701,0.013793103448275862,0.0,0.0,0.0,0.0022988505747126436,0.0,0.004597701149425287,0.021839080459770115,0.0,0.0034482758620689655,0.0034482758620689655,0.04367816091954023,0.0,0.006896551724137931,0.0,0.004597701149425287,0.009195402298850575,0.0,0.0,0.011494252873563218,0.0011494252873563218,0.0,0.0022988505747126436,0.0,0.0,0.034482758620689655,0.004597701149425287,0.013793103448275862,0.0022988505747126436,0.004597701149425287,0.0367816091954023,0.009195402298850575,0.0011494252873563218,0.0,0.0022988505747126436,0.0,0.0011494252873563218,0.0011494252873563218,0.0022988505747126436,0.0,0.006896551724137931,0.0,0.0,0.0,0.0011494252873563218,0.006896551724137931,0.0022988505747126436,0.0022988505747126436,0.0011494252873563218,0.0011494252873563218,0.0,0.0,0.0,0.0022988505747126436,0.0,0.0,0.005747126436781609,0.0022988505747126436,0.0,0.006896551724137931,0.010344827586206896,0.0011494252873563218,0.0,0.0,0.0,0.0,0.004597701149425287,0.0034482758620689655,0.0,0.0022988505747126436,0.004597701149425287,0.0,0.0022988505747126436,0.0,0.0011494252873563218,0.0,0.0011494252873563218,0.0011494252873563218,0.0011494252873563218,0.0,0.0022988505747126436,0.004597701149425287,0.0011494252873563218,0.0,0.0,0.0,0.0,0.01264367816091954,0.009195402298850575,0.0,0.0011494252873563218,0.0011494252873563218,0.0022988505747126436,0.0011494252873563218,0.0,0.0,0.0011494252873563218,0.0,0.0,0.0011494252873563218,0.011494252873563218,0.0,0.005747126436781609,0.0011494252873563218,0.0,0.0022988505747126436,0.0011494252873563218,0.0011494252873563218,0.0,0.0022988505747126436,0.0,0.0,0.0,0.0,0.0034482758620689655,0.0,0.0,0.01839080459770115,0.0022988505747126436,0.0,0.0,0.0022988505747126436,0.0022988505747126436,0.0022988505747126436,0.0,0.0,0.005747126436781609,0.0011494252873563218,0.0,0.008045977011494253,0.0022988505747126436,0.0011494252873563218,0.005747126436781609,0.0011494252873563218,0.0,0.0,0.0011494252873563218,0.0,0.0011494252873563218,0.006896551724137931,0.0011494252873563218,0.0,0.0034482758620689655,0.0,0.0,0.0,0.004597701149425287,0.0011494252873563218,0.0011494252873563218,0.0,0.0,0.0011494252873563218,0.0,0.0,0.0,0.006896551724137931,0.0,0.0,0.0,0.0,0.0,0.0011494252873563218,0.0,0.0034482758620689655,0.0022988505747126436,0.0,0.0022988505747126436,0.0,0.0022988505747126436,0.0022988505747126436,0.0,0.0,0.0,0.0022988505747126436,0.0,0.0,0.0011494252873563218,0.0,0.0,0.0,0.0,0.0034482758620689655,0.0,0.004597701149425287,0.0,0.0,0.0,0.0,0.0,0.0,0.0011494252873563218,0.0,0.0,0.0,0.0,0.0011494252873563218,0.0,0.0011494252873563218,0.0,0.0011494252873563218,0.0,0.0022988505747126436,0.0,0.0011494252873563218,0.0022988505747126436,0.0,0.0,0.005747126436781609,0.0,0.0022988505747126436,0.0,0.0,0.0,0.0,0.0,0.0,0.0,0.0,0.0,0.0022988505747126436,0.0,0.0,0.0,0.004597701149425287,0.0,0.0,0.0,0.0,0.0,0.0,0.0,0.0,0.0,0.0,0.0,0.0,0.0,0.006896551724137931,0.0034482758620689655,0.0011494252873563218,0.0011494252873563218,0.0011494252873563218,0.0011494252873563218,0.0022988505747126436,0.0022988505747126436,0.0011494252873563218,0.0011494252873563218,0.0011494252873563218,0.0011494252873563218,0.0011494252873563218,0.0011494252873563218,0.0034482758620689655,0.0011494252873563218,0.005747126436781609,0.0011494252873563218,0.0011494252873563218,0.0011494252873563218,0.0022988505747126436,0.0022988505747126436,0.0011494252873563218,0.0022988505747126436,0.0011494252873563218,0.0011494252873563218,0.0011494252873563218,0.0011494252873563218,0.0022988505747126436,0.0011494252873563218,0.0011494252873563218,0.0011494252873563218,0.0022988505747126436,0.0011494252873563218,0.0011494252873563218,0.0011494252873563218,0.0011494252873563218,0.0011494252873563218,0.0011494252873563218,0.0011494252873563218,0.0011494252873563218,0.0022988505747126436,0.0022988505747126436,0.0011494252873563218,0.0011494252873563218,0.0011494252873563218,0.0022988505747126436,0.0011494252873563218,0.0011494252873563218,0.0034482758620689655,0.0011494252873563218,0.0011494252873563218,0.0011494252873563218,0.0011494252873563218,0.0011494252873563218,0.0011494252873563218,0.0011494252873563218,0.0022988505747126436,0.0011494252873563218,0.0022988505747126436,0.0022988505747126436,0.0011494252873563218,0.0011494252873563218,0.0034482758620689655,0.0011494252873563218,0.0011494252873563218,0.0022988505747126436,0.0011494252873563218,0.0022988505747126436,0.0011494252873563218,0.0011494252873563218,0.0022988505747126436,0.0011494252873563218,0.0011494252873563218,0.0011494252873563218,0.0022988505747126436,0.0011494252873563218,0.0034482758620689655,0.0034482758620689655,0.0022988505747126436,0.0011494252873563218,0.0011494252873563218,0.0011494252873563218,0.0011494252873563218,0.0011494252873563218,0.0011494252873563218,0.0011494252873563218,0.004597701149425287,0.0011494252873563218,0.0011494252873563218,0.0011494252873563218,0.0011494252873563218,0.0022988505747126436,0.0011494252873563218,0.0011494252873563218,0.0011494252873563218,0.0034482758620689655,0.0011494252873563218,0.0011494252873563218,0.0011494252873563218,0.0011494252873563218,0.0022988505747126436,0.0011494252873563218,0.0022988505747126436,0.0022988505747126436,0.0022988505747126436,0.0011494252873563218,0.0011494252873563218,0.0011494252873563218,0.0011494252873563218,0.0022988505747126436,0.0011494252873563218,0.0034482758620689655,0.0034482758620689655,0.0011494252873563218,0.004597701149425287,0.0011494252873563218,0.0011494252873563218,0.0022988505747126436,0.0022988505747126436,0.0011494252873563218,0.0011494252873563218,0.0011494252873563218,0.0022988505747126436,0.0011494252873563218,0.0022988505747126436,0.0022988505747126436,0.0011494252873563218,0.0011494252873563218,0.0011494252873563218,0.0011494252873563218,0.0011494252873563218,0.0011494252873563218,0.0011494252873563218,0.0011494252873563218,0.0011494252873563218,0.0011494252873563218,0.0011494252873563218,0.0011494252873563218,0.0022988505747126436,0.0011494252873563218,0.0011494252873563218,0.0011494252873563218,0.0011494252873563218,0.0011494252873563218,0.0011494252873563218,0.0011494252873563218,0.0011494252873563218,0.0011494252873563218,0.0011494252873563218,0.0011494252873563218,0.0022988505747126436,0.0011494252873563218,0.0011494252873563218,0.0011494252873563218,0.0011494252873563218,0.0011494252873563218,0.0022988505747126436,0.0011494252873563218,0.0022988505747126436,0.0011494252873563218,0.0011494252873563218,0.0011494252873563218,0.0034482758620689655,0.0011494252873563218,0.0011494252873563218,0.0011494252873563218,0.0011494252873563218,0.0011494252873563218,0.0011494252873563218,0.0011494252873563218,0.0011494252873563218,0.0011494252873563218,0.0011494252873563218,0.0011494252873563218,0.0011494252873563218,0.0034482758620689655,0.0011494252873563218,0.0022988505747126436,0.0011494252873563218,0.0011494252873563218,0.0011494252873563218,0.0011494252873563218,0.0011494252873563218,0.0011494252873563218,0.0011494252873563218,0.0011494252873563218,0.0011494252873563218,0.0011494252873563218,0.0011494252873563218,0.0011494252873563218,0.0011494252873563218,0.0011494252873563218,0.0011494252873563218,0.0011494252873563218,0.0011494252873563218,0.0011494252873563218,0.0,0.0,0.0,0.0,0.0,0.0,0.0,0.0,0.0,0.0,0.0,0.0,0.0,0.0,0.0,0.0,0.0,0.0,0.0,0.0,0.0,0.0,0.0,0.0,0.0,0.0,0.0,0.0,0.0,0.0,0.0,0.0,0.0,0.0,0.0,0.37359110388725053,0.0,0.0,0.0,0.0,0.0,0.0,0.0,0.0,0.0,0.0,0.0,0.0,0.0,0.0,0.0,0.0,0.0,0.0,0.0,0.0,0.0,0.0,0.0,0.0,0.0,0.0,0.0,0.0,0.0,0.0,0.0,0.0,0.0,0.0,0.0,0.0,0.0,0.0,0.0,0.0,0.0,0.0,0.0,0.0,0.0,0.0,0.0,0.0,0.0,0.35275801632174586,0.0,0.0,0.0,0.0,0.0,0.0,0.0,0.0,0.0,0.0,0.0,0.0,0.0,0.0,0.0,0.0,0.0,0.0,0.0,0.0,0.0,0.0,0.0,0.0,0.0,0.0,0.0,0.0,0.0,0.0,0.0,0.0,0.0,0.0,0.0,0.0,0.0,0.0,0.0,0.0,0.0,0.0,0.0,0.0,0.0,0.0,0.0,0.0,0.0,0.0,0.0,0.0,0.0,0.0,0.0,0.0,0.0,0.0,0.0,0.0,0.0,0.0,0.0,0.0,0.0,0.0,0.0,0.0,0.0,0.0,0.0,0.0,0.0,0.0,0.0,0.0,0.0,0.0,0.0,0.0,0.0,0.0,0.0,0.0,0.0,0.0,0.0,0.0,0.0,0.0,0.0,0.0,0.0,0.0,0.0,0.0,0.0,0.0,0.0,0.0,0.0,0.0,0.0,0.0,0.0,0.0,0.0,0.0,0.0,0.0,0.0,0.0,0.0,0.0,0.0,0.0,0.0,0.0,0.0,0.0,0.0,0.0,0.0,0.0,0.0,0.0,0.0,0.0,0.0,0.0,0.0,0.0,0.0,0.0,0.0,0.0,0.0,0.0,0.0,0.0,0.0,0.0,0.0,0.0,0.0,0.0,0.0,0.0,0.35275801632174586,0.0,0.0,0.0,0.0,0.0,0.0,0.0,0.0,0.0,0.0,0.0,0.0,0.0,0.0,0.0,0.0,0.0,0.0,0.0,0.402953691656393,0.0,0.0,0.0,0.0,0.0,0.0,0.0,0.0,0.0,0.0,0.0,0.0,0.0,0.0,0.0,0.0,0.0,0.0,0.0,0.0,0.0,0.35275801632174586,0.0,0.0,0.0,0.0,0.0,0.0,0.0,0.0,0.0,0.0,0.0,0.0,0.0,0.0,0.0,0.0,0.0,0.0,0.0,0.0,0.0,0.0,0.0,0.0,0.0,0.0,0.0,0.0,0.0,0.0,0.0,0.0,0.0,0.0,0.0,0.0,0.0,0.0,0.0,0.0,0.0,0.0,0.0,0.0,0.0,0.0,0.0,0.0,0.0,0.0,0.0,0.0,0.0,0.0,0.0,0.0,0.0,0.0,0.0,0.0,0.0,0.0,0.0,0.0,0.0,0.0,0.0,0.0,0.0,0.0,0.0,0.0,0.0,0.0,0.0,0.0,0.0,0.0,0.0,0.0,0.0,0.0,0.0,0.0,0.0,0.0,0.0,0.0,0.0,0.0,0.0,0.0,0.0,0.0,0.0,0.0,0.0,0.0,0.0,0.0,0.0,0.0,0.0,0.0,0.0,0.0,0.0,0.0,0.0,0.0,0.0,0.0,0.0,0.0,0.0,0.0,0.0,0.0,0.0,0.0,0.0,0.0,0.0,0.0,0.0,0.0,0.0,0.0,0.0,0.0,0.0,0.0,0.0,0.0,0.0,0.0,0.0,0.0,0.0,0.0,0.0,0.0,0.0,0.0,0.0,0.0,0.0,0.0,0.0,0.0,0.0,0.0,0.0,0.0,0.0,0.0,0.0,0.0,0.0,0.0,0.0,0.0,0.0,0.0,0.0,0.0,0.0,0.0,0.0,0.0,0.0,0.0,0.0,0.0,0.0,0.0,0.0,0.0,0.0,0.0,0.0,0.0,0.0,0.0,0.0,0.0,0.0,0.0,0.0,0.0,0.0,0.0,0.0,0.0,0.0,0.0,0.0,0.0,0.0,0.0,0.0,0.0,0.0,0.402953691656393,0.0,0.0,0.0,0.0,0.0,0.0,0.0,0.0,0.0,0.0,0.0,0.0,0.0,0.0,0.0,0.0,0.0,0.0,0.0,0.0,0.0,0.0,0.0,0.0,0.0,0.0,0.0,0.0,0.0,0.0,0.0,0.0,0.0,0.0,0.0,0.0,0.0,0.0,0.0,0.0,0.0,0.0,0.0,0.0,0.0,0.0,0.0,0.0,0.0,0.0,0.0,0.0,0.0,0.0,0.0,0.0,0.0,0.0,0.0,0.0,0.0,0.0,0.0,0.0,0.0,0.0,0.0,0.0,0.0,0.0,0.0,0.0,0.0,0.0,0.0,0.0,0.0,0.0,0.0,0.0,0.0,0.0,0.0,0.0,0.0,0.0,0.0,0.0,0.0,0.402953691656393,0.0,0.0,0.0,0.0,0.0,0.0,0.0,0.0,0.0,0.0,0.0,0.0,0.0,0.0,0.0,0.0,0.0,0.0,0.0,0.0,0.0,0.0,0.0,0.0,0.0,0.0,0.0,0.0,0.0,0.0,0.0,0.0,0.0,0.0,0.0,0.0,0.0,0.0,0.0,0.0,0.0,0.0,0.0,0.0,0.0,0.0,0.0,0.0,0.0,0.0,0.0,0.0,0.0,0.0,0.0,0.0,0.0,0.0,0.0,0.0,0.0,0.0,0.0,0.0,0.0,0.0,0.0,0.0,0.0,0.0,0.0,0.0,0.0,0.0,0.0,0.0,0.0,0.0,0.0,0.0,0.0,0.0,0.0,0.0,0.0,0.0,0.0,0.0,0.0,0.0,0.0,0.0,0.0,0.0,0.0,0.0,0.0,0.0,0.0,0.0,0.0,0.0,0.0,0.0,0.0,0.0,0.0,0.0,0.0,0.0,0.0,0.0,0.0,0.0,0.0,0.0,0.0,0.0,0.0,0.0,0.0,0.0,0.0,0.0,0.0,0.0,0.0,0.0,0.0,0.0,0.0,0.0,0.0,0.0,0.0,0.0,0.0,0.0,0.0,0.0,0.0,0.0,0.0,0.0,0.0,0.0,0.0,0.0,0.0,0.0,0.0,0.0,0.0,0.0,0.0,0.0
SD2401268,20대,음 근데 우리집이 꼭대기 층이라 그런지 좀 괜찮은 거 같은데. 층간 소음은 없는데 벽간 소음이 쪼금 있는 거 같아. 방이 그 방음이 잘 안 돼서 옆 문 그 첫 입구 문에만 서도 옆의 방이 뭐 유튜브 뭐 듣고 있는지 무슨 대화하고 있는지가 너무 잘 들려서 쪼끔 부담스럽긴 해. 근데 위에는 아무도 사람이 안 사니까 내가 살기에는 어 소음이 없어서 되게 좋은 거 같아. 그거 말고도 본가 살 때는 위층이 아빠 지인이 살았었는데 그래서 막 소음이 나도 뭐라 하기가 좀 그랬던 경험이 있어. 너는 지금 몇 층 정도에 살아? 층간 소음은 없어? 음 그 학 학교 들어오고 나서부터 2년 동안 여기 살고 올해 새로 계약해서 똑같은 데 연장해서 거기서 살고 있어. 아마 내년에는 교환 학생을 가서 없으니까 오빠가 혼자 살 거 같아 지금 같이 살고 있으니까. 그리고 사실 나는 올해 딱 계약 연장할 때쯤에 새로 구해서 따로따로 살고 싶었는데 아무래도 서울 뭐 월세가 비싸다 보니까 그냥 한집에서 해서 전세로 사는 게 낫겠다 싶어서 같이 살고 있는데. 어 아무래도 생활 패턴이나 그런 집안일 하는 거가 좀 안 맞아서 좀 그게 제일 힘들어서 따로 살고 싶었던 거 같아. 뭐 혼자 늦게 자고 그런 건 상관없는데 오빠가 게임을 하니까 늦게까지 게임하는 소리 계속 들려 오 들려 오고 하니까 나 자는 데 방에 돼서 그랬던 거 같아. 너는 그런 적은 없어? 어 중3 때까지 1곳에서 살았고 그 주 중3 이후에 약간 신도시 분양 그런 청약 담 당첨 돼 가지고 1번 이사를 갔었어. 근데 그 중3 때까지 계속 같은 지역에 살다 보니까 거기 유치원 초등학교 중학교 나오고 고등학교도 그쪽을 가려고 했는데 이사를 가게 돼서 혼자 떨어진 곳을 가니까 친구들이랑도 멀어지고 그러 그 뭐 원래 놀던 데에서도 못 놀고 이런 게 쪼끔 아쉽고 힘들긴 하더라고. 근데 집이 넓어서 되게 좋았던 거 같아. 나는 이사를 많이 안 해 봐서 막 해 보고 싶었다 이런 게 좀 컸었는데 주변에 이사 많이 다니는 사람은 안 그렇더라고. 이사를 그만 다니고 싶다 그러더라. 혹시 너도 그런 편이야? 음 나는 이사 간 다음에 우 이 이사 간 아파트 앞에 막 전원주택 같은 게 있는 거야. 그래서 나중에 이 또 이사를 가게 된다면은 저런 데에서 살고 싶다. 저런 데에서 마당에서 막 식물 키우고 동물 키우고 막 나만의 정원을 가꾸면서 2층 바 다락방에서 살고 싶다 막 이런 생각을 했었는데. 근데 막상 거기에 살면은 관리하는 게 되게 힘들어 보이더라고. 할머니 집도 그런 전원주택인데 조금만 뭘 관리를 안 해 줘도 잡초 자라고 먼지가 끼고 더러워지고 막 그런 게 많아서 관리가 힘들다고 하더라고. 근데 그럼에도 한 약간 한번쯤은 전원주택에 살고 싶다 이런 생각이 있는데. 너는 그런 어디에 살고 싶다 이런 로망 같은 게 있어? 어 전자레인지랑 냉장고 세탁기 이 이 정도는 원래 있었던 거 같고. 밥솥이랑 응 어 그 오븐 같은 거 뭐라고 하지. 그 아 에어프라이어는 사 왔고. 최근에 여름 되니까 벌레가 너무 많이 생기잖아. 특히 음식물에 벌레가 많이 생기는데 그래서 버리기가 너무 힘들어서 미생물로 분해해 주는 기계 그런 게 있더라고. 오빠가 인스타그램에서 찾아와서 막 우 이거 쓰자 막 그러면서 찾아왔던 기억이 있어. 그래서 그거를 지금 살까 고민 중에 있어. 그게 음식물 쓰레기를 넣으면은 미생물들이 분해를 해서 흙으로 바로 만들어 준대. 근데 그게 하루 만에 다 만들어 주고 냄새도 안 나서 좋다고 하더라고. 너는 혹시 집안일 같은 거는 어떻게 하는 편이야? 어 가끔 아니 자주 좀 싸운 싸우진 않고 이런 거에 대해 짜증을 내는 거 같긴 한데 내 방이 쓰레기 그 분리수거 하는 데 바로 앞에 있단 말이야. 그래서 오빠는 좀 멀어서 쓰레기 같은 걸 거기 내면 그만인데 나는 내고 나서 그게 분리수거가 잘 안 되어 있거나 막 더러운 게 섞여 있거나 하면은 냄새가 바로 내 방으로 들어온단 말이야. 그거 때문에 오빠한테 뭐라 한 적도 많았던 거 같고. 약간 분담 같은 게 예전에는 막 뭐 냉장고 청소 네가 1번 하면 내가 화장실 청소 1번 하고 이런 식으로 번갈아서 하자라고 말은 했는데 어느 순간 보니까 내가 다 하고 있더라고. 그래서 그거에 대해서 쌓아 놨다가 화내기 직전에 딱 말하면은 오빠가 또 눈치는 빨라 가지고 그제서야 부랴부랴 치우고 막 이래서 어 싸우지는 않았던 거 같아. 근데 자취를 하니까 확실히 본가 살 때는 엄마가 다 해 주고 그러는데 내가 다 해야 되니까 그게 힘든 거 같긴 해. 너는 자취하고 싶다는 생각은 없어? 아 나 처음에 집 들어올 때 막 냉장고랑 기본 가구에 막 여 연두색 띠가 막 둘러져 있는 거야. 기본 색깔로 막 있는 거야. 그래서 그걸 보고 아 진짜 별로다. 여기 살기 싫다 했었는데 막상 들어가 보니까 그런 거 별로 티도 안 나고 깔끔해 보이고 좋더라고. 그래서 그렇게 쓰고 있고. 뭔가 인테리어 아 그 자취하면 내 방식대로 바 집을 꾸미고 막 이렇게 써야지라는 생각은 있었는데 막상 있으니까 짐을 그 넣을 짐도 너무 많고 근데 그거에 비해 공간은 안 나오고 하니까 인테리어라고 할 것도 없이 그냥 짐을 넣어 놓은 거 같아. 내 방이 너무 작아서 옷장 같은 게 들어갈 공간이 안 나서 거실에다가 행거 설치해서 바로 옷 놓아두고. 그래서 뭔가 꾸미기도 애매하고 그랬던 거 같아. 너는 집 인테리어 어떤 편이야? 서울에서 살 수 있으면 좋을 거 같은데. 왜냐하면 여가 생활 같은 것도 훨씬 더 많이 할 수 있고 이제 거의 내 친구들이나 생활 반경이 서울에 중심에 맞춰져 있다 보니까 서울에서 생활하는 게 편하긴 한데 가끔씩 여기가 사람이 너무 많아서 내려가고 싶다라는 생각이 들긴 해. 근데 직장을 얻고 뭔가 더 발전을 하려면은 서울에서 사는 게 맞는 거 같아. 나는 그 본가 살 때는 지하에 헬스장이 있어서 그거를 썼단 말이야. 근데 자취를 하니까 그런 여가 시설 시 그 아무튼 시설들이 없어서 막 주변에서 주변 다른 헬스장을 등록해 놨단 말이야. 근데 너는 지금 어쨌든 본가에 살잖아. 큰 아파트에 사는데 그러면 거기에 막 여가 시설 같은 게 와 잘 마련되어 있어?,0.005747126436781609,0.017241379310344827,0.004597701149425287,0.0,0.005747126436781609,0.0034482758620689655,0.005747126436781609,0.008045977011494253,0.01839080459770115,0.029885057471264367,0.004597701149425287,0.027586206896551724,0.0,0.008045977011494253,0.0022988505747126436,0.0,0.0034482758620689655,0.0011494252873563218,0.03218390804597701,0.013793103448275862,0.0,0.0,0.0,0.0022988505747126436,0.0,0.004597701149425287,0.021839080459770115,0.0,0.0034482758620689655,0.0034482758620689655,0.04367816091954023,0.0,0.006896551724137931,0.0,0.004597701149425287,0.009195402298850575,0.0,0.0,0.011494252873563218,0.0011494252873563218,0.0,0.0022988505747126436,0.0,0.0,0.034482758620689655,0.004597701149425287,0.013793103448275862,0.0022988505747126436,0.004597701149425287,0.0367816091954023,0.009195402298850575,0.0011494252873563218,0.0,0.0022988505747126436,0.0,0.0011494252873563218,0.0011494252873563218,0.0022988505747126436,0.0,0.006896551724137931,0.0,0.0,0.0,0.0011494252873563218,0.006896551724137931,0.0022988505747126436,0.0022988505747126436,0.0011494252873563218,0.0011494252873563218,0.0,0.0,0.0,0.0022988505747126436,0.0,0.0,0.005747126436781609,0.0022988505747126436,0.0,0.006896551724137931,0.010344827586206896,0.0011494252873563218,0.0,0.0,0.0,0.0,0.004597701149425287,0.0034482758620689655,0.0,0.0022988505747126436,0.004597701149425287,0.0,0.0022988505747126436,0.0,0.0011494252873563218,0.0,0.0011494252873563218,0.0011494252873563218,0.0011494252873563218,0.0,0.0022988505747126436,0.004597701149425287,0.0011494252873563218,0.0,0.0,0.0,0.0,0.01264367816091954,0.009195402298850575,0.0,0.0011494252873563218,0.0011494252873563218,0.0022988505747126436,0.0011494252873563218,0.0,0.0,0.0011494252873563218,0.0,0.0,0.0011494252873563218,0.011494252873563218,0.0,0.005747126436781609,0.0011494252873563218,0.0,0.0022988505747126436,0.0011494252873563218,0.0011494252873563218,0.0,0.0022988505747126436,0.0,0.0,0.0,0.0,0.0034482758620689655,0.0,0.0,0.01839080459770115,0.0022988505747126436,0.0,0.0,0.0022988505747126436,0.0022988505747126436,0.0022988505747126436,0.0,0.0,0.005747126436781609,0.0011494252873563218,0.0,0.008045977011494253,0.0022988505747126436,0.0011494252873563218,0.005747126436781609,0.0011494252873563218,0.0,0.0,0.0011494252873563218,0.0,0.0011494252873563218,0.006896551724137931,0.0011494252873563218,0.0,0.0034482758620689655,0.0,0.0,0.0,0.004597701149425287,0.0011494252873563218,0.0011494252873563218,0.0,0.0,0.0011494252873563218,0.0,0.0,0.0,0.006896551724137931,0.0,0.0,0.0,0.0,0.0,0.0011494252873563218,0.0,0.0034482758620689655,0.0022988505747126436,0.0,0.0022988505747126436,0.0,0.0022988505747126436,0.0022988505747126436,0.0,0.0,0.0,0.0022988505747126436,0.0,0.0,0.0011494252873563218,0.0,0.0,0.0,0.0,0.0034482758620689655,0.0,0.004597701149425287,0.0,0.0,0.0,0.0,0.0,0.0,0.0011494252873563218,0.0,0.0,0.0,0.0,0.0011494252873563218,0.0,0.0011494252873563218,0.0,0.0011494252873563218,0.0,0.0022988505747126436,0.0,0.0011494252873563218,0.0022988505747126436,0.0,0.0,0.005747126436781609,0.0,0.0022988505747126436,0.0,0.0,0.0,0.0,0.0,0.0,0.0,0.0,0.0,0.0022988505747126436,0.0,0.0,0.0,0.004597701149425287,0.0,0.0,0.0,0.0,0.0,0.0,0.0,0.0,0.0,0.0,0.0,0.0,0.0,0.006896551724137931,0.0034482758620689655,0.0011494252873563218,0.0011494252873563218,0.0011494252873563218,0.0011494252873563218,0.0022988505747126436,0.0022988505747126436,0.0011494252873563218,0.0011494252873563218,0.0011494252873563218,0.0011494252873563218,0.0011494252873563218,0.0011494252873563218,0.0034482758620689655,0.0011494252873563218,0.005747126436781609,0.0011494252873563218,0.0011494252873563218,0.0011494252873563218,0.0022988505747126436,0.0022988505747126436,0.0011494252873563218,0.0022988505747126436,0.0011494252873563218,0.0011494252873563218,0.0011494252873563218,0.0011494252873563218,0.0022988505747126436,0.0011494252873563218,0.0011494252873563218,0.0011494252873563218,0.0022988505747126436,0.0011494252873563218,0.0011494252873563218,0.0011494252873563218,0.0011494252873563218,0.0011494252873563218,0.0011494252873563218,0.0011494252873563218,0.0011494252873563218,0.0022988505747126436,0.0022988505747126436,0.0011494252873563218,0.0011494252873563218,0.0011494252873563218,0.0022988505747126436,0.0011494252873563218,0.0011494252873563218,0.0034482758620689655,0.0011494252873563218,0.0011494252873563218,0.0011494252873563218,0.0011494252873563218,0.0011494252873563218,0.0011494252873563218,0.0011494252873563218,0.0022988505747126436,0.0011494252873563218,0.0022988505747126436,0.0022988505747126436,0.0011494252873563218,0.0011494252873563218,0.0034482758620689655,0.0011494252873563218,0.0011494252873563218,0.0022988505747126436,0.0011494252873563218,0.0022988505747126436,0.0011494252873563218,0.0011494252873563218,0.0022988505747126436,0.0011494252873563218,0.0011494252873563218,0.0011494252873563218,0.0022988505747126436,0.0011494252873563218,0.0034482758620689655,0.0034482758620689655,0.0022988505747126436,0.0011494252873563218,0.0011494252873563218,0.0011494252873563218,0.0011494252873563218,0.0011494252873563218,0.0011494252873563218,0.0011494252873563218,0.004597701149425287,0.0011494252873563218,0.0011494252873563218,0.0011494252873563218,0.0011494252873563218,0.0022988505747126436,0.0011494252873563218,0.0011494252873563218,0.0011494252873563218,0.0034482758620689655,0.0011494252873563218,0.0011494252873563218,0.0011494252873563218,0.0011494252873563218,0.0022988505747126436,0.0011494252873563218,0.0022988505747126436,0.0022988505747126436,0.0022988505747126436,0.0011494252873563218,0.0011494252873563218,0.0011494252873563218,0.0011494252873563218,0.0022988505747126436,0.0011494252873563218,0.0034482758620689655,0.0034482758620689655,0.0011494252873563218,0.004597701149425287,0.0011494252873563218,0.0011494252873563218,0.0022988505747126436,0.0022988505747126436,0.0011494252873563218,0.0011494252873563218,0.0011494252873563218,0.0022988505747126436,0.0011494252873563218,0.0022988505747126436,0.0022988505747126436,0.0011494252873563218,0.0011494252873563218,0.0011494252873563218,0.0011494252873563218,0.0011494252873563218,0.0011494252873563218,0.0011494252873563218,0.0011494252873563218,0.0011494252873563218,0.0011494252873563218,0.0011494252873563218,0.0011494252873563218,0.0022988505747126436,0.0011494252873563218,0.0011494252873563218,0.0011494252873563218,0.0011494252873563218,0.0011494252873563218,0.0011494252873563218,0.0011494252873563218,0.0011494252873563218,0.0011494252873563218,0.0011494252873563218,0.0011494252873563218,0.0022988505747126436,0.0011494252873563218,0.0011494252873563218,0.0011494252873563218,0.0011494252873563218,0.0011494252873563218,0.0022988505747126436,0.0011494252873563218,0.0022988505747126436,0.0011494252873563218,0.0011494252873563218,0.0011494252873563218,0.0034482758620689655,0.0011494252873563218,0.0011494252873563218,0.0011494252873563218,0.0011494252873563218,0.0011494252873563218,0.0011494252873563218,0.0011494252873563218,0.0011494252873563218,0.0011494252873563218,0.0011494252873563218,0.0011494252873563218,0.0011494252873563218,0.0034482758620689655,0.0011494252873563218,0.0022988505747126436,0.0011494252873563218,0.0011494252873563218,0.0011494252873563218,0.0011494252873563218,0.0011494252873563218,0.0011494252873563218,0.0011494252873563218,0.0011494252873563218,0.0011494252873563218,0.0011494252873563218,0.0011494252873563218,0.0011494252873563218,0.0011494252873563218,0.0011494252873563218,0.0011494252873563218,0.0011494252873563218,0.0011494252873563218,0.0011494252873563218,0.0,0.0,0.0,0.0,0.31600123174178485,0.0,0.0,0.0,0.0,0.0,0.0,0.0,0.0,0.0,0.0,0.0,0.0,0.0,0.0,0.0,0.0,0.0,0.0,0.0,0.0,0.0,0.0,0.0,0.0,0.0,0.0,0.0,0.0,0.0,0.0,0.0,0.0,0.0,0.0,0.0,0.23473284633979377,0.0,0.0,0.0,0.0,0.0,0.0,0.0,0.0,0.0,0.0,0.0,0.0,0.0,0.0,0.0,0.0,0.0,0.0,0.0,0.0,0.0,0.0,0.0,0.0,0.0,0.0,0.0,0.0,0.0,0.0,0.0,0.0,0.0,0.0,0.0,0.0,0.0,0.0,0.0,0.0,0.0,0.0,0.0,0.0,0.0,0.0,0.0,0.0,0.0,0.0,0.0,0.0,0.0,0.0,0.0,0.0,0.0,0.0,0.0,0.0,0.0,0.0,0.0,0.0,0.0,0.0,0.0,0.0,0.0,0.0,0.0,0.0,0.0,0.0,0.0,0.0,0.0,0.0,0.0,0.0,0.0,0.0,0.0,0.0,0.0,0.0,0.0,0.0,0.0,0.0,0.0,0.0,0.0,0.0,0.0,0.0,0.0,0.0,0.0,0.0,0.0,0.0,0.0,0.0,0.0,0.0,0.0,0.0,0.0,0.3346635470601685,0.0,0.0,0.0,0.0,0.0,0.0,0.0,0.0,0.0,0.0,0.0,0.3609666031860777,0.0,0.0,0.0,0.0,0.0,0.0,0.0,0.0,0.0,0.0,0.0,0.0,0.0,0.0,0.0,0.0,0.0,0.0,0.0,0.0,0.0,0.0,0.0,0.0,0.0,0.0,0.0,0.0,0.0,0.0,0.0,0.0,0.0,0.0,0.0,0.0,0.0,0.0,0.0,0.0,0.0,0.0,0.0,0.0,0.0,0.0,0.0,0.0,0.0,0.0,0.0,0.0,0.0,0.0,0.0,0.0,0.0,0.0,0.0,0.0,0.0,0.0,0.0,0.0,0.0,0.0,0.0,0.0,0.0,0.0,0.0,0.0,0.0,0.0,0.0,0.0,0.0,0.0,0.0,0.0,0.0,0.0,0.0,0.0,0.0,0.0,0.0,0.0,0.0,0.0,0.0,0.0,0.0,0.0,0.0,0.0,0.0,0.0,0.0,0.0,0.0,0.0,0.0,0.0,0.0,0.0,0.0,0.0,0.0,0.0,0.0,0.0,0.0,0.0,0.0,0.0,0.0,0.0,0.0,0.0,0.0,0.0,0.0,0.0,0.0,0.0,0.0,0.0,0.0,0.0,0.0,0.0,0.0,0.0,0.0,0.0,0.0,0.0,0.0,0.0,0.0,0.0,0.0,0.0,0.0,0.0,0.0,0.0,0.3609666031860777,0.0,0.0,0.0,0.0,0.0,0.0,0.0,0.0,0.0,0.0,0.0,0.0,0.0,0.0,0.0,0.0,0.0,0.0,0.0,0.0,0.0,0.0,0.0,0.0,0.0,0.0,0.0,0.0,0.0,0.0,0.0,0.0,0.0,0.0,0.0,0.0,0.0,0.0,0.0,0.0,0.0,0.0,0.0,0.0,0.0,0.0,0.0,0.0,0.0,0.0,0.0,0.0,0.0,0.0,0.0,0.0,0.0,0.0,0.0,0.0,0.0,0.0,0.0,0.0,0.0,0.0,0.0,0.0,0.0,0.0,0.0,0.0,0.0,0.0,0.0,0.0,0.0,0.0,0.0,0.0,0.0,0.0,0.0,0.0,0.0,0.0,0.0,0.0,0.0,0.0,0.0,0.0,0.0,0.0,0.0,0.0,0.0,0.0,0.0,0.0,0.0,0.0,0.0,0.0,0.0,0.0,0.0,0.0,0.0,0.0,0.0,0.0,0.0,0.0,0.0,0.0,0.0,0.0,0.0,0.0,0.0,0.0,0.0,0.0,0.0,0.0,0.0,0.0,0.0,0.0,0.31600123174178485,0.0,0.0,0.0,0.0,0.0,0.0,0.0,0.0,0.0,0.0,0.0,0.0,0.0,0.0,0.0,0.0,0.0,0.0,0.0,0.0,0.0,0.0,0.0,0.0,0.0,0.0,0.0,0.0,0.0,0.0,0.0,0.3609666031860777,0.0,0.0,0.0,0.0,0.0,0.0,0.0,0.0,0.0,0.0,0.0,0.0,0.0,0.0,0.0,0.0,0.0,0.0,0.0,0.0,0.0,0.0,0.0,0.0,0.0,0.0,0.0,0.0,0.0,0.0,0.0,0.0,0.0,0.0,0.0,0.0,0.0,0.0,0.0,0.0,0.0,0.0,0.0,0.0,0.0,0.0,0.0,0.0,0.0,0.0,0.0,0.0,0.0,0.0,0.0,0.0,0.0,0.0,0.0,0.0,0.0,0.0,0.0,0.0,0.0,0.0,0.0,0.0,0.0,0.0,0.0,0.0,0.0,0.0,0.0,0.0,0.0,0.0,0.0,0.0,0.0,0.0,0.0,0.0,0.0,0.0,0.0,0.0,0.0,0.0,0.0,0.0,0.0,0.0,0.0,0.0,0.0,0.0,0.0,0.0,0.0,0.0,0.0,0.0,0.0,0.0,0.0,0.0,0.0,0.0,0.0,0.0,0.0,0.0,0.0,0.0,0.0,0.0,0.0,0.0,0.0,0.0,0.0,0.0,0.0,0.0,0.0,0.0,0.0,0.0,0.0,0.0,0.0,0.0,0.0,0.0,0.0,0.0,0.0,0.0,0.0,0.0,0.0,0.0,0.0,0.0,0.0,0.0,0.0,0.0,0.0,0.0,0.0,0.0,0.0,0.0,0.0,0.0,0.0,0.0,0.0,0.0,0.0,0.0,0.0,0.0,0.0,0.0,0.0,0.0,0.3346635470601685,0.0,0.0,0.0,0.0,0.0,0.0,0.0,0.0,0.0,0.0,0.0,0.0,0.0,0.0,0.0,0.0,0.0,0.0,0.0,0.0,0.0,0.0,0.0,0.0,0.0,0.0,0.0,0.0,0.0,0.0,0.0,0.0,0.0,0.0,0.0,0.3609666031860777,0.0,0.0,0.0,0.0,0.0,0.0,0.0,0.0,0.0,0.0,0.0,0.0,0.0,0.0,0.0,0.0,0.0,0.0,0.0,0.0,0.0,0.0,0.0,0.0,0.0,0.0,0.0,0.0,0.0,0.0,0.0,0.0,0.0,0.0,0.0,0.0,0.0,0.0,0.0,0.0,0.0,0.0,0.0,0.0,0.0
SD2401268,20대,음 근데 우리집이 꼭대기 층이라 그런지 좀 괜찮은 거 같은데. 층간 소음은 없는데 벽간 소음이 쪼금 있는 거 같아. 방이 그 방음이 잘 안 돼서 옆 문 그 첫 입구 문에만 서도 옆의 방이 뭐 유튜브 뭐 듣고 있는지 무슨 대화하고 있는지가 너무 잘 들려서 쪼끔 부담스럽긴 해. 근데 위에는 아무도 사람이 안 사니까 내가 살기에는 어 소음이 없어서 되게 좋은 거 같아. 그거 말고도 본가 살 때는 위층이 아빠 지인이 살았었는데 그래서 막 소음이 나도 뭐라 하기가 좀 그랬던 경험이 있어. 너는 지금 몇 층 정도에 살아? 층간 소음은 없어? 음 그 학 학교 들어오고 나서부터 2년 동안 여기 살고 올해 새로 계약해서 똑같은 데 연장해서 거기서 살고 있어. 아마 내년에는 교환 학생을 가서 없으니까 오빠가 혼자 살 거 같아 지금 같이 살고 있으니까. 그리고 사실 나는 올해 딱 계약 연장할 때쯤에 새로 구해서 따로따로 살고 싶었는데 아무래도 서울 뭐 월세가 비싸다 보니까 그냥 한집에서 해서 전세로 사는 게 낫겠다 싶어서 같이 살고 있는데. 어 아무래도 생활 패턴이나 그런 집안일 하는 거가 좀 안 맞아서 좀 그게 제일 힘들어서 따로 살고 싶었던 거 같아. 뭐 혼자 늦게 자고 그런 건 상관없는데 오빠가 게임을 하니까 늦게까지 게임하는 소리 계속 들려 오 들려 오고 하니까 나 자는 데 방에 돼서 그랬던 거 같아. 너는 그런 적은 없어? 어 중3 때까지 1곳에서 살았고 그 주 중3 이후에 약간 신도시 분양 그런 청약 담 당첨 돼 가지고 1번 이사를 갔었어. 근데 그 중3 때까지 계속 같은 지역에 살다 보니까 거기 유치원 초등학교 중학교 나오고 고등학교도 그쪽을 가려고 했는데 이사를 가게 돼서 혼자 떨어진 곳을 가니까 친구들이랑도 멀어지고 그러 그 뭐 원래 놀던 데에서도 못 놀고 이런 게 쪼끔 아쉽고 힘들긴 하더라고. 근데 집이 넓어서 되게 좋았던 거 같아. 나는 이사를 많이 안 해 봐서 막 해 보고 싶었다 이런 게 좀 컸었는데 주변에 이사 많이 다니는 사람은 안 그렇더라고. 이사를 그만 다니고 싶다 그러더라. 혹시 너도 그런 편이야? 음 나는 이사 간 다음에 우 이 이사 간 아파트 앞에 막 전원주택 같은 게 있는 거야. 그래서 나중에 이 또 이사를 가게 된다면은 저런 데에서 살고 싶다. 저런 데에서 마당에서 막 식물 키우고 동물 키우고 막 나만의 정원을 가꾸면서 2층 바 다락방에서 살고 싶다 막 이런 생각을 했었는데. 근데 막상 거기에 살면은 관리하는 게 되게 힘들어 보이더라고. 할머니 집도 그런 전원주택인데 조금만 뭘 관리를 안 해 줘도 잡초 자라고 먼지가 끼고 더러워지고 막 그런 게 많아서 관리가 힘들다고 하더라고. 근데 그럼에도 한 약간 한번쯤은 전원주택에 살고 싶다 이런 생각이 있는데. 너는 그런 어디에 살고 싶다 이런 로망 같은 게 있어? 어 전자레인지랑 냉장고 세탁기 이 이 정도는 원래 있었던 거 같고. 밥솥이랑 응 어 그 오븐 같은 거 뭐라고 하지. 그 아 에어프라이어는 사 왔고. 최근에 여름 되니까 벌레가 너무 많이 생기잖아. 특히 음식물에 벌레가 많이 생기는데 그래서 버리기가 너무 힘들어서 미생물로 분해해 주는 기계 그런 게 있더라고. 오빠가 인스타그램에서 찾아와서 막 우 이거 쓰자 막 그러면서 찾아왔던 기억이 있어. 그래서 그거를 지금 살까 고민 중에 있어. 그게 음식물 쓰레기를 넣으면은 미생물들이 분해를 해서 흙으로 바로 만들어 준대. 근데 그게 하루 만에 다 만들어 주고 냄새도 안 나서 좋다고 하더라고. 너는 혹시 집안일 같은 거는 어떻게 하는 편이야? 어 가끔 아니 자주 좀 싸운 싸우진 않고 이런 거에 대해 짜증을 내는 거 같긴 한데 내 방이 쓰레기 그 분리수거 하는 데 바로 앞에 있단 말이야. 그래서 오빠는 좀 멀어서 쓰레기 같은 걸 거기 내면 그만인데 나는 내고 나서 그게 분리수거가 잘 안 되어 있거나 막 더러운 게 섞여 있거나 하면은 냄새가 바로 내 방으로 들어온단 말이야. 그거 때문에 오빠한테 뭐라 한 적도 많았던 거 같고. 약간 분담 같은 게 예전에는 막 뭐 냉장고 청소 네가 1번 하면 내가 화장실 청소 1번 하고 이런 식으로 번갈아서 하자라고 말은 했는데 어느 순간 보니까 내가 다 하고 있더라고. 그래서 그거에 대해서 쌓아 놨다가 화내기 직전에 딱 말하면은 오빠가 또 눈치는 빨라 가지고 그제서야 부랴부랴 치우고 막 이래서 어 싸우지는 않았던 거 같아. 근데 자취를 하니까 확실히 본가 살 때는 엄마가 다 해 주고 그러는데 내가 다 해야 되니까 그게 힘든 거 같긴 해. 너는 자취하고 싶다는 생각은 없어? 아 나 처음에 집 들어올 때 막 냉장고랑 기본 가구에 막 여 연두색 띠가 막 둘러져 있는 거야. 기본 색깔로 막 있는 거야. 그래서 그걸 보고 아 진짜 별로다. 여기 살기 싫다 했었는데 막상 들어가 보니까 그런 거 별로 티도 안 나고 깔끔해 보이고 좋더라고. 그래서 그렇게 쓰고 있고. 뭔가 인테리어 아 그 자취하면 내 방식대로 바 집을 꾸미고 막 이렇게 써야지라는 생각은 있었는데 막상 있으니까 짐을 그 넣을 짐도 너무 많고 근데 그거에 비해 공간은 안 나오고 하니까 인테리어라고 할 것도 없이 그냥 짐을 넣어 놓은 거 같아. 내 방이 너무 작아서 옷장 같은 게 들어갈 공간이 안 나서 거실에다가 행거 설치해서 바로 옷 놓아두고. 그래서 뭔가 꾸미기도 애매하고 그랬던 거 같아. 너는 집 인테리어 어떤 편이야? 서울에서 살 수 있으면 좋을 거 같은데. 왜냐하면 여가 생활 같은 것도 훨씬 더 많이 할 수 있고 이제 거의 내 친구들이나 생활 반경이 서울에 중심에 맞춰져 있다 보니까 서울에서 생활하는 게 편하긴 한데 가끔씩 여기가 사람이 너무 많아서 내려가고 싶다라는 생각이 들긴 해. 근데 직장을 얻고 뭔가 더 발전을 하려면은 서울에서 사는 게 맞는 거 같아. 나는 그 본가 살 때는 지하에 헬스장이 있어서 그거를 썼단 말이야. 근데 자취를 하니까 그런 여가 시설 시 그 아무튼 시설들이 없어서 막 주변에서 주변 다른 헬스장을 등록해 놨단 말이야. 근데 너는 지금 어쨌든 본가에 살잖아. 큰 아파트에 사는데 그러면 거기에 막 여가 시설 같은 게 와 잘 마련되어 있어?,0.005747126436781609,0.017241379310344827,0.004597701149425287,0.0,0.005747126436781609,0.0034482758620689655,0.005747126436781609,0.008045977011494253,0.01839080459770115,0.029885057471264367,0.004597701149425287,0.027586206896551724,0.0,0.008045977011494253,0.0022988505747126436,0.0,0.0034482758620689655,0.0011494252873563218,0.03218390804597701,0.013793103448275862,0.0,0.0,0.0,0.0022988505747126436,0.0,0.004597701149425287,0.021839080459770115,0.0,0.0034482758620689655,0.0034482758620689655,0.04367816091954023,0.0,0.006896551724137931,0.0,0.004597701149425287,0.009195402298850575,0.0,0.0,0.011494252873563218,0.0011494252873563218,0.0,0.0022988505747126436,0.0,0.0,0.034482758620689655,0.004597701149425287,0.013793103448275862,0.0022988505747126436,0.004597701149425287,0.0367816091954023,0.009195402298850575,0.0011494252873563218,0.0,0.0022988505747126436,0.0,0.0011494252873563218,0.0011494252873563218,0.0022988505747126436,0.0,0.006896551724137931,0.0,0.0,0.0,0.0011494252873563218,0.006896551724137931,0.0022988505747126436,0.0022988505747126436,0.0011494252873563218,0.0011494252873563218,0.0,0.0,0.0,0.0022988505747126436,0.0,0.0,0.005747126436781609,0.0022988505747126436,0.0,0.006896551724137931,0.010344827586206896,0.0011494252873563218,0.0,0.0,0.0,0.0,0.004597701149425287,0.0034482758620689655,0.0,0.0022988505747126436,0.004597701149425287,0.0,0.0022988505747126436,0.0,0.0011494252873563218,0.0,0.0011494252873563218,0.0011494252873563218,0.0011494252873563218,0.0,0.0022988505747126436,0.004597701149425287,0.0011494252873563218,0.0,0.0,0.0,0.0,0.01264367816091954,0.009195402298850575,0.0,0.0011494252873563218,0.0011494252873563218,0.0022988505747126436,0.0011494252873563218,0.0,0.0,0.0011494252873563218,0.0,0.0,0.0011494252873563218,0.011494252873563218,0.0,0.005747126436781609,0.0011494252873563218,0.0,0.0022988505747126436,0.0011494252873563218,0.0011494252873563218,0.0,0.0022988505747126436,0.0,0.0,0.0,0.0,0.0034482758620689655,0.0,0.0,0.01839080459770115,0.0022988505747126436,0.0,0.0,0.0022988505747126436,0.0022988505747126436,0.0022988505747126436,0.0,0.0,0.005747126436781609,0.0011494252873563218,0.0,0.008045977011494253,0.0022988505747126436,0.0011494252873563218,0.005747126436781609,0.0011494252873563218,0.0,0.0,0.0011494252873563218,0.0,0.0011494252873563218,0.006896551724137931,0.0011494252873563218,0.0,0.0034482758620689655,0.0,0.0,0.0,0.004597701149425287,0.0011494252873563218,0.0011494252873563218,0.0,0.0,0.0011494252873563218,0.0,0.0,0.0,0.006896551724137931,0.0,0.0,0.0,0.0,0.0,0.0011494252873563218,0.0,0.0034482758620689655,0.0022988505747126436,0.0,0.0022988505747126436,0.0,0.0022988505747126436,0.0022988505747126436,0.0,0.0,0.0,0.0022988505747126436,0.0,0.0,0.0011494252873563218,0.0,0.0,0.0,0.0,0.0034482758620689655,0.0,0.004597701149425287,0.0,0.0,0.0,0.0,0.0,0.0,0.0011494252873563218,0.0,0.0,0.0,0.0,0.0011494252873563218,0.0,0.0011494252873563218,0.0,0.0011494252873563218,0.0,0.0022988505747126436,0.0,0.0011494252873563218,0.0022988505747126436,0.0,0.0,0.005747126436781609,0.0,0.0022988505747126436,0.0,0.0,0.0,0.0,0.0,0.0,0.0,0.0,0.0,0.0022988505747126436,0.0,0.0,0.0,0.004597701149425287,0.0,0.0,0.0,0.0,0.0,0.0,0.0,0.0,0.0,0.0,0.0,0.0,0.0,0.006896551724137931,0.0034482758620689655,0.0011494252873563218,0.0011494252873563218,0.0011494252873563218,0.0011494252873563218,0.0022988505747126436,0.0022988505747126436,0.0011494252873563218,0.0011494252873563218,0.0011494252873563218,0.0011494252873563218,0.0011494252873563218,0.0011494252873563218,0.0034482758620689655,0.0011494252873563218,0.005747126436781609,0.0011494252873563218,0.0011494252873563218,0.0011494252873563218,0.0022988505747126436,0.0022988505747126436,0.0011494252873563218,0.0022988505747126436,0.0011494252873563218,0.0011494252873563218,0.0011494252873563218,0.0011494252873563218,0.0022988505747126436,0.0011494252873563218,0.0011494252873563218,0.0011494252873563218,0.0022988505747126436,0.0011494252873563218,0.0011494252873563218,0.0011494252873563218,0.0011494252873563218,0.0011494252873563218,0.0011494252873563218,0.0011494252873563218,0.0011494252873563218,0.0022988505747126436,0.0022988505747126436,0.0011494252873563218,0.0011494252873563218,0.0011494252873563218,0.0022988505747126436,0.0011494252873563218,0.0011494252873563218,0.0034482758620689655,0.0011494252873563218,0.0011494252873563218,0.0011494252873563218,0.0011494252873563218,0.0011494252873563218,0.0011494252873563218,0.0011494252873563218,0.0022988505747126436,0.0011494252873563218,0.0022988505747126436,0.0022988505747126436,0.0011494252873563218,0.0011494252873563218,0.0034482758620689655,0.0011494252873563218,0.0011494252873563218,0.0022988505747126436,0.0011494252873563218,0.0022988505747126436,0.0011494252873563218,0.0011494252873563218,0.0022988505747126436,0.0011494252873563218,0.0011494252873563218,0.0011494252873563218,0.0022988505747126436,0.0011494252873563218,0.0034482758620689655,0.0034482758620689655,0.0022988505747126436,0.0011494252873563218,0.0011494252873563218,0.0011494252873563218,0.0011494252873563218,0.0011494252873563218,0.0011494252873563218,0.0011494252873563218,0.004597701149425287,0.0011494252873563218,0.0011494252873563218,0.0011494252873563218,0.0011494252873563218,0.0022988505747126436,0.0011494252873563218,0.0011494252873563218,0.0011494252873563218,0.0034482758620689655,0.0011494252873563218,0.0011494252873563218,0.0011494252873563218,0.0011494252873563218,0.0022988505747126436,0.0011494252873563218,0.0022988505747126436,0.0022988505747126436,0.0022988505747126436,0.0011494252873563218,0.0011494252873563218,0.0011494252873563218,0.0011494252873563218,0.0022988505747126436,0.0011494252873563218,0.0034482758620689655,0.0034482758620689655,0.0011494252873563218,0.004597701149425287,0.0011494252873563218,0.0011494252873563218,0.0022988505747126436,0.0022988505747126436,0.0011494252873563218,0.0011494252873563218,0.0011494252873563218,0.0022988505747126436,0.0011494252873563218,0.0022988505747126436,0.0022988505747126436,0.0011494252873563218,0.0011494252873563218,0.0011494252873563218,0.0011494252873563218,0.0011494252873563218,0.0011494252873563218,0.0011494252873563218,0.0011494252873563218,0.0011494252873563218,0.0011494252873563218,0.0011494252873563218,0.0011494252873563218,0.0022988505747126436,0.0011494252873563218,0.0011494252873563218,0.0011494252873563218,0.0011494252873563218,0.0011494252873563218,0.0011494252873563218,0.0011494252873563218,0.0011494252873563218,0.0011494252873563218,0.0011494252873563218,0.0011494252873563218,0.0022988505747126436,0.0011494252873563218,0.0011494252873563218,0.0011494252873563218,0.0011494252873563218,0.0011494252873563218,0.0022988505747126436,0.0011494252873563218,0.0022988505747126436,0.0011494252873563218,0.0011494252873563218,0.0011494252873563218,0.0034482758620689655,0.0011494252873563218,0.0011494252873563218,0.0011494252873563218,0.0011494252873563218,0.0011494252873563218,0.0011494252873563218,0.0011494252873563218,0.0011494252873563218,0.0011494252873563218,0.0011494252873563218,0.0011494252873563218,0.0011494252873563218,0.0034482758620689655,0.0011494252873563218,0.0022988505747126436,0.0011494252873563218,0.0011494252873563218,0.0011494252873563218,0.0011494252873563218,0.0011494252873563218,0.0011494252873563218,0.0011494252873563218,0.0011494252873563218,0.0011494252873563218,0.0011494252873563218,0.0011494252873563218,0.0011494252873563218,0.0011494252873563218,0.0011494252873563218,0.0011494252873563218,0.0011494252873563218,0.0011494252873563218,0.0011494252873563218,0.0,0.0,0.0,0.0,0.29381389663502383,0.0,0.0,0.0,0.0,0.0,0.0,0.0,0.0,0.0,0.0,0.0,0.0,0.0,0.0,0.0,0.0,0.0,0.0,0.0,0.0,0.0,0.0,0.0,0.0,0.0,0.0,0.0,0.0,0.0,0.0,0.0,0.0,0.0,0.0,0.0,0.0,0.0,0.0,0.0,0.0,0.0,0.0,0.0,0.0,0.0,0.0,0.0,0.0,0.0,0.0,0.0,0.0,0.0,0.0,0.0,0.0,0.0,0.0,0.0,0.0,0.0,0.0,0.0,0.0,0.0,0.0,0.0,0.0,0.0,0.0,0.0,0.0,0.0,0.0,0.0,0.0,0.0,0.0,0.0,0.0,0.0,0.0,0.0,0.0,0.0,0.0,0.0,0.0,0.0,0.0,0.0,0.0,0.0,0.0,0.0,0.0,0.0,0.0,0.0,0.0,0.0,0.0,0.0,0.0,0.0,0.0,0.0,0.0,0.0,0.0,0.0,0.0,0.0,0.0,0.0,0.0,0.0,0.0,0.0,0.0,0.0,0.0,0.0,0.0,0.0,0.0,0.0,0.0,0.0,0.0,0.0,0.0,0.0,0.0,0.0,0.2385464277336889,0.0,0.0,0.0,0.0,0.0,0.0,0.0,0.0,0.0,0.0,0.0,0.0,0.0,0.0,0.0,0.0,0.0,0.0,0.0,0.0,0.0,0.0,0.0,0.0,0.0,0.0,0.0,0.0,0.0,0.0,0.0,0.0,0.0,0.0,0.0,0.0,0.0,0.0,0.0,0.0,0.0,0.0,0.0,0.0,0.0,0.0,0.0,0.0,0.0,0.0,0.0,0.0,0.0,0.0,0.0,0.0,0.0,0.0,0.0,0.0,0.0,0.0,0.0,0.0,0.0,0.0,0.0,0.0,0.0,0.0,0.0,0.0,0.0,0.0,0.0,0.0,0.0,0.0,0.0,0.0,0.0,0.0,0.0,0.0,0.0,0.0,0.0,0.0,0.0,0.0,0.0,0.0,0.0,0.0,0.0,0.0,0.0,0.0,0.0,0.0,0.0,0.0,0.0,0.0,0.0,0.0,0.0,0.0,0.0,0.0,0.0,0.0,0.0,0.0,0.0,0.0,0.33562212290321897,0.0,0.0,0.0,0.0,0.0,0.0,0.0,0.0,0.0,0.0,0.0,0.0,0.0,0.0,0.0,0.0,0.0,0.0,0.0,0.0,0.0,0.0,0.0,0.0,0.0,0.0,0.0,0.0,0.0,0.0,0.0,0.0,0.0,0.0,0.0,0.0,0.0,0.33562212290321897,0.0,0.0,0.0,0.0,0.0,0.0,0.0,0.0,0.0,0.0,0.0,0.0,0.0,0.0,0.0,0.0,0.0,0.0,0.0,0.0,0.0,0.0,0.0,0.0,0.0,0.0,0.0,0.0,0.0,0.0,0.0,0.0,0.0,0.0,0.0,0.0,0.0,0.0,0.0,0.0,0.0,0.0,0.0,0.0,0.0,0.0,0.0,0.0,0.0,0.0,0.0,0.0,0.0,0.0,0.0,0.0,0.0,0.0,0.0,0.0,0.0,0.0,0.0,0.0,0.0,0.0,0.0,0.0,0.0,0.0,0.0,0.0,0.0,0.0,0.0,0.0,0.0,0.0,0.0,0.0,0.0,0.0,0.0,0.0,0.0,0.0,0.0,0.0,0.0,0.0,0.33562212290321897,0.0,0.0,0.0,0.0,0.0,0.0,0.0,0.0,0.0,0.0,0.0,0.0,0.0,0.0,0.0,0.0,0.0,0.0,0.0,0.0,0.0,0.0,0.0,0.0,0.0,0.0,0.0,0.0,0.0,0.0,0.0,0.0,0.0,0.0,0.0,0.0,0.0,0.0,0.0,0.0,0.0,0.0,0.0,0.0,0.0,0.0,0.0,0.0,0.0,0.0,0.0,0.0,0.0,0.0,0.0,0.0,0.0,0.0,0.0,0.0,0.0,0.0,0.0,0.0,0.0,0.0,0.0,0.0,0.0,0.0,0.0,0.0,0.0,0.0,0.0,0.0,0.0,0.0,0.0,0.0,0.0,0.0,0.0,0.0,0.0,0.0,0.0,0.0,0.0,0.0,0.0,0.0,0.0,0.0,0.0,0.0,0.0,0.0,0.0,0.0,0.0,0.0,0.0,0.0,0.0,0.0,0.0,0.0,0.0,0.0,0.0,0.0,0.0,0.0,0.0,0.0,0.0,0.0,0.0,0.0,0.0,0.0,0.0,0.0,0.0,0.0,0.0,0.0,0.0,0.19983203451847317,0.0,0.0,0.0,0.0,0.0,0.0,0.0,0.0,0.0,0.0,0.0,0.0,0.0,0.0,0.0,0.0,0.0,0.0,0.0,0.0,0.0,0.0,0.0,0.0,0.0,0.0,0.0,0.0,0.0,0.0,0.0,0.0,0.0,0.0,0.0,0.0,0.0,0.0,0.0,0.0,0.0,0.0,0.0,0.0,0.0,0.0,0.0,0.0,0.0,0.0,0.0,0.0,0.0,0.0,0.0,0.0,0.0,0.0,0.0,0.0,0.0,0.0,0.0,0.0,0.0,0.0,0.0,0.0,0.0,0.0,0.0,0.0,0.0,0.0,0.0,0.0,0.0,0.0,0.0,0.0,0.0,0.0,0.0,0.0,0.0,0.0,0.0,0.0,0.0,0.0,0.0,0.0,0.0,0.0,0.0,0.0,0.0,0.0,0.0,0.0,0.0,0.0,0.0,0.0,0.0,0.0,0.0,0.0,0.0,0.0,0.0,0.0,0.0,0.0,0.0,0.0,0.0,0.0,0.0,0.0,0.0,0.0,0.0,0.0,0.0,0.0,0.0,0.0,0.31116587831465964,0.0,0.0,0.0,0.0,0.0,0.0,0.0,0.0,0.0,0.0,0.0,0.0,0.0,0.0,0.0,0.0,0.0,0.0,0.0,0.0,0.0,0.0,0.0,0.0,0.0,0.0,0.24490140745790512,0.0,0.0,0.0,0.0,0.0,0.0,0.0,0.0,0.0,0.0,0.0,0.33562212290321897,0.0,0.0,0.0,0.0,0.0,0.0,0.0,0.0,0.0,0.0,0.0,0.0,0.0,0.31116587831465964,0.0,0.0,0.0,0.0,0.0,0.0,0.0,0.0,0.0,0.0,0.0,0.0,0.0,0.0,0.0,0.0,0.33562212290321897,0.0,0.0,0.0,0.0,0.0,0.0,0.0,0.0,0.0,0.0,0.0
SD2401268,20대,음 근데 우리집이 꼭대기 층이라 그런지 좀 괜찮은 거 같은데. 층간 소음은 없는데 벽간 소음이 쪼금 있는 거 같아. 방이 그 방음이 잘 안 돼서 옆 문 그 첫 입구 문에만 서도 옆의 방이 뭐 유튜브 뭐 듣고 있는지 무슨 대화하고 있는지가 너무 잘 들려서 쪼끔 부담스럽긴 해. 근데 위에는 아무도 사람이 안 사니까 내가 살기에는 어 소음이 없어서 되게 좋은 거 같아. 그거 말고도 본가 살 때는 위층이 아빠 지인이 살았었는데 그래서 막 소음이 나도 뭐라 하기가 좀 그랬던 경험이 있어. 너는 지금 몇 층 정도에 살아? 층간 소음은 없어? 음 그 학 학교 들어오고 나서부터 2년 동안 여기 살고 올해 새로 계약해서 똑같은 데 연장해서 거기서 살고 있어. 아마 내년에는 교환 학생을 가서 없으니까 오빠가 혼자 살 거 같아 지금 같이 살고 있으니까. 그리고 사실 나는 올해 딱 계약 연장할 때쯤에 새로 구해서 따로따로 살고 싶었는데 아무래도 서울 뭐 월세가 비싸다 보니까 그냥 한집에서 해서 전세로 사는 게 낫겠다 싶어서 같이 살고 있는데. 어 아무래도 생활 패턴이나 그런 집안일 하는 거가 좀 안 맞아서 좀 그게 제일 힘들어서 따로 살고 싶었던 거 같아. 뭐 혼자 늦게 자고 그런 건 상관없는데 오빠가 게임을 하니까 늦게까지 게임하는 소리 계속 들려 오 들려 오고 하니까 나 자는 데 방에 돼서 그랬던 거 같아. 너는 그런 적은 없어? 어 중3 때까지 1곳에서 살았고 그 주 중3 이후에 약간 신도시 분양 그런 청약 담 당첨 돼 가지고 1번 이사를 갔었어. 근데 그 중3 때까지 계속 같은 지역에 살다 보니까 거기 유치원 초등학교 중학교 나오고 고등학교도 그쪽을 가려고 했는데 이사를 가게 돼서 혼자 떨어진 곳을 가니까 친구들이랑도 멀어지고 그러 그 뭐 원래 놀던 데에서도 못 놀고 이런 게 쪼끔 아쉽고 힘들긴 하더라고. 근데 집이 넓어서 되게 좋았던 거 같아. 나는 이사를 많이 안 해 봐서 막 해 보고 싶었다 이런 게 좀 컸었는데 주변에 이사 많이 다니는 사람은 안 그렇더라고. 이사를 그만 다니고 싶다 그러더라. 혹시 너도 그런 편이야? 음 나는 이사 간 다음에 우 이 이사 간 아파트 앞에 막 전원주택 같은 게 있는 거야. 그래서 나중에 이 또 이사를 가게 된다면은 저런 데에서 살고 싶다. 저런 데에서 마당에서 막 식물 키우고 동물 키우고 막 나만의 정원을 가꾸면서 2층 바 다락방에서 살고 싶다 막 이런 생각을 했었는데. 근데 막상 거기에 살면은 관리하는 게 되게 힘들어 보이더라고. 할머니 집도 그런 전원주택인데 조금만 뭘 관리를 안 해 줘도 잡초 자라고 먼지가 끼고 더러워지고 막 그런 게 많아서 관리가 힘들다고 하더라고. 근데 그럼에도 한 약간 한번쯤은 전원주택에 살고 싶다 이런 생각이 있는데. 너는 그런 어디에 살고 싶다 이런 로망 같은 게 있어? 어 전자레인지랑 냉장고 세탁기 이 이 정도는 원래 있었던 거 같고. 밥솥이랑 응 어 그 오븐 같은 거 뭐라고 하지. 그 아 에어프라이어는 사 왔고. 최근에 여름 되니까 벌레가 너무 많이 생기잖아. 특히 음식물에 벌레가 많이 생기는데 그래서 버리기가 너무 힘들어서 미생물로 분해해 주는 기계 그런 게 있더라고. 오빠가 인스타그램에서 찾아와서 막 우 이거 쓰자 막 그러면서 찾아왔던 기억이 있어. 그래서 그거를 지금 살까 고민 중에 있어. 그게 음식물 쓰레기를 넣으면은 미생물들이 분해를 해서 흙으로 바로 만들어 준대. 근데 그게 하루 만에 다 만들어 주고 냄새도 안 나서 좋다고 하더라고. 너는 혹시 집안일 같은 거는 어떻게 하는 편이야? 어 가끔 아니 자주 좀 싸운 싸우진 않고 이런 거에 대해 짜증을 내는 거 같긴 한데 내 방이 쓰레기 그 분리수거 하는 데 바로 앞에 있단 말이야. 그래서 오빠는 좀 멀어서 쓰레기 같은 걸 거기 내면 그만인데 나는 내고 나서 그게 분리수거가 잘 안 되어 있거나 막 더러운 게 섞여 있거나 하면은 냄새가 바로 내 방으로 들어온단 말이야. 그거 때문에 오빠한테 뭐라 한 적도 많았던 거 같고. 약간 분담 같은 게 예전에는 막 뭐 냉장고 청소 네가 1번 하면 내가 화장실 청소 1번 하고 이런 식으로 번갈아서 하자라고 말은 했는데 어느 순간 보니까 내가 다 하고 있더라고. 그래서 그거에 대해서 쌓아 놨다가 화내기 직전에 딱 말하면은 오빠가 또 눈치는 빨라 가지고 그제서야 부랴부랴 치우고 막 이래서 어 싸우지는 않았던 거 같아. 근데 자취를 하니까 확실히 본가 살 때는 엄마가 다 해 주고 그러는데 내가 다 해야 되니까 그게 힘든 거 같긴 해. 너는 자취하고 싶다는 생각은 없어? 아 나 처음에 집 들어올 때 막 냉장고랑 기본 가구에 막 여 연두색 띠가 막 둘러져 있는 거야. 기본 색깔로 막 있는 거야. 그래서 그걸 보고 아 진짜 별로다. 여기 살기 싫다 했었는데 막상 들어가 보니까 그런 거 별로 티도 안 나고 깔끔해 보이고 좋더라고. 그래서 그렇게 쓰고 있고. 뭔가 인테리어 아 그 자취하면 내 방식대로 바 집을 꾸미고 막 이렇게 써야지라는 생각은 있었는데 막상 있으니까 짐을 그 넣을 짐도 너무 많고 근데 그거에 비해 공간은 안 나오고 하니까 인테리어라고 할 것도 없이 그냥 짐을 넣어 놓은 거 같아. 내 방이 너무 작아서 옷장 같은 게 들어갈 공간이 안 나서 거실에다가 행거 설치해서 바로 옷 놓아두고. 그래서 뭔가 꾸미기도 애매하고 그랬던 거 같아. 너는 집 인테리어 어떤 편이야? 서울에서 살 수 있으면 좋을 거 같은데. 왜냐하면 여가 생활 같은 것도 훨씬 더 많이 할 수 있고 이제 거의 내 친구들이나 생활 반경이 서울에 중심에 맞춰져 있다 보니까 서울에서 생활하는 게 편하긴 한데 가끔씩 여기가 사람이 너무 많아서 내려가고 싶다라는 생각이 들긴 해. 근데 직장을 얻고 뭔가 더 발전을 하려면은 서울에서 사는 게 맞는 거 같아. 나는 그 본가 살 때는 지하에 헬스장이 있어서 그거를 썼단 말이야. 근데 자취를 하니까 그런 여가 시설 시 그 아무튼 시설들이 없어서 막 주변에서 주변 다른 헬스장을 등록해 놨단 말이야. 근데 너는 지금 어쨌든 본가에 살잖아. 큰 아파트에 사는데 그러면 거기에 막 여가 시설 같은 게 와 잘 마련되어 있어?,0.005747126436781609,0.017241379310344827,0.004597701149425287,0.0,0.005747126436781609,0.0034482758620689655,0.005747126436781609,0.008045977011494253,0.01839080459770115,0.029885057471264367,0.004597701149425287,0.027586206896551724,0.0,0.008045977011494253,0.0022988505747126436,0.0,0.0034482758620689655,0.0011494252873563218,0.03218390804597701,0.013793103448275862,0.0,0.0,0.0,0.0022988505747126436,0.0,0.004597701149425287,0.021839080459770115,0.0,0.0034482758620689655,0.0034482758620689655,0.04367816091954023,0.0,0.006896551724137931,0.0,0.004597701149425287,0.009195402298850575,0.0,0.0,0.011494252873563218,0.0011494252873563218,0.0,0.0022988505747126436,0.0,0.0,0.034482758620689655,0.004597701149425287,0.013793103448275862,0.0022988505747126436,0.004597701149425287,0.0367816091954023,0.009195402298850575,0.0011494252873563218,0.0,0.0022988505747126436,0.0,0.0011494252873563218,0.0011494252873563218,0.0022988505747126436,0.0,0.006896551724137931,0.0,0.0,0.0,0.0011494252873563218,0.006896551724137931,0.0022988505747126436,0.0022988505747126436,0.0011494252873563218,0.0011494252873563218,0.0,0.0,0.0,0.0022988505747126436,0.0,0.0,0.005747126436781609,0.0022988505747126436,0.0,0.006896551724137931,0.010344827586206896,0.0011494252873563218,0.0,0.0,0.0,0.0,0.004597701149425287,0.0034482758620689655,0.0,0.0022988505747126436,0.004597701149425287,0.0,0.0022988505747126436,0.0,0.0011494252873563218,0.0,0.0011494252873563218,0.0011494252873563218,0.0011494252873563218,0.0,0.0022988505747126436,0.004597701149425287,0.0011494252873563218,0.0,0.0,0.0,0.0,0.01264367816091954,0.009195402298850575,0.0,0.0011494252873563218,0.0011494252873563218,0.0022988505747126436,0.0011494252873563218,0.0,0.0,0.0011494252873563218,0.0,0.0,0.0011494252873563218,0.011494252873563218,0.0,0.005747126436781609,0.0011494252873563218,0.0,0.0022988505747126436,0.0011494252873563218,0.0011494252873563218,0.0,0.0022988505747126436,0.0,0.0,0.0,0.0,0.0034482758620689655,0.0,0.0,0.01839080459770115,0.0022988505747126436,0.0,0.0,0.0022988505747126436,0.0022988505747126436,0.0022988505747126436,0.0,0.0,0.005747126436781609,0.0011494252873563218,0.0,0.008045977011494253,0.0022988505747126436,0.0011494252873563218,0.005747126436781609,0.0011494252873563218,0.0,0.0,0.0011494252873563218,0.0,0.0011494252873563218,0.006896551724137931,0.0011494252873563218,0.0,0.0034482758620689655,0.0,0.0,0.0,0.004597701149425287,0.0011494252873563218,0.0011494252873563218,0.0,0.0,0.0011494252873563218,0.0,0.0,0.0,0.006896551724137931,0.0,0.0,0.0,0.0,0.0,0.0011494252873563218,0.0,0.0034482758620689655,0.0022988505747126436,0.0,0.0022988505747126436,0.0,0.0022988505747126436,0.0022988505747126436,0.0,0.0,0.0,0.0022988505747126436,0.0,0.0,0.0011494252873563218,0.0,0.0,0.0,0.0,0.0034482758620689655,0.0,0.004597701149425287,0.0,0.0,0.0,0.0,0.0,0.0,0.0011494252873563218,0.0,0.0,0.0,0.0,0.0011494252873563218,0.0,0.0011494252873563218,0.0,0.0011494252873563218,0.0,0.0022988505747126436,0.0,0.0011494252873563218,0.0022988505747126436,0.0,0.0,0.005747126436781609,0.0,0.0022988505747126436,0.0,0.0,0.0,0.0,0.0,0.0,0.0,0.0,0.0,0.0022988505747126436,0.0,0.0,0.0,0.004597701149425287,0.0,0.0,0.0,0.0,0.0,0.0,0.0,0.0,0.0,0.0,0.0,0.0,0.0,0.006896551724137931,0.0034482758620689655,0.0011494252873563218,0.0011494252873563218,0.0011494252873563218,0.0011494252873563218,0.0022988505747126436,0.0022988505747126436,0.0011494252873563218,0.0011494252873563218,0.0011494252873563218,0.0011494252873563218,0.0011494252873563218,0.0011494252873563218,0.0034482758620689655,0.0011494252873563218,0.005747126436781609,0.0011494252873563218,0.0011494252873563218,0.0011494252873563218,0.0022988505747126436,0.0022988505747126436,0.0011494252873563218,0.0022988505747126436,0.0011494252873563218,0.0011494252873563218,0.0011494252873563218,0.0011494252873563218,0.0022988505747126436,0.0011494252873563218,0.0011494252873563218,0.0011494252873563218,0.0022988505747126436,0.0011494252873563218,0.0011494252873563218,0.0011494252873563218,0.0011494252873563218,0.0011494252873563218,0.0011494252873563218,0.0011494252873563218,0.0011494252873563218,0.0022988505747126436,0.0022988505747126436,0.0011494252873563218,0.0011494252873563218,0.0011494252873563218,0.0022988505747126436,0.0011494252873563218,0.0011494252873563218,0.0034482758620689655,0.0011494252873563218,0.0011494252873563218,0.0011494252873563218,0.0011494252873563218,0.0011494252873563218,0.0011494252873563218,0.0011494252873563218,0.0022988505747126436,0.0011494252873563218,0.0022988505747126436,0.0022988505747126436,0.0011494252873563218,0.0011494252873563218,0.0034482758620689655,0.0011494252873563218,0.0011494252873563218,0.0022988505747126436,0.0011494252873563218,0.0022988505747126436,0.0011494252873563218,0.0011494252873563218,0.0022988505747126436,0.0011494252873563218,0.0011494252873563218,0.0011494252873563218,0.0022988505747126436,0.0011494252873563218,0.0034482758620689655,0.0034482758620689655,0.0022988505747126436,0.0011494252873563218,0.0011494252873563218,0.0011494252873563218,0.0011494252873563218,0.0011494252873563218,0.0011494252873563218,0.0011494252873563218,0.004597701149425287,0.0011494252873563218,0.0011494252873563218,0.0011494252873563218,0.0011494252873563218,0.0022988505747126436,0.0011494252873563218,0.0011494252873563218,0.0011494252873563218,0.0034482758620689655,0.0011494252873563218,0.0011494252873563218,0.0011494252873563218,0.0011494252873563218,0.0022988505747126436,0.0011494252873563218,0.0022988505747126436,0.0022988505747126436,0.0022988505747126436,0.0011494252873563218,0.0011494252873563218,0.0011494252873563218,0.0011494252873563218,0.0022988505747126436,0.0011494252873563218,0.0034482758620689655,0.0034482758620689655,0.0011494252873563218,0.004597701149425287,0.0011494252873563218,0.0011494252873563218,0.0022988505747126436,0.0022988505747126436,0.0011494252873563218,0.0011494252873563218,0.0011494252873563218,0.0022988505747126436,0.0011494252873563218,0.0022988505747126436,0.0022988505747126436,0.0011494252873563218,0.0011494252873563218,0.0011494252873563218,0.0011494252873563218,0.0011494252873563218,0.0011494252873563218,0.0011494252873563218,0.0011494252873563218,0.0011494252873563218,0.0011494252873563218,0.0011494252873563218,0.0011494252873563218,0.0022988505747126436,0.0011494252873563218,0.0011494252873563218,0.0011494252873563218,0.0011494252873563218,0.0011494252873563218,0.0011494252873563218,0.0011494252873563218,0.0011494252873563218,0.0011494252873563218,0.0011494252873563218,0.0011494252873563218,0.0022988505747126436,0.0011494252873563218,0.0011494252873563218,0.0011494252873563218,0.0011494252873563218,0.0011494252873563218,0.0022988505747126436,0.0011494252873563218,0.0022988505747126436,0.0011494252873563218,0.0011494252873563218,0.0011494252873563218,0.0034482758620689655,0.0011494252873563218,0.0011494252873563218,0.0011494252873563218,0.0011494252873563218,0.0011494252873563218,0.0011494252873563218,0.0011494252873563218,0.0011494252873563218,0.0011494252873563218,0.0011494252873563218,0.0011494252873563218,0.0011494252873563218,0.0034482758620689655,0.0011494252873563218,0.0022988505747126436,0.0011494252873563218,0.0011494252873563218,0.0011494252873563218,0.0011494252873563218,0.0011494252873563218,0.0011494252873563218,0.0011494252873563218,0.0011494252873563218,0.0011494252873563218,0.0011494252873563218,0.0011494252873563218,0.0011494252873563218,0.0011494252873563218,0.0011494252873563218,0.0011494252873563218,0.0011494252873563218,0.0011494252873563218,0.0011494252873563218,0.0,0.0,0.0,0.0,0.0,0.0,0.0,0.0,0.0,0.0,0.0,0.0,0.0,0.0,0.0,0.0,0.0,0.0,0.0,0.0,0.0,0.0,0.0,0.0,0.0,0.0,0.0,0.0,0.0,0.0,0.0,0.0,0.0,0.0,0.0,0.0,0.0,0.0,0.0,0.0,0.0,0.0,0.0,0.0,0.0,0.0,0.0,0.0,0.0,0.0,0.0,0.0,0.0,0.0,0.0,0.0,0.0,0.0,0.0,0.0,0.0,0.0,0.0,0.0,0.0,0.0,0.0,0.0,0.0,0.0,0.0,0.0,0.0,0.0,0.0,0.0,0.0,0.0,0.0,0.0,0.0,0.0,0.0,0.0,0.0,0.0,0.0,0.0,0.0,0.0,0.0,0.0,0.0,0.0,0.0,0.0,0.0,0.0,0.0,0.0,0.0,0.0,0.0,0.0,0.0,0.0,0.0,0.0,0.0,0.0,0.0,0.0,0.0,0.0,0.0,0.0,0.0,0.0,0.0,0.0,0.0,0.0,0.0,0.0,0.0,0.0,0.0,0.0,0.0,0.0,0.0,0.0,0.0,0.0,0.0,0.0,0.0,0.0,0.0,0.0,0.33700338412483066,0.0,0.0,0.0,0.0,0.0,0.0,0.0,0.0,0.0,0.0,0.0,0.0,0.0,0.0,0.0,0.0,0.0,0.0,0.0,0.0,0.0,0.0,0.0,0.0,0.0,0.0,0.0,0.0,0.0,0.0,0.0,0.0,0.0,0.0,0.0,0.0,0.0,0.0,0.0,0.0,0.0,0.0,0.0,0.0,0.0,0.0,0.0,0.0,0.0,0.0,0.0,0.0,0.0,0.0,0.0,0.0,0.0,0.0,0.0,0.0,0.0,0.0,0.0,0.0,0.0,0.0,0.0,0.0,0.0,0.0,0.0,0.0,0.0,0.0,0.0,0.0,0.0,0.0,0.0,0.0,0.0,0.0,0.0,0.0,0.0,0.0,0.0,0.0,0.0,0.0,0.0,0.0,0.0,0.0,0.0,0.0,0.0,0.0,0.0,0.0,0.0,0.0,0.0,0.0,0.0,0.0,0.0,0.0,0.0,0.0,0.0,0.0,0.0,0.0,0.0,0.0,0.0,0.0,0.0,0.0,0.0,0.0,0.0,0.0,0.0,0.0,0.0,0.0,0.0,0.0,0.0,0.0,0.0,0.0,0.0,0.0,0.0,0.0,0.0,0.0,0.0,0.0,0.0,0.0,0.0,0.0,0.0,0.0,0.0,0.0,0.0,0.0,0.0,0.0,0.0,0.0,0.0,0.0,0.0,0.0,0.38053154323868954,0.0,0.0,0.0,0.0,0.0,0.0,0.0,0.0,0.0,0.0,0.0,0.0,0.0,0.0,0.0,0.0,0.0,0.0,0.0,0.0,0.0,0.0,0.0,0.0,0.0,0.0,0.0,0.0,0.0,0.0,0.0,0.0,0.0,0.0,0.0,0.0,0.0,0.0,0.0,0.0,0.0,0.0,0.0,0.0,0.0,0.0,0.0,0.0,0.0,0.0,0.0,0.0,0.0,0.0,0.0,0.0,0.0,0.0,0.0,0.0,0.0,0.0,0.0,0.0,0.0,0.0,0.0,0.0,0.0,0.0,0.0,0.0,0.0,0.47414581840569386,0.0,0.0,0.0,0.0,0.0,0.0,0.0,0.0,0.0,0.0,0.0,0.0,0.0,0.0,0.0,0.0,0.0,0.0,0.0,0.0,0.0,0.0,0.0,0.0,0.0,0.0,0.0,0.0,0.0,0.0,0.0,0.0,0.0,0.0,0.0,0.0,0.0,0.0,0.0,0.0,0.0,0.0,0.0,0.0,0.0,0.0,0.0,0.0,0.0,0.0,0.0,0.0,0.0,0.0,0.0,0.0,0.0,0.0,0.0,0.0,0.0,0.0,0.0,0.0,0.0,0.0,0.0,0.0,0.47414581840569386,0.0,0.0,0.0,0.0,0.0,0.0,0.0,0.0,0.0,0.0,0.0,0.0,0.0,0.0,0.0,0.0,0.0,0.0,0.0,0.0,0.0,0.0,0.0,0.0,0.0,0.0,0.0,0.0,0.0,0.0,0.0,0.0,0.0,0.0,0.0,0.0,0.0,0.0,0.0,0.0,0.0,0.0,0.0,0.0,0.0,0.0,0.0,0.0,0.0,0.0,0.0,0.0,0.0,0.0,0.0,0.0,0.0,0.0,0.0,0.0,0.0,0.0,0.0,0.0,0.0,0.0,0.0,0.0,0.0,0.0,0.0,0.0,0.0,0.0,0.0,0.0,0.0,0.0,0.0,0.0,0.0,0.0,0.0,0.0,0.0,0.0,0.0,0.0,0.0,0.0,0.0,0.0,0.0,0.0,0.0,0.0,0.0,0.0,0.0,0.0,0.41508178684380515,0.0,0.0,0.0,0.0,0.0,0.0,0.0,0.0,0.0,0.0,0.0,0.0,0.0,0.0,0.0,0.0,0.0,0.0,0.0,0.0,0.0,0.0,0.0,0.0,0.0,0.0,0.0,0.0,0.0,0.0,0.0,0.0,0.0,0.0,0.0,0.0,0.0,0.0,0.0,0.0,0.0,0.0,0.0,0.0,0.0,0.0,0.0,0.0,0.0,0.0,0.0,0.0,0.0,0.0,0.0,0.0,0.0,0.0,0.0,0.0,0.0,0.0,0.0,0.0,0.0,0.0,0.0,0.0,0.0,0.0,0.0,0.0,0.0,0.0,0.0,0.0,0.0,0.0,0.0,0.0,0.0,0.0,0.0,0.0,0.0,0.0,0.0,0.0,0.0,0.0,0.0,0.0,0.0,0.0,0.0,0.0,0.0,0.0,0.0,0.0,0.0,0.0,0.0,0.0,0.0,0.0,0.0,0.0,0.0,0.0,0.0,0.0,0.0,0.0,0.0,0.0,0.0,0.0,0.0,0.0,0.0,0.0,0.0,0.0,0.0,0.0,0.3459812996335737,0.0,0.0,0.0,0.0,0.0,0.0,0.0,0.0,0.0,0.0,0.0,0.0,0.0,0.0,0.0,0.0,0.0,0.0,0.0,0.0,0.0,0.0,0.0,0.0,0.0,0.0,0.0,0.0,0.0,0.0,0.0,0.0,0.0,0.0,0.0,0.0,0.0,0.0,0.0,0.0,0.0,0.0,0.0,0.0,0.0,0.0,0.0,0.0,0.0,0.0,0.0,0.0,0.0,0.0
SD2401268,20대,음 근데 우리집이 꼭대기 층이라 그런지 좀 괜찮은 거 같은데. 층간 소음은 없는데 벽간 소음이 쪼금 있는 거 같아. 방이 그 방음이 잘 안 돼서 옆 문 그 첫 입구 문에만 서도 옆의 방이 뭐 유튜브 뭐 듣고 있는지 무슨 대화하고 있는지가 너무 잘 들려서 쪼끔 부담스럽긴 해. 근데 위에는 아무도 사람이 안 사니까 내가 살기에는 어 소음이 없어서 되게 좋은 거 같아. 그거 말고도 본가 살 때는 위층이 아빠 지인이 살았었는데 그래서 막 소음이 나도 뭐라 하기가 좀 그랬던 경험이 있어. 너는 지금 몇 층 정도에 살아? 층간 소음은 없어? 음 그 학 학교 들어오고 나서부터 2년 동안 여기 살고 올해 새로 계약해서 똑같은 데 연장해서 거기서 살고 있어. 아마 내년에는 교환 학생을 가서 없으니까 오빠가 혼자 살 거 같아 지금 같이 살고 있으니까. 그리고 사실 나는 올해 딱 계약 연장할 때쯤에 새로 구해서 따로따로 살고 싶었는데 아무래도 서울 뭐 월세가 비싸다 보니까 그냥 한집에서 해서 전세로 사는 게 낫겠다 싶어서 같이 살고 있는데. 어 아무래도 생활 패턴이나 그런 집안일 하는 거가 좀 안 맞아서 좀 그게 제일 힘들어서 따로 살고 싶었던 거 같아. 뭐 혼자 늦게 자고 그런 건 상관없는데 오빠가 게임을 하니까 늦게까지 게임하는 소리 계속 들려 오 들려 오고 하니까 나 자는 데 방에 돼서 그랬던 거 같아. 너는 그런 적은 없어? 어 중3 때까지 1곳에서 살았고 그 주 중3 이후에 약간 신도시 분양 그런 청약 담 당첨 돼 가지고 1번 이사를 갔었어. 근데 그 중3 때까지 계속 같은 지역에 살다 보니까 거기 유치원 초등학교 중학교 나오고 고등학교도 그쪽을 가려고 했는데 이사를 가게 돼서 혼자 떨어진 곳을 가니까 친구들이랑도 멀어지고 그러 그 뭐 원래 놀던 데에서도 못 놀고 이런 게 쪼끔 아쉽고 힘들긴 하더라고. 근데 집이 넓어서 되게 좋았던 거 같아. 나는 이사를 많이 안 해 봐서 막 해 보고 싶었다 이런 게 좀 컸었는데 주변에 이사 많이 다니는 사람은 안 그렇더라고. 이사를 그만 다니고 싶다 그러더라. 혹시 너도 그런 편이야? 음 나는 이사 간 다음에 우 이 이사 간 아파트 앞에 막 전원주택 같은 게 있는 거야. 그래서 나중에 이 또 이사를 가게 된다면은 저런 데에서 살고 싶다. 저런 데에서 마당에서 막 식물 키우고 동물 키우고 막 나만의 정원을 가꾸면서 2층 바 다락방에서 살고 싶다 막 이런 생각을 했었는데. 근데 막상 거기에 살면은 관리하는 게 되게 힘들어 보이더라고. 할머니 집도 그런 전원주택인데 조금만 뭘 관리를 안 해 줘도 잡초 자라고 먼지가 끼고 더러워지고 막 그런 게 많아서 관리가 힘들다고 하더라고. 근데 그럼에도 한 약간 한번쯤은 전원주택에 살고 싶다 이런 생각이 있는데. 너는 그런 어디에 살고 싶다 이런 로망 같은 게 있어? 어 전자레인지랑 냉장고 세탁기 이 이 정도는 원래 있었던 거 같고. 밥솥이랑 응 어 그 오븐 같은 거 뭐라고 하지. 그 아 에어프라이어는 사 왔고. 최근에 여름 되니까 벌레가 너무 많이 생기잖아. 특히 음식물에 벌레가 많이 생기는데 그래서 버리기가 너무 힘들어서 미생물로 분해해 주는 기계 그런 게 있더라고. 오빠가 인스타그램에서 찾아와서 막 우 이거 쓰자 막 그러면서 찾아왔던 기억이 있어. 그래서 그거를 지금 살까 고민 중에 있어. 그게 음식물 쓰레기를 넣으면은 미생물들이 분해를 해서 흙으로 바로 만들어 준대. 근데 그게 하루 만에 다 만들어 주고 냄새도 안 나서 좋다고 하더라고. 너는 혹시 집안일 같은 거는 어떻게 하는 편이야? 어 가끔 아니 자주 좀 싸운 싸우진 않고 이런 거에 대해 짜증을 내는 거 같긴 한데 내 방이 쓰레기 그 분리수거 하는 데 바로 앞에 있단 말이야. 그래서 오빠는 좀 멀어서 쓰레기 같은 걸 거기 내면 그만인데 나는 내고 나서 그게 분리수거가 잘 안 되어 있거나 막 더러운 게 섞여 있거나 하면은 냄새가 바로 내 방으로 들어온단 말이야. 그거 때문에 오빠한테 뭐라 한 적도 많았던 거 같고. 약간 분담 같은 게 예전에는 막 뭐 냉장고 청소 네가 1번 하면 내가 화장실 청소 1번 하고 이런 식으로 번갈아서 하자라고 말은 했는데 어느 순간 보니까 내가 다 하고 있더라고. 그래서 그거에 대해서 쌓아 놨다가 화내기 직전에 딱 말하면은 오빠가 또 눈치는 빨라 가지고 그제서야 부랴부랴 치우고 막 이래서 어 싸우지는 않았던 거 같아. 근데 자취를 하니까 확실히 본가 살 때는 엄마가 다 해 주고 그러는데 내가 다 해야 되니까 그게 힘든 거 같긴 해. 너는 자취하고 싶다는 생각은 없어? 아 나 처음에 집 들어올 때 막 냉장고랑 기본 가구에 막 여 연두색 띠가 막 둘러져 있는 거야. 기본 색깔로 막 있는 거야. 그래서 그걸 보고 아 진짜 별로다. 여기 살기 싫다 했었는데 막상 들어가 보니까 그런 거 별로 티도 안 나고 깔끔해 보이고 좋더라고. 그래서 그렇게 쓰고 있고. 뭔가 인테리어 아 그 자취하면 내 방식대로 바 집을 꾸미고 막 이렇게 써야지라는 생각은 있었는데 막상 있으니까 짐을 그 넣을 짐도 너무 많고 근데 그거에 비해 공간은 안 나오고 하니까 인테리어라고 할 것도 없이 그냥 짐을 넣어 놓은 거 같아. 내 방이 너무 작아서 옷장 같은 게 들어갈 공간이 안 나서 거실에다가 행거 설치해서 바로 옷 놓아두고. 그래서 뭔가 꾸미기도 애매하고 그랬던 거 같아. 너는 집 인테리어 어떤 편이야? 서울에서 살 수 있으면 좋을 거 같은데. 왜냐하면 여가 생활 같은 것도 훨씬 더 많이 할 수 있고 이제 거의 내 친구들이나 생활 반경이 서울에 중심에 맞춰져 있다 보니까 서울에서 생활하는 게 편하긴 한데 가끔씩 여기가 사람이 너무 많아서 내려가고 싶다라는 생각이 들긴 해. 근데 직장을 얻고 뭔가 더 발전을 하려면은 서울에서 사는 게 맞는 거 같아. 나는 그 본가 살 때는 지하에 헬스장이 있어서 그거를 썼단 말이야. 근데 자취를 하니까 그런 여가 시설 시 그 아무튼 시설들이 없어서 막 주변에서 주변 다른 헬스장을 등록해 놨단 말이야. 근데 너는 지금 어쨌든 본가에 살잖아. 큰 아파트에 사는데 그러면 거기에 막 여가 시설 같은 게 와 잘 마련되어 있어?,0.005747126436781609,0.017241379310344827,0.004597701149425287,0.0,0.005747126436781609,0.0034482758620689655,0.005747126436781609,0.008045977011494253,0.01839080459770115,0.029885057471264367,0.004597701149425287,0.027586206896551724,0.0,0.008045977011494253,0.0022988505747126436,0.0,0.0034482758620689655,0.0011494252873563218,0.03218390804597701,0.013793103448275862,0.0,0.0,0.0,0.0022988505747126436,0.0,0.004597701149425287,0.021839080459770115,0.0,0.0034482758620689655,0.0034482758620689655,0.04367816091954023,0.0,0.006896551724137931,0.0,0.004597701149425287,0.009195402298850575,0.0,0.0,0.011494252873563218,0.0011494252873563218,0.0,0.0022988505747126436,0.0,0.0,0.034482758620689655,0.004597701149425287,0.013793103448275862,0.0022988505747126436,0.004597701149425287,0.0367816091954023,0.009195402298850575,0.0011494252873563218,0.0,0.0022988505747126436,0.0,0.0011494252873563218,0.0011494252873563218,0.0022988505747126436,0.0,0.006896551724137931,0.0,0.0,0.0,0.0011494252873563218,0.006896551724137931,0.0022988505747126436,0.0022988505747126436,0.0011494252873563218,0.0011494252873563218,0.0,0.0,0.0,0.0022988505747126436,0.0,0.0,0.005747126436781609,0.0022988505747126436,0.0,0.006896551724137931,0.010344827586206896,0.0011494252873563218,0.0,0.0,0.0,0.0,0.004597701149425287,0.0034482758620689655,0.0,0.0022988505747126436,0.004597701149425287,0.0,0.0022988505747126436,0.0,0.0011494252873563218,0.0,0.0011494252873563218,0.0011494252873563218,0.0011494252873563218,0.0,0.0022988505747126436,0.004597701149425287,0.0011494252873563218,0.0,0.0,0.0,0.0,0.01264367816091954,0.009195402298850575,0.0,0.0011494252873563218,0.0011494252873563218,0.0022988505747126436,0.0011494252873563218,0.0,0.0,0.0011494252873563218,0.0,0.0,0.0011494252873563218,0.011494252873563218,0.0,0.005747126436781609,0.0011494252873563218,0.0,0.0022988505747126436,0.0011494252873563218,0.0011494252873563218,0.0,0.0022988505747126436,0.0,0.0,0.0,0.0,0.0034482758620689655,0.0,0.0,0.01839080459770115,0.0022988505747126436,0.0,0.0,0.0022988505747126436,0.0022988505747126436,0.0022988505747126436,0.0,0.0,0.005747126436781609,0.0011494252873563218,0.0,0.008045977011494253,0.0022988505747126436,0.0011494252873563218,0.005747126436781609,0.0011494252873563218,0.0,0.0,0.0011494252873563218,0.0,0.0011494252873563218,0.006896551724137931,0.0011494252873563218,0.0,0.0034482758620689655,0.0,0.0,0.0,0.004597701149425287,0.0011494252873563218,0.0011494252873563218,0.0,0.0,0.0011494252873563218,0.0,0.0,0.0,0.006896551724137931,0.0,0.0,0.0,0.0,0.0,0.0011494252873563218,0.0,0.0034482758620689655,0.0022988505747126436,0.0,0.0022988505747126436,0.0,0.0022988505747126436,0.0022988505747126436,0.0,0.0,0.0,0.0022988505747126436,0.0,0.0,0.0011494252873563218,0.0,0.0,0.0,0.0,0.0034482758620689655,0.0,0.004597701149425287,0.0,0.0,0.0,0.0,0.0,0.0,0.0011494252873563218,0.0,0.0,0.0,0.0,0.0011494252873563218,0.0,0.0011494252873563218,0.0,0.0011494252873563218,0.0,0.0022988505747126436,0.0,0.0011494252873563218,0.0022988505747126436,0.0,0.0,0.005747126436781609,0.0,0.0022988505747126436,0.0,0.0,0.0,0.0,0.0,0.0,0.0,0.0,0.0,0.0022988505747126436,0.0,0.0,0.0,0.004597701149425287,0.0,0.0,0.0,0.0,0.0,0.0,0.0,0.0,0.0,0.0,0.0,0.0,0.0,0.006896551724137931,0.0034482758620689655,0.0011494252873563218,0.0011494252873563218,0.0011494252873563218,0.0011494252873563218,0.0022988505747126436,0.0022988505747126436,0.0011494252873563218,0.0011494252873563218,0.0011494252873563218,0.0011494252873563218,0.0011494252873563218,0.0011494252873563218,0.0034482758620689655,0.0011494252873563218,0.005747126436781609,0.0011494252873563218,0.0011494252873563218,0.0011494252873563218,0.0022988505747126436,0.0022988505747126436,0.0011494252873563218,0.0022988505747126436,0.0011494252873563218,0.0011494252873563218,0.0011494252873563218,0.0011494252873563218,0.0022988505747126436,0.0011494252873563218,0.0011494252873563218,0.0011494252873563218,0.0022988505747126436,0.0011494252873563218,0.0011494252873563218,0.0011494252873563218,0.0011494252873563218,0.0011494252873563218,0.0011494252873563218,0.0011494252873563218,0.0011494252873563218,0.0022988505747126436,0.0022988505747126436,0.0011494252873563218,0.0011494252873563218,0.0011494252873563218,0.0022988505747126436,0.0011494252873563218,0.0011494252873563218,0.0034482758620689655,0.0011494252873563218,0.0011494252873563218,0.0011494252873563218,0.0011494252873563218,0.0011494252873563218,0.0011494252873563218,0.0011494252873563218,0.0022988505747126436,0.0011494252873563218,0.0022988505747126436,0.0022988505747126436,0.0011494252873563218,0.0011494252873563218,0.0034482758620689655,0.0011494252873563218,0.0011494252873563218,0.0022988505747126436,0.0011494252873563218,0.0022988505747126436,0.0011494252873563218,0.0011494252873563218,0.0022988505747126436,0.0011494252873563218,0.0011494252873563218,0.0011494252873563218,0.0022988505747126436,0.0011494252873563218,0.0034482758620689655,0.0034482758620689655,0.0022988505747126436,0.0011494252873563218,0.0011494252873563218,0.0011494252873563218,0.0011494252873563218,0.0011494252873563218,0.0011494252873563218,0.0011494252873563218,0.004597701149425287,0.0011494252873563218,0.0011494252873563218,0.0011494252873563218,0.0011494252873563218,0.0022988505747126436,0.0011494252873563218,0.0011494252873563218,0.0011494252873563218,0.0034482758620689655,0.0011494252873563218,0.0011494252873563218,0.0011494252873563218,0.0011494252873563218,0.0022988505747126436,0.0011494252873563218,0.0022988505747126436,0.0022988505747126436,0.0022988505747126436,0.0011494252873563218,0.0011494252873563218,0.0011494252873563218,0.0011494252873563218,0.0022988505747126436,0.0011494252873563218,0.0034482758620689655,0.0034482758620689655,0.0011494252873563218,0.004597701149425287,0.0011494252873563218,0.0011494252873563218,0.0022988505747126436,0.0022988505747126436,0.0011494252873563218,0.0011494252873563218,0.0011494252873563218,0.0022988505747126436,0.0011494252873563218,0.0022988505747126436,0.0022988505747126436,0.0011494252873563218,0.0011494252873563218,0.0011494252873563218,0.0011494252873563218,0.0011494252873563218,0.0011494252873563218,0.0011494252873563218,0.0011494252873563218,0.0011494252873563218,0.0011494252873563218,0.0011494252873563218,0.0011494252873563218,0.0022988505747126436,0.0011494252873563218,0.0011494252873563218,0.0011494252873563218,0.0011494252873563218,0.0011494252873563218,0.0011494252873563218,0.0011494252873563218,0.0011494252873563218,0.0011494252873563218,0.0011494252873563218,0.0011494252873563218,0.0022988505747126436,0.0011494252873563218,0.0011494252873563218,0.0011494252873563218,0.0011494252873563218,0.0011494252873563218,0.0022988505747126436,0.0011494252873563218,0.0022988505747126436,0.0011494252873563218,0.0011494252873563218,0.0011494252873563218,0.0034482758620689655,0.0011494252873563218,0.0011494252873563218,0.0011494252873563218,0.0011494252873563218,0.0011494252873563218,0.0011494252873563218,0.0011494252873563218,0.0011494252873563218,0.0011494252873563218,0.0011494252873563218,0.0011494252873563218,0.0011494252873563218,0.0034482758620689655,0.0011494252873563218,0.0022988505747126436,0.0011494252873563218,0.0011494252873563218,0.0011494252873563218,0.0011494252873563218,0.0011494252873563218,0.0011494252873563218,0.0011494252873563218,0.0011494252873563218,0.0011494252873563218,0.0011494252873563218,0.0011494252873563218,0.0011494252873563218,0.0011494252873563218,0.0011494252873563218,0.0011494252873563218,0.0011494252873563218,0.0011494252873563218,0.0011494252873563218,0.0,0.0,0.0,0.0,0.0,0.0,0.0,0.0,0.0,0.0,0.0,0.0,0.0,0.0,0.0,0.0,0.0,0.0,0.0,0.0,0.0,0.0,0.0,0.0,0.0,0.0,0.0,0.0,0.0,0.20161621786911518,0.0,0.0,0.0,0.0,0.0,0.0,0.0,0.0,0.0,0.0,0.0,0.0,0.0,0.0,0.0,0.0,0.0,0.0,0.0,0.0,0.0,0.0,0.0,0.0,0.0,0.0,0.0,0.0,0.0,0.0,0.0,0.0,0.0,0.0,0.0,0.0,0.0,0.0,0.0,0.0,0.0,0.0,0.0,0.0,0.0,0.0,0.0,0.0,0.0,0.0,0.0,0.0,0.0,0.0,0.0,0.0,0.0,0.28744847459166667,0.0,0.0,0.0,0.0,0.0,0.0,0.20161621786911518,0.0,0.0,0.0,0.0,0.0,0.0,0.0,0.0,0.0,0.0,0.0,0.0,0.0,0.0,0.0,0.0,0.0,0.0,0.0,0.0,0.0,0.0,0.0,0.0,0.0,0.0,0.0,0.0,0.0,0.0,0.0,0.0,0.0,0.0,0.0,0.0,0.0,0.0,0.0,0.0,0.0,0.0,0.0,0.0,0.0,0.0,0.0,0.0,0.0,0.0,0.0,0.0,0.0,0.0,0.0,0.0,0.0,0.0,0.0,0.0,0.0,0.0,0.0,0.0,0.0,0.0,0.0,0.0,0.0,0.0,0.0,0.0,0.3100406374576518,0.0,0.0,0.0,0.0,0.0,0.0,0.3100406374576518,0.0,0.0,0.0,0.0,0.0,0.0,0.0,0.0,0.0,0.0,0.0,0.0,0.0,0.0,0.0,0.0,0.0,0.0,0.3100406374576518,0.0,0.0,0.0,0.0,0.0,0.0,0.0,0.0,0.0,0.0,0.0,0.0,0.0,0.0,0.0,0.0,0.0,0.0,0.0,0.0,0.0,0.0,0.0,0.0,0.0,0.0,0.0,0.0,0.0,0.0,0.0,0.0,0.0,0.0,0.0,0.0,0.0,0.0,0.0,0.0,0.0,0.0,0.0,0.0,0.0,0.0,0.0,0.0,0.0,0.0,0.0,0.0,0.0,0.0,0.0,0.0,0.0,0.0,0.0,0.0,0.0,0.0,0.0,0.0,0.0,0.3100406374576518,0.0,0.0,0.0,0.0,0.0,0.0,0.0,0.0,0.0,0.0,0.0,0.0,0.0,0.0,0.0,0.0,0.0,0.0,0.0,0.0,0.0,0.0,0.0,0.0,0.0,0.0,0.0,0.0,0.0,0.0,0.0,0.0,0.0,0.0,0.0,0.0,0.0,0.0,0.0,0.0,0.0,0.0,0.0,0.0,0.0,0.0,0.0,0.0,0.0,0.0,0.0,0.0,0.0,0.0,0.0,0.0,0.0,0.0,0.0,0.0,0.0,0.0,0.0,0.0,0.3100406374576518,0.0,0.0,0.0,0.0,0.0,0.0,0.0,0.0,0.0,0.0,0.0,0.0,0.0,0.0,0.0,0.0,0.0,0.0,0.0,0.0,0.0,0.0,0.0,0.0,0.0,0.0,0.0,0.0,0.0,0.0,0.0,0.0,0.0,0.0,0.0,0.0,0.0,0.0,0.0,0.0,0.0,0.0,0.0,0.0,0.0,0.0,0.0,0.0,0.0,0.0,0.0,0.0,0.0,0.0,0.0,0.0,0.0,0.0,0.0,0.0,0.0,0.0,0.0,0.0,0.0,0.0,0.0,0.0,0.0,0.0,0.0,0.0,0.0,0.0,0.0,0.0,0.0,0.0,0.0,0.0,0.3100406374576518,0.0,0.0,0.0,0.0,0.0,0.0,0.0,0.0,0.0,0.0,0.0,0.0,0.0,0.0,0.0,0.0,0.0,0.0,0.0,0.0,0.0,0.0,0.0,0.0,0.0,0.0,0.0,0.0,0.0,0.0,0.0,0.0,0.0,0.0,0.0,0.0,0.0,0.0,0.0,0.0,0.0,0.0,0.0,0.0,0.0,0.0,0.0,0.0,0.0,0.0,0.0,0.0,0.0,0.0,0.0,0.0,0.0,0.0,0.0,0.0,0.0,0.0,0.0,0.0,0.0,0.0,0.0,0.0,0.0,0.0,0.0,0.25898571550966687,0.0,0.0,0.0,0.0,0.0,0.0,0.0,0.0,0.0,0.0,0.0,0.0,0.0,0.0,0.0,0.0,0.0,0.0,0.0,0.0,0.0,0.0,0.0,0.0,0.0,0.0,0.0,0.0,0.0,0.0,0.0,0.0,0.0,0.0,0.0,0.0,0.0,0.0,0.0,0.0,0.0,0.0,0.0,0.0,0.0,0.0,0.0,0.0,0.0,0.0,0.0,0.0,0.0,0.0,0.0,0.0,0.0,0.0,0.0,0.0,0.0,0.0,0.0,0.0,0.0,0.0,0.0,0.0,0.0,0.0,0.0,0.0,0.0,0.0,0.0,0.0,0.0,0.0,0.0,0.0,0.0,0.0,0.0,0.0,0.0,0.0,0.0,0.0,0.0,0.0,0.0,0.0,0.0,0.0,0.0,0.0,0.0,0.0,0.0,0.0,0.0,0.0,0.0,0.0,0.0,0.0,0.0,0.0,0.0,0.0,0.0,0.0,0.0,0.0,0.0,0.0,0.0,0.0,0.0,0.0,0.0,0.0,0.0,0.0,0.0,0.0,0.0,0.0,0.0,0.0,0.0,0.0,0.0,0.0,0.0,0.0,0.0,0.0,0.0,0.0,0.0,0.0,0.3100406374576518,0.0,0.0,0.0,0.0,0.0,0.0,0.0,0.0,0.0,0.0,0.0,0.0,0.0,0.0,0.0,0.0,0.0,0.0,0.0,0.0,0.0,0.0,0.0,0.0,0.0,0.0,0.0,0.0,0.0,0.0,0.0,0.0,0.0,0.0,0.0,0.0,0.0,0.0,0.0,0.0,0.0,0.0,0.0,0.0,0.0,0.0,0.0,0.0,0.0,0.0,0.0,0.0,0.0,0.0,0.0,0.0,0.0,0.0,0.0,0.0,0.0,0.0,0.0,0.0,0.0,0.0,0.0,0.0,0.0,0.0,0.0,0.0,0.0,0.0,0.0,0.0,0.0,0.0,0.0,0.0,0.0,0.0,0.0,0.0,0.0,0.0,0.0,0.0,0.0,0.0,0.0,0.0,0.0,0.3100406374576518,0.0,0.0,0.0,0.0,0.0,0.0,0.0,0.0,0.0,0.0,0.0,0.0
SD2401268,20대,음 근데 우리집이 꼭대기 층이라 그런지 좀 괜찮은 거 같은데. 층간 소음은 없는데 벽간 소음이 쪼금 있는 거 같아. 방이 그 방음이 잘 안 돼서 옆 문 그 첫 입구 문에만 서도 옆의 방이 뭐 유튜브 뭐 듣고 있는지 무슨 대화하고 있는지가 너무 잘 들려서 쪼끔 부담스럽긴 해. 근데 위에는 아무도 사람이 안 사니까 내가 살기에는 어 소음이 없어서 되게 좋은 거 같아. 그거 말고도 본가 살 때는 위층이 아빠 지인이 살았었는데 그래서 막 소음이 나도 뭐라 하기가 좀 그랬던 경험이 있어. 너는 지금 몇 층 정도에 살아? 층간 소음은 없어? 음 그 학 학교 들어오고 나서부터 2년 동안 여기 살고 올해 새로 계약해서 똑같은 데 연장해서 거기서 살고 있어. 아마 내년에는 교환 학생을 가서 없으니까 오빠가 혼자 살 거 같아 지금 같이 살고 있으니까. 그리고 사실 나는 올해 딱 계약 연장할 때쯤에 새로 구해서 따로따로 살고 싶었는데 아무래도 서울 뭐 월세가 비싸다 보니까 그냥 한집에서 해서 전세로 사는 게 낫겠다 싶어서 같이 살고 있는데. 어 아무래도 생활 패턴이나 그런 집안일 하는 거가 좀 안 맞아서 좀 그게 제일 힘들어서 따로 살고 싶었던 거 같아. 뭐 혼자 늦게 자고 그런 건 상관없는데 오빠가 게임을 하니까 늦게까지 게임하는 소리 계속 들려 오 들려 오고 하니까 나 자는 데 방에 돼서 그랬던 거 같아. 너는 그런 적은 없어? 어 중3 때까지 1곳에서 살았고 그 주 중3 이후에 약간 신도시 분양 그런 청약 담 당첨 돼 가지고 1번 이사를 갔었어. 근데 그 중3 때까지 계속 같은 지역에 살다 보니까 거기 유치원 초등학교 중학교 나오고 고등학교도 그쪽을 가려고 했는데 이사를 가게 돼서 혼자 떨어진 곳을 가니까 친구들이랑도 멀어지고 그러 그 뭐 원래 놀던 데에서도 못 놀고 이런 게 쪼끔 아쉽고 힘들긴 하더라고. 근데 집이 넓어서 되게 좋았던 거 같아. 나는 이사를 많이 안 해 봐서 막 해 보고 싶었다 이런 게 좀 컸었는데 주변에 이사 많이 다니는 사람은 안 그렇더라고. 이사를 그만 다니고 싶다 그러더라. 혹시 너도 그런 편이야? 음 나는 이사 간 다음에 우 이 이사 간 아파트 앞에 막 전원주택 같은 게 있는 거야. 그래서 나중에 이 또 이사를 가게 된다면은 저런 데에서 살고 싶다. 저런 데에서 마당에서 막 식물 키우고 동물 키우고 막 나만의 정원을 가꾸면서 2층 바 다락방에서 살고 싶다 막 이런 생각을 했었는데. 근데 막상 거기에 살면은 관리하는 게 되게 힘들어 보이더라고. 할머니 집도 그런 전원주택인데 조금만 뭘 관리를 안 해 줘도 잡초 자라고 먼지가 끼고 더러워지고 막 그런 게 많아서 관리가 힘들다고 하더라고. 근데 그럼에도 한 약간 한번쯤은 전원주택에 살고 싶다 이런 생각이 있는데. 너는 그런 어디에 살고 싶다 이런 로망 같은 게 있어? 어 전자레인지랑 냉장고 세탁기 이 이 정도는 원래 있었던 거 같고. 밥솥이랑 응 어 그 오븐 같은 거 뭐라고 하지. 그 아 에어프라이어는 사 왔고. 최근에 여름 되니까 벌레가 너무 많이 생기잖아. 특히 음식물에 벌레가 많이 생기는데 그래서 버리기가 너무 힘들어서 미생물로 분해해 주는 기계 그런 게 있더라고. 오빠가 인스타그램에서 찾아와서 막 우 이거 쓰자 막 그러면서 찾아왔던 기억이 있어. 그래서 그거를 지금 살까 고민 중에 있어. 그게 음식물 쓰레기를 넣으면은 미생물들이 분해를 해서 흙으로 바로 만들어 준대. 근데 그게 하루 만에 다 만들어 주고 냄새도 안 나서 좋다고 하더라고. 너는 혹시 집안일 같은 거는 어떻게 하는 편이야? 어 가끔 아니 자주 좀 싸운 싸우진 않고 이런 거에 대해 짜증을 내는 거 같긴 한데 내 방이 쓰레기 그 분리수거 하는 데 바로 앞에 있단 말이야. 그래서 오빠는 좀 멀어서 쓰레기 같은 걸 거기 내면 그만인데 나는 내고 나서 그게 분리수거가 잘 안 되어 있거나 막 더러운 게 섞여 있거나 하면은 냄새가 바로 내 방으로 들어온단 말이야. 그거 때문에 오빠한테 뭐라 한 적도 많았던 거 같고. 약간 분담 같은 게 예전에는 막 뭐 냉장고 청소 네가 1번 하면 내가 화장실 청소 1번 하고 이런 식으로 번갈아서 하자라고 말은 했는데 어느 순간 보니까 내가 다 하고 있더라고. 그래서 그거에 대해서 쌓아 놨다가 화내기 직전에 딱 말하면은 오빠가 또 눈치는 빨라 가지고 그제서야 부랴부랴 치우고 막 이래서 어 싸우지는 않았던 거 같아. 근데 자취를 하니까 확실히 본가 살 때는 엄마가 다 해 주고 그러는데 내가 다 해야 되니까 그게 힘든 거 같긴 해. 너는 자취하고 싶다는 생각은 없어? 아 나 처음에 집 들어올 때 막 냉장고랑 기본 가구에 막 여 연두색 띠가 막 둘러져 있는 거야. 기본 색깔로 막 있는 거야. 그래서 그걸 보고 아 진짜 별로다. 여기 살기 싫다 했었는데 막상 들어가 보니까 그런 거 별로 티도 안 나고 깔끔해 보이고 좋더라고. 그래서 그렇게 쓰고 있고. 뭔가 인테리어 아 그 자취하면 내 방식대로 바 집을 꾸미고 막 이렇게 써야지라는 생각은 있었는데 막상 있으니까 짐을 그 넣을 짐도 너무 많고 근데 그거에 비해 공간은 안 나오고 하니까 인테리어라고 할 것도 없이 그냥 짐을 넣어 놓은 거 같아. 내 방이 너무 작아서 옷장 같은 게 들어갈 공간이 안 나서 거실에다가 행거 설치해서 바로 옷 놓아두고. 그래서 뭔가 꾸미기도 애매하고 그랬던 거 같아. 너는 집 인테리어 어떤 편이야? 서울에서 살 수 있으면 좋을 거 같은데. 왜냐하면 여가 생활 같은 것도 훨씬 더 많이 할 수 있고 이제 거의 내 친구들이나 생활 반경이 서울에 중심에 맞춰져 있다 보니까 서울에서 생활하는 게 편하긴 한데 가끔씩 여기가 사람이 너무 많아서 내려가고 싶다라는 생각이 들긴 해. 근데 직장을 얻고 뭔가 더 발전을 하려면은 서울에서 사는 게 맞는 거 같아. 나는 그 본가 살 때는 지하에 헬스장이 있어서 그거를 썼단 말이야. 근데 자취를 하니까 그런 여가 시설 시 그 아무튼 시설들이 없어서 막 주변에서 주변 다른 헬스장을 등록해 놨단 말이야. 근데 너는 지금 어쨌든 본가에 살잖아. 큰 아파트에 사는데 그러면 거기에 막 여가 시설 같은 게 와 잘 마련되어 있어?,0.005747126436781609,0.017241379310344827,0.004597701149425287,0.0,0.005747126436781609,0.0034482758620689655,0.005747126436781609,0.008045977011494253,0.01839080459770115,0.029885057471264367,0.004597701149425287,0.027586206896551724,0.0,0.008045977011494253,0.0022988505747126436,0.0,0.0034482758620689655,0.0011494252873563218,0.03218390804597701,0.013793103448275862,0.0,0.0,0.0,0.0022988505747126436,0.0,0.004597701149425287,0.021839080459770115,0.0,0.0034482758620689655,0.0034482758620689655,0.04367816091954023,0.0,0.006896551724137931,0.0,0.004597701149425287,0.009195402298850575,0.0,0.0,0.011494252873563218,0.0011494252873563218,0.0,0.0022988505747126436,0.0,0.0,0.034482758620689655,0.004597701149425287,0.013793103448275862,0.0022988505747126436,0.004597701149425287,0.0367816091954023,0.009195402298850575,0.0011494252873563218,0.0,0.0022988505747126436,0.0,0.0011494252873563218,0.0011494252873563218,0.0022988505747126436,0.0,0.006896551724137931,0.0,0.0,0.0,0.0011494252873563218,0.006896551724137931,0.0022988505747126436,0.0022988505747126436,0.0011494252873563218,0.0011494252873563218,0.0,0.0,0.0,0.0022988505747126436,0.0,0.0,0.005747126436781609,0.0022988505747126436,0.0,0.006896551724137931,0.010344827586206896,0.0011494252873563218,0.0,0.0,0.0,0.0,0.004597701149425287,0.0034482758620689655,0.0,0.0022988505747126436,0.004597701149425287,0.0,0.0022988505747126436,0.0,0.0011494252873563218,0.0,0.0011494252873563218,0.0011494252873563218,0.0011494252873563218,0.0,0.0022988505747126436,0.004597701149425287,0.0011494252873563218,0.0,0.0,0.0,0.0,0.01264367816091954,0.009195402298850575,0.0,0.0011494252873563218,0.0011494252873563218,0.0022988505747126436,0.0011494252873563218,0.0,0.0,0.0011494252873563218,0.0,0.0,0.0011494252873563218,0.011494252873563218,0.0,0.005747126436781609,0.0011494252873563218,0.0,0.0022988505747126436,0.0011494252873563218,0.0011494252873563218,0.0,0.0022988505747126436,0.0,0.0,0.0,0.0,0.0034482758620689655,0.0,0.0,0.01839080459770115,0.0022988505747126436,0.0,0.0,0.0022988505747126436,0.0022988505747126436,0.0022988505747126436,0.0,0.0,0.005747126436781609,0.0011494252873563218,0.0,0.008045977011494253,0.0022988505747126436,0.0011494252873563218,0.005747126436781609,0.0011494252873563218,0.0,0.0,0.0011494252873563218,0.0,0.0011494252873563218,0.006896551724137931,0.0011494252873563218,0.0,0.0034482758620689655,0.0,0.0,0.0,0.004597701149425287,0.0011494252873563218,0.0011494252873563218,0.0,0.0,0.0011494252873563218,0.0,0.0,0.0,0.006896551724137931,0.0,0.0,0.0,0.0,0.0,0.0011494252873563218,0.0,0.0034482758620689655,0.0022988505747126436,0.0,0.0022988505747126436,0.0,0.0022988505747126436,0.0022988505747126436,0.0,0.0,0.0,0.0022988505747126436,0.0,0.0,0.0011494252873563218,0.0,0.0,0.0,0.0,0.0034482758620689655,0.0,0.004597701149425287,0.0,0.0,0.0,0.0,0.0,0.0,0.0011494252873563218,0.0,0.0,0.0,0.0,0.0011494252873563218,0.0,0.0011494252873563218,0.0,0.0011494252873563218,0.0,0.0022988505747126436,0.0,0.0011494252873563218,0.0022988505747126436,0.0,0.0,0.005747126436781609,0.0,0.0022988505747126436,0.0,0.0,0.0,0.0,0.0,0.0,0.0,0.0,0.0,0.0022988505747126436,0.0,0.0,0.0,0.004597701149425287,0.0,0.0,0.0,0.0,0.0,0.0,0.0,0.0,0.0,0.0,0.0,0.0,0.0,0.006896551724137931,0.0034482758620689655,0.0011494252873563218,0.0011494252873563218,0.0011494252873563218,0.0011494252873563218,0.0022988505747126436,0.0022988505747126436,0.0011494252873563218,0.0011494252873563218,0.0011494252873563218,0.0011494252873563218,0.0011494252873563218,0.0011494252873563218,0.0034482758620689655,0.0011494252873563218,0.005747126436781609,0.0011494252873563218,0.0011494252873563218,0.0011494252873563218,0.0022988505747126436,0.0022988505747126436,0.0011494252873563218,0.0022988505747126436,0.0011494252873563218,0.0011494252873563218,0.0011494252873563218,0.0011494252873563218,0.0022988505747126436,0.0011494252873563218,0.0011494252873563218,0.0011494252873563218,0.0022988505747126436,0.0011494252873563218,0.0011494252873563218,0.0011494252873563218,0.0011494252873563218,0.0011494252873563218,0.0011494252873563218,0.0011494252873563218,0.0011494252873563218,0.0022988505747126436,0.0022988505747126436,0.0011494252873563218,0.0011494252873563218,0.0011494252873563218,0.0022988505747126436,0.0011494252873563218,0.0011494252873563218,0.0034482758620689655,0.0011494252873563218,0.0011494252873563218,0.0011494252873563218,0.0011494252873563218,0.0011494252873563218,0.0011494252873563218,0.0011494252873563218,0.0022988505747126436,0.0011494252873563218,0.0022988505747126436,0.0022988505747126436,0.0011494252873563218,0.0011494252873563218,0.0034482758620689655,0.0011494252873563218,0.0011494252873563218,0.0022988505747126436,0.0011494252873563218,0.0022988505747126436,0.0011494252873563218,0.0011494252873563218,0.0022988505747126436,0.0011494252873563218,0.0011494252873563218,0.0011494252873563218,0.0022988505747126436,0.0011494252873563218,0.0034482758620689655,0.0034482758620689655,0.0022988505747126436,0.0011494252873563218,0.0011494252873563218,0.0011494252873563218,0.0011494252873563218,0.0011494252873563218,0.0011494252873563218,0.0011494252873563218,0.004597701149425287,0.0011494252873563218,0.0011494252873563218,0.0011494252873563218,0.0011494252873563218,0.0022988505747126436,0.0011494252873563218,0.0011494252873563218,0.0011494252873563218,0.0034482758620689655,0.0011494252873563218,0.0011494252873563218,0.0011494252873563218,0.0011494252873563218,0.0022988505747126436,0.0011494252873563218,0.0022988505747126436,0.0022988505747126436,0.0022988505747126436,0.0011494252873563218,0.0011494252873563218,0.0011494252873563218,0.0011494252873563218,0.0022988505747126436,0.0011494252873563218,0.0034482758620689655,0.0034482758620689655,0.0011494252873563218,0.004597701149425287,0.0011494252873563218,0.0011494252873563218,0.0022988505747126436,0.0022988505747126436,0.0011494252873563218,0.0011494252873563218,0.0011494252873563218,0.0022988505747126436,0.0011494252873563218,0.0022988505747126436,0.0022988505747126436,0.0011494252873563218,0.0011494252873563218,0.0011494252873563218,0.0011494252873563218,0.0011494252873563218,0.0011494252873563218,0.0011494252873563218,0.0011494252873563218,0.0011494252873563218,0.0011494252873563218,0.0011494252873563218,0.0011494252873563218,0.0022988505747126436,0.0011494252873563218,0.0011494252873563218,0.0011494252873563218,0.0011494252873563218,0.0011494252873563218,0.0011494252873563218,0.0011494252873563218,0.0011494252873563218,0.0011494252873563218,0.0011494252873563218,0.0011494252873563218,0.0022988505747126436,0.0011494252873563218,0.0011494252873563218,0.0011494252873563218,0.0011494252873563218,0.0011494252873563218,0.0022988505747126436,0.0011494252873563218,0.0022988505747126436,0.0011494252873563218,0.0011494252873563218,0.0011494252873563218,0.0034482758620689655,0.0011494252873563218,0.0011494252873563218,0.0011494252873563218,0.0011494252873563218,0.0011494252873563218,0.0011494252873563218,0.0011494252873563218,0.0011494252873563218,0.0011494252873563218,0.0011494252873563218,0.0011494252873563218,0.0011494252873563218,0.0034482758620689655,0.0011494252873563218,0.0022988505747126436,0.0011494252873563218,0.0011494252873563218,0.0011494252873563218,0.0011494252873563218,0.0011494252873563218,0.0011494252873563218,0.0011494252873563218,0.0011494252873563218,0.0011494252873563218,0.0011494252873563218,0.0011494252873563218,0.0011494252873563218,0.0011494252873563218,0.0011494252873563218,0.0011494252873563218,0.0011494252873563218,0.0011494252873563218,0.0011494252873563218,0.0,0.0,0.0,0.0,0.0,0.0,0.0,0.0,0.0,0.0,0.0,0.0,0.0,0.0,0.0,0.0,0.0,0.0,0.0,0.0,0.0,0.0,0.0,0.0,0.0,0.0,0.0,0.0,0.0,0.0,0.0,0.0,0.0,0.0,0.0,0.0,0.0,0.0,0.23619651218765206,0.0,0.0,0.0,0.0,0.0,0.0,0.0,0.0,0.0,0.0,0.0,0.0,0.0,0.0,0.0,0.0,0.0,0.0,0.0,0.0,0.0,0.0,0.0,0.0,0.0,0.0,0.0,0.0,0.0,0.0,0.0,0.0,0.0,0.0,0.0,0.0,0.0,0.0,0.0,0.0,0.0,0.0,0.0,0.0,0.0,0.0,0.0,0.0,0.0,0.0,0.0,0.0,0.0,0.0,0.0,0.0,0.0,0.0,0.0,0.0,0.0,0.0,0.0,0.0,0.0,0.0,0.0,0.0,0.0,0.0,0.0,0.0,0.0,0.0,0.3966970312531526,0.0,0.0,0.0,0.0,0.0,0.0,0.0,0.0,0.0,0.0,0.0,0.0,0.0,0.0,0.0,0.0,0.0,0.0,0.0,0.0,0.0,0.0,0.0,0.0,0.0,0.0,0.0,0.0,0.0,0.0,0.0,0.0,0.0,0.0,0.0,0.0,0.0,0.0,0.0,0.0,0.0,0.0,0.0,0.0,0.0,0.0,0.0,0.0,0.0,0.0,0.0,0.0,0.0,0.0,0.0,0.0,0.0,0.0,0.0,0.0,0.0,0.0,0.0,0.0,0.0,0.0,0.0,0.0,0.0,0.0,0.0,0.0,0.0,0.0,0.0,0.0,0.0,0.0,0.0,0.0,0.0,0.0,0.0,0.0,0.0,0.0,0.0,0.0,0.0,0.0,0.0,0.0,0.0,0.0,0.0,0.0,0.0,0.0,0.0,0.0,0.0,0.0,0.0,0.0,0.0,0.0,0.0,0.0,0.0,0.0,0.0,0.0,0.0,0.0,0.0,0.0,0.0,0.0,0.0,0.0,0.0,0.0,0.0,0.0,0.0,0.0,0.0,0.0,0.0,0.0,0.0,0.0,0.0,0.0,0.0,0.0,0.0,0.0,0.0,0.0,0.0,0.0,0.0,0.0,0.0,0.0,0.0,0.0,0.0,0.0,0.0,0.0,0.0,0.0,0.0,0.0,0.0,0.0,0.0,0.0,0.0,0.0,0.0,0.0,0.0,0.0,0.0,0.0,0.0,0.0,0.0,0.0,0.0,0.0,0.0,0.0,0.0,0.0,0.0,0.0,0.0,0.0,0.0,0.0,0.0,0.0,0.0,0.0,0.0,0.0,0.0,0.0,0.0,0.0,0.0,0.0,0.3966970312531526,0.0,0.0,0.0,0.0,0.0,0.0,0.0,0.0,0.0,0.0,0.0,0.0,0.0,0.0,0.0,0.0,0.0,0.0,0.0,0.0,0.0,0.0,0.0,0.0,0.0,0.0,0.0,0.0,0.0,0.0,0.0,0.0,0.0,0.0,0.0,0.0,0.0,0.0,0.0,0.0,0.0,0.0,0.0,0.0,0.0,0.0,0.0,0.0,0.0,0.0,0.0,0.0,0.0,0.0,0.0,0.0,0.0,0.0,0.0,0.0,0.0,0.0,0.0,0.0,0.0,0.0,0.0,0.0,0.0,0.0,0.0,0.0,0.0,0.0,0.0,0.0,0.0,0.0,0.0,0.0,0.0,0.0,0.0,0.0,0.0,0.0,0.0,0.0,0.0,0.3966970312531526,0.0,0.0,0.0,0.0,0.0,0.0,0.0,0.0,0.0,0.0,0.0,0.0,0.0,0.0,0.0,0.0,0.0,0.0,0.0,0.0,0.0,0.0,0.0,0.0,0.0,0.0,0.0,0.0,0.0,0.0,0.0,0.0,0.0,0.0,0.0,0.0,0.3966970312531526,0.0,0.0,0.0,0.0,0.0,0.0,0.0,0.0,0.0,0.0,0.0,0.0,0.0,0.0,0.0,0.0,0.0,0.0,0.0,0.0,0.0,0.0,0.0,0.0,0.0,0.0,0.0,0.0,0.0,0.0,0.0,0.0,0.0,0.0,0.0,0.0,0.0,0.0,0.0,0.0,0.0,0.0,0.0,0.0,0.0,0.0,0.0,0.0,0.0,0.0,0.0,0.0,0.0,0.0,0.0,0.0,0.0,0.0,0.0,0.0,0.0,0.0,0.0,0.0,0.0,0.0,0.0,0.0,0.0,0.0,0.0,0.0,0.0,0.0,0.0,0.0,0.3966970312531526,0.0,0.0,0.0,0.0,0.0,0.0,0.0,0.0,0.0,0.0,0.0,0.0,0.0,0.0,0.0,0.0,0.0,0.0,0.0,0.0,0.0,0.0,0.0,0.0,0.0,0.0,0.0,0.0,0.0,0.0,0.0,0.0,0.0,0.0,0.0,0.0,0.0,0.0,0.0,0.0,0.0,0.0,0.0,0.0,0.0,0.0,0.0,0.0,0.0,0.0,0.0,0.0,0.0,0.0,0.0,0.0,0.0,0.0,0.0,0.0,0.0,0.0,0.0,0.0,0.0,0.0,0.0,0.0,0.0,0.0,0.0,0.0,0.0,0.0,0.0,0.0,0.0,0.0,0.0,0.0,0.0,0.0,0.0,0.0,0.0,0.0,0.0,0.0,0.0,0.0,0.0,0.0,0.0,0.0,0.0,0.0,0.0,0.0,0.0,0.0,0.0,0.0,0.0,0.0,0.0,0.0,0.0,0.0,0.0,0.0,0.0,0.0,0.0,0.0,0.0,0.0,0.0,0.0,0.0,0.0,0.0,0.0,0.0,0.0,0.0,0.0,0.0,0.0,0.0,0.0,0.0,0.0,0.0,0.0,0.0,0.0,0.0,0.0,0.0,0.0,0.3966970312531526,0.0,0.0,0.0,0.0,0.0,0.0,0.0,0.0,0.0,0.0,0.0,0.0,0.0,0.0,0.0,0.0,0.0,0.0,0.0,0.0,0.0,0.0,0.0,0.0,0.0,0.0,0.0,0.0,0.0,0.0,0.0,0.0,0.0,0.0,0.0,0.0,0.0,0.0,0.0,0.0,0.0,0.0,0.0,0.0,0.0,0.0,0.0,0.0,0.0,0.0,0.0,0.0,0.0,0.0,0.0,0.0,0.0,0.0,0.0,0.0,0.0,0.0,0.0,0.0,0.0,0.0,0.0,0.0,0.0,0.0,0.0
SD2401268,20대,음 근데 우리집이 꼭대기 층이라 그런지 좀 괜찮은 거 같은데. 층간 소음은 없는데 벽간 소음이 쪼금 있는 거 같아. 방이 그 방음이 잘 안 돼서 옆 문 그 첫 입구 문에만 서도 옆의 방이 뭐 유튜브 뭐 듣고 있는지 무슨 대화하고 있는지가 너무 잘 들려서 쪼끔 부담스럽긴 해. 근데 위에는 아무도 사람이 안 사니까 내가 살기에는 어 소음이 없어서 되게 좋은 거 같아. 그거 말고도 본가 살 때는 위층이 아빠 지인이 살았었는데 그래서 막 소음이 나도 뭐라 하기가 좀 그랬던 경험이 있어. 너는 지금 몇 층 정도에 살아? 층간 소음은 없어? 음 그 학 학교 들어오고 나서부터 2년 동안 여기 살고 올해 새로 계약해서 똑같은 데 연장해서 거기서 살고 있어. 아마 내년에는 교환 학생을 가서 없으니까 오빠가 혼자 살 거 같아 지금 같이 살고 있으니까. 그리고 사실 나는 올해 딱 계약 연장할 때쯤에 새로 구해서 따로따로 살고 싶었는데 아무래도 서울 뭐 월세가 비싸다 보니까 그냥 한집에서 해서 전세로 사는 게 낫겠다 싶어서 같이 살고 있는데. 어 아무래도 생활 패턴이나 그런 집안일 하는 거가 좀 안 맞아서 좀 그게 제일 힘들어서 따로 살고 싶었던 거 같아. 뭐 혼자 늦게 자고 그런 건 상관없는데 오빠가 게임을 하니까 늦게까지 게임하는 소리 계속 들려 오 들려 오고 하니까 나 자는 데 방에 돼서 그랬던 거 같아. 너는 그런 적은 없어? 어 중3 때까지 1곳에서 살았고 그 주 중3 이후에 약간 신도시 분양 그런 청약 담 당첨 돼 가지고 1번 이사를 갔었어. 근데 그 중3 때까지 계속 같은 지역에 살다 보니까 거기 유치원 초등학교 중학교 나오고 고등학교도 그쪽을 가려고 했는데 이사를 가게 돼서 혼자 떨어진 곳을 가니까 친구들이랑도 멀어지고 그러 그 뭐 원래 놀던 데에서도 못 놀고 이런 게 쪼끔 아쉽고 힘들긴 하더라고. 근데 집이 넓어서 되게 좋았던 거 같아. 나는 이사를 많이 안 해 봐서 막 해 보고 싶었다 이런 게 좀 컸었는데 주변에 이사 많이 다니는 사람은 안 그렇더라고. 이사를 그만 다니고 싶다 그러더라. 혹시 너도 그런 편이야? 음 나는 이사 간 다음에 우 이 이사 간 아파트 앞에 막 전원주택 같은 게 있는 거야. 그래서 나중에 이 또 이사를 가게 된다면은 저런 데에서 살고 싶다. 저런 데에서 마당에서 막 식물 키우고 동물 키우고 막 나만의 정원을 가꾸면서 2층 바 다락방에서 살고 싶다 막 이런 생각을 했었는데. 근데 막상 거기에 살면은 관리하는 게 되게 힘들어 보이더라고. 할머니 집도 그런 전원주택인데 조금만 뭘 관리를 안 해 줘도 잡초 자라고 먼지가 끼고 더러워지고 막 그런 게 많아서 관리가 힘들다고 하더라고. 근데 그럼에도 한 약간 한번쯤은 전원주택에 살고 싶다 이런 생각이 있는데. 너는 그런 어디에 살고 싶다 이런 로망 같은 게 있어? 어 전자레인지랑 냉장고 세탁기 이 이 정도는 원래 있었던 거 같고. 밥솥이랑 응 어 그 오븐 같은 거 뭐라고 하지. 그 아 에어프라이어는 사 왔고. 최근에 여름 되니까 벌레가 너무 많이 생기잖아. 특히 음식물에 벌레가 많이 생기는데 그래서 버리기가 너무 힘들어서 미생물로 분해해 주는 기계 그런 게 있더라고. 오빠가 인스타그램에서 찾아와서 막 우 이거 쓰자 막 그러면서 찾아왔던 기억이 있어. 그래서 그거를 지금 살까 고민 중에 있어. 그게 음식물 쓰레기를 넣으면은 미생물들이 분해를 해서 흙으로 바로 만들어 준대. 근데 그게 하루 만에 다 만들어 주고 냄새도 안 나서 좋다고 하더라고. 너는 혹시 집안일 같은 거는 어떻게 하는 편이야? 어 가끔 아니 자주 좀 싸운 싸우진 않고 이런 거에 대해 짜증을 내는 거 같긴 한데 내 방이 쓰레기 그 분리수거 하는 데 바로 앞에 있단 말이야. 그래서 오빠는 좀 멀어서 쓰레기 같은 걸 거기 내면 그만인데 나는 내고 나서 그게 분리수거가 잘 안 되어 있거나 막 더러운 게 섞여 있거나 하면은 냄새가 바로 내 방으로 들어온단 말이야. 그거 때문에 오빠한테 뭐라 한 적도 많았던 거 같고. 약간 분담 같은 게 예전에는 막 뭐 냉장고 청소 네가 1번 하면 내가 화장실 청소 1번 하고 이런 식으로 번갈아서 하자라고 말은 했는데 어느 순간 보니까 내가 다 하고 있더라고. 그래서 그거에 대해서 쌓아 놨다가 화내기 직전에 딱 말하면은 오빠가 또 눈치는 빨라 가지고 그제서야 부랴부랴 치우고 막 이래서 어 싸우지는 않았던 거 같아. 근데 자취를 하니까 확실히 본가 살 때는 엄마가 다 해 주고 그러는데 내가 다 해야 되니까 그게 힘든 거 같긴 해. 너는 자취하고 싶다는 생각은 없어? 아 나 처음에 집 들어올 때 막 냉장고랑 기본 가구에 막 여 연두색 띠가 막 둘러져 있는 거야. 기본 색깔로 막 있는 거야. 그래서 그걸 보고 아 진짜 별로다. 여기 살기 싫다 했었는데 막상 들어가 보니까 그런 거 별로 티도 안 나고 깔끔해 보이고 좋더라고. 그래서 그렇게 쓰고 있고. 뭔가 인테리어 아 그 자취하면 내 방식대로 바 집을 꾸미고 막 이렇게 써야지라는 생각은 있었는데 막상 있으니까 짐을 그 넣을 짐도 너무 많고 근데 그거에 비해 공간은 안 나오고 하니까 인테리어라고 할 것도 없이 그냥 짐을 넣어 놓은 거 같아. 내 방이 너무 작아서 옷장 같은 게 들어갈 공간이 안 나서 거실에다가 행거 설치해서 바로 옷 놓아두고. 그래서 뭔가 꾸미기도 애매하고 그랬던 거 같아. 너는 집 인테리어 어떤 편이야? 서울에서 살 수 있으면 좋을 거 같은데. 왜냐하면 여가 생활 같은 것도 훨씬 더 많이 할 수 있고 이제 거의 내 친구들이나 생활 반경이 서울에 중심에 맞춰져 있다 보니까 서울에서 생활하는 게 편하긴 한데 가끔씩 여기가 사람이 너무 많아서 내려가고 싶다라는 생각이 들긴 해. 근데 직장을 얻고 뭔가 더 발전을 하려면은 서울에서 사는 게 맞는 거 같아. 나는 그 본가 살 때는 지하에 헬스장이 있어서 그거를 썼단 말이야. 근데 자취를 하니까 그런 여가 시설 시 그 아무튼 시설들이 없어서 막 주변에서 주변 다른 헬스장을 등록해 놨단 말이야. 근데 너는 지금 어쨌든 본가에 살잖아. 큰 아파트에 사는데 그러면 거기에 막 여가 시설 같은 게 와 잘 마련되어 있어?,0.005747126436781609,0.017241379310344827,0.004597701149425287,0.0,0.005747126436781609,0.0034482758620689655,0.005747126436781609,0.008045977011494253,0.01839080459770115,0.029885057471264367,0.004597701149425287,0.027586206896551724,0.0,0.008045977011494253,0.0022988505747126436,0.0,0.0034482758620689655,0.0011494252873563218,0.03218390804597701,0.013793103448275862,0.0,0.0,0.0,0.0022988505747126436,0.0,0.004597701149425287,0.021839080459770115,0.0,0.0034482758620689655,0.0034482758620689655,0.04367816091954023,0.0,0.006896551724137931,0.0,0.004597701149425287,0.009195402298850575,0.0,0.0,0.011494252873563218,0.0011494252873563218,0.0,0.0022988505747126436,0.0,0.0,0.034482758620689655,0.004597701149425287,0.013793103448275862,0.0022988505747126436,0.004597701149425287,0.0367816091954023,0.009195402298850575,0.0011494252873563218,0.0,0.0022988505747126436,0.0,0.0011494252873563218,0.0011494252873563218,0.0022988505747126436,0.0,0.006896551724137931,0.0,0.0,0.0,0.0011494252873563218,0.006896551724137931,0.0022988505747126436,0.0022988505747126436,0.0011494252873563218,0.0011494252873563218,0.0,0.0,0.0,0.0022988505747126436,0.0,0.0,0.005747126436781609,0.0022988505747126436,0.0,0.006896551724137931,0.010344827586206896,0.0011494252873563218,0.0,0.0,0.0,0.0,0.004597701149425287,0.0034482758620689655,0.0,0.0022988505747126436,0.004597701149425287,0.0,0.0022988505747126436,0.0,0.0011494252873563218,0.0,0.0011494252873563218,0.0011494252873563218,0.0011494252873563218,0.0,0.0022988505747126436,0.004597701149425287,0.0011494252873563218,0.0,0.0,0.0,0.0,0.01264367816091954,0.009195402298850575,0.0,0.0011494252873563218,0.0011494252873563218,0.0022988505747126436,0.0011494252873563218,0.0,0.0,0.0011494252873563218,0.0,0.0,0.0011494252873563218,0.011494252873563218,0.0,0.005747126436781609,0.0011494252873563218,0.0,0.0022988505747126436,0.0011494252873563218,0.0011494252873563218,0.0,0.0022988505747126436,0.0,0.0,0.0,0.0,0.0034482758620689655,0.0,0.0,0.01839080459770115,0.0022988505747126436,0.0,0.0,0.0022988505747126436,0.0022988505747126436,0.0022988505747126436,0.0,0.0,0.005747126436781609,0.0011494252873563218,0.0,0.008045977011494253,0.0022988505747126436,0.0011494252873563218,0.005747126436781609,0.0011494252873563218,0.0,0.0,0.0011494252873563218,0.0,0.0011494252873563218,0.006896551724137931,0.0011494252873563218,0.0,0.0034482758620689655,0.0,0.0,0.0,0.004597701149425287,0.0011494252873563218,0.0011494252873563218,0.0,0.0,0.0011494252873563218,0.0,0.0,0.0,0.006896551724137931,0.0,0.0,0.0,0.0,0.0,0.0011494252873563218,0.0,0.0034482758620689655,0.0022988505747126436,0.0,0.0022988505747126436,0.0,0.0022988505747126436,0.0022988505747126436,0.0,0.0,0.0,0.0022988505747126436,0.0,0.0,0.0011494252873563218,0.0,0.0,0.0,0.0,0.0034482758620689655,0.0,0.004597701149425287,0.0,0.0,0.0,0.0,0.0,0.0,0.0011494252873563218,0.0,0.0,0.0,0.0,0.0011494252873563218,0.0,0.0011494252873563218,0.0,0.0011494252873563218,0.0,0.0022988505747126436,0.0,0.0011494252873563218,0.0022988505747126436,0.0,0.0,0.005747126436781609,0.0,0.0022988505747126436,0.0,0.0,0.0,0.0,0.0,0.0,0.0,0.0,0.0,0.0022988505747126436,0.0,0.0,0.0,0.004597701149425287,0.0,0.0,0.0,0.0,0.0,0.0,0.0,0.0,0.0,0.0,0.0,0.0,0.0,0.006896551724137931,0.0034482758620689655,0.0011494252873563218,0.0011494252873563218,0.0011494252873563218,0.0011494252873563218,0.0022988505747126436,0.0022988505747126436,0.0011494252873563218,0.0011494252873563218,0.0011494252873563218,0.0011494252873563218,0.0011494252873563218,0.0011494252873563218,0.0034482758620689655,0.0011494252873563218,0.005747126436781609,0.0011494252873563218,0.0011494252873563218,0.0011494252873563218,0.0022988505747126436,0.0022988505747126436,0.0011494252873563218,0.0022988505747126436,0.0011494252873563218,0.0011494252873563218,0.0011494252873563218,0.0011494252873563218,0.0022988505747126436,0.0011494252873563218,0.0011494252873563218,0.0011494252873563218,0.0022988505747126436,0.0011494252873563218,0.0011494252873563218,0.0011494252873563218,0.0011494252873563218,0.0011494252873563218,0.0011494252873563218,0.0011494252873563218,0.0011494252873563218,0.0022988505747126436,0.0022988505747126436,0.0011494252873563218,0.0011494252873563218,0.0011494252873563218,0.0022988505747126436,0.0011494252873563218,0.0011494252873563218,0.0034482758620689655,0.0011494252873563218,0.0011494252873563218,0.0011494252873563218,0.0011494252873563218,0.0011494252873563218,0.0011494252873563218,0.0011494252873563218,0.0022988505747126436,0.0011494252873563218,0.0022988505747126436,0.0022988505747126436,0.0011494252873563218,0.0011494252873563218,0.0034482758620689655,0.0011494252873563218,0.0011494252873563218,0.0022988505747126436,0.0011494252873563218,0.0022988505747126436,0.0011494252873563218,0.0011494252873563218,0.0022988505747126436,0.0011494252873563218,0.0011494252873563218,0.0011494252873563218,0.0022988505747126436,0.0011494252873563218,0.0034482758620689655,0.0034482758620689655,0.0022988505747126436,0.0011494252873563218,0.0011494252873563218,0.0011494252873563218,0.0011494252873563218,0.0011494252873563218,0.0011494252873563218,0.0011494252873563218,0.004597701149425287,0.0011494252873563218,0.0011494252873563218,0.0011494252873563218,0.0011494252873563218,0.0022988505747126436,0.0011494252873563218,0.0011494252873563218,0.0011494252873563218,0.0034482758620689655,0.0011494252873563218,0.0011494252873563218,0.0011494252873563218,0.0011494252873563218,0.0022988505747126436,0.0011494252873563218,0.0022988505747126436,0.0022988505747126436,0.0022988505747126436,0.0011494252873563218,0.0011494252873563218,0.0011494252873563218,0.0011494252873563218,0.0022988505747126436,0.0011494252873563218,0.0034482758620689655,0.0034482758620689655,0.0011494252873563218,0.004597701149425287,0.0011494252873563218,0.0011494252873563218,0.0022988505747126436,0.0022988505747126436,0.0011494252873563218,0.0011494252873563218,0.0011494252873563218,0.0022988505747126436,0.0011494252873563218,0.0022988505747126436,0.0022988505747126436,0.0011494252873563218,0.0011494252873563218,0.0011494252873563218,0.0011494252873563218,0.0011494252873563218,0.0011494252873563218,0.0011494252873563218,0.0011494252873563218,0.0011494252873563218,0.0011494252873563218,0.0011494252873563218,0.0011494252873563218,0.0022988505747126436,0.0011494252873563218,0.0011494252873563218,0.0011494252873563218,0.0011494252873563218,0.0011494252873563218,0.0011494252873563218,0.0011494252873563218,0.0011494252873563218,0.0011494252873563218,0.0011494252873563218,0.0011494252873563218,0.0022988505747126436,0.0011494252873563218,0.0011494252873563218,0.0011494252873563218,0.0011494252873563218,0.0011494252873563218,0.0022988505747126436,0.0011494252873563218,0.0022988505747126436,0.0011494252873563218,0.0011494252873563218,0.0011494252873563218,0.0034482758620689655,0.0011494252873563218,0.0011494252873563218,0.0011494252873563218,0.0011494252873563218,0.0011494252873563218,0.0011494252873563218,0.0011494252873563218,0.0011494252873563218,0.0011494252873563218,0.0011494252873563218,0.0011494252873563218,0.0011494252873563218,0.0034482758620689655,0.0011494252873563218,0.0022988505747126436,0.0011494252873563218,0.0011494252873563218,0.0011494252873563218,0.0011494252873563218,0.0011494252873563218,0.0011494252873563218,0.0011494252873563218,0.0011494252873563218,0.0011494252873563218,0.0011494252873563218,0.0011494252873563218,0.0011494252873563218,0.0011494252873563218,0.0011494252873563218,0.0011494252873563218,0.0011494252873563218,0.0011494252873563218,0.0011494252873563218,0.0,0.0,0.0,0.0,0.0,0.0,0.0,0.0,0.0,0.0,0.0,0.0,0.0,0.0,0.0,0.0,0.0,0.0,0.0,0.0,0.0,0.0,0.0,0.0,0.0,0.0,0.0,0.0,0.0,0.0,0.0,0.0,0.0,0.0,0.0,0.0,0.0,0.0,0.0,0.0,0.0,0.0,0.0,0.0,0.0,0.0,0.0,0.0,0.0,0.0,0.0,0.0,0.0,0.0,0.0,0.0,0.0,0.0,0.0,0.0,0.0,0.0,0.0,0.0,0.0,0.0,0.0,0.0,0.0,0.0,0.0,0.0,0.0,0.0,0.0,0.0,0.0,0.0,0.0,0.0,0.0,0.0,0.0,0.0,0.0,0.0,0.0,0.0,0.0,0.0,0.0,0.0,0.0,0.0,0.0,0.0,0.0,0.0,0.0,0.0,0.0,0.0,0.0,0.0,0.0,0.0,0.0,0.0,0.0,0.0,0.0,0.0,0.0,0.0,0.0,0.4831294731378374,0.0,0.0,0.0,0.0,0.0,0.0,0.0,0.0,0.0,0.0,0.0,0.0,0.0,0.0,0.0,0.0,0.0,0.0,0.0,0.0,0.0,0.0,0.0,0.0,0.0,0.0,0.0,0.0,0.0,0.0,0.0,0.0,0.0,0.0,0.0,0.0,0.0,0.0,0.0,0.0,0.0,0.0,0.0,0.0,0.0,0.0,0.0,0.0,0.0,0.0,0.0,0.0,0.0,0.0,0.0,0.0,0.0,0.0,0.0,0.0,0.0,0.0,0.0,0.0,0.0,0.0,0.0,0.0,0.0,0.0,0.0,0.0,0.0,0.0,0.0,0.0,0.0,0.0,0.0,0.0,0.0,0.0,0.0,0.0,0.0,0.0,0.0,0.0,0.0,0.0,0.0,0.0,0.0,0.0,0.0,0.0,0.0,0.0,0.0,0.0,0.0,0.0,0.0,0.0,0.0,0.0,0.0,0.0,0.0,0.0,0.0,0.0,0.0,0.0,0.0,0.0,0.0,0.0,0.0,0.0,0.0,0.0,0.0,0.0,0.0,0.0,0.0,0.0,0.0,0.0,0.0,0.0,0.0,0.0,0.0,0.0,0.0,0.0,0.0,0.0,0.0,0.0,0.0,0.0,0.0,0.0,0.0,0.0,0.0,0.0,0.0,0.0,0.0,0.0,0.0,0.0,0.0,0.0,0.0,0.0,0.0,0.0,0.0,0.0,0.0,0.0,0.0,0.0,0.0,0.0,0.0,0.0,0.0,0.0,0.0,0.0,0.0,0.0,0.0,0.0,0.0,0.0,0.0,0.0,0.0,0.0,0.0,0.0,0.0,0.0,0.0,0.0,0.0,0.0,0.0,0.0,0.0,0.0,0.0,0.0,0.0,0.0,0.0,0.0,0.0,0.0,0.0,0.0,0.0,0.0,0.0,0.0,0.0,0.0,0.0,0.0,0.0,0.0,0.0,0.0,0.0,0.0,0.0,0.0,0.0,0.0,0.0,0.0,0.0,0.0,0.0,0.0,0.0,0.0,0.0,0.0,0.0,0.0,0.0,0.0,0.0,0.0,0.0,0.0,0.0,0.0,0.0,0.0,0.0,0.0,0.0,0.0,0.0,0.0,0.0,0.0,0.0,0.0,0.0,0.0,0.0,0.0,0.0,0.0,0.0,0.0,0.0,0.0,0.0,0.0,0.0,0.0,0.0,0.0,0.0,0.0,0.0,0.0,0.0,0.0,0.0,0.0,0.0,0.0,0.0,0.0,0.0,0.0,0.0,0.0,0.0,0.0,0.0,0.0,0.0,0.0,0.0,0.0,0.0,0.0,0.0,0.0,0.0,0.0,0.0,0.0,0.0,0.0,0.0,0.0,0.0,0.0,0.0,0.0,0.0,0.0,0.0,0.0,0.0,0.0,0.0,0.0,0.0,0.0,0.0,0.0,0.0,0.0,0.0,0.0,0.0,0.0,0.0,0.0,0.0,0.0,0.0,0.0,0.0,0.0,0.0,0.0,0.0,0.0,0.0,0.0,0.0,0.0,0.0,0.0,0.0,0.0,0.0,0.0,0.0,0.0,0.0,0.0,0.0,0.0,0.0,0.0,0.0,0.0,0.0,0.0,0.0,0.0,0.0,0.0,0.0,0.0,0.0,0.0,0.0,0.0,0.0,0.0,0.0,0.0,0.0,0.0,0.0,0.0,0.0,0.0,0.0,0.0,0.0,0.0,0.0,0.0,0.0,0.0,0.0,0.0,0.0,0.0,0.0,0.0,0.0,0.0,0.0,0.0,0.0,0.0,0.0,0.0,0.0,0.0,0.0,0.0,0.0,0.0,0.0,0.0,0.0,0.0,0.0,0.0,0.0,0.0,0.0,0.0,0.0,0.0,0.0,0.0,0.0,0.0,0.0,0.0,0.0,0.0,0.0,0.0,0.0,0.0,0.0,0.0,0.0,0.0,0.0,0.0,0.6191065789448355,0.0,0.0,0.0,0.0,0.0,0.0,0.0,0.0,0.0,0.0,0.0,0.0,0.0,0.0,0.0,0.0,0.0,0.0,0.0,0.0,0.0,0.0,0.0,0.0,0.0,0.0,0.0,0.0,0.0,0.0,0.0,0.0,0.0,0.0,0.0,0.0,0.0,0.0,0.0,0.0,0.0,0.0,0.0,0.0,0.0,0.0,0.0,0.0,0.0,0.0,0.0,0.0,0.0,0.0,0.0,0.0,0.0,0.0,0.0,0.0,0.0,0.0,0.0,0.0,0.0,0.0,0.0,0.0,0.0,0.0,0.0,0.0,0.0,0.0,0.0,0.0,0.0,0.0,0.0,0.0,0.0,0.0,0.0,0.0,0.0,0.0,0.0,0.0,0.0,0.0,0.0,0.0,0.0,0.0,0.0,0.0,0.0,0.0,0.0,0.0,0.0,0.0,0.0,0.0,0.0,0.0,0.0,0.0,0.0,0.0,0.0,0.0,0.0,0.0,0.0,0.0,0.6191065789448355,0.0,0.0,0.0,0.0,0.0,0.0,0.0,0.0,0.0,0.0,0.0,0.0,0.0,0.0,0.0,0.0,0.0,0.0,0.0,0.0,0.0,0.0,0.0,0.0,0.0,0.0,0.0,0.0,0.0,0.0,0.0,0.0,0.0,0.0,0.0,0.0,0.0,0.0,0.0,0.0,0.0,0.0,0.0,0.0,0.0,0.0,0.0,0.0,0.0
SD2401268,20대,음 근데 우리집이 꼭대기 층이라 그런지 좀 괜찮은 거 같은데. 층간 소음은 없는데 벽간 소음이 쪼금 있는 거 같아. 방이 그 방음이 잘 안 돼서 옆 문 그 첫 입구 문에만 서도 옆의 방이 뭐 유튜브 뭐 듣고 있는지 무슨 대화하고 있는지가 너무 잘 들려서 쪼끔 부담스럽긴 해. 근데 위에는 아무도 사람이 안 사니까 내가 살기에는 어 소음이 없어서 되게 좋은 거 같아. 그거 말고도 본가 살 때는 위층이 아빠 지인이 살았었는데 그래서 막 소음이 나도 뭐라 하기가 좀 그랬던 경험이 있어. 너는 지금 몇 층 정도에 살아? 층간 소음은 없어? 음 그 학 학교 들어오고 나서부터 2년 동안 여기 살고 올해 새로 계약해서 똑같은 데 연장해서 거기서 살고 있어. 아마 내년에는 교환 학생을 가서 없으니까 오빠가 혼자 살 거 같아 지금 같이 살고 있으니까. 그리고 사실 나는 올해 딱 계약 연장할 때쯤에 새로 구해서 따로따로 살고 싶었는데 아무래도 서울 뭐 월세가 비싸다 보니까 그냥 한집에서 해서 전세로 사는 게 낫겠다 싶어서 같이 살고 있는데. 어 아무래도 생활 패턴이나 그런 집안일 하는 거가 좀 안 맞아서 좀 그게 제일 힘들어서 따로 살고 싶었던 거 같아. 뭐 혼자 늦게 자고 그런 건 상관없는데 오빠가 게임을 하니까 늦게까지 게임하는 소리 계속 들려 오 들려 오고 하니까 나 자는 데 방에 돼서 그랬던 거 같아. 너는 그런 적은 없어? 어 중3 때까지 1곳에서 살았고 그 주 중3 이후에 약간 신도시 분양 그런 청약 담 당첨 돼 가지고 1번 이사를 갔었어. 근데 그 중3 때까지 계속 같은 지역에 살다 보니까 거기 유치원 초등학교 중학교 나오고 고등학교도 그쪽을 가려고 했는데 이사를 가게 돼서 혼자 떨어진 곳을 가니까 친구들이랑도 멀어지고 그러 그 뭐 원래 놀던 데에서도 못 놀고 이런 게 쪼끔 아쉽고 힘들긴 하더라고. 근데 집이 넓어서 되게 좋았던 거 같아. 나는 이사를 많이 안 해 봐서 막 해 보고 싶었다 이런 게 좀 컸었는데 주변에 이사 많이 다니는 사람은 안 그렇더라고. 이사를 그만 다니고 싶다 그러더라. 혹시 너도 그런 편이야? 음 나는 이사 간 다음에 우 이 이사 간 아파트 앞에 막 전원주택 같은 게 있는 거야. 그래서 나중에 이 또 이사를 가게 된다면은 저런 데에서 살고 싶다. 저런 데에서 마당에서 막 식물 키우고 동물 키우고 막 나만의 정원을 가꾸면서 2층 바 다락방에서 살고 싶다 막 이런 생각을 했었는데. 근데 막상 거기에 살면은 관리하는 게 되게 힘들어 보이더라고. 할머니 집도 그런 전원주택인데 조금만 뭘 관리를 안 해 줘도 잡초 자라고 먼지가 끼고 더러워지고 막 그런 게 많아서 관리가 힘들다고 하더라고. 근데 그럼에도 한 약간 한번쯤은 전원주택에 살고 싶다 이런 생각이 있는데. 너는 그런 어디에 살고 싶다 이런 로망 같은 게 있어? 어 전자레인지랑 냉장고 세탁기 이 이 정도는 원래 있었던 거 같고. 밥솥이랑 응 어 그 오븐 같은 거 뭐라고 하지. 그 아 에어프라이어는 사 왔고. 최근에 여름 되니까 벌레가 너무 많이 생기잖아. 특히 음식물에 벌레가 많이 생기는데 그래서 버리기가 너무 힘들어서 미생물로 분해해 주는 기계 그런 게 있더라고. 오빠가 인스타그램에서 찾아와서 막 우 이거 쓰자 막 그러면서 찾아왔던 기억이 있어. 그래서 그거를 지금 살까 고민 중에 있어. 그게 음식물 쓰레기를 넣으면은 미생물들이 분해를 해서 흙으로 바로 만들어 준대. 근데 그게 하루 만에 다 만들어 주고 냄새도 안 나서 좋다고 하더라고. 너는 혹시 집안일 같은 거는 어떻게 하는 편이야? 어 가끔 아니 자주 좀 싸운 싸우진 않고 이런 거에 대해 짜증을 내는 거 같긴 한데 내 방이 쓰레기 그 분리수거 하는 데 바로 앞에 있단 말이야. 그래서 오빠는 좀 멀어서 쓰레기 같은 걸 거기 내면 그만인데 나는 내고 나서 그게 분리수거가 잘 안 되어 있거나 막 더러운 게 섞여 있거나 하면은 냄새가 바로 내 방으로 들어온단 말이야. 그거 때문에 오빠한테 뭐라 한 적도 많았던 거 같고. 약간 분담 같은 게 예전에는 막 뭐 냉장고 청소 네가 1번 하면 내가 화장실 청소 1번 하고 이런 식으로 번갈아서 하자라고 말은 했는데 어느 순간 보니까 내가 다 하고 있더라고. 그래서 그거에 대해서 쌓아 놨다가 화내기 직전에 딱 말하면은 오빠가 또 눈치는 빨라 가지고 그제서야 부랴부랴 치우고 막 이래서 어 싸우지는 않았던 거 같아. 근데 자취를 하니까 확실히 본가 살 때는 엄마가 다 해 주고 그러는데 내가 다 해야 되니까 그게 힘든 거 같긴 해. 너는 자취하고 싶다는 생각은 없어? 아 나 처음에 집 들어올 때 막 냉장고랑 기본 가구에 막 여 연두색 띠가 막 둘러져 있는 거야. 기본 색깔로 막 있는 거야. 그래서 그걸 보고 아 진짜 별로다. 여기 살기 싫다 했었는데 막상 들어가 보니까 그런 거 별로 티도 안 나고 깔끔해 보이고 좋더라고. 그래서 그렇게 쓰고 있고. 뭔가 인테리어 아 그 자취하면 내 방식대로 바 집을 꾸미고 막 이렇게 써야지라는 생각은 있었는데 막상 있으니까 짐을 그 넣을 짐도 너무 많고 근데 그거에 비해 공간은 안 나오고 하니까 인테리어라고 할 것도 없이 그냥 짐을 넣어 놓은 거 같아. 내 방이 너무 작아서 옷장 같은 게 들어갈 공간이 안 나서 거실에다가 행거 설치해서 바로 옷 놓아두고. 그래서 뭔가 꾸미기도 애매하고 그랬던 거 같아. 너는 집 인테리어 어떤 편이야? 서울에서 살 수 있으면 좋을 거 같은데. 왜냐하면 여가 생활 같은 것도 훨씬 더 많이 할 수 있고 이제 거의 내 친구들이나 생활 반경이 서울에 중심에 맞춰져 있다 보니까 서울에서 생활하는 게 편하긴 한데 가끔씩 여기가 사람이 너무 많아서 내려가고 싶다라는 생각이 들긴 해. 근데 직장을 얻고 뭔가 더 발전을 하려면은 서울에서 사는 게 맞는 거 같아. 나는 그 본가 살 때는 지하에 헬스장이 있어서 그거를 썼단 말이야. 근데 자취를 하니까 그런 여가 시설 시 그 아무튼 시설들이 없어서 막 주변에서 주변 다른 헬스장을 등록해 놨단 말이야. 근데 너는 지금 어쨌든 본가에 살잖아. 큰 아파트에 사는데 그러면 거기에 막 여가 시설 같은 게 와 잘 마련되어 있어?,0.005747126436781609,0.017241379310344827,0.004597701149425287,0.0,0.005747126436781609,0.0034482758620689655,0.005747126436781609,0.008045977011494253,0.01839080459770115,0.029885057471264367,0.004597701149425287,0.027586206896551724,0.0,0.008045977011494253,0.0022988505747126436,0.0,0.0034482758620689655,0.0011494252873563218,0.03218390804597701,0.013793103448275862,0.0,0.0,0.0,0.0022988505747126436,0.0,0.004597701149425287,0.021839080459770115,0.0,0.0034482758620689655,0.0034482758620689655,0.04367816091954023,0.0,0.006896551724137931,0.0,0.004597701149425287,0.009195402298850575,0.0,0.0,0.011494252873563218,0.0011494252873563218,0.0,0.0022988505747126436,0.0,0.0,0.034482758620689655,0.004597701149425287,0.013793103448275862,0.0022988505747126436,0.004597701149425287,0.0367816091954023,0.009195402298850575,0.0011494252873563218,0.0,0.0022988505747126436,0.0,0.0011494252873563218,0.0011494252873563218,0.0022988505747126436,0.0,0.006896551724137931,0.0,0.0,0.0,0.0011494252873563218,0.006896551724137931,0.0022988505747126436,0.0022988505747126436,0.0011494252873563218,0.0011494252873563218,0.0,0.0,0.0,0.0022988505747126436,0.0,0.0,0.005747126436781609,0.0022988505747126436,0.0,0.006896551724137931,0.010344827586206896,0.0011494252873563218,0.0,0.0,0.0,0.0,0.004597701149425287,0.0034482758620689655,0.0,0.0022988505747126436,0.004597701149425287,0.0,0.0022988505747126436,0.0,0.0011494252873563218,0.0,0.0011494252873563218,0.0011494252873563218,0.0011494252873563218,0.0,0.0022988505747126436,0.004597701149425287,0.0011494252873563218,0.0,0.0,0.0,0.0,0.01264367816091954,0.009195402298850575,0.0,0.0011494252873563218,0.0011494252873563218,0.0022988505747126436,0.0011494252873563218,0.0,0.0,0.0011494252873563218,0.0,0.0,0.0011494252873563218,0.011494252873563218,0.0,0.005747126436781609,0.0011494252873563218,0.0,0.0022988505747126436,0.0011494252873563218,0.0011494252873563218,0.0,0.0022988505747126436,0.0,0.0,0.0,0.0,0.0034482758620689655,0.0,0.0,0.01839080459770115,0.0022988505747126436,0.0,0.0,0.0022988505747126436,0.0022988505747126436,0.0022988505747126436,0.0,0.0,0.005747126436781609,0.0011494252873563218,0.0,0.008045977011494253,0.0022988505747126436,0.0011494252873563218,0.005747126436781609,0.0011494252873563218,0.0,0.0,0.0011494252873563218,0.0,0.0011494252873563218,0.006896551724137931,0.0011494252873563218,0.0,0.0034482758620689655,0.0,0.0,0.0,0.004597701149425287,0.0011494252873563218,0.0011494252873563218,0.0,0.0,0.0011494252873563218,0.0,0.0,0.0,0.006896551724137931,0.0,0.0,0.0,0.0,0.0,0.0011494252873563218,0.0,0.0034482758620689655,0.0022988505747126436,0.0,0.0022988505747126436,0.0,0.0022988505747126436,0.0022988505747126436,0.0,0.0,0.0,0.0022988505747126436,0.0,0.0,0.0011494252873563218,0.0,0.0,0.0,0.0,0.0034482758620689655,0.0,0.004597701149425287,0.0,0.0,0.0,0.0,0.0,0.0,0.0011494252873563218,0.0,0.0,0.0,0.0,0.0011494252873563218,0.0,0.0011494252873563218,0.0,0.0011494252873563218,0.0,0.0022988505747126436,0.0,0.0011494252873563218,0.0022988505747126436,0.0,0.0,0.005747126436781609,0.0,0.0022988505747126436,0.0,0.0,0.0,0.0,0.0,0.0,0.0,0.0,0.0,0.0022988505747126436,0.0,0.0,0.0,0.004597701149425287,0.0,0.0,0.0,0.0,0.0,0.0,0.0,0.0,0.0,0.0,0.0,0.0,0.0,0.006896551724137931,0.0034482758620689655,0.0011494252873563218,0.0011494252873563218,0.0011494252873563218,0.0011494252873563218,0.0022988505747126436,0.0022988505747126436,0.0011494252873563218,0.0011494252873563218,0.0011494252873563218,0.0011494252873563218,0.0011494252873563218,0.0011494252873563218,0.0034482758620689655,0.0011494252873563218,0.005747126436781609,0.0011494252873563218,0.0011494252873563218,0.0011494252873563218,0.0022988505747126436,0.0022988505747126436,0.0011494252873563218,0.0022988505747126436,0.0011494252873563218,0.0011494252873563218,0.0011494252873563218,0.0011494252873563218,0.0022988505747126436,0.0011494252873563218,0.0011494252873563218,0.0011494252873563218,0.0022988505747126436,0.0011494252873563218,0.0011494252873563218,0.0011494252873563218,0.0011494252873563218,0.0011494252873563218,0.0011494252873563218,0.0011494252873563218,0.0011494252873563218,0.0022988505747126436,0.0022988505747126436,0.0011494252873563218,0.0011494252873563218,0.0011494252873563218,0.0022988505747126436,0.0011494252873563218,0.0011494252873563218,0.0034482758620689655,0.0011494252873563218,0.0011494252873563218,0.0011494252873563218,0.0011494252873563218,0.0011494252873563218,0.0011494252873563218,0.0011494252873563218,0.0022988505747126436,0.0011494252873563218,0.0022988505747126436,0.0022988505747126436,0.0011494252873563218,0.0011494252873563218,0.0034482758620689655,0.0011494252873563218,0.0011494252873563218,0.0022988505747126436,0.0011494252873563218,0.0022988505747126436,0.0011494252873563218,0.0011494252873563218,0.0022988505747126436,0.0011494252873563218,0.0011494252873563218,0.0011494252873563218,0.0022988505747126436,0.0011494252873563218,0.0034482758620689655,0.0034482758620689655,0.0022988505747126436,0.0011494252873563218,0.0011494252873563218,0.0011494252873563218,0.0011494252873563218,0.0011494252873563218,0.0011494252873563218,0.0011494252873563218,0.004597701149425287,0.0011494252873563218,0.0011494252873563218,0.0011494252873563218,0.0011494252873563218,0.0022988505747126436,0.0011494252873563218,0.0011494252873563218,0.0011494252873563218,0.0034482758620689655,0.0011494252873563218,0.0011494252873563218,0.0011494252873563218,0.0011494252873563218,0.0022988505747126436,0.0011494252873563218,0.0022988505747126436,0.0022988505747126436,0.0022988505747126436,0.0011494252873563218,0.0011494252873563218,0.0011494252873563218,0.0011494252873563218,0.0022988505747126436,0.0011494252873563218,0.0034482758620689655,0.0034482758620689655,0.0011494252873563218,0.004597701149425287,0.0011494252873563218,0.0011494252873563218,0.0022988505747126436,0.0022988505747126436,0.0011494252873563218,0.0011494252873563218,0.0011494252873563218,0.0022988505747126436,0.0011494252873563218,0.0022988505747126436,0.0022988505747126436,0.0011494252873563218,0.0011494252873563218,0.0011494252873563218,0.0011494252873563218,0.0011494252873563218,0.0011494252873563218,0.0011494252873563218,0.0011494252873563218,0.0011494252873563218,0.0011494252873563218,0.0011494252873563218,0.0011494252873563218,0.0022988505747126436,0.0011494252873563218,0.0011494252873563218,0.0011494252873563218,0.0011494252873563218,0.0011494252873563218,0.0011494252873563218,0.0011494252873563218,0.0011494252873563218,0.0011494252873563218,0.0011494252873563218,0.0011494252873563218,0.0022988505747126436,0.0011494252873563218,0.0011494252873563218,0.0011494252873563218,0.0011494252873563218,0.0011494252873563218,0.0022988505747126436,0.0011494252873563218,0.0022988505747126436,0.0011494252873563218,0.0011494252873563218,0.0011494252873563218,0.0034482758620689655,0.0011494252873563218,0.0011494252873563218,0.0011494252873563218,0.0011494252873563218,0.0011494252873563218,0.0011494252873563218,0.0011494252873563218,0.0011494252873563218,0.0011494252873563218,0.0011494252873563218,0.0011494252873563218,0.0011494252873563218,0.0034482758620689655,0.0011494252873563218,0.0022988505747126436,0.0011494252873563218,0.0011494252873563218,0.0011494252873563218,0.0011494252873563218,0.0011494252873563218,0.0011494252873563218,0.0011494252873563218,0.0011494252873563218,0.0011494252873563218,0.0011494252873563218,0.0011494252873563218,0.0011494252873563218,0.0011494252873563218,0.0011494252873563218,0.0011494252873563218,0.0011494252873563218,0.0011494252873563218,0.0011494252873563218,0.0,0.0,0.0,0.0,0.0,0.0,0.0,0.0,0.0,0.0,0.0,0.0,0.0,0.0,0.0,0.0,0.0,0.0,0.0,0.0,0.0,0.0,0.0,0.0,0.0,0.0,0.0,0.0,0.0,0.0,0.0,0.0,0.0,0.0,0.0,0.0,0.0,0.0,0.0,0.0,0.0,0.0,0.0,0.0,0.0,0.0,0.0,0.0,0.0,0.0,0.0,0.0,0.0,0.0,0.0,0.0,0.0,0.0,0.0,0.0,0.0,0.0,0.0,0.0,0.0,0.0,0.0,0.0,0.0,0.0,0.0,0.0,0.0,0.0,0.0,0.0,0.0,0.0,0.0,0.0,0.0,0.0,0.0,0.0,0.0,0.0,0.0,0.0,0.0,0.0,0.0,0.0,0.0,0.0,0.0,0.0,0.0,0.4363566733986398,0.0,0.0,0.0,0.0,0.0,0.0,0.0,0.0,0.0,0.0,0.0,0.0,0.0,0.0,0.0,0.0,0.0,0.0,0.0,0.0,0.0,0.0,0.0,0.0,0.0,0.0,0.0,0.0,0.0,0.0,0.0,0.0,0.0,0.0,0.0,0.0,0.0,0.0,0.0,0.0,0.0,0.0,0.0,0.0,0.0,0.0,0.0,0.0,0.0,0.0,0.0,0.0,0.0,0.0,0.0,0.0,0.0,0.0,0.0,0.0,0.0,0.0,0.0,0.0,0.0,0.0,0.0,0.0,0.0,0.0,0.0,0.0,0.0,0.0,0.0,0.0,0.0,0.0,0.0,0.0,0.0,0.0,0.0,0.0,0.0,0.0,0.0,0.0,0.0,0.0,0.0,0.0,0.0,0.0,0.0,0.0,0.0,0.0,0.0,0.0,0.0,0.0,0.0,0.0,0.0,0.0,0.0,0.0,0.0,0.0,0.0,0.0,0.0,0.0,0.0,0.0,0.0,0.0,0.0,0.0,0.0,0.0,0.0,0.0,0.0,0.0,0.0,0.0,0.0,0.0,0.0,0.0,0.0,0.0,0.3820000106814209,0.0,0.0,0.0,0.0,0.0,0.0,0.0,0.0,0.0,0.0,0.0,0.0,0.0,0.0,0.0,0.0,0.0,0.0,0.0,0.0,0.0,0.0,0.0,0.0,0.0,0.0,0.0,0.0,0.0,0.0,0.0,0.0,0.0,0.0,0.0,0.0,0.0,0.0,0.0,0.0,0.0,0.0,0.0,0.0,0.0,0.0,0.0,0.0,0.0,0.0,0.0,0.0,0.0,0.0,0.0,0.0,0.0,0.0,0.0,0.0,0.0,0.0,0.0,0.0,0.0,0.0,0.0,0.0,0.0,0.0,0.0,0.0,0.3820000106814209,0.0,0.0,0.0,0.0,0.0,0.0,0.0,0.0,0.0,0.0,0.0,0.0,0.0,0.0,0.0,0.0,0.0,0.0,0.0,0.0,0.0,0.0,0.0,0.0,0.0,0.0,0.0,0.0,0.0,0.0,0.0,0.0,0.0,0.0,0.0,0.0,0.0,0.0,0.0,0.0,0.0,0.0,0.0,0.0,0.0,0.0,0.0,0.0,0.0,0.0,0.0,0.0,0.0,0.0,0.0,0.0,0.0,0.0,0.0,0.0,0.0,0.0,0.0,0.0,0.0,0.0,0.0,0.0,0.0,0.0,0.0,0.0,0.0,0.0,0.0,0.0,0.0,0.0,0.0,0.0,0.0,0.0,0.0,0.0,0.0,0.0,0.0,0.0,0.0,0.0,0.0,0.0,0.0,0.0,0.0,0.0,0.0,0.0,0.0,0.0,0.0,0.0,0.0,0.0,0.0,0.0,0.0,0.0,0.0,0.0,0.0,0.0,0.0,0.0,0.0,0.0,0.0,0.0,0.0,0.0,0.0,0.0,0.0,0.0,0.0,0.0,0.0,0.0,0.0,0.0,0.0,0.0,0.0,0.0,0.0,0.0,0.0,0.0,0.0,0.0,0.0,0.0,0.0,0.0,0.0,0.0,0.0,0.0,0.0,0.0,0.404560064044719,0.0,0.0,0.0,0.0,0.0,0.0,0.0,0.0,0.0,0.0,0.0,0.0,0.0,0.0,0.0,0.0,0.0,0.0,0.0,0.0,0.0,0.0,0.0,0.0,0.0,0.0,0.0,0.0,0.0,0.0,0.0,0.0,0.0,0.0,0.0,0.0,0.0,0.0,0.0,0.0,0.0,0.0,0.0,0.0,0.0,0.0,0.0,0.0,0.0,0.0,0.0,0.0,0.0,0.0,0.0,0.0,0.0,0.0,0.0,0.0,0.0,0.0,0.0,0.0,0.0,0.0,0.0,0.0,0.0,0.0,0.0,0.0,0.0,0.0,0.0,0.0,0.0,0.0,0.0,0.0,0.0,0.0,0.0,0.0,0.0,0.0,0.0,0.0,0.0,0.0,0.0,0.0,0.0,0.0,0.0,0.0,0.0,0.0,0.0,0.0,0.0,0.0,0.0,0.0,0.0,0.0,0.0,0.0,0.0,0.0,0.0,0.0,0.0,0.0,0.0,0.0,0.0,0.0,0.0,0.0,0.0,0.0,0.0,0.0,0.0,0.0,0.0,0.0,0.0,0.0,0.0,0.0,0.0,0.0,0.0,0.0,0.0,0.0,0.0,0.0,0.0,0.0,0.404560064044719,0.0,0.0,0.0,0.0,0.0,0.0,0.0,0.0,0.0,0.0,0.0,0.0,0.0,0.0,0.0,0.0,0.0,0.0,0.0,0.0,0.0,0.0,0.0,0.0,0.0,0.0,0.0,0.0,0.0,0.0,0.0,0.0,0.0,0.0,0.0,0.0,0.0,0.0,0.0,0.0,0.0,0.0,0.0,0.0,0.0,0.0,0.0,0.0,0.0,0.0,0.0,0.0,0.0,0.0,0.0,0.0,0.0,0.0,0.0,0.0,0.0,0.0,0.0,0.0,0.0,0.0,0.0,0.0,0.0,0.0,0.0,0.0,0.0,0.0,0.0,0.0,0.0,0.0,0.0,0.0,0.0,0.0,0.0,0.0,0.0,0.0,0.0,0.0,0.0,0.0,0.0,0.0,0.0,0.0,0.0,0.0,0.0,0.0,0.0,0.0,0.0,0.0,0.0,0.0,0.0,0.0,0.0,0.0,0.0,0.0,0.0,0.0,0.0,0.0,0.0,0.0,0.4363566733986398,0.0,0.0,0.0,0.0,0.0,0.0,0.0,0.0,0.0,0.0
SD2401268,20대,음 근데 우리집이 꼭대기 층이라 그런지 좀 괜찮은 거 같은데. 층간 소음은 없는데 벽간 소음이 쪼금 있는 거 같아. 방이 그 방음이 잘 안 돼서 옆 문 그 첫 입구 문에만 서도 옆의 방이 뭐 유튜브 뭐 듣고 있는지 무슨 대화하고 있는지가 너무 잘 들려서 쪼끔 부담스럽긴 해. 근데 위에는 아무도 사람이 안 사니까 내가 살기에는 어 소음이 없어서 되게 좋은 거 같아. 그거 말고도 본가 살 때는 위층이 아빠 지인이 살았었는데 그래서 막 소음이 나도 뭐라 하기가 좀 그랬던 경험이 있어. 너는 지금 몇 층 정도에 살아? 층간 소음은 없어? 음 그 학 학교 들어오고 나서부터 2년 동안 여기 살고 올해 새로 계약해서 똑같은 데 연장해서 거기서 살고 있어. 아마 내년에는 교환 학생을 가서 없으니까 오빠가 혼자 살 거 같아 지금 같이 살고 있으니까. 그리고 사실 나는 올해 딱 계약 연장할 때쯤에 새로 구해서 따로따로 살고 싶었는데 아무래도 서울 뭐 월세가 비싸다 보니까 그냥 한집에서 해서 전세로 사는 게 낫겠다 싶어서 같이 살고 있는데. 어 아무래도 생활 패턴이나 그런 집안일 하는 거가 좀 안 맞아서 좀 그게 제일 힘들어서 따로 살고 싶었던 거 같아. 뭐 혼자 늦게 자고 그런 건 상관없는데 오빠가 게임을 하니까 늦게까지 게임하는 소리 계속 들려 오 들려 오고 하니까 나 자는 데 방에 돼서 그랬던 거 같아. 너는 그런 적은 없어? 어 중3 때까지 1곳에서 살았고 그 주 중3 이후에 약간 신도시 분양 그런 청약 담 당첨 돼 가지고 1번 이사를 갔었어. 근데 그 중3 때까지 계속 같은 지역에 살다 보니까 거기 유치원 초등학교 중학교 나오고 고등학교도 그쪽을 가려고 했는데 이사를 가게 돼서 혼자 떨어진 곳을 가니까 친구들이랑도 멀어지고 그러 그 뭐 원래 놀던 데에서도 못 놀고 이런 게 쪼끔 아쉽고 힘들긴 하더라고. 근데 집이 넓어서 되게 좋았던 거 같아. 나는 이사를 많이 안 해 봐서 막 해 보고 싶었다 이런 게 좀 컸었는데 주변에 이사 많이 다니는 사람은 안 그렇더라고. 이사를 그만 다니고 싶다 그러더라. 혹시 너도 그런 편이야? 음 나는 이사 간 다음에 우 이 이사 간 아파트 앞에 막 전원주택 같은 게 있는 거야. 그래서 나중에 이 또 이사를 가게 된다면은 저런 데에서 살고 싶다. 저런 데에서 마당에서 막 식물 키우고 동물 키우고 막 나만의 정원을 가꾸면서 2층 바 다락방에서 살고 싶다 막 이런 생각을 했었는데. 근데 막상 거기에 살면은 관리하는 게 되게 힘들어 보이더라고. 할머니 집도 그런 전원주택인데 조금만 뭘 관리를 안 해 줘도 잡초 자라고 먼지가 끼고 더러워지고 막 그런 게 많아서 관리가 힘들다고 하더라고. 근데 그럼에도 한 약간 한번쯤은 전원주택에 살고 싶다 이런 생각이 있는데. 너는 그런 어디에 살고 싶다 이런 로망 같은 게 있어? 어 전자레인지랑 냉장고 세탁기 이 이 정도는 원래 있었던 거 같고. 밥솥이랑 응 어 그 오븐 같은 거 뭐라고 하지. 그 아 에어프라이어는 사 왔고. 최근에 여름 되니까 벌레가 너무 많이 생기잖아. 특히 음식물에 벌레가 많이 생기는데 그래서 버리기가 너무 힘들어서 미생물로 분해해 주는 기계 그런 게 있더라고. 오빠가 인스타그램에서 찾아와서 막 우 이거 쓰자 막 그러면서 찾아왔던 기억이 있어. 그래서 그거를 지금 살까 고민 중에 있어. 그게 음식물 쓰레기를 넣으면은 미생물들이 분해를 해서 흙으로 바로 만들어 준대. 근데 그게 하루 만에 다 만들어 주고 냄새도 안 나서 좋다고 하더라고. 너는 혹시 집안일 같은 거는 어떻게 하는 편이야? 어 가끔 아니 자주 좀 싸운 싸우진 않고 이런 거에 대해 짜증을 내는 거 같긴 한데 내 방이 쓰레기 그 분리수거 하는 데 바로 앞에 있단 말이야. 그래서 오빠는 좀 멀어서 쓰레기 같은 걸 거기 내면 그만인데 나는 내고 나서 그게 분리수거가 잘 안 되어 있거나 막 더러운 게 섞여 있거나 하면은 냄새가 바로 내 방으로 들어온단 말이야. 그거 때문에 오빠한테 뭐라 한 적도 많았던 거 같고. 약간 분담 같은 게 예전에는 막 뭐 냉장고 청소 네가 1번 하면 내가 화장실 청소 1번 하고 이런 식으로 번갈아서 하자라고 말은 했는데 어느 순간 보니까 내가 다 하고 있더라고. 그래서 그거에 대해서 쌓아 놨다가 화내기 직전에 딱 말하면은 오빠가 또 눈치는 빨라 가지고 그제서야 부랴부랴 치우고 막 이래서 어 싸우지는 않았던 거 같아. 근데 자취를 하니까 확실히 본가 살 때는 엄마가 다 해 주고 그러는데 내가 다 해야 되니까 그게 힘든 거 같긴 해. 너는 자취하고 싶다는 생각은 없어? 아 나 처음에 집 들어올 때 막 냉장고랑 기본 가구에 막 여 연두색 띠가 막 둘러져 있는 거야. 기본 색깔로 막 있는 거야. 그래서 그걸 보고 아 진짜 별로다. 여기 살기 싫다 했었는데 막상 들어가 보니까 그런 거 별로 티도 안 나고 깔끔해 보이고 좋더라고. 그래서 그렇게 쓰고 있고. 뭔가 인테리어 아 그 자취하면 내 방식대로 바 집을 꾸미고 막 이렇게 써야지라는 생각은 있었는데 막상 있으니까 짐을 그 넣을 짐도 너무 많고 근데 그거에 비해 공간은 안 나오고 하니까 인테리어라고 할 것도 없이 그냥 짐을 넣어 놓은 거 같아. 내 방이 너무 작아서 옷장 같은 게 들어갈 공간이 안 나서 거실에다가 행거 설치해서 바로 옷 놓아두고. 그래서 뭔가 꾸미기도 애매하고 그랬던 거 같아. 너는 집 인테리어 어떤 편이야? 서울에서 살 수 있으면 좋을 거 같은데. 왜냐하면 여가 생활 같은 것도 훨씬 더 많이 할 수 있고 이제 거의 내 친구들이나 생활 반경이 서울에 중심에 맞춰져 있다 보니까 서울에서 생활하는 게 편하긴 한데 가끔씩 여기가 사람이 너무 많아서 내려가고 싶다라는 생각이 들긴 해. 근데 직장을 얻고 뭔가 더 발전을 하려면은 서울에서 사는 게 맞는 거 같아. 나는 그 본가 살 때는 지하에 헬스장이 있어서 그거를 썼단 말이야. 근데 자취를 하니까 그런 여가 시설 시 그 아무튼 시설들이 없어서 막 주변에서 주변 다른 헬스장을 등록해 놨단 말이야. 근데 너는 지금 어쨌든 본가에 살잖아. 큰 아파트에 사는데 그러면 거기에 막 여가 시설 같은 게 와 잘 마련되어 있어?,0.005747126436781609,0.017241379310344827,0.004597701149425287,0.0,0.005747126436781609,0.0034482758620689655,0.005747126436781609,0.008045977011494253,0.01839080459770115,0.029885057471264367,0.004597701149425287,0.027586206896551724,0.0,0.008045977011494253,0.0022988505747126436,0.0,0.0034482758620689655,0.0011494252873563218,0.03218390804597701,0.013793103448275862,0.0,0.0,0.0,0.0022988505747126436,0.0,0.004597701149425287,0.021839080459770115,0.0,0.0034482758620689655,0.0034482758620689655,0.04367816091954023,0.0,0.006896551724137931,0.0,0.004597701149425287,0.009195402298850575,0.0,0.0,0.011494252873563218,0.0011494252873563218,0.0,0.0022988505747126436,0.0,0.0,0.034482758620689655,0.004597701149425287,0.013793103448275862,0.0022988505747126436,0.004597701149425287,0.0367816091954023,0.009195402298850575,0.0011494252873563218,0.0,0.0022988505747126436,0.0,0.0011494252873563218,0.0011494252873563218,0.0022988505747126436,0.0,0.006896551724137931,0.0,0.0,0.0,0.0011494252873563218,0.006896551724137931,0.0022988505747126436,0.0022988505747126436,0.0011494252873563218,0.0011494252873563218,0.0,0.0,0.0,0.0022988505747126436,0.0,0.0,0.005747126436781609,0.0022988505747126436,0.0,0.006896551724137931,0.010344827586206896,0.0011494252873563218,0.0,0.0,0.0,0.0,0.004597701149425287,0.0034482758620689655,0.0,0.0022988505747126436,0.004597701149425287,0.0,0.0022988505747126436,0.0,0.0011494252873563218,0.0,0.0011494252873563218,0.0011494252873563218,0.0011494252873563218,0.0,0.0022988505747126436,0.004597701149425287,0.0011494252873563218,0.0,0.0,0.0,0.0,0.01264367816091954,0.009195402298850575,0.0,0.0011494252873563218,0.0011494252873563218,0.0022988505747126436,0.0011494252873563218,0.0,0.0,0.0011494252873563218,0.0,0.0,0.0011494252873563218,0.011494252873563218,0.0,0.005747126436781609,0.0011494252873563218,0.0,0.0022988505747126436,0.0011494252873563218,0.0011494252873563218,0.0,0.0022988505747126436,0.0,0.0,0.0,0.0,0.0034482758620689655,0.0,0.0,0.01839080459770115,0.0022988505747126436,0.0,0.0,0.0022988505747126436,0.0022988505747126436,0.0022988505747126436,0.0,0.0,0.005747126436781609,0.0011494252873563218,0.0,0.008045977011494253,0.0022988505747126436,0.0011494252873563218,0.005747126436781609,0.0011494252873563218,0.0,0.0,0.0011494252873563218,0.0,0.0011494252873563218,0.006896551724137931,0.0011494252873563218,0.0,0.0034482758620689655,0.0,0.0,0.0,0.004597701149425287,0.0011494252873563218,0.0011494252873563218,0.0,0.0,0.0011494252873563218,0.0,0.0,0.0,0.006896551724137931,0.0,0.0,0.0,0.0,0.0,0.0011494252873563218,0.0,0.0034482758620689655,0.0022988505747126436,0.0,0.0022988505747126436,0.0,0.0022988505747126436,0.0022988505747126436,0.0,0.0,0.0,0.0022988505747126436,0.0,0.0,0.0011494252873563218,0.0,0.0,0.0,0.0,0.0034482758620689655,0.0,0.004597701149425287,0.0,0.0,0.0,0.0,0.0,0.0,0.0011494252873563218,0.0,0.0,0.0,0.0,0.0011494252873563218,0.0,0.0011494252873563218,0.0,0.0011494252873563218,0.0,0.0022988505747126436,0.0,0.0011494252873563218,0.0022988505747126436,0.0,0.0,0.005747126436781609,0.0,0.0022988505747126436,0.0,0.0,0.0,0.0,0.0,0.0,0.0,0.0,0.0,0.0022988505747126436,0.0,0.0,0.0,0.004597701149425287,0.0,0.0,0.0,0.0,0.0,0.0,0.0,0.0,0.0,0.0,0.0,0.0,0.0,0.006896551724137931,0.0034482758620689655,0.0011494252873563218,0.0011494252873563218,0.0011494252873563218,0.0011494252873563218,0.0022988505747126436,0.0022988505747126436,0.0011494252873563218,0.0011494252873563218,0.0011494252873563218,0.0011494252873563218,0.0011494252873563218,0.0011494252873563218,0.0034482758620689655,0.0011494252873563218,0.005747126436781609,0.0011494252873563218,0.0011494252873563218,0.0011494252873563218,0.0022988505747126436,0.0022988505747126436,0.0011494252873563218,0.0022988505747126436,0.0011494252873563218,0.0011494252873563218,0.0011494252873563218,0.0011494252873563218,0.0022988505747126436,0.0011494252873563218,0.0011494252873563218,0.0011494252873563218,0.0022988505747126436,0.0011494252873563218,0.0011494252873563218,0.0011494252873563218,0.0011494252873563218,0.0011494252873563218,0.0011494252873563218,0.0011494252873563218,0.0011494252873563218,0.0022988505747126436,0.0022988505747126436,0.0011494252873563218,0.0011494252873563218,0.0011494252873563218,0.0022988505747126436,0.0011494252873563218,0.0011494252873563218,0.0034482758620689655,0.0011494252873563218,0.0011494252873563218,0.0011494252873563218,0.0011494252873563218,0.0011494252873563218,0.0011494252873563218,0.0011494252873563218,0.0022988505747126436,0.0011494252873563218,0.0022988505747126436,0.0022988505747126436,0.0011494252873563218,0.0011494252873563218,0.0034482758620689655,0.0011494252873563218,0.0011494252873563218,0.0022988505747126436,0.0011494252873563218,0.0022988505747126436,0.0011494252873563218,0.0011494252873563218,0.0022988505747126436,0.0011494252873563218,0.0011494252873563218,0.0011494252873563218,0.0022988505747126436,0.0011494252873563218,0.0034482758620689655,0.0034482758620689655,0.0022988505747126436,0.0011494252873563218,0.0011494252873563218,0.0011494252873563218,0.0011494252873563218,0.0011494252873563218,0.0011494252873563218,0.0011494252873563218,0.004597701149425287,0.0011494252873563218,0.0011494252873563218,0.0011494252873563218,0.0011494252873563218,0.0022988505747126436,0.0011494252873563218,0.0011494252873563218,0.0011494252873563218,0.0034482758620689655,0.0011494252873563218,0.0011494252873563218,0.0011494252873563218,0.0011494252873563218,0.0022988505747126436,0.0011494252873563218,0.0022988505747126436,0.0022988505747126436,0.0022988505747126436,0.0011494252873563218,0.0011494252873563218,0.0011494252873563218,0.0011494252873563218,0.0022988505747126436,0.0011494252873563218,0.0034482758620689655,0.0034482758620689655,0.0011494252873563218,0.004597701149425287,0.0011494252873563218,0.0011494252873563218,0.0022988505747126436,0.0022988505747126436,0.0011494252873563218,0.0011494252873563218,0.0011494252873563218,0.0022988505747126436,0.0011494252873563218,0.0022988505747126436,0.0022988505747126436,0.0011494252873563218,0.0011494252873563218,0.0011494252873563218,0.0011494252873563218,0.0011494252873563218,0.0011494252873563218,0.0011494252873563218,0.0011494252873563218,0.0011494252873563218,0.0011494252873563218,0.0011494252873563218,0.0011494252873563218,0.0022988505747126436,0.0011494252873563218,0.0011494252873563218,0.0011494252873563218,0.0011494252873563218,0.0011494252873563218,0.0011494252873563218,0.0011494252873563218,0.0011494252873563218,0.0011494252873563218,0.0011494252873563218,0.0011494252873563218,0.0022988505747126436,0.0011494252873563218,0.0011494252873563218,0.0011494252873563218,0.0011494252873563218,0.0011494252873563218,0.0022988505747126436,0.0011494252873563218,0.0022988505747126436,0.0011494252873563218,0.0011494252873563218,0.0011494252873563218,0.0034482758620689655,0.0011494252873563218,0.0011494252873563218,0.0011494252873563218,0.0011494252873563218,0.0011494252873563218,0.0011494252873563218,0.0011494252873563218,0.0011494252873563218,0.0011494252873563218,0.0011494252873563218,0.0011494252873563218,0.0011494252873563218,0.0034482758620689655,0.0011494252873563218,0.0022988505747126436,0.0011494252873563218,0.0011494252873563218,0.0011494252873563218,0.0011494252873563218,0.0011494252873563218,0.0011494252873563218,0.0011494252873563218,0.0011494252873563218,0.0011494252873563218,0.0011494252873563218,0.0011494252873563218,0.0011494252873563218,0.0011494252873563218,0.0011494252873563218,0.0011494252873563218,0.0011494252873563218,0.0011494252873563218,0.0011494252873563218,0.0,0.0,0.0,0.0,0.0,0.0,0.0,0.0,0.0,0.0,0.0,0.0,0.0,0.0,0.0,0.0,0.0,0.0,0.0,0.0,0.0,0.0,0.0,0.0,0.0,0.0,0.0,0.0,0.0,0.0,0.0,0.0,0.0,0.0,0.0,0.0,0.4220897879896106,0.0,0.0,0.0,0.0,0.0,0.0,0.0,0.0,0.0,0.0,0.0,0.0,0.0,0.0,0.0,0.0,0.0,0.0,0.0,0.0,0.0,0.0,0.0,0.0,0.0,0.0,0.0,0.0,0.0,0.0,0.0,0.0,0.0,0.0,0.0,0.0,0.0,0.0,0.0,0.0,0.0,0.0,0.0,0.0,0.0,0.0,0.0,0.0,0.0,0.0,0.0,0.0,0.3527655237106887,0.0,0.0,0.0,0.0,0.0,0.0,0.0,0.0,0.0,0.0,0.0,0.0,0.0,0.0,0.0,0.0,0.0,0.0,0.0,0.0,0.0,0.0,0.0,0.0,0.0,0.0,0.0,0.0,0.0,0.0,0.0,0.0,0.0,0.0,0.0,0.0,0.0,0.0,0.0,0.0,0.0,0.0,0.0,0.0,0.0,0.0,0.0,0.0,0.0,0.0,0.32358307296783095,0.0,0.0,0.0,0.0,0.0,0.0,0.0,0.0,0.0,0.0,0.0,0.0,0.0,0.0,0.0,0.0,0.0,0.0,0.0,0.0,0.0,0.0,0.0,0.0,0.0,0.0,0.0,0.0,0.0,0.0,0.0,0.0,0.0,0.0,0.0,0.0,0.0,0.0,0.0,0.0,0.0,0.0,0.0,0.0,0.0,0.0,0.0,0.0,0.0,0.0,0.0,0.0,0.0,0.0,0.0,0.0,0.0,0.0,0.0,0.0,0.0,0.0,0.0,0.0,0.0,0.0,0.0,0.0,0.0,0.4220897879896106,0.0,0.0,0.0,0.0,0.0,0.0,0.0,0.0,0.0,0.0,0.0,0.0,0.0,0.0,0.0,0.0,0.0,0.0,0.0,0.0,0.0,0.0,0.0,0.0,0.0,0.0,0.0,0.0,0.0,0.0,0.0,0.0,0.0,0.0,0.0,0.0,0.0,0.0,0.0,0.0,0.0,0.0,0.0,0.0,0.0,0.0,0.0,0.0,0.0,0.0,0.0,0.0,0.0,0.0,0.0,0.0,0.0,0.0,0.0,0.0,0.0,0.0,0.0,0.0,0.0,0.0,0.0,0.0,0.0,0.0,0.0,0.0,0.0,0.0,0.0,0.0,0.0,0.0,0.0,0.0,0.0,0.0,0.0,0.0,0.0,0.0,0.0,0.0,0.0,0.0,0.0,0.0,0.0,0.0,0.0,0.0,0.0,0.0,0.0,0.0,0.0,0.0,0.0,0.0,0.0,0.0,0.0,0.0,0.0,0.0,0.0,0.0,0.0,0.0,0.0,0.0,0.0,0.0,0.0,0.0,0.0,0.0,0.0,0.0,0.0,0.0,0.0,0.0,0.0,0.0,0.0,0.0,0.0,0.0,0.0,0.0,0.0,0.0,0.0,0.0,0.0,0.0,0.0,0.0,0.0,0.0,0.0,0.0,0.0,0.0,0.0,0.0,0.0,0.0,0.0,0.0,0.0,0.0,0.0,0.0,0.0,0.0,0.0,0.0,0.0,0.0,0.0,0.0,0.0,0.0,0.0,0.0,0.0,0.0,0.0,0.0,0.0,0.0,0.0,0.0,0.0,0.0,0.0,0.0,0.0,0.0,0.0,0.0,0.0,0.0,0.0,0.0,0.0,0.0,0.0,0.0,0.0,0.0,0.0,0.0,0.0,0.0,0.0,0.0,0.0,0.0,0.0,0.0,0.0,0.0,0.0,0.0,0.0,0.0,0.0,0.0,0.0,0.0,0.0,0.0,0.0,0.0,0.0,0.0,0.0,0.0,0.0,0.0,0.0,0.0,0.0,0.0,0.0,0.0,0.0,0.0,0.0,0.0,0.0,0.0,0.0,0.0,0.0,0.0,0.0,0.0,0.0,0.0,0.0,0.0,0.0,0.0,0.0,0.0,0.0,0.0,0.0,0.0,0.0,0.0,0.0,0.0,0.0,0.0,0.0,0.0,0.0,0.0,0.0,0.0,0.0,0.0,0.0,0.0,0.0,0.0,0.0,0.0,0.0,0.0,0.0,0.0,0.0,0.0,0.0,0.0,0.0,0.0,0.0,0.0,0.0,0.0,0.0,0.0,0.0,0.0,0.0,0.0,0.0,0.0,0.0,0.0,0.0,0.0,0.0,0.0,0.0,0.0,0.0,0.0,0.0,0.0,0.0,0.0,0.0,0.0,0.0,0.0,0.0,0.0,0.0,0.0,0.0,0.0,0.0,0.0,0.0,0.0,0.0,0.0,0.0,0.0,0.0,0.0,0.0,0.0,0.0,0.0,0.0,0.0,0.0,0.0,0.0,0.0,0.0,0.0,0.0,0.0,0.0,0.0,0.0,0.0,0.0,0.0,0.0,0.0,0.0,0.0,0.0,0.0,0.0,0.0,0.0,0.0,0.0,0.0,0.0,0.0,0.0,0.0,0.0,0.0,0.0,0.0,0.0,0.0,0.0,0.0,0.0,0.0,0.0,0.0,0.0,0.0,0.0,0.0,0.0,0.0,0.0,0.0,0.0,0.0,0.0,0.0,0.0,0.0,0.0,0.0,0.0,0.0,0.0,0.0,0.0,0.0,0.0,0.0,0.0,0.0,0.0,0.0,0.0,0.0,0.0,0.0,0.0,0.0,0.0,0.0,0.0,0.0,0.0,0.0,0.0,0.0,0.0,0.0,0.0,0.0,0.0,0.0,0.0,0.0,0.0,0.0,0.0,0.0,0.0,0.0,0.0,0.0,0.0,0.0,0.0,0.0,0.0,0.0,0.0,0.0,0.0,0.0,0.0,0.0,0.0,0.0,0.0,0.0,0.0,0.0,0.0,0.0,0.0,0.0,0.0,0.0,0.0,0.0,0.0,0.0,0.0,0.0,0.0,0.0,0.0,0.0,0.0,0.0,0.0,0.0,0.0,0.0,0.0,0.0,0.0,0.0,0.0,0.0,0.45526415514489504,0.0,0.0,0.0,0.0,0.0,0.0,0.0,0.0,0.0,0.0,0.0,0.0,0.0,0.0,0.0,0.0,0.0,0.0,0.0,0.0,0.0,0.0,0.0,0.45526415514489504,0.0,0.0,0.0,0.0,0.0
SD2401268,20대,음 근데 우리집이 꼭대기 층이라 그런지 좀 괜찮은 거 같은데. 층간 소음은 없는데 벽간 소음이 쪼금 있는 거 같아. 방이 그 방음이 잘 안 돼서 옆 문 그 첫 입구 문에만 서도 옆의 방이 뭐 유튜브 뭐 듣고 있는지 무슨 대화하고 있는지가 너무 잘 들려서 쪼끔 부담스럽긴 해. 근데 위에는 아무도 사람이 안 사니까 내가 살기에는 어 소음이 없어서 되게 좋은 거 같아. 그거 말고도 본가 살 때는 위층이 아빠 지인이 살았었는데 그래서 막 소음이 나도 뭐라 하기가 좀 그랬던 경험이 있어. 너는 지금 몇 층 정도에 살아? 층간 소음은 없어? 음 그 학 학교 들어오고 나서부터 2년 동안 여기 살고 올해 새로 계약해서 똑같은 데 연장해서 거기서 살고 있어. 아마 내년에는 교환 학생을 가서 없으니까 오빠가 혼자 살 거 같아 지금 같이 살고 있으니까. 그리고 사실 나는 올해 딱 계약 연장할 때쯤에 새로 구해서 따로따로 살고 싶었는데 아무래도 서울 뭐 월세가 비싸다 보니까 그냥 한집에서 해서 전세로 사는 게 낫겠다 싶어서 같이 살고 있는데. 어 아무래도 생활 패턴이나 그런 집안일 하는 거가 좀 안 맞아서 좀 그게 제일 힘들어서 따로 살고 싶었던 거 같아. 뭐 혼자 늦게 자고 그런 건 상관없는데 오빠가 게임을 하니까 늦게까지 게임하는 소리 계속 들려 오 들려 오고 하니까 나 자는 데 방에 돼서 그랬던 거 같아. 너는 그런 적은 없어? 어 중3 때까지 1곳에서 살았고 그 주 중3 이후에 약간 신도시 분양 그런 청약 담 당첨 돼 가지고 1번 이사를 갔었어. 근데 그 중3 때까지 계속 같은 지역에 살다 보니까 거기 유치원 초등학교 중학교 나오고 고등학교도 그쪽을 가려고 했는데 이사를 가게 돼서 혼자 떨어진 곳을 가니까 친구들이랑도 멀어지고 그러 그 뭐 원래 놀던 데에서도 못 놀고 이런 게 쪼끔 아쉽고 힘들긴 하더라고. 근데 집이 넓어서 되게 좋았던 거 같아. 나는 이사를 많이 안 해 봐서 막 해 보고 싶었다 이런 게 좀 컸었는데 주변에 이사 많이 다니는 사람은 안 그렇더라고. 이사를 그만 다니고 싶다 그러더라. 혹시 너도 그런 편이야? 음 나는 이사 간 다음에 우 이 이사 간 아파트 앞에 막 전원주택 같은 게 있는 거야. 그래서 나중에 이 또 이사를 가게 된다면은 저런 데에서 살고 싶다. 저런 데에서 마당에서 막 식물 키우고 동물 키우고 막 나만의 정원을 가꾸면서 2층 바 다락방에서 살고 싶다 막 이런 생각을 했었는데. 근데 막상 거기에 살면은 관리하는 게 되게 힘들어 보이더라고. 할머니 집도 그런 전원주택인데 조금만 뭘 관리를 안 해 줘도 잡초 자라고 먼지가 끼고 더러워지고 막 그런 게 많아서 관리가 힘들다고 하더라고. 근데 그럼에도 한 약간 한번쯤은 전원주택에 살고 싶다 이런 생각이 있는데. 너는 그런 어디에 살고 싶다 이런 로망 같은 게 있어? 어 전자레인지랑 냉장고 세탁기 이 이 정도는 원래 있었던 거 같고. 밥솥이랑 응 어 그 오븐 같은 거 뭐라고 하지. 그 아 에어프라이어는 사 왔고. 최근에 여름 되니까 벌레가 너무 많이 생기잖아. 특히 음식물에 벌레가 많이 생기는데 그래서 버리기가 너무 힘들어서 미생물로 분해해 주는 기계 그런 게 있더라고. 오빠가 인스타그램에서 찾아와서 막 우 이거 쓰자 막 그러면서 찾아왔던 기억이 있어. 그래서 그거를 지금 살까 고민 중에 있어. 그게 음식물 쓰레기를 넣으면은 미생물들이 분해를 해서 흙으로 바로 만들어 준대. 근데 그게 하루 만에 다 만들어 주고 냄새도 안 나서 좋다고 하더라고. 너는 혹시 집안일 같은 거는 어떻게 하는 편이야? 어 가끔 아니 자주 좀 싸운 싸우진 않고 이런 거에 대해 짜증을 내는 거 같긴 한데 내 방이 쓰레기 그 분리수거 하는 데 바로 앞에 있단 말이야. 그래서 오빠는 좀 멀어서 쓰레기 같은 걸 거기 내면 그만인데 나는 내고 나서 그게 분리수거가 잘 안 되어 있거나 막 더러운 게 섞여 있거나 하면은 냄새가 바로 내 방으로 들어온단 말이야. 그거 때문에 오빠한테 뭐라 한 적도 많았던 거 같고. 약간 분담 같은 게 예전에는 막 뭐 냉장고 청소 네가 1번 하면 내가 화장실 청소 1번 하고 이런 식으로 번갈아서 하자라고 말은 했는데 어느 순간 보니까 내가 다 하고 있더라고. 그래서 그거에 대해서 쌓아 놨다가 화내기 직전에 딱 말하면은 오빠가 또 눈치는 빨라 가지고 그제서야 부랴부랴 치우고 막 이래서 어 싸우지는 않았던 거 같아. 근데 자취를 하니까 확실히 본가 살 때는 엄마가 다 해 주고 그러는데 내가 다 해야 되니까 그게 힘든 거 같긴 해. 너는 자취하고 싶다는 생각은 없어? 아 나 처음에 집 들어올 때 막 냉장고랑 기본 가구에 막 여 연두색 띠가 막 둘러져 있는 거야. 기본 색깔로 막 있는 거야. 그래서 그걸 보고 아 진짜 별로다. 여기 살기 싫다 했었는데 막상 들어가 보니까 그런 거 별로 티도 안 나고 깔끔해 보이고 좋더라고. 그래서 그렇게 쓰고 있고. 뭔가 인테리어 아 그 자취하면 내 방식대로 바 집을 꾸미고 막 이렇게 써야지라는 생각은 있었는데 막상 있으니까 짐을 그 넣을 짐도 너무 많고 근데 그거에 비해 공간은 안 나오고 하니까 인테리어라고 할 것도 없이 그냥 짐을 넣어 놓은 거 같아. 내 방이 너무 작아서 옷장 같은 게 들어갈 공간이 안 나서 거실에다가 행거 설치해서 바로 옷 놓아두고. 그래서 뭔가 꾸미기도 애매하고 그랬던 거 같아. 너는 집 인테리어 어떤 편이야? 서울에서 살 수 있으면 좋을 거 같은데. 왜냐하면 여가 생활 같은 것도 훨씬 더 많이 할 수 있고 이제 거의 내 친구들이나 생활 반경이 서울에 중심에 맞춰져 있다 보니까 서울에서 생활하는 게 편하긴 한데 가끔씩 여기가 사람이 너무 많아서 내려가고 싶다라는 생각이 들긴 해. 근데 직장을 얻고 뭔가 더 발전을 하려면은 서울에서 사는 게 맞는 거 같아. 나는 그 본가 살 때는 지하에 헬스장이 있어서 그거를 썼단 말이야. 근데 자취를 하니까 그런 여가 시설 시 그 아무튼 시설들이 없어서 막 주변에서 주변 다른 헬스장을 등록해 놨단 말이야. 근데 너는 지금 어쨌든 본가에 살잖아. 큰 아파트에 사는데 그러면 거기에 막 여가 시설 같은 게 와 잘 마련되어 있어?,0.005747126436781609,0.017241379310344827,0.004597701149425287,0.0,0.005747126436781609,0.0034482758620689655,0.005747126436781609,0.008045977011494253,0.01839080459770115,0.029885057471264367,0.004597701149425287,0.027586206896551724,0.0,0.008045977011494253,0.0022988505747126436,0.0,0.0034482758620689655,0.0011494252873563218,0.03218390804597701,0.013793103448275862,0.0,0.0,0.0,0.0022988505747126436,0.0,0.004597701149425287,0.021839080459770115,0.0,0.0034482758620689655,0.0034482758620689655,0.04367816091954023,0.0,0.006896551724137931,0.0,0.004597701149425287,0.009195402298850575,0.0,0.0,0.011494252873563218,0.0011494252873563218,0.0,0.0022988505747126436,0.0,0.0,0.034482758620689655,0.004597701149425287,0.013793103448275862,0.0022988505747126436,0.004597701149425287,0.0367816091954023,0.009195402298850575,0.0011494252873563218,0.0,0.0022988505747126436,0.0,0.0011494252873563218,0.0011494252873563218,0.0022988505747126436,0.0,0.006896551724137931,0.0,0.0,0.0,0.0011494252873563218,0.006896551724137931,0.0022988505747126436,0.0022988505747126436,0.0011494252873563218,0.0011494252873563218,0.0,0.0,0.0,0.0022988505747126436,0.0,0.0,0.005747126436781609,0.0022988505747126436,0.0,0.006896551724137931,0.010344827586206896,0.0011494252873563218,0.0,0.0,0.0,0.0,0.004597701149425287,0.0034482758620689655,0.0,0.0022988505747126436,0.004597701149425287,0.0,0.0022988505747126436,0.0,0.0011494252873563218,0.0,0.0011494252873563218,0.0011494252873563218,0.0011494252873563218,0.0,0.0022988505747126436,0.004597701149425287,0.0011494252873563218,0.0,0.0,0.0,0.0,0.01264367816091954,0.009195402298850575,0.0,0.0011494252873563218,0.0011494252873563218,0.0022988505747126436,0.0011494252873563218,0.0,0.0,0.0011494252873563218,0.0,0.0,0.0011494252873563218,0.011494252873563218,0.0,0.005747126436781609,0.0011494252873563218,0.0,0.0022988505747126436,0.0011494252873563218,0.0011494252873563218,0.0,0.0022988505747126436,0.0,0.0,0.0,0.0,0.0034482758620689655,0.0,0.0,0.01839080459770115,0.0022988505747126436,0.0,0.0,0.0022988505747126436,0.0022988505747126436,0.0022988505747126436,0.0,0.0,0.005747126436781609,0.0011494252873563218,0.0,0.008045977011494253,0.0022988505747126436,0.0011494252873563218,0.005747126436781609,0.0011494252873563218,0.0,0.0,0.0011494252873563218,0.0,0.0011494252873563218,0.006896551724137931,0.0011494252873563218,0.0,0.0034482758620689655,0.0,0.0,0.0,0.004597701149425287,0.0011494252873563218,0.0011494252873563218,0.0,0.0,0.0011494252873563218,0.0,0.0,0.0,0.006896551724137931,0.0,0.0,0.0,0.0,0.0,0.0011494252873563218,0.0,0.0034482758620689655,0.0022988505747126436,0.0,0.0022988505747126436,0.0,0.0022988505747126436,0.0022988505747126436,0.0,0.0,0.0,0.0022988505747126436,0.0,0.0,0.0011494252873563218,0.0,0.0,0.0,0.0,0.0034482758620689655,0.0,0.004597701149425287,0.0,0.0,0.0,0.0,0.0,0.0,0.0011494252873563218,0.0,0.0,0.0,0.0,0.0011494252873563218,0.0,0.0011494252873563218,0.0,0.0011494252873563218,0.0,0.0022988505747126436,0.0,0.0011494252873563218,0.0022988505747126436,0.0,0.0,0.005747126436781609,0.0,0.0022988505747126436,0.0,0.0,0.0,0.0,0.0,0.0,0.0,0.0,0.0,0.0022988505747126436,0.0,0.0,0.0,0.004597701149425287,0.0,0.0,0.0,0.0,0.0,0.0,0.0,0.0,0.0,0.0,0.0,0.0,0.0,0.006896551724137931,0.0034482758620689655,0.0011494252873563218,0.0011494252873563218,0.0011494252873563218,0.0011494252873563218,0.0022988505747126436,0.0022988505747126436,0.0011494252873563218,0.0011494252873563218,0.0011494252873563218,0.0011494252873563218,0.0011494252873563218,0.0011494252873563218,0.0034482758620689655,0.0011494252873563218,0.005747126436781609,0.0011494252873563218,0.0011494252873563218,0.0011494252873563218,0.0022988505747126436,0.0022988505747126436,0.0011494252873563218,0.0022988505747126436,0.0011494252873563218,0.0011494252873563218,0.0011494252873563218,0.0011494252873563218,0.0022988505747126436,0.0011494252873563218,0.0011494252873563218,0.0011494252873563218,0.0022988505747126436,0.0011494252873563218,0.0011494252873563218,0.0011494252873563218,0.0011494252873563218,0.0011494252873563218,0.0011494252873563218,0.0011494252873563218,0.0011494252873563218,0.0022988505747126436,0.0022988505747126436,0.0011494252873563218,0.0011494252873563218,0.0011494252873563218,0.0022988505747126436,0.0011494252873563218,0.0011494252873563218,0.0034482758620689655,0.0011494252873563218,0.0011494252873563218,0.0011494252873563218,0.0011494252873563218,0.0011494252873563218,0.0011494252873563218,0.0011494252873563218,0.0022988505747126436,0.0011494252873563218,0.0022988505747126436,0.0022988505747126436,0.0011494252873563218,0.0011494252873563218,0.0034482758620689655,0.0011494252873563218,0.0011494252873563218,0.0022988505747126436,0.0011494252873563218,0.0022988505747126436,0.0011494252873563218,0.0011494252873563218,0.0022988505747126436,0.0011494252873563218,0.0011494252873563218,0.0011494252873563218,0.0022988505747126436,0.0011494252873563218,0.0034482758620689655,0.0034482758620689655,0.0022988505747126436,0.0011494252873563218,0.0011494252873563218,0.0011494252873563218,0.0011494252873563218,0.0011494252873563218,0.0011494252873563218,0.0011494252873563218,0.004597701149425287,0.0011494252873563218,0.0011494252873563218,0.0011494252873563218,0.0011494252873563218,0.0022988505747126436,0.0011494252873563218,0.0011494252873563218,0.0011494252873563218,0.0034482758620689655,0.0011494252873563218,0.0011494252873563218,0.0011494252873563218,0.0011494252873563218,0.0022988505747126436,0.0011494252873563218,0.0022988505747126436,0.0022988505747126436,0.0022988505747126436,0.0011494252873563218,0.0011494252873563218,0.0011494252873563218,0.0011494252873563218,0.0022988505747126436,0.0011494252873563218,0.0034482758620689655,0.0034482758620689655,0.0011494252873563218,0.004597701149425287,0.0011494252873563218,0.0011494252873563218,0.0022988505747126436,0.0022988505747126436,0.0011494252873563218,0.0011494252873563218,0.0011494252873563218,0.0022988505747126436,0.0011494252873563218,0.0022988505747126436,0.0022988505747126436,0.0011494252873563218,0.0011494252873563218,0.0011494252873563218,0.0011494252873563218,0.0011494252873563218,0.0011494252873563218,0.0011494252873563218,0.0011494252873563218,0.0011494252873563218,0.0011494252873563218,0.0011494252873563218,0.0011494252873563218,0.0022988505747126436,0.0011494252873563218,0.0011494252873563218,0.0011494252873563218,0.0011494252873563218,0.0011494252873563218,0.0011494252873563218,0.0011494252873563218,0.0011494252873563218,0.0011494252873563218,0.0011494252873563218,0.0011494252873563218,0.0022988505747126436,0.0011494252873563218,0.0011494252873563218,0.0011494252873563218,0.0011494252873563218,0.0011494252873563218,0.0022988505747126436,0.0011494252873563218,0.0022988505747126436,0.0011494252873563218,0.0011494252873563218,0.0011494252873563218,0.0034482758620689655,0.0011494252873563218,0.0011494252873563218,0.0011494252873563218,0.0011494252873563218,0.0011494252873563218,0.0011494252873563218,0.0011494252873563218,0.0011494252873563218,0.0011494252873563218,0.0011494252873563218,0.0011494252873563218,0.0011494252873563218,0.0034482758620689655,0.0011494252873563218,0.0022988505747126436,0.0011494252873563218,0.0011494252873563218,0.0011494252873563218,0.0011494252873563218,0.0011494252873563218,0.0011494252873563218,0.0011494252873563218,0.0011494252873563218,0.0011494252873563218,0.0011494252873563218,0.0011494252873563218,0.0011494252873563218,0.0011494252873563218,0.0011494252873563218,0.0011494252873563218,0.0011494252873563218,0.0011494252873563218,0.0011494252873563218,0.0,0.0,0.0,0.0,0.0,0.0,0.0,0.0,0.0,0.0,0.0,0.0,0.0,0.0,0.0,0.0,0.0,0.0,0.0,0.0,0.0,0.0,0.0,0.0,0.0,0.0,0.0,0.0,0.0,0.0,0.0,0.0,0.0,0.0,0.0,0.0,0.0,0.0,0.0,0.0,0.0,0.0,0.0,0.0,0.0,0.0,0.0,0.0,0.0,0.0,0.0,0.0,0.0,0.0,0.0,0.0,0.0,0.0,0.0,0.0,0.0,0.0,0.0,0.0,0.0,0.0,0.0,0.0,0.0,0.0,0.0,0.0,0.0,0.0,0.0,0.0,0.0,0.0,0.0,0.0,0.0,0.0,0.0,0.0,0.0,0.0,0.0,0.0,0.0,0.0,0.0,0.0,0.0,0.0,0.0,0.0,0.0,0.0,0.0,0.0,0.0,0.0,0.0,0.0,0.0,0.0,0.0,0.0,0.0,0.0,0.0,0.0,0.0,0.0,0.0,0.0,0.0,0.0,0.0,0.0,0.0,0.0,0.0,0.0,0.0,0.0,0.0,0.0,0.0,0.0,0.0,0.0,0.0,0.0,0.0,0.0,0.0,0.0,0.0,0.0,0.0,0.0,0.0,0.0,0.0,0.0,0.0,0.0,0.0,0.0,0.0,0.0,0.37192997077450024,0.0,0.0,0.0,0.0,0.0,0.0,0.0,0.0,0.0,0.0,0.0,0.0,0.0,0.0,0.0,0.0,0.0,0.0,0.0,0.0,0.0,0.0,0.0,0.0,0.0,0.0,0.0,0.0,0.0,0.0,0.0,0.0,0.0,0.0,0.0,0.0,0.0,0.0,0.0,0.0,0.0,0.0,0.0,0.0,0.0,0.0,0.0,0.0,0.0,0.0,0.0,0.0,0.0,0.0,0.0,0.0,0.0,0.0,0.0,0.0,0.0,0.0,0.0,0.0,0.0,0.0,0.0,0.0,0.0,0.0,0.0,0.0,0.0,0.0,0.0,0.0,0.0,0.0,0.0,0.0,0.0,0.0,0.0,0.0,0.0,0.0,0.0,0.0,0.0,0.0,0.0,0.0,0.0,0.0,0.0,0.0,0.0,0.0,0.0,0.0,0.0,0.0,0.0,0.0,0.0,0.0,0.0,0.0,0.0,0.0,0.0,0.0,0.0,0.0,0.0,0.0,0.0,0.0,0.0,0.0,0.0,0.0,0.0,0.0,0.0,0.0,0.0,0.0,0.0,0.0,0.0,0.0,0.0,0.0,0.0,0.0,0.0,0.0,0.0,0.0,0.0,0.0,0.0,0.0,0.0,0.0,0.0,0.0,0.0,0.0,0.0,0.0,0.0,0.0,0.0,0.0,0.0,0.0,0.0,0.0,0.0,0.0,0.0,0.0,0.0,0.0,0.0,0.0,0.0,0.0,0.0,0.0,0.0,0.0,0.0,0.0,0.0,0.0,0.0,0.0,0.0,0.0,0.0,0.0,0.0,0.0,0.0,0.0,0.0,0.0,0.0,0.0,0.0,0.0,0.0,0.0,0.0,0.0,0.4694127896787577,0.0,0.0,0.0,0.0,0.0,0.0,0.0,0.0,0.0,0.0,0.0,0.0,0.0,0.0,0.0,0.0,0.0,0.0,0.0,0.0,0.0,0.0,0.0,0.0,0.0,0.0,0.0,0.0,0.0,0.0,0.0,0.0,0.0,0.0,0.0,0.0,0.0,0.0,0.0,0.4479095840654657,0.0,0.0,0.0,0.0,0.0,0.0,0.0,0.0,0.0,0.0,0.0,0.0,0.0,0.0,0.0,0.0,0.0,0.0,0.0,0.0,0.0,0.0,0.0,0.0,0.0,0.0,0.0,0.0,0.0,0.0,0.0,0.0,0.0,0.0,0.0,0.0,0.0,0.0,0.0,0.0,0.0,0.0,0.0,0.0,0.0,0.0,0.0,0.0,0.0,0.0,0.0,0.0,0.0,0.0,0.0,0.0,0.0,0.0,0.0,0.0,0.0,0.0,0.0,0.0,0.0,0.0,0.0,0.0,0.0,0.4694127896787577,0.0,0.0,0.0,0.0,0.0,0.0,0.0,0.0,0.0,0.0,0.0,0.0,0.0,0.0,0.0,0.0,0.0,0.0,0.0,0.0,0.0,0.0,0.0,0.0,0.0,0.0,0.0,0.0,0.0,0.0,0.0,0.0,0.0,0.0,0.0,0.0,0.0,0.0,0.0,0.0,0.0,0.0,0.0,0.0,0.0,0.0,0.0,0.0,0.0,0.0,0.0,0.0,0.0,0.0,0.0,0.0,0.0,0.0,0.0,0.0,0.0,0.0,0.0,0.0,0.0,0.0,0.0,0.0,0.0,0.0,0.0,0.0,0.0,0.0,0.0,0.0,0.0,0.0,0.0,0.0,0.0,0.0,0.0,0.0,0.0,0.0,0.0,0.0,0.0,0.0,0.0,0.0,0.0,0.0,0.0,0.0,0.0,0.0,0.0,0.4694127896787577,0.0,0.0,0.0,0.0,0.0,0.0,0.0,0.0,0.0,0.0,0.0,0.0,0.0,0.0,0.0,0.0,0.0,0.0,0.0,0.0,0.0,0.0,0.0,0.0,0.0,0.0,0.0,0.0,0.0,0.0,0.0,0.0,0.0,0.0,0.0,0.0,0.0,0.0,0.0,0.0,0.0,0.0,0.0,0.0,0.0,0.0,0.0,0.0,0.0,0.0,0.0,0.0,0.0,0.0,0.0,0.0,0.0,0.0,0.0,0.0,0.0,0.0,0.0,0.0,0.0,0.0,0.0,0.0,0.0,0.0,0.0,0.0,0.0,0.0,0.0,0.0,0.0,0.0,0.0,0.0,0.0,0.0,0.0,0.0,0.0,0.0,0.0,0.0,0.0,0.0,0.0,0.0,0.0,0.0,0.0,0.0,0.0,0.0,0.0,0.0,0.0,0.0,0.0,0.0,0.0,0.0,0.0,0.0,0.0,0.0,0.0,0.0,0.0,0.0,0.0,0.0,0.0,0.0,0.0,0.0,0.0,0.0,0.0,0.0,0.0,0.0,0.0,0.0,0.0,0.0,0.0,0.0,0.0,0.0,0.0,0.0,0.0,0.0,0.0,0.0,0.0,0.0,0.0,0.0,0.0,0.0,0.0,0.0,0.0,0.0,0.0,0.0,0.0,0.0,0.0,0.0,0.0,0.0,0.0,0.0,0.0,0.0,0.0,0.0,0.0
SD2401268,20대,음 근데 우리집이 꼭대기 층이라 그런지 좀 괜찮은 거 같은데. 층간 소음은 없는데 벽간 소음이 쪼금 있는 거 같아. 방이 그 방음이 잘 안 돼서 옆 문 그 첫 입구 문에만 서도 옆의 방이 뭐 유튜브 뭐 듣고 있는지 무슨 대화하고 있는지가 너무 잘 들려서 쪼끔 부담스럽긴 해. 근데 위에는 아무도 사람이 안 사니까 내가 살기에는 어 소음이 없어서 되게 좋은 거 같아. 그거 말고도 본가 살 때는 위층이 아빠 지인이 살았었는데 그래서 막 소음이 나도 뭐라 하기가 좀 그랬던 경험이 있어. 너는 지금 몇 층 정도에 살아? 층간 소음은 없어? 음 그 학 학교 들어오고 나서부터 2년 동안 여기 살고 올해 새로 계약해서 똑같은 데 연장해서 거기서 살고 있어. 아마 내년에는 교환 학생을 가서 없으니까 오빠가 혼자 살 거 같아 지금 같이 살고 있으니까. 그리고 사실 나는 올해 딱 계약 연장할 때쯤에 새로 구해서 따로따로 살고 싶었는데 아무래도 서울 뭐 월세가 비싸다 보니까 그냥 한집에서 해서 전세로 사는 게 낫겠다 싶어서 같이 살고 있는데. 어 아무래도 생활 패턴이나 그런 집안일 하는 거가 좀 안 맞아서 좀 그게 제일 힘들어서 따로 살고 싶었던 거 같아. 뭐 혼자 늦게 자고 그런 건 상관없는데 오빠가 게임을 하니까 늦게까지 게임하는 소리 계속 들려 오 들려 오고 하니까 나 자는 데 방에 돼서 그랬던 거 같아. 너는 그런 적은 없어? 어 중3 때까지 1곳에서 살았고 그 주 중3 이후에 약간 신도시 분양 그런 청약 담 당첨 돼 가지고 1번 이사를 갔었어. 근데 그 중3 때까지 계속 같은 지역에 살다 보니까 거기 유치원 초등학교 중학교 나오고 고등학교도 그쪽을 가려고 했는데 이사를 가게 돼서 혼자 떨어진 곳을 가니까 친구들이랑도 멀어지고 그러 그 뭐 원래 놀던 데에서도 못 놀고 이런 게 쪼끔 아쉽고 힘들긴 하더라고. 근데 집이 넓어서 되게 좋았던 거 같아. 나는 이사를 많이 안 해 봐서 막 해 보고 싶었다 이런 게 좀 컸었는데 주변에 이사 많이 다니는 사람은 안 그렇더라고. 이사를 그만 다니고 싶다 그러더라. 혹시 너도 그런 편이야? 음 나는 이사 간 다음에 우 이 이사 간 아파트 앞에 막 전원주택 같은 게 있는 거야. 그래서 나중에 이 또 이사를 가게 된다면은 저런 데에서 살고 싶다. 저런 데에서 마당에서 막 식물 키우고 동물 키우고 막 나만의 정원을 가꾸면서 2층 바 다락방에서 살고 싶다 막 이런 생각을 했었는데. 근데 막상 거기에 살면은 관리하는 게 되게 힘들어 보이더라고. 할머니 집도 그런 전원주택인데 조금만 뭘 관리를 안 해 줘도 잡초 자라고 먼지가 끼고 더러워지고 막 그런 게 많아서 관리가 힘들다고 하더라고. 근데 그럼에도 한 약간 한번쯤은 전원주택에 살고 싶다 이런 생각이 있는데. 너는 그런 어디에 살고 싶다 이런 로망 같은 게 있어? 어 전자레인지랑 냉장고 세탁기 이 이 정도는 원래 있었던 거 같고. 밥솥이랑 응 어 그 오븐 같은 거 뭐라고 하지. 그 아 에어프라이어는 사 왔고. 최근에 여름 되니까 벌레가 너무 많이 생기잖아. 특히 음식물에 벌레가 많이 생기는데 그래서 버리기가 너무 힘들어서 미생물로 분해해 주는 기계 그런 게 있더라고. 오빠가 인스타그램에서 찾아와서 막 우 이거 쓰자 막 그러면서 찾아왔던 기억이 있어. 그래서 그거를 지금 살까 고민 중에 있어. 그게 음식물 쓰레기를 넣으면은 미생물들이 분해를 해서 흙으로 바로 만들어 준대. 근데 그게 하루 만에 다 만들어 주고 냄새도 안 나서 좋다고 하더라고. 너는 혹시 집안일 같은 거는 어떻게 하는 편이야? 어 가끔 아니 자주 좀 싸운 싸우진 않고 이런 거에 대해 짜증을 내는 거 같긴 한데 내 방이 쓰레기 그 분리수거 하는 데 바로 앞에 있단 말이야. 그래서 오빠는 좀 멀어서 쓰레기 같은 걸 거기 내면 그만인데 나는 내고 나서 그게 분리수거가 잘 안 되어 있거나 막 더러운 게 섞여 있거나 하면은 냄새가 바로 내 방으로 들어온단 말이야. 그거 때문에 오빠한테 뭐라 한 적도 많았던 거 같고. 약간 분담 같은 게 예전에는 막 뭐 냉장고 청소 네가 1번 하면 내가 화장실 청소 1번 하고 이런 식으로 번갈아서 하자라고 말은 했는데 어느 순간 보니까 내가 다 하고 있더라고. 그래서 그거에 대해서 쌓아 놨다가 화내기 직전에 딱 말하면은 오빠가 또 눈치는 빨라 가지고 그제서야 부랴부랴 치우고 막 이래서 어 싸우지는 않았던 거 같아. 근데 자취를 하니까 확실히 본가 살 때는 엄마가 다 해 주고 그러는데 내가 다 해야 되니까 그게 힘든 거 같긴 해. 너는 자취하고 싶다는 생각은 없어? 아 나 처음에 집 들어올 때 막 냉장고랑 기본 가구에 막 여 연두색 띠가 막 둘러져 있는 거야. 기본 색깔로 막 있는 거야. 그래서 그걸 보고 아 진짜 별로다. 여기 살기 싫다 했었는데 막상 들어가 보니까 그런 거 별로 티도 안 나고 깔끔해 보이고 좋더라고. 그래서 그렇게 쓰고 있고. 뭔가 인테리어 아 그 자취하면 내 방식대로 바 집을 꾸미고 막 이렇게 써야지라는 생각은 있었는데 막상 있으니까 짐을 그 넣을 짐도 너무 많고 근데 그거에 비해 공간은 안 나오고 하니까 인테리어라고 할 것도 없이 그냥 짐을 넣어 놓은 거 같아. 내 방이 너무 작아서 옷장 같은 게 들어갈 공간이 안 나서 거실에다가 행거 설치해서 바로 옷 놓아두고. 그래서 뭔가 꾸미기도 애매하고 그랬던 거 같아. 너는 집 인테리어 어떤 편이야? 서울에서 살 수 있으면 좋을 거 같은데. 왜냐하면 여가 생활 같은 것도 훨씬 더 많이 할 수 있고 이제 거의 내 친구들이나 생활 반경이 서울에 중심에 맞춰져 있다 보니까 서울에서 생활하는 게 편하긴 한데 가끔씩 여기가 사람이 너무 많아서 내려가고 싶다라는 생각이 들긴 해. 근데 직장을 얻고 뭔가 더 발전을 하려면은 서울에서 사는 게 맞는 거 같아. 나는 그 본가 살 때는 지하에 헬스장이 있어서 그거를 썼단 말이야. 근데 자취를 하니까 그런 여가 시설 시 그 아무튼 시설들이 없어서 막 주변에서 주변 다른 헬스장을 등록해 놨단 말이야. 근데 너는 지금 어쨌든 본가에 살잖아. 큰 아파트에 사는데 그러면 거기에 막 여가 시설 같은 게 와 잘 마련되어 있어?,0.005747126436781609,0.017241379310344827,0.004597701149425287,0.0,0.005747126436781609,0.0034482758620689655,0.005747126436781609,0.008045977011494253,0.01839080459770115,0.029885057471264367,0.004597701149425287,0.027586206896551724,0.0,0.008045977011494253,0.0022988505747126436,0.0,0.0034482758620689655,0.0011494252873563218,0.03218390804597701,0.013793103448275862,0.0,0.0,0.0,0.0022988505747126436,0.0,0.004597701149425287,0.021839080459770115,0.0,0.0034482758620689655,0.0034482758620689655,0.04367816091954023,0.0,0.006896551724137931,0.0,0.004597701149425287,0.009195402298850575,0.0,0.0,0.011494252873563218,0.0011494252873563218,0.0,0.0022988505747126436,0.0,0.0,0.034482758620689655,0.004597701149425287,0.013793103448275862,0.0022988505747126436,0.004597701149425287,0.0367816091954023,0.009195402298850575,0.0011494252873563218,0.0,0.0022988505747126436,0.0,0.0011494252873563218,0.0011494252873563218,0.0022988505747126436,0.0,0.006896551724137931,0.0,0.0,0.0,0.0011494252873563218,0.006896551724137931,0.0022988505747126436,0.0022988505747126436,0.0011494252873563218,0.0011494252873563218,0.0,0.0,0.0,0.0022988505747126436,0.0,0.0,0.005747126436781609,0.0022988505747126436,0.0,0.006896551724137931,0.010344827586206896,0.0011494252873563218,0.0,0.0,0.0,0.0,0.004597701149425287,0.0034482758620689655,0.0,0.0022988505747126436,0.004597701149425287,0.0,0.0022988505747126436,0.0,0.0011494252873563218,0.0,0.0011494252873563218,0.0011494252873563218,0.0011494252873563218,0.0,0.0022988505747126436,0.004597701149425287,0.0011494252873563218,0.0,0.0,0.0,0.0,0.01264367816091954,0.009195402298850575,0.0,0.0011494252873563218,0.0011494252873563218,0.0022988505747126436,0.0011494252873563218,0.0,0.0,0.0011494252873563218,0.0,0.0,0.0011494252873563218,0.011494252873563218,0.0,0.005747126436781609,0.0011494252873563218,0.0,0.0022988505747126436,0.0011494252873563218,0.0011494252873563218,0.0,0.0022988505747126436,0.0,0.0,0.0,0.0,0.0034482758620689655,0.0,0.0,0.01839080459770115,0.0022988505747126436,0.0,0.0,0.0022988505747126436,0.0022988505747126436,0.0022988505747126436,0.0,0.0,0.005747126436781609,0.0011494252873563218,0.0,0.008045977011494253,0.0022988505747126436,0.0011494252873563218,0.005747126436781609,0.0011494252873563218,0.0,0.0,0.0011494252873563218,0.0,0.0011494252873563218,0.006896551724137931,0.0011494252873563218,0.0,0.0034482758620689655,0.0,0.0,0.0,0.004597701149425287,0.0011494252873563218,0.0011494252873563218,0.0,0.0,0.0011494252873563218,0.0,0.0,0.0,0.006896551724137931,0.0,0.0,0.0,0.0,0.0,0.0011494252873563218,0.0,0.0034482758620689655,0.0022988505747126436,0.0,0.0022988505747126436,0.0,0.0022988505747126436,0.0022988505747126436,0.0,0.0,0.0,0.0022988505747126436,0.0,0.0,0.0011494252873563218,0.0,0.0,0.0,0.0,0.0034482758620689655,0.0,0.004597701149425287,0.0,0.0,0.0,0.0,0.0,0.0,0.0011494252873563218,0.0,0.0,0.0,0.0,0.0011494252873563218,0.0,0.0011494252873563218,0.0,0.0011494252873563218,0.0,0.0022988505747126436,0.0,0.0011494252873563218,0.0022988505747126436,0.0,0.0,0.005747126436781609,0.0,0.0022988505747126436,0.0,0.0,0.0,0.0,0.0,0.0,0.0,0.0,0.0,0.0022988505747126436,0.0,0.0,0.0,0.004597701149425287,0.0,0.0,0.0,0.0,0.0,0.0,0.0,0.0,0.0,0.0,0.0,0.0,0.0,0.006896551724137931,0.0034482758620689655,0.0011494252873563218,0.0011494252873563218,0.0011494252873563218,0.0011494252873563218,0.0022988505747126436,0.0022988505747126436,0.0011494252873563218,0.0011494252873563218,0.0011494252873563218,0.0011494252873563218,0.0011494252873563218,0.0011494252873563218,0.0034482758620689655,0.0011494252873563218,0.005747126436781609,0.0011494252873563218,0.0011494252873563218,0.0011494252873563218,0.0022988505747126436,0.0022988505747126436,0.0011494252873563218,0.0022988505747126436,0.0011494252873563218,0.0011494252873563218,0.0011494252873563218,0.0011494252873563218,0.0022988505747126436,0.0011494252873563218,0.0011494252873563218,0.0011494252873563218,0.0022988505747126436,0.0011494252873563218,0.0011494252873563218,0.0011494252873563218,0.0011494252873563218,0.0011494252873563218,0.0011494252873563218,0.0011494252873563218,0.0011494252873563218,0.0022988505747126436,0.0022988505747126436,0.0011494252873563218,0.0011494252873563218,0.0011494252873563218,0.0022988505747126436,0.0011494252873563218,0.0011494252873563218,0.0034482758620689655,0.0011494252873563218,0.0011494252873563218,0.0011494252873563218,0.0011494252873563218,0.0011494252873563218,0.0011494252873563218,0.0011494252873563218,0.0022988505747126436,0.0011494252873563218,0.0022988505747126436,0.0022988505747126436,0.0011494252873563218,0.0011494252873563218,0.0034482758620689655,0.0011494252873563218,0.0011494252873563218,0.0022988505747126436,0.0011494252873563218,0.0022988505747126436,0.0011494252873563218,0.0011494252873563218,0.0022988505747126436,0.0011494252873563218,0.0011494252873563218,0.0011494252873563218,0.0022988505747126436,0.0011494252873563218,0.0034482758620689655,0.0034482758620689655,0.0022988505747126436,0.0011494252873563218,0.0011494252873563218,0.0011494252873563218,0.0011494252873563218,0.0011494252873563218,0.0011494252873563218,0.0011494252873563218,0.004597701149425287,0.0011494252873563218,0.0011494252873563218,0.0011494252873563218,0.0011494252873563218,0.0022988505747126436,0.0011494252873563218,0.0011494252873563218,0.0011494252873563218,0.0034482758620689655,0.0011494252873563218,0.0011494252873563218,0.0011494252873563218,0.0011494252873563218,0.0022988505747126436,0.0011494252873563218,0.0022988505747126436,0.0022988505747126436,0.0022988505747126436,0.0011494252873563218,0.0011494252873563218,0.0011494252873563218,0.0011494252873563218,0.0022988505747126436,0.0011494252873563218,0.0034482758620689655,0.0034482758620689655,0.0011494252873563218,0.004597701149425287,0.0011494252873563218,0.0011494252873563218,0.0022988505747126436,0.0022988505747126436,0.0011494252873563218,0.0011494252873563218,0.0011494252873563218,0.0022988505747126436,0.0011494252873563218,0.0022988505747126436,0.0022988505747126436,0.0011494252873563218,0.0011494252873563218,0.0011494252873563218,0.0011494252873563218,0.0011494252873563218,0.0011494252873563218,0.0011494252873563218,0.0011494252873563218,0.0011494252873563218,0.0011494252873563218,0.0011494252873563218,0.0011494252873563218,0.0022988505747126436,0.0011494252873563218,0.0011494252873563218,0.0011494252873563218,0.0011494252873563218,0.0011494252873563218,0.0011494252873563218,0.0011494252873563218,0.0011494252873563218,0.0011494252873563218,0.0011494252873563218,0.0011494252873563218,0.0022988505747126436,0.0011494252873563218,0.0011494252873563218,0.0011494252873563218,0.0011494252873563218,0.0011494252873563218,0.0022988505747126436,0.0011494252873563218,0.0022988505747126436,0.0011494252873563218,0.0011494252873563218,0.0011494252873563218,0.0034482758620689655,0.0011494252873563218,0.0011494252873563218,0.0011494252873563218,0.0011494252873563218,0.0011494252873563218,0.0011494252873563218,0.0011494252873563218,0.0011494252873563218,0.0011494252873563218,0.0011494252873563218,0.0011494252873563218,0.0011494252873563218,0.0034482758620689655,0.0011494252873563218,0.0022988505747126436,0.0011494252873563218,0.0011494252873563218,0.0011494252873563218,0.0011494252873563218,0.0011494252873563218,0.0011494252873563218,0.0011494252873563218,0.0011494252873563218,0.0011494252873563218,0.0011494252873563218,0.0011494252873563218,0.0011494252873563218,0.0011494252873563218,0.0011494252873563218,0.0011494252873563218,0.0011494252873563218,0.0011494252873563218,0.0011494252873563218,0.0,0.0,0.0,0.0,0.0,0.0,0.0,0.0,0.0,0.0,0.0,0.0,0.0,0.0,0.0,0.0,0.0,0.3389256649624873,0.0,0.0,0.0,0.0,0.0,0.0,0.0,0.0,0.0,0.0,0.0,0.0,0.0,0.0,0.0,0.0,0.0,0.0,0.0,0.0,0.0,0.0,0.0,0.0,0.0,0.0,0.0,0.0,0.0,0.0,0.0,0.0,0.0,0.0,0.0,0.23508908592859604,0.0,0.0,0.0,0.0,0.0,0.0,0.0,0.0,0.0,0.0,0.0,0.0,0.0,0.0,0.0,0.0,0.0,0.0,0.0,0.0,0.0,0.0,0.0,0.0,0.0,0.0,0.0,0.0,0.0,0.0,0.0,0.0,0.0,0.0,0.0,0.0,0.0,0.0,0.0,0.0,0.0,0.0,0.0,0.0,0.0,0.0,0.0,0.0,0.0,0.0,0.0,0.0,0.0,0.0,0.0,0.0,0.0,0.0,0.0,0.0,0.0,0.0,0.0,0.0,0.3142286965744621,0.0,0.0,0.0,0.0,0.0,0.0,0.0,0.0,0.0,0.0,0.0,0.0,0.0,0.0,0.0,0.0,0.0,0.0,0.0,0.0,0.0,0.0,0.0,0.0,0.0,0.0,0.0,0.0,0.0,0.0,0.0,0.0,0.3389256649624873,0.0,0.0,0.0,0.0,0.0,0.0,0.0,0.0,0.0,0.0,0.0,0.0,0.0,0.0,0.0,0.0,0.0,0.0,0.0,0.0,0.0,0.0,0.0,0.0,0.0,0.0,0.0,0.0,0.0,0.0,0.0,0.0,0.0,0.0,0.0,0.0,0.0,0.0,0.0,0.0,0.0,0.0,0.0,0.0,0.0,0.0,0.0,0.0,0.0,0.0,0.0,0.0,0.0,0.0,0.0,0.0,0.0,0.0,0.0,0.0,0.0,0.0,0.0,0.3389256649624873,0.0,0.0,0.0,0.0,0.0,0.0,0.0,0.0,0.3389256649624873,0.0,0.0,0.0,0.0,0.0,0.0,0.0,0.0,0.0,0.0,0.0,0.0,0.0,0.0,0.0,0.0,0.0,0.3389256649624873,0.0,0.0,0.0,0.0,0.0,0.0,0.0,0.0,0.0,0.0,0.0,0.0,0.0,0.0,0.0,0.0,0.0,0.0,0.0,0.0,0.0,0.0,0.0,0.0,0.0,0.0,0.0,0.0,0.0,0.0,0.0,0.0,0.0,0.0,0.0,0.0,0.0,0.0,0.0,0.0,0.0,0.0,0.0,0.0,0.0,0.0,0.0,0.0,0.0,0.0,0.0,0.0,0.0,0.0,0.0,0.0,0.0,0.0,0.0,0.0,0.0,0.0,0.0,0.0,0.0,0.0,0.0,0.0,0.0,0.0,0.0,0.0,0.0,0.0,0.0,0.0,0.0,0.0,0.0,0.0,0.0,0.0,0.0,0.0,0.0,0.0,0.0,0.0,0.0,0.0,0.0,0.0,0.0,0.0,0.0,0.0,0.0,0.0,0.0,0.0,0.0,0.0,0.0,0.0,0.0,0.0,0.0,0.0,0.0,0.0,0.0,0.0,0.0,0.0,0.0,0.0,0.0,0.0,0.0,0.0,0.0,0.0,0.0,0.0,0.0,0.0,0.0,0.0,0.0,0.0,0.0,0.0,0.0,0.0,0.0,0.0,0.0,0.0,0.0,0.0,0.0,0.0,0.0,0.0,0.0,0.0,0.0,0.0,0.0,0.0,0.0,0.0,0.0,0.0,0.0,0.0,0.0,0.0,0.0,0.0,0.0,0.0,0.0,0.0,0.0,0.0,0.0,0.0,0.0,0.0,0.0,0.0,0.0,0.0,0.0,0.0,0.0,0.0,0.0,0.0,0.0,0.0,0.0,0.0,0.0,0.0,0.0,0.0,0.0,0.0,0.0,0.0,0.0,0.0,0.0,0.0,0.0,0.0,0.0,0.0,0.0,0.0,0.0,0.0,0.0,0.0,0.0,0.0,0.0,0.0,0.0,0.0,0.0,0.0,0.0,0.0,0.0,0.0,0.0,0.0,0.0,0.0,0.0,0.0,0.0,0.0,0.0,0.3389256649624873,0.0,0.0,0.0,0.0,0.0,0.0,0.0,0.0,0.0,0.0,0.0,0.0,0.0,0.0,0.0,0.0,0.0,0.0,0.0,0.0,0.0,0.0,0.0,0.0,0.0,0.0,0.0,0.0,0.0,0.0,0.0,0.0,0.0,0.0,0.0,0.0,0.0,0.0,0.0,0.0,0.0,0.0,0.0,0.0,0.0,0.0,0.0,0.0,0.0,0.0,0.0,0.0,0.0,0.0,0.0,0.0,0.0,0.0,0.0,0.0,0.0,0.0,0.0,0.0,0.0,0.0,0.0,0.0,0.2408944498196278,0.0,0.0,0.0,0.0,0.0,0.0,0.0,0.0,0.0,0.0,0.0,0.0,0.0,0.0,0.0,0.0,0.0,0.0,0.0,0.0,0.0,0.0,0.0,0.0,0.0,0.0,0.0,0.0,0.0,0.0,0.0,0.0,0.0,0.0,0.0,0.0,0.0,0.0,0.0,0.0,0.0,0.0,0.0,0.0,0.0,0.0,0.0,0.0,0.0,0.0,0.0,0.0,0.0,0.0,0.0,0.0,0.0,0.0,0.0,0.0,0.0,0.0,0.0,0.0,0.0,0.0,0.0,0.0,0.0,0.0,0.0,0.0,0.0,0.0,0.0,0.0,0.0,0.0,0.0,0.0,0.0,0.0,0.0,0.0,0.0,0.0,0.0,0.0,0.0,0.0,0.0,0.0,0.0,0.0,0.0,0.0,0.0,0.0,0.0,0.0,0.0,0.0,0.0,0.3142286965744621,0.0,0.0,0.0,0.0,0.0,0.0,0.0,0.0,0.0,0.0,0.0,0.0,0.0,0.0,0.0,0.0,0.0,0.0,0.0,0.0,0.0,0.0,0.0,0.0,0.0,0.0,0.0,0.0,0.0,0.0,0.0,0.0,0.0,0.0,0.0,0.0,0.0,0.0,0.0,0.0,0.0,0.0,0.0,0.0,0.0,0.0,0.0,0.0,0.0,0.0,0.0,0.0,0.0,0.0,0.0,0.0,0.0,0.0,0.0,0.0,0.0,0.0,0.0,0.0,0.0,0.0,0.0,0.0,0.0,0.0,0.0,0.0,0.0,0.0,0.0,0.0,0.0,0.0,0.0,0.0,0.0,0.0,0.0
SD2401268,20대,음 근데 우리집이 꼭대기 층이라 그런지 좀 괜찮은 거 같은데. 층간 소음은 없는데 벽간 소음이 쪼금 있는 거 같아. 방이 그 방음이 잘 안 돼서 옆 문 그 첫 입구 문에만 서도 옆의 방이 뭐 유튜브 뭐 듣고 있는지 무슨 대화하고 있는지가 너무 잘 들려서 쪼끔 부담스럽긴 해. 근데 위에는 아무도 사람이 안 사니까 내가 살기에는 어 소음이 없어서 되게 좋은 거 같아. 그거 말고도 본가 살 때는 위층이 아빠 지인이 살았었는데 그래서 막 소음이 나도 뭐라 하기가 좀 그랬던 경험이 있어. 너는 지금 몇 층 정도에 살아? 층간 소음은 없어? 음 그 학 학교 들어오고 나서부터 2년 동안 여기 살고 올해 새로 계약해서 똑같은 데 연장해서 거기서 살고 있어. 아마 내년에는 교환 학생을 가서 없으니까 오빠가 혼자 살 거 같아 지금 같이 살고 있으니까. 그리고 사실 나는 올해 딱 계약 연장할 때쯤에 새로 구해서 따로따로 살고 싶었는데 아무래도 서울 뭐 월세가 비싸다 보니까 그냥 한집에서 해서 전세로 사는 게 낫겠다 싶어서 같이 살고 있는데. 어 아무래도 생활 패턴이나 그런 집안일 하는 거가 좀 안 맞아서 좀 그게 제일 힘들어서 따로 살고 싶었던 거 같아. 뭐 혼자 늦게 자고 그런 건 상관없는데 오빠가 게임을 하니까 늦게까지 게임하는 소리 계속 들려 오 들려 오고 하니까 나 자는 데 방에 돼서 그랬던 거 같아. 너는 그런 적은 없어? 어 중3 때까지 1곳에서 살았고 그 주 중3 이후에 약간 신도시 분양 그런 청약 담 당첨 돼 가지고 1번 이사를 갔었어. 근데 그 중3 때까지 계속 같은 지역에 살다 보니까 거기 유치원 초등학교 중학교 나오고 고등학교도 그쪽을 가려고 했는데 이사를 가게 돼서 혼자 떨어진 곳을 가니까 친구들이랑도 멀어지고 그러 그 뭐 원래 놀던 데에서도 못 놀고 이런 게 쪼끔 아쉽고 힘들긴 하더라고. 근데 집이 넓어서 되게 좋았던 거 같아. 나는 이사를 많이 안 해 봐서 막 해 보고 싶었다 이런 게 좀 컸었는데 주변에 이사 많이 다니는 사람은 안 그렇더라고. 이사를 그만 다니고 싶다 그러더라. 혹시 너도 그런 편이야? 음 나는 이사 간 다음에 우 이 이사 간 아파트 앞에 막 전원주택 같은 게 있는 거야. 그래서 나중에 이 또 이사를 가게 된다면은 저런 데에서 살고 싶다. 저런 데에서 마당에서 막 식물 키우고 동물 키우고 막 나만의 정원을 가꾸면서 2층 바 다락방에서 살고 싶다 막 이런 생각을 했었는데. 근데 막상 거기에 살면은 관리하는 게 되게 힘들어 보이더라고. 할머니 집도 그런 전원주택인데 조금만 뭘 관리를 안 해 줘도 잡초 자라고 먼지가 끼고 더러워지고 막 그런 게 많아서 관리가 힘들다고 하더라고. 근데 그럼에도 한 약간 한번쯤은 전원주택에 살고 싶다 이런 생각이 있는데. 너는 그런 어디에 살고 싶다 이런 로망 같은 게 있어? 어 전자레인지랑 냉장고 세탁기 이 이 정도는 원래 있었던 거 같고. 밥솥이랑 응 어 그 오븐 같은 거 뭐라고 하지. 그 아 에어프라이어는 사 왔고. 최근에 여름 되니까 벌레가 너무 많이 생기잖아. 특히 음식물에 벌레가 많이 생기는데 그래서 버리기가 너무 힘들어서 미생물로 분해해 주는 기계 그런 게 있더라고. 오빠가 인스타그램에서 찾아와서 막 우 이거 쓰자 막 그러면서 찾아왔던 기억이 있어. 그래서 그거를 지금 살까 고민 중에 있어. 그게 음식물 쓰레기를 넣으면은 미생물들이 분해를 해서 흙으로 바로 만들어 준대. 근데 그게 하루 만에 다 만들어 주고 냄새도 안 나서 좋다고 하더라고. 너는 혹시 집안일 같은 거는 어떻게 하는 편이야? 어 가끔 아니 자주 좀 싸운 싸우진 않고 이런 거에 대해 짜증을 내는 거 같긴 한데 내 방이 쓰레기 그 분리수거 하는 데 바로 앞에 있단 말이야. 그래서 오빠는 좀 멀어서 쓰레기 같은 걸 거기 내면 그만인데 나는 내고 나서 그게 분리수거가 잘 안 되어 있거나 막 더러운 게 섞여 있거나 하면은 냄새가 바로 내 방으로 들어온단 말이야. 그거 때문에 오빠한테 뭐라 한 적도 많았던 거 같고. 약간 분담 같은 게 예전에는 막 뭐 냉장고 청소 네가 1번 하면 내가 화장실 청소 1번 하고 이런 식으로 번갈아서 하자라고 말은 했는데 어느 순간 보니까 내가 다 하고 있더라고. 그래서 그거에 대해서 쌓아 놨다가 화내기 직전에 딱 말하면은 오빠가 또 눈치는 빨라 가지고 그제서야 부랴부랴 치우고 막 이래서 어 싸우지는 않았던 거 같아. 근데 자취를 하니까 확실히 본가 살 때는 엄마가 다 해 주고 그러는데 내가 다 해야 되니까 그게 힘든 거 같긴 해. 너는 자취하고 싶다는 생각은 없어? 아 나 처음에 집 들어올 때 막 냉장고랑 기본 가구에 막 여 연두색 띠가 막 둘러져 있는 거야. 기본 색깔로 막 있는 거야. 그래서 그걸 보고 아 진짜 별로다. 여기 살기 싫다 했었는데 막상 들어가 보니까 그런 거 별로 티도 안 나고 깔끔해 보이고 좋더라고. 그래서 그렇게 쓰고 있고. 뭔가 인테리어 아 그 자취하면 내 방식대로 바 집을 꾸미고 막 이렇게 써야지라는 생각은 있었는데 막상 있으니까 짐을 그 넣을 짐도 너무 많고 근데 그거에 비해 공간은 안 나오고 하니까 인테리어라고 할 것도 없이 그냥 짐을 넣어 놓은 거 같아. 내 방이 너무 작아서 옷장 같은 게 들어갈 공간이 안 나서 거실에다가 행거 설치해서 바로 옷 놓아두고. 그래서 뭔가 꾸미기도 애매하고 그랬던 거 같아. 너는 집 인테리어 어떤 편이야? 서울에서 살 수 있으면 좋을 거 같은데. 왜냐하면 여가 생활 같은 것도 훨씬 더 많이 할 수 있고 이제 거의 내 친구들이나 생활 반경이 서울에 중심에 맞춰져 있다 보니까 서울에서 생활하는 게 편하긴 한데 가끔씩 여기가 사람이 너무 많아서 내려가고 싶다라는 생각이 들긴 해. 근데 직장을 얻고 뭔가 더 발전을 하려면은 서울에서 사는 게 맞는 거 같아. 나는 그 본가 살 때는 지하에 헬스장이 있어서 그거를 썼단 말이야. 근데 자취를 하니까 그런 여가 시설 시 그 아무튼 시설들이 없어서 막 주변에서 주변 다른 헬스장을 등록해 놨단 말이야. 근데 너는 지금 어쨌든 본가에 살잖아. 큰 아파트에 사는데 그러면 거기에 막 여가 시설 같은 게 와 잘 마련되어 있어?,0.005747126436781609,0.017241379310344827,0.004597701149425287,0.0,0.005747126436781609,0.0034482758620689655,0.005747126436781609,0.008045977011494253,0.01839080459770115,0.029885057471264367,0.004597701149425287,0.027586206896551724,0.0,0.008045977011494253,0.0022988505747126436,0.0,0.0034482758620689655,0.0011494252873563218,0.03218390804597701,0.013793103448275862,0.0,0.0,0.0,0.0022988505747126436,0.0,0.004597701149425287,0.021839080459770115,0.0,0.0034482758620689655,0.0034482758620689655,0.04367816091954023,0.0,0.006896551724137931,0.0,0.004597701149425287,0.009195402298850575,0.0,0.0,0.011494252873563218,0.0011494252873563218,0.0,0.0022988505747126436,0.0,0.0,0.034482758620689655,0.004597701149425287,0.013793103448275862,0.0022988505747126436,0.004597701149425287,0.0367816091954023,0.009195402298850575,0.0011494252873563218,0.0,0.0022988505747126436,0.0,0.0011494252873563218,0.0011494252873563218,0.0022988505747126436,0.0,0.006896551724137931,0.0,0.0,0.0,0.0011494252873563218,0.006896551724137931,0.0022988505747126436,0.0022988505747126436,0.0011494252873563218,0.0011494252873563218,0.0,0.0,0.0,0.0022988505747126436,0.0,0.0,0.005747126436781609,0.0022988505747126436,0.0,0.006896551724137931,0.010344827586206896,0.0011494252873563218,0.0,0.0,0.0,0.0,0.004597701149425287,0.0034482758620689655,0.0,0.0022988505747126436,0.004597701149425287,0.0,0.0022988505747126436,0.0,0.0011494252873563218,0.0,0.0011494252873563218,0.0011494252873563218,0.0011494252873563218,0.0,0.0022988505747126436,0.004597701149425287,0.0011494252873563218,0.0,0.0,0.0,0.0,0.01264367816091954,0.009195402298850575,0.0,0.0011494252873563218,0.0011494252873563218,0.0022988505747126436,0.0011494252873563218,0.0,0.0,0.0011494252873563218,0.0,0.0,0.0011494252873563218,0.011494252873563218,0.0,0.005747126436781609,0.0011494252873563218,0.0,0.0022988505747126436,0.0011494252873563218,0.0011494252873563218,0.0,0.0022988505747126436,0.0,0.0,0.0,0.0,0.0034482758620689655,0.0,0.0,0.01839080459770115,0.0022988505747126436,0.0,0.0,0.0022988505747126436,0.0022988505747126436,0.0022988505747126436,0.0,0.0,0.005747126436781609,0.0011494252873563218,0.0,0.008045977011494253,0.0022988505747126436,0.0011494252873563218,0.005747126436781609,0.0011494252873563218,0.0,0.0,0.0011494252873563218,0.0,0.0011494252873563218,0.006896551724137931,0.0011494252873563218,0.0,0.0034482758620689655,0.0,0.0,0.0,0.004597701149425287,0.0011494252873563218,0.0011494252873563218,0.0,0.0,0.0011494252873563218,0.0,0.0,0.0,0.006896551724137931,0.0,0.0,0.0,0.0,0.0,0.0011494252873563218,0.0,0.0034482758620689655,0.0022988505747126436,0.0,0.0022988505747126436,0.0,0.0022988505747126436,0.0022988505747126436,0.0,0.0,0.0,0.0022988505747126436,0.0,0.0,0.0011494252873563218,0.0,0.0,0.0,0.0,0.0034482758620689655,0.0,0.004597701149425287,0.0,0.0,0.0,0.0,0.0,0.0,0.0011494252873563218,0.0,0.0,0.0,0.0,0.0011494252873563218,0.0,0.0011494252873563218,0.0,0.0011494252873563218,0.0,0.0022988505747126436,0.0,0.0011494252873563218,0.0022988505747126436,0.0,0.0,0.005747126436781609,0.0,0.0022988505747126436,0.0,0.0,0.0,0.0,0.0,0.0,0.0,0.0,0.0,0.0022988505747126436,0.0,0.0,0.0,0.004597701149425287,0.0,0.0,0.0,0.0,0.0,0.0,0.0,0.0,0.0,0.0,0.0,0.0,0.0,0.006896551724137931,0.0034482758620689655,0.0011494252873563218,0.0011494252873563218,0.0011494252873563218,0.0011494252873563218,0.0022988505747126436,0.0022988505747126436,0.0011494252873563218,0.0011494252873563218,0.0011494252873563218,0.0011494252873563218,0.0011494252873563218,0.0011494252873563218,0.0034482758620689655,0.0011494252873563218,0.005747126436781609,0.0011494252873563218,0.0011494252873563218,0.0011494252873563218,0.0022988505747126436,0.0022988505747126436,0.0011494252873563218,0.0022988505747126436,0.0011494252873563218,0.0011494252873563218,0.0011494252873563218,0.0011494252873563218,0.0022988505747126436,0.0011494252873563218,0.0011494252873563218,0.0011494252873563218,0.0022988505747126436,0.0011494252873563218,0.0011494252873563218,0.0011494252873563218,0.0011494252873563218,0.0011494252873563218,0.0011494252873563218,0.0011494252873563218,0.0011494252873563218,0.0022988505747126436,0.0022988505747126436,0.0011494252873563218,0.0011494252873563218,0.0011494252873563218,0.0022988505747126436,0.0011494252873563218,0.0011494252873563218,0.0034482758620689655,0.0011494252873563218,0.0011494252873563218,0.0011494252873563218,0.0011494252873563218,0.0011494252873563218,0.0011494252873563218,0.0011494252873563218,0.0022988505747126436,0.0011494252873563218,0.0022988505747126436,0.0022988505747126436,0.0011494252873563218,0.0011494252873563218,0.0034482758620689655,0.0011494252873563218,0.0011494252873563218,0.0022988505747126436,0.0011494252873563218,0.0022988505747126436,0.0011494252873563218,0.0011494252873563218,0.0022988505747126436,0.0011494252873563218,0.0011494252873563218,0.0011494252873563218,0.0022988505747126436,0.0011494252873563218,0.0034482758620689655,0.0034482758620689655,0.0022988505747126436,0.0011494252873563218,0.0011494252873563218,0.0011494252873563218,0.0011494252873563218,0.0011494252873563218,0.0011494252873563218,0.0011494252873563218,0.004597701149425287,0.0011494252873563218,0.0011494252873563218,0.0011494252873563218,0.0011494252873563218,0.0022988505747126436,0.0011494252873563218,0.0011494252873563218,0.0011494252873563218,0.0034482758620689655,0.0011494252873563218,0.0011494252873563218,0.0011494252873563218,0.0011494252873563218,0.0022988505747126436,0.0011494252873563218,0.0022988505747126436,0.0022988505747126436,0.0022988505747126436,0.0011494252873563218,0.0011494252873563218,0.0011494252873563218,0.0011494252873563218,0.0022988505747126436,0.0011494252873563218,0.0034482758620689655,0.0034482758620689655,0.0011494252873563218,0.004597701149425287,0.0011494252873563218,0.0011494252873563218,0.0022988505747126436,0.0022988505747126436,0.0011494252873563218,0.0011494252873563218,0.0011494252873563218,0.0022988505747126436,0.0011494252873563218,0.0022988505747126436,0.0022988505747126436,0.0011494252873563218,0.0011494252873563218,0.0011494252873563218,0.0011494252873563218,0.0011494252873563218,0.0011494252873563218,0.0011494252873563218,0.0011494252873563218,0.0011494252873563218,0.0011494252873563218,0.0011494252873563218,0.0011494252873563218,0.0022988505747126436,0.0011494252873563218,0.0011494252873563218,0.0011494252873563218,0.0011494252873563218,0.0011494252873563218,0.0011494252873563218,0.0011494252873563218,0.0011494252873563218,0.0011494252873563218,0.0011494252873563218,0.0011494252873563218,0.0022988505747126436,0.0011494252873563218,0.0011494252873563218,0.0011494252873563218,0.0011494252873563218,0.0011494252873563218,0.0022988505747126436,0.0011494252873563218,0.0022988505747126436,0.0011494252873563218,0.0011494252873563218,0.0011494252873563218,0.0034482758620689655,0.0011494252873563218,0.0011494252873563218,0.0011494252873563218,0.0011494252873563218,0.0011494252873563218,0.0011494252873563218,0.0011494252873563218,0.0011494252873563218,0.0011494252873563218,0.0011494252873563218,0.0011494252873563218,0.0011494252873563218,0.0034482758620689655,0.0011494252873563218,0.0022988505747126436,0.0011494252873563218,0.0011494252873563218,0.0011494252873563218,0.0011494252873563218,0.0011494252873563218,0.0011494252873563218,0.0011494252873563218,0.0011494252873563218,0.0011494252873563218,0.0011494252873563218,0.0011494252873563218,0.0011494252873563218,0.0011494252873563218,0.0011494252873563218,0.0011494252873563218,0.0011494252873563218,0.0011494252873563218,0.0011494252873563218,0.0,0.0,0.0,0.0,0.0,0.0,0.0,0.0,0.0,0.0,0.0,0.0,0.0,0.0,0.0,0.0,0.0,0.0,0.0,0.0,0.0,0.0,0.0,0.0,0.0,0.0,0.0,0.0,0.0,0.0,0.0,0.0,0.0,0.0,0.0,0.0,0.0,0.0,0.0,0.0,0.0,0.0,0.0,0.0,0.0,0.0,0.0,0.0,0.0,0.0,0.0,0.0,0.0,0.41116880880523743,0.0,0.0,0.0,0.0,0.0,0.0,0.0,0.0,0.0,0.0,0.0,0.0,0.0,0.0,0.0,0.0,0.0,0.0,0.0,0.0,0.0,0.0,0.0,0.0,0.0,0.0,0.0,0.0,0.0,0.0,0.0,0.0,0.0,0.0,0.0,0.0,0.0,0.0,0.0,0.0,0.0,0.0,0.0,0.0,0.0,0.0,0.0,0.0,0.0,0.0,0.0,0.0,0.0,0.0,0.0,0.0,0.0,0.0,0.0,0.0,0.0,0.0,0.0,0.0,0.5495833137153223,0.0,0.0,0.0,0.0,0.0,0.0,0.0,0.0,0.0,0.0,0.0,0.0,0.0,0.0,0.0,0.0,0.0,0.0,0.0,0.0,0.0,0.0,0.0,0.0,0.0,0.0,0.0,0.0,0.0,0.0,0.0,0.0,0.0,0.0,0.0,0.0,0.0,0.0,0.0,0.0,0.0,0.0,0.0,0.0,0.0,0.0,0.0,0.0,0.0,0.0,0.0,0.0,0.0,0.0,0.0,0.0,0.0,0.0,0.0,0.0,0.0,0.0,0.0,0.0,0.0,0.0,0.0,0.0,0.0,0.0,0.0,0.0,0.0,0.0,0.0,0.0,0.0,0.0,0.0,0.0,0.0,0.0,0.0,0.0,0.0,0.0,0.0,0.0,0.0,0.0,0.0,0.0,0.0,0.0,0.0,0.0,0.0,0.0,0.0,0.0,0.0,0.0,0.0,0.0,0.0,0.0,0.0,0.0,0.0,0.0,0.0,0.0,0.0,0.0,0.0,0.0,0.0,0.0,0.0,0.0,0.0,0.0,0.0,0.0,0.0,0.0,0.0,0.0,0.0,0.0,0.0,0.0,0.0,0.0,0.0,0.0,0.0,0.0,0.0,0.0,0.0,0.0,0.0,0.0,0.0,0.0,0.0,0.0,0.0,0.0,0.0,0.0,0.0,0.0,0.0,0.0,0.0,0.0,0.0,0.0,0.0,0.0,0.0,0.0,0.0,0.0,0.0,0.0,0.0,0.0,0.0,0.0,0.0,0.0,0.0,0.0,0.0,0.0,0.0,0.0,0.0,0.0,0.0,0.0,0.0,0.0,0.0,0.0,0.0,0.0,0.0,0.0,0.0,0.0,0.0,0.0,0.0,0.0,0.0,0.0,0.0,0.0,0.0,0.0,0.0,0.0,0.0,0.0,0.0,0.0,0.0,0.0,0.0,0.0,0.0,0.0,0.0,0.0,0.0,0.0,0.0,0.0,0.0,0.0,0.0,0.0,0.0,0.0,0.0,0.0,0.0,0.5927781010577224,0.0,0.0,0.0,0.0,0.0,0.0,0.0,0.0,0.0,0.0,0.0,0.0,0.0,0.0,0.0,0.0,0.0,0.0,0.0,0.0,0.0,0.0,0.0,0.0,0.0,0.0,0.0,0.0,0.0,0.0,0.0,0.0,0.0,0.0,0.0,0.0,0.0,0.0,0.0,0.0,0.0,0.0,0.0,0.0,0.0,0.0,0.0,0.0,0.0,0.0,0.0,0.0,0.0,0.0,0.0,0.0,0.0,0.0,0.0,0.0,0.0,0.0,0.0,0.0,0.0,0.0,0.0,0.0,0.0,0.0,0.0,0.0,0.0,0.0,0.0,0.0,0.0,0.0,0.0,0.0,0.0,0.0,0.0,0.0,0.0,0.0,0.0,0.0,0.0,0.0,0.0,0.0,0.0,0.0,0.0,0.0,0.0,0.0,0.0,0.0,0.0,0.0,0.0,0.0,0.0,0.0,0.0,0.0,0.0,0.0,0.0,0.0,0.0,0.0,0.0,0.0,0.0,0.0,0.0,0.0,0.0,0.0,0.0,0.0,0.0,0.0,0.0,0.0,0.0,0.0,0.0,0.0,0.0,0.0,0.0,0.0,0.0,0.0,0.0,0.0,0.0,0.0,0.0,0.0,0.0,0.0,0.0,0.0,0.0,0.0,0.0,0.0,0.0,0.0,0.0,0.0,0.0,0.0,0.0,0.0,0.0,0.0,0.0,0.0,0.0,0.0,0.0,0.0,0.0,0.0,0.0,0.0,0.0,0.0,0.0,0.0,0.0,0.0,0.0,0.0,0.0,0.0,0.0,0.0,0.0,0.0,0.0,0.0,0.42132234080068476,0.0,0.0,0.0,0.0,0.0,0.0,0.0,0.0,0.0,0.0,0.0,0.0,0.0,0.0,0.0,0.0,0.0,0.0,0.0,0.0,0.0,0.0,0.0,0.0,0.0,0.0,0.0,0.0,0.0,0.0,0.0,0.0,0.0,0.0,0.0,0.0,0.0,0.0,0.0,0.0,0.0,0.0,0.0,0.0,0.0,0.0,0.0,0.0,0.0,0.0,0.0,0.0,0.0,0.0,0.0,0.0,0.0,0.0,0.0,0.0,0.0,0.0,0.0,0.0,0.0,0.0,0.0,0.0,0.0,0.0,0.0,0.0,0.0,0.0,0.0,0.0,0.0,0.0,0.0,0.0,0.0,0.0,0.0,0.0,0.0,0.0,0.0,0.0,0.0,0.0,0.0,0.0,0.0,0.0,0.0,0.0,0.0,0.0,0.0,0.0,0.0,0.0,0.0,0.0,0.0,0.0,0.0,0.0,0.0,0.0,0.0,0.0,0.0,0.0,0.0,0.0,0.0,0.0,0.0,0.0,0.0,0.0,0.0,0.0,0.0,0.0,0.0,0.0,0.0,0.0,0.0,0.0,0.0,0.0,0.0,0.0,0.0,0.0,0.0,0.0,0.0,0.0,0.0,0.0,0.0,0.0,0.0,0.0,0.0,0.0,0.0,0.0,0.0,0.0,0.0,0.0,0.0,0.0,0.0,0.0,0.0,0.0,0.0,0.0,0.0,0.0,0.0,0.0,0.0,0.0,0.0,0.0,0.0,0.0,0.0,0.0,0.0,0.0,0.0,0.0,0.0,0.0,0.0,0.0,0.0,0.0,0.0
SD2401268,20대,음 근데 우리집이 꼭대기 층이라 그런지 좀 괜찮은 거 같은데. 층간 소음은 없는데 벽간 소음이 쪼금 있는 거 같아. 방이 그 방음이 잘 안 돼서 옆 문 그 첫 입구 문에만 서도 옆의 방이 뭐 유튜브 뭐 듣고 있는지 무슨 대화하고 있는지가 너무 잘 들려서 쪼끔 부담스럽긴 해. 근데 위에는 아무도 사람이 안 사니까 내가 살기에는 어 소음이 없어서 되게 좋은 거 같아. 그거 말고도 본가 살 때는 위층이 아빠 지인이 살았었는데 그래서 막 소음이 나도 뭐라 하기가 좀 그랬던 경험이 있어. 너는 지금 몇 층 정도에 살아? 층간 소음은 없어? 음 그 학 학교 들어오고 나서부터 2년 동안 여기 살고 올해 새로 계약해서 똑같은 데 연장해서 거기서 살고 있어. 아마 내년에는 교환 학생을 가서 없으니까 오빠가 혼자 살 거 같아 지금 같이 살고 있으니까. 그리고 사실 나는 올해 딱 계약 연장할 때쯤에 새로 구해서 따로따로 살고 싶었는데 아무래도 서울 뭐 월세가 비싸다 보니까 그냥 한집에서 해서 전세로 사는 게 낫겠다 싶어서 같이 살고 있는데. 어 아무래도 생활 패턴이나 그런 집안일 하는 거가 좀 안 맞아서 좀 그게 제일 힘들어서 따로 살고 싶었던 거 같아. 뭐 혼자 늦게 자고 그런 건 상관없는데 오빠가 게임을 하니까 늦게까지 게임하는 소리 계속 들려 오 들려 오고 하니까 나 자는 데 방에 돼서 그랬던 거 같아. 너는 그런 적은 없어? 어 중3 때까지 1곳에서 살았고 그 주 중3 이후에 약간 신도시 분양 그런 청약 담 당첨 돼 가지고 1번 이사를 갔었어. 근데 그 중3 때까지 계속 같은 지역에 살다 보니까 거기 유치원 초등학교 중학교 나오고 고등학교도 그쪽을 가려고 했는데 이사를 가게 돼서 혼자 떨어진 곳을 가니까 친구들이랑도 멀어지고 그러 그 뭐 원래 놀던 데에서도 못 놀고 이런 게 쪼끔 아쉽고 힘들긴 하더라고. 근데 집이 넓어서 되게 좋았던 거 같아. 나는 이사를 많이 안 해 봐서 막 해 보고 싶었다 이런 게 좀 컸었는데 주변에 이사 많이 다니는 사람은 안 그렇더라고. 이사를 그만 다니고 싶다 그러더라. 혹시 너도 그런 편이야? 음 나는 이사 간 다음에 우 이 이사 간 아파트 앞에 막 전원주택 같은 게 있는 거야. 그래서 나중에 이 또 이사를 가게 된다면은 저런 데에서 살고 싶다. 저런 데에서 마당에서 막 식물 키우고 동물 키우고 막 나만의 정원을 가꾸면서 2층 바 다락방에서 살고 싶다 막 이런 생각을 했었는데. 근데 막상 거기에 살면은 관리하는 게 되게 힘들어 보이더라고. 할머니 집도 그런 전원주택인데 조금만 뭘 관리를 안 해 줘도 잡초 자라고 먼지가 끼고 더러워지고 막 그런 게 많아서 관리가 힘들다고 하더라고. 근데 그럼에도 한 약간 한번쯤은 전원주택에 살고 싶다 이런 생각이 있는데. 너는 그런 어디에 살고 싶다 이런 로망 같은 게 있어? 어 전자레인지랑 냉장고 세탁기 이 이 정도는 원래 있었던 거 같고. 밥솥이랑 응 어 그 오븐 같은 거 뭐라고 하지. 그 아 에어프라이어는 사 왔고. 최근에 여름 되니까 벌레가 너무 많이 생기잖아. 특히 음식물에 벌레가 많이 생기는데 그래서 버리기가 너무 힘들어서 미생물로 분해해 주는 기계 그런 게 있더라고. 오빠가 인스타그램에서 찾아와서 막 우 이거 쓰자 막 그러면서 찾아왔던 기억이 있어. 그래서 그거를 지금 살까 고민 중에 있어. 그게 음식물 쓰레기를 넣으면은 미생물들이 분해를 해서 흙으로 바로 만들어 준대. 근데 그게 하루 만에 다 만들어 주고 냄새도 안 나서 좋다고 하더라고. 너는 혹시 집안일 같은 거는 어떻게 하는 편이야? 어 가끔 아니 자주 좀 싸운 싸우진 않고 이런 거에 대해 짜증을 내는 거 같긴 한데 내 방이 쓰레기 그 분리수거 하는 데 바로 앞에 있단 말이야. 그래서 오빠는 좀 멀어서 쓰레기 같은 걸 거기 내면 그만인데 나는 내고 나서 그게 분리수거가 잘 안 되어 있거나 막 더러운 게 섞여 있거나 하면은 냄새가 바로 내 방으로 들어온단 말이야. 그거 때문에 오빠한테 뭐라 한 적도 많았던 거 같고. 약간 분담 같은 게 예전에는 막 뭐 냉장고 청소 네가 1번 하면 내가 화장실 청소 1번 하고 이런 식으로 번갈아서 하자라고 말은 했는데 어느 순간 보니까 내가 다 하고 있더라고. 그래서 그거에 대해서 쌓아 놨다가 화내기 직전에 딱 말하면은 오빠가 또 눈치는 빨라 가지고 그제서야 부랴부랴 치우고 막 이래서 어 싸우지는 않았던 거 같아. 근데 자취를 하니까 확실히 본가 살 때는 엄마가 다 해 주고 그러는데 내가 다 해야 되니까 그게 힘든 거 같긴 해. 너는 자취하고 싶다는 생각은 없어? 아 나 처음에 집 들어올 때 막 냉장고랑 기본 가구에 막 여 연두색 띠가 막 둘러져 있는 거야. 기본 색깔로 막 있는 거야. 그래서 그걸 보고 아 진짜 별로다. 여기 살기 싫다 했었는데 막상 들어가 보니까 그런 거 별로 티도 안 나고 깔끔해 보이고 좋더라고. 그래서 그렇게 쓰고 있고. 뭔가 인테리어 아 그 자취하면 내 방식대로 바 집을 꾸미고 막 이렇게 써야지라는 생각은 있었는데 막상 있으니까 짐을 그 넣을 짐도 너무 많고 근데 그거에 비해 공간은 안 나오고 하니까 인테리어라고 할 것도 없이 그냥 짐을 넣어 놓은 거 같아. 내 방이 너무 작아서 옷장 같은 게 들어갈 공간이 안 나서 거실에다가 행거 설치해서 바로 옷 놓아두고. 그래서 뭔가 꾸미기도 애매하고 그랬던 거 같아. 너는 집 인테리어 어떤 편이야? 서울에서 살 수 있으면 좋을 거 같은데. 왜냐하면 여가 생활 같은 것도 훨씬 더 많이 할 수 있고 이제 거의 내 친구들이나 생활 반경이 서울에 중심에 맞춰져 있다 보니까 서울에서 생활하는 게 편하긴 한데 가끔씩 여기가 사람이 너무 많아서 내려가고 싶다라는 생각이 들긴 해. 근데 직장을 얻고 뭔가 더 발전을 하려면은 서울에서 사는 게 맞는 거 같아. 나는 그 본가 살 때는 지하에 헬스장이 있어서 그거를 썼단 말이야. 근데 자취를 하니까 그런 여가 시설 시 그 아무튼 시설들이 없어서 막 주변에서 주변 다른 헬스장을 등록해 놨단 말이야. 근데 너는 지금 어쨌든 본가에 살잖아. 큰 아파트에 사는데 그러면 거기에 막 여가 시설 같은 게 와 잘 마련되어 있어?,0.005747126436781609,0.017241379310344827,0.004597701149425287,0.0,0.005747126436781609,0.0034482758620689655,0.005747126436781609,0.008045977011494253,0.01839080459770115,0.029885057471264367,0.004597701149425287,0.027586206896551724,0.0,0.008045977011494253,0.0022988505747126436,0.0,0.0034482758620689655,0.0011494252873563218,0.03218390804597701,0.013793103448275862,0.0,0.0,0.0,0.0022988505747126436,0.0,0.004597701149425287,0.021839080459770115,0.0,0.0034482758620689655,0.0034482758620689655,0.04367816091954023,0.0,0.006896551724137931,0.0,0.004597701149425287,0.009195402298850575,0.0,0.0,0.011494252873563218,0.0011494252873563218,0.0,0.0022988505747126436,0.0,0.0,0.034482758620689655,0.004597701149425287,0.013793103448275862,0.0022988505747126436,0.004597701149425287,0.0367816091954023,0.009195402298850575,0.0011494252873563218,0.0,0.0022988505747126436,0.0,0.0011494252873563218,0.0011494252873563218,0.0022988505747126436,0.0,0.006896551724137931,0.0,0.0,0.0,0.0011494252873563218,0.006896551724137931,0.0022988505747126436,0.0022988505747126436,0.0011494252873563218,0.0011494252873563218,0.0,0.0,0.0,0.0022988505747126436,0.0,0.0,0.005747126436781609,0.0022988505747126436,0.0,0.006896551724137931,0.010344827586206896,0.0011494252873563218,0.0,0.0,0.0,0.0,0.004597701149425287,0.0034482758620689655,0.0,0.0022988505747126436,0.004597701149425287,0.0,0.0022988505747126436,0.0,0.0011494252873563218,0.0,0.0011494252873563218,0.0011494252873563218,0.0011494252873563218,0.0,0.0022988505747126436,0.004597701149425287,0.0011494252873563218,0.0,0.0,0.0,0.0,0.01264367816091954,0.009195402298850575,0.0,0.0011494252873563218,0.0011494252873563218,0.0022988505747126436,0.0011494252873563218,0.0,0.0,0.0011494252873563218,0.0,0.0,0.0011494252873563218,0.011494252873563218,0.0,0.005747126436781609,0.0011494252873563218,0.0,0.0022988505747126436,0.0011494252873563218,0.0011494252873563218,0.0,0.0022988505747126436,0.0,0.0,0.0,0.0,0.0034482758620689655,0.0,0.0,0.01839080459770115,0.0022988505747126436,0.0,0.0,0.0022988505747126436,0.0022988505747126436,0.0022988505747126436,0.0,0.0,0.005747126436781609,0.0011494252873563218,0.0,0.008045977011494253,0.0022988505747126436,0.0011494252873563218,0.005747126436781609,0.0011494252873563218,0.0,0.0,0.0011494252873563218,0.0,0.0011494252873563218,0.006896551724137931,0.0011494252873563218,0.0,0.0034482758620689655,0.0,0.0,0.0,0.004597701149425287,0.0011494252873563218,0.0011494252873563218,0.0,0.0,0.0011494252873563218,0.0,0.0,0.0,0.006896551724137931,0.0,0.0,0.0,0.0,0.0,0.0011494252873563218,0.0,0.0034482758620689655,0.0022988505747126436,0.0,0.0022988505747126436,0.0,0.0022988505747126436,0.0022988505747126436,0.0,0.0,0.0,0.0022988505747126436,0.0,0.0,0.0011494252873563218,0.0,0.0,0.0,0.0,0.0034482758620689655,0.0,0.004597701149425287,0.0,0.0,0.0,0.0,0.0,0.0,0.0011494252873563218,0.0,0.0,0.0,0.0,0.0011494252873563218,0.0,0.0011494252873563218,0.0,0.0011494252873563218,0.0,0.0022988505747126436,0.0,0.0011494252873563218,0.0022988505747126436,0.0,0.0,0.005747126436781609,0.0,0.0022988505747126436,0.0,0.0,0.0,0.0,0.0,0.0,0.0,0.0,0.0,0.0022988505747126436,0.0,0.0,0.0,0.004597701149425287,0.0,0.0,0.0,0.0,0.0,0.0,0.0,0.0,0.0,0.0,0.0,0.0,0.0,0.006896551724137931,0.0034482758620689655,0.0011494252873563218,0.0011494252873563218,0.0011494252873563218,0.0011494252873563218,0.0022988505747126436,0.0022988505747126436,0.0011494252873563218,0.0011494252873563218,0.0011494252873563218,0.0011494252873563218,0.0011494252873563218,0.0011494252873563218,0.0034482758620689655,0.0011494252873563218,0.005747126436781609,0.0011494252873563218,0.0011494252873563218,0.0011494252873563218,0.0022988505747126436,0.0022988505747126436,0.0011494252873563218,0.0022988505747126436,0.0011494252873563218,0.0011494252873563218,0.0011494252873563218,0.0011494252873563218,0.0022988505747126436,0.0011494252873563218,0.0011494252873563218,0.0011494252873563218,0.0022988505747126436,0.0011494252873563218,0.0011494252873563218,0.0011494252873563218,0.0011494252873563218,0.0011494252873563218,0.0011494252873563218,0.0011494252873563218,0.0011494252873563218,0.0022988505747126436,0.0022988505747126436,0.0011494252873563218,0.0011494252873563218,0.0011494252873563218,0.0022988505747126436,0.0011494252873563218,0.0011494252873563218,0.0034482758620689655,0.0011494252873563218,0.0011494252873563218,0.0011494252873563218,0.0011494252873563218,0.0011494252873563218,0.0011494252873563218,0.0011494252873563218,0.0022988505747126436,0.0011494252873563218,0.0022988505747126436,0.0022988505747126436,0.0011494252873563218,0.0011494252873563218,0.0034482758620689655,0.0011494252873563218,0.0011494252873563218,0.0022988505747126436,0.0011494252873563218,0.0022988505747126436,0.0011494252873563218,0.0011494252873563218,0.0022988505747126436,0.0011494252873563218,0.0011494252873563218,0.0011494252873563218,0.0022988505747126436,0.0011494252873563218,0.0034482758620689655,0.0034482758620689655,0.0022988505747126436,0.0011494252873563218,0.0011494252873563218,0.0011494252873563218,0.0011494252873563218,0.0011494252873563218,0.0011494252873563218,0.0011494252873563218,0.004597701149425287,0.0011494252873563218,0.0011494252873563218,0.0011494252873563218,0.0011494252873563218,0.0022988505747126436,0.0011494252873563218,0.0011494252873563218,0.0011494252873563218,0.0034482758620689655,0.0011494252873563218,0.0011494252873563218,0.0011494252873563218,0.0011494252873563218,0.0022988505747126436,0.0011494252873563218,0.0022988505747126436,0.0022988505747126436,0.0022988505747126436,0.0011494252873563218,0.0011494252873563218,0.0011494252873563218,0.0011494252873563218,0.0022988505747126436,0.0011494252873563218,0.0034482758620689655,0.0034482758620689655,0.0011494252873563218,0.004597701149425287,0.0011494252873563218,0.0011494252873563218,0.0022988505747126436,0.0022988505747126436,0.0011494252873563218,0.0011494252873563218,0.0011494252873563218,0.0022988505747126436,0.0011494252873563218,0.0022988505747126436,0.0022988505747126436,0.0011494252873563218,0.0011494252873563218,0.0011494252873563218,0.0011494252873563218,0.0011494252873563218,0.0011494252873563218,0.0011494252873563218,0.0011494252873563218,0.0011494252873563218,0.0011494252873563218,0.0011494252873563218,0.0011494252873563218,0.0022988505747126436,0.0011494252873563218,0.0011494252873563218,0.0011494252873563218,0.0011494252873563218,0.0011494252873563218,0.0011494252873563218,0.0011494252873563218,0.0011494252873563218,0.0011494252873563218,0.0011494252873563218,0.0011494252873563218,0.0022988505747126436,0.0011494252873563218,0.0011494252873563218,0.0011494252873563218,0.0011494252873563218,0.0011494252873563218,0.0022988505747126436,0.0011494252873563218,0.0022988505747126436,0.0011494252873563218,0.0011494252873563218,0.0011494252873563218,0.0034482758620689655,0.0011494252873563218,0.0011494252873563218,0.0011494252873563218,0.0011494252873563218,0.0011494252873563218,0.0011494252873563218,0.0011494252873563218,0.0011494252873563218,0.0011494252873563218,0.0011494252873563218,0.0011494252873563218,0.0011494252873563218,0.0034482758620689655,0.0011494252873563218,0.0022988505747126436,0.0011494252873563218,0.0011494252873563218,0.0011494252873563218,0.0011494252873563218,0.0011494252873563218,0.0011494252873563218,0.0011494252873563218,0.0011494252873563218,0.0011494252873563218,0.0011494252873563218,0.0011494252873563218,0.0011494252873563218,0.0011494252873563218,0.0011494252873563218,0.0011494252873563218,0.0011494252873563218,0.0011494252873563218,0.0011494252873563218,0.0,0.0,0.0,0.0,0.0,0.0,0.0,0.0,0.0,0.0,0.0,0.0,0.0,0.0,0.0,0.0,0.0,0.0,0.0,0.0,0.0,0.0,0.0,0.0,0.0,0.0,0.0,0.0,0.0,0.0,0.0,0.0,0.0,0.0,0.0,0.0,0.0,0.0,0.0,0.0,0.0,0.0,0.0,0.0,0.0,0.0,0.0,0.0,0.0,0.0,0.0,0.0,0.0,0.0,0.0,0.0,0.0,0.0,0.0,0.0,0.0,0.0,0.0,0.0,0.0,0.0,0.0,0.0,0.0,0.0,0.0,0.0,0.0,0.0,0.0,0.0,0.0,0.0,0.0,0.0,0.0,0.0,0.0,0.0,0.0,0.0,0.0,0.0,0.49697587834835977,0.0,0.0,0.0,0.0,0.0,0.3231782703919379,0.0,0.0,0.0,0.0,0.0,0.0,0.0,0.0,0.0,0.0,0.0,0.0,0.0,0.0,0.0,0.0,0.0,0.0,0.0,0.0,0.0,0.0,0.0,0.0,0.0,0.0,0.0,0.0,0.0,0.0,0.0,0.0,0.0,0.0,0.0,0.0,0.0,0.0,0.0,0.0,0.0,0.0,0.0,0.0,0.0,0.0,0.0,0.0,0.0,0.0,0.0,0.0,0.0,0.0,0.0,0.0,0.0,0.0,0.0,0.0,0.0,0.0,0.0,0.0,0.0,0.0,0.0,0.0,0.0,0.0,0.0,0.0,0.0,0.0,0.0,0.0,0.0,0.0,0.0,0.0,0.0,0.0,0.0,0.0,0.0,0.0,0.0,0.0,0.0,0.0,0.0,0.0,0.0,0.0,0.0,0.0,0.0,0.0,0.0,0.0,0.0,0.0,0.0,0.0,0.0,0.0,0.0,0.0,0.0,0.0,0.0,0.0,0.0,0.0,0.0,0.0,0.0,0.0,0.0,0.0,0.0,0.0,0.0,0.0,0.0,0.0,0.0,0.0,0.0,0.0,0.0,0.0,0.0,0.0,0.0,0.0,0.0,0.0,0.0,0.0,0.0,0.0,0.0,0.0,0.0,0.0,0.0,0.0,0.0,0.0,0.0,0.0,0.0,0.0,0.0,0.0,0.0,0.0,0.0,0.0,0.0,0.0,0.0,0.0,0.0,0.0,0.0,0.0,0.0,0.0,0.0,0.0,0.0,0.0,0.0,0.0,0.0,0.0,0.0,0.0,0.0,0.0,0.0,0.0,0.0,0.0,0.0,0.0,0.0,0.0,0.0,0.0,0.0,0.0,0.0,0.0,0.0,0.0,0.0,0.0,0.0,0.0,0.0,0.0,0.49697587834835977,0.43506792129209987,0.0,0.0,0.0,0.0,0.0,0.0,0.0,0.0,0.0,0.0,0.0,0.0,0.0,0.0,0.0,0.0,0.0,0.0,0.0,0.0,0.0,0.0,0.0,0.0,0.0,0.0,0.0,0.0,0.0,0.0,0.0,0.0,0.0,0.0,0.0,0.0,0.0,0.0,0.0,0.0,0.0,0.0,0.0,0.0,0.0,0.0,0.0,0.0,0.0,0.0,0.0,0.0,0.0,0.0,0.0,0.0,0.0,0.0,0.0,0.0,0.0,0.0,0.0,0.0,0.0,0.0,0.0,0.0,0.0,0.0,0.0,0.0,0.0,0.0,0.0,0.0,0.0,0.0,0.0,0.0,0.0,0.0,0.0,0.0,0.0,0.0,0.0,0.0,0.0,0.0,0.0,0.0,0.0,0.0,0.0,0.0,0.0,0.0,0.0,0.0,0.0,0.0,0.0,0.0,0.0,0.0,0.0,0.0,0.0,0.0,0.0,0.0,0.0,0.0,0.0,0.0,0.0,0.0,0.0,0.0,0.0,0.0,0.0,0.0,0.0,0.0,0.0,0.0,0.0,0.0,0.0,0.0,0.0,0.0,0.0,0.0,0.0,0.0,0.0,0.0,0.0,0.0,0.0,0.0,0.0,0.0,0.0,0.0,0.0,0.0,0.0,0.0,0.0,0.0,0.0,0.0,0.0,0.0,0.0,0.0,0.0,0.0,0.0,0.0,0.0,0.0,0.0,0.0,0.0,0.0,0.0,0.0,0.0,0.0,0.0,0.0,0.0,0.0,0.0,0.0,0.0,0.0,0.0,0.0,0.0,0.0,0.0,0.0,0.0,0.0,0.0,0.0,0.0,0.0,0.0,0.0,0.0,0.0,0.0,0.0,0.0,0.0,0.0,0.0,0.0,0.0,0.0,0.0,0.0,0.0,0.0,0.0,0.0,0.0,0.0,0.0,0.0,0.0,0.0,0.0,0.0,0.0,0.0,0.0,0.0,0.0,0.0,0.0,0.0,0.0,0.0,0.0,0.0,0.0,0.0,0.0,0.0,0.0,0.0,0.0,0.0,0.0,0.0,0.0,0.0,0.0,0.0,0.0,0.0,0.0,0.0,0.0,0.0,0.0,0.0,0.0,0.0,0.0,0.0,0.0,0.0,0.0,0.0,0.0,0.0,0.0,0.0,0.0,0.0,0.0,0.0,0.0,0.0,0.0,0.0,0.0,0.0,0.0,0.0,0.0,0.0,0.0,0.0,0.0,0.0,0.0,0.0,0.0,0.0,0.0,0.0,0.0,0.0,0.0,0.0,0.0,0.0,0.0,0.0,0.0,0.0,0.0,0.0,0.0,0.0,0.0,0.0,0.0,0.0,0.0,0.0,0.0,0.0,0.0,0.0,0.0,0.0,0.0,0.0,0.0,0.0,0.46076204497419204,0.0,0.0,0.0,0.0,0.0,0.0,0.0,0.0,0.0,0.0,0.0,0.0,0.0,0.0,0.0,0.0,0.0,0.0,0.0,0.0,0.0,0.0,0.0,0.0,0.0,0.0,0.0,0.0,0.0,0.0,0.0,0.0,0.0,0.0,0.0,0.0,0.0,0.0,0.0,0.0,0.0,0.0,0.0,0.0,0.0,0.0,0.0,0.0,0.0,0.0,0.0,0.0,0.0,0.0,0.0,0.0,0.0,0.0,0.0,0.0,0.0,0.0,0.0,0.0,0.0,0.0,0.0,0.0,0.0,0.0,0.0,0.0,0.0,0.0,0.0,0.0,0.0,0.0,0.0,0.0,0.0,0.0,0.0,0.0,0.0,0.0,0.0,0.0,0.0,0.0,0.0,0.0,0.0,0.0,0.0,0.0,0.0,0.0,0.0,0.0,0.0,0.0,0.0,0.0
SD2401268,20대,음 근데 우리집이 꼭대기 층이라 그런지 좀 괜찮은 거 같은데. 층간 소음은 없는데 벽간 소음이 쪼금 있는 거 같아. 방이 그 방음이 잘 안 돼서 옆 문 그 첫 입구 문에만 서도 옆의 방이 뭐 유튜브 뭐 듣고 있는지 무슨 대화하고 있는지가 너무 잘 들려서 쪼끔 부담스럽긴 해. 근데 위에는 아무도 사람이 안 사니까 내가 살기에는 어 소음이 없어서 되게 좋은 거 같아. 그거 말고도 본가 살 때는 위층이 아빠 지인이 살았었는데 그래서 막 소음이 나도 뭐라 하기가 좀 그랬던 경험이 있어. 너는 지금 몇 층 정도에 살아? 층간 소음은 없어? 음 그 학 학교 들어오고 나서부터 2년 동안 여기 살고 올해 새로 계약해서 똑같은 데 연장해서 거기서 살고 있어. 아마 내년에는 교환 학생을 가서 없으니까 오빠가 혼자 살 거 같아 지금 같이 살고 있으니까. 그리고 사실 나는 올해 딱 계약 연장할 때쯤에 새로 구해서 따로따로 살고 싶었는데 아무래도 서울 뭐 월세가 비싸다 보니까 그냥 한집에서 해서 전세로 사는 게 낫겠다 싶어서 같이 살고 있는데. 어 아무래도 생활 패턴이나 그런 집안일 하는 거가 좀 안 맞아서 좀 그게 제일 힘들어서 따로 살고 싶었던 거 같아. 뭐 혼자 늦게 자고 그런 건 상관없는데 오빠가 게임을 하니까 늦게까지 게임하는 소리 계속 들려 오 들려 오고 하니까 나 자는 데 방에 돼서 그랬던 거 같아. 너는 그런 적은 없어? 어 중3 때까지 1곳에서 살았고 그 주 중3 이후에 약간 신도시 분양 그런 청약 담 당첨 돼 가지고 1번 이사를 갔었어. 근데 그 중3 때까지 계속 같은 지역에 살다 보니까 거기 유치원 초등학교 중학교 나오고 고등학교도 그쪽을 가려고 했는데 이사를 가게 돼서 혼자 떨어진 곳을 가니까 친구들이랑도 멀어지고 그러 그 뭐 원래 놀던 데에서도 못 놀고 이런 게 쪼끔 아쉽고 힘들긴 하더라고. 근데 집이 넓어서 되게 좋았던 거 같아. 나는 이사를 많이 안 해 봐서 막 해 보고 싶었다 이런 게 좀 컸었는데 주변에 이사 많이 다니는 사람은 안 그렇더라고. 이사를 그만 다니고 싶다 그러더라. 혹시 너도 그런 편이야? 음 나는 이사 간 다음에 우 이 이사 간 아파트 앞에 막 전원주택 같은 게 있는 거야. 그래서 나중에 이 또 이사를 가게 된다면은 저런 데에서 살고 싶다. 저런 데에서 마당에서 막 식물 키우고 동물 키우고 막 나만의 정원을 가꾸면서 2층 바 다락방에서 살고 싶다 막 이런 생각을 했었는데. 근데 막상 거기에 살면은 관리하는 게 되게 힘들어 보이더라고. 할머니 집도 그런 전원주택인데 조금만 뭘 관리를 안 해 줘도 잡초 자라고 먼지가 끼고 더러워지고 막 그런 게 많아서 관리가 힘들다고 하더라고. 근데 그럼에도 한 약간 한번쯤은 전원주택에 살고 싶다 이런 생각이 있는데. 너는 그런 어디에 살고 싶다 이런 로망 같은 게 있어? 어 전자레인지랑 냉장고 세탁기 이 이 정도는 원래 있었던 거 같고. 밥솥이랑 응 어 그 오븐 같은 거 뭐라고 하지. 그 아 에어프라이어는 사 왔고. 최근에 여름 되니까 벌레가 너무 많이 생기잖아. 특히 음식물에 벌레가 많이 생기는데 그래서 버리기가 너무 힘들어서 미생물로 분해해 주는 기계 그런 게 있더라고. 오빠가 인스타그램에서 찾아와서 막 우 이거 쓰자 막 그러면서 찾아왔던 기억이 있어. 그래서 그거를 지금 살까 고민 중에 있어. 그게 음식물 쓰레기를 넣으면은 미생물들이 분해를 해서 흙으로 바로 만들어 준대. 근데 그게 하루 만에 다 만들어 주고 냄새도 안 나서 좋다고 하더라고. 너는 혹시 집안일 같은 거는 어떻게 하는 편이야? 어 가끔 아니 자주 좀 싸운 싸우진 않고 이런 거에 대해 짜증을 내는 거 같긴 한데 내 방이 쓰레기 그 분리수거 하는 데 바로 앞에 있단 말이야. 그래서 오빠는 좀 멀어서 쓰레기 같은 걸 거기 내면 그만인데 나는 내고 나서 그게 분리수거가 잘 안 되어 있거나 막 더러운 게 섞여 있거나 하면은 냄새가 바로 내 방으로 들어온단 말이야. 그거 때문에 오빠한테 뭐라 한 적도 많았던 거 같고. 약간 분담 같은 게 예전에는 막 뭐 냉장고 청소 네가 1번 하면 내가 화장실 청소 1번 하고 이런 식으로 번갈아서 하자라고 말은 했는데 어느 순간 보니까 내가 다 하고 있더라고. 그래서 그거에 대해서 쌓아 놨다가 화내기 직전에 딱 말하면은 오빠가 또 눈치는 빨라 가지고 그제서야 부랴부랴 치우고 막 이래서 어 싸우지는 않았던 거 같아. 근데 자취를 하니까 확실히 본가 살 때는 엄마가 다 해 주고 그러는데 내가 다 해야 되니까 그게 힘든 거 같긴 해. 너는 자취하고 싶다는 생각은 없어? 아 나 처음에 집 들어올 때 막 냉장고랑 기본 가구에 막 여 연두색 띠가 막 둘러져 있는 거야. 기본 색깔로 막 있는 거야. 그래서 그걸 보고 아 진짜 별로다. 여기 살기 싫다 했었는데 막상 들어가 보니까 그런 거 별로 티도 안 나고 깔끔해 보이고 좋더라고. 그래서 그렇게 쓰고 있고. 뭔가 인테리어 아 그 자취하면 내 방식대로 바 집을 꾸미고 막 이렇게 써야지라는 생각은 있었는데 막상 있으니까 짐을 그 넣을 짐도 너무 많고 근데 그거에 비해 공간은 안 나오고 하니까 인테리어라고 할 것도 없이 그냥 짐을 넣어 놓은 거 같아. 내 방이 너무 작아서 옷장 같은 게 들어갈 공간이 안 나서 거실에다가 행거 설치해서 바로 옷 놓아두고. 그래서 뭔가 꾸미기도 애매하고 그랬던 거 같아. 너는 집 인테리어 어떤 편이야? 서울에서 살 수 있으면 좋을 거 같은데. 왜냐하면 여가 생활 같은 것도 훨씬 더 많이 할 수 있고 이제 거의 내 친구들이나 생활 반경이 서울에 중심에 맞춰져 있다 보니까 서울에서 생활하는 게 편하긴 한데 가끔씩 여기가 사람이 너무 많아서 내려가고 싶다라는 생각이 들긴 해. 근데 직장을 얻고 뭔가 더 발전을 하려면은 서울에서 사는 게 맞는 거 같아. 나는 그 본가 살 때는 지하에 헬스장이 있어서 그거를 썼단 말이야. 근데 자취를 하니까 그런 여가 시설 시 그 아무튼 시설들이 없어서 막 주변에서 주변 다른 헬스장을 등록해 놨단 말이야. 근데 너는 지금 어쨌든 본가에 살잖아. 큰 아파트에 사는데 그러면 거기에 막 여가 시설 같은 게 와 잘 마련되어 있어?,0.005747126436781609,0.017241379310344827,0.004597701149425287,0.0,0.005747126436781609,0.0034482758620689655,0.005747126436781609,0.008045977011494253,0.01839080459770115,0.029885057471264367,0.004597701149425287,0.027586206896551724,0.0,0.008045977011494253,0.0022988505747126436,0.0,0.0034482758620689655,0.0011494252873563218,0.03218390804597701,0.013793103448275862,0.0,0.0,0.0,0.0022988505747126436,0.0,0.004597701149425287,0.021839080459770115,0.0,0.0034482758620689655,0.0034482758620689655,0.04367816091954023,0.0,0.006896551724137931,0.0,0.004597701149425287,0.009195402298850575,0.0,0.0,0.011494252873563218,0.0011494252873563218,0.0,0.0022988505747126436,0.0,0.0,0.034482758620689655,0.004597701149425287,0.013793103448275862,0.0022988505747126436,0.004597701149425287,0.0367816091954023,0.009195402298850575,0.0011494252873563218,0.0,0.0022988505747126436,0.0,0.0011494252873563218,0.0011494252873563218,0.0022988505747126436,0.0,0.006896551724137931,0.0,0.0,0.0,0.0011494252873563218,0.006896551724137931,0.0022988505747126436,0.0022988505747126436,0.0011494252873563218,0.0011494252873563218,0.0,0.0,0.0,0.0022988505747126436,0.0,0.0,0.005747126436781609,0.0022988505747126436,0.0,0.006896551724137931,0.010344827586206896,0.0011494252873563218,0.0,0.0,0.0,0.0,0.004597701149425287,0.0034482758620689655,0.0,0.0022988505747126436,0.004597701149425287,0.0,0.0022988505747126436,0.0,0.0011494252873563218,0.0,0.0011494252873563218,0.0011494252873563218,0.0011494252873563218,0.0,0.0022988505747126436,0.004597701149425287,0.0011494252873563218,0.0,0.0,0.0,0.0,0.01264367816091954,0.009195402298850575,0.0,0.0011494252873563218,0.0011494252873563218,0.0022988505747126436,0.0011494252873563218,0.0,0.0,0.0011494252873563218,0.0,0.0,0.0011494252873563218,0.011494252873563218,0.0,0.005747126436781609,0.0011494252873563218,0.0,0.0022988505747126436,0.0011494252873563218,0.0011494252873563218,0.0,0.0022988505747126436,0.0,0.0,0.0,0.0,0.0034482758620689655,0.0,0.0,0.01839080459770115,0.0022988505747126436,0.0,0.0,0.0022988505747126436,0.0022988505747126436,0.0022988505747126436,0.0,0.0,0.005747126436781609,0.0011494252873563218,0.0,0.008045977011494253,0.0022988505747126436,0.0011494252873563218,0.005747126436781609,0.0011494252873563218,0.0,0.0,0.0011494252873563218,0.0,0.0011494252873563218,0.006896551724137931,0.0011494252873563218,0.0,0.0034482758620689655,0.0,0.0,0.0,0.004597701149425287,0.0011494252873563218,0.0011494252873563218,0.0,0.0,0.0011494252873563218,0.0,0.0,0.0,0.006896551724137931,0.0,0.0,0.0,0.0,0.0,0.0011494252873563218,0.0,0.0034482758620689655,0.0022988505747126436,0.0,0.0022988505747126436,0.0,0.0022988505747126436,0.0022988505747126436,0.0,0.0,0.0,0.0022988505747126436,0.0,0.0,0.0011494252873563218,0.0,0.0,0.0,0.0,0.0034482758620689655,0.0,0.004597701149425287,0.0,0.0,0.0,0.0,0.0,0.0,0.0011494252873563218,0.0,0.0,0.0,0.0,0.0011494252873563218,0.0,0.0011494252873563218,0.0,0.0011494252873563218,0.0,0.0022988505747126436,0.0,0.0011494252873563218,0.0022988505747126436,0.0,0.0,0.005747126436781609,0.0,0.0022988505747126436,0.0,0.0,0.0,0.0,0.0,0.0,0.0,0.0,0.0,0.0022988505747126436,0.0,0.0,0.0,0.004597701149425287,0.0,0.0,0.0,0.0,0.0,0.0,0.0,0.0,0.0,0.0,0.0,0.0,0.0,0.006896551724137931,0.0034482758620689655,0.0011494252873563218,0.0011494252873563218,0.0011494252873563218,0.0011494252873563218,0.0022988505747126436,0.0022988505747126436,0.0011494252873563218,0.0011494252873563218,0.0011494252873563218,0.0011494252873563218,0.0011494252873563218,0.0011494252873563218,0.0034482758620689655,0.0011494252873563218,0.005747126436781609,0.0011494252873563218,0.0011494252873563218,0.0011494252873563218,0.0022988505747126436,0.0022988505747126436,0.0011494252873563218,0.0022988505747126436,0.0011494252873563218,0.0011494252873563218,0.0011494252873563218,0.0011494252873563218,0.0022988505747126436,0.0011494252873563218,0.0011494252873563218,0.0011494252873563218,0.0022988505747126436,0.0011494252873563218,0.0011494252873563218,0.0011494252873563218,0.0011494252873563218,0.0011494252873563218,0.0011494252873563218,0.0011494252873563218,0.0011494252873563218,0.0022988505747126436,0.0022988505747126436,0.0011494252873563218,0.0011494252873563218,0.0011494252873563218,0.0022988505747126436,0.0011494252873563218,0.0011494252873563218,0.0034482758620689655,0.0011494252873563218,0.0011494252873563218,0.0011494252873563218,0.0011494252873563218,0.0011494252873563218,0.0011494252873563218,0.0011494252873563218,0.0022988505747126436,0.0011494252873563218,0.0022988505747126436,0.0022988505747126436,0.0011494252873563218,0.0011494252873563218,0.0034482758620689655,0.0011494252873563218,0.0011494252873563218,0.0022988505747126436,0.0011494252873563218,0.0022988505747126436,0.0011494252873563218,0.0011494252873563218,0.0022988505747126436,0.0011494252873563218,0.0011494252873563218,0.0011494252873563218,0.0022988505747126436,0.0011494252873563218,0.0034482758620689655,0.0034482758620689655,0.0022988505747126436,0.0011494252873563218,0.0011494252873563218,0.0011494252873563218,0.0011494252873563218,0.0011494252873563218,0.0011494252873563218,0.0011494252873563218,0.004597701149425287,0.0011494252873563218,0.0011494252873563218,0.0011494252873563218,0.0011494252873563218,0.0022988505747126436,0.0011494252873563218,0.0011494252873563218,0.0011494252873563218,0.0034482758620689655,0.0011494252873563218,0.0011494252873563218,0.0011494252873563218,0.0011494252873563218,0.0022988505747126436,0.0011494252873563218,0.0022988505747126436,0.0022988505747126436,0.0022988505747126436,0.0011494252873563218,0.0011494252873563218,0.0011494252873563218,0.0011494252873563218,0.0022988505747126436,0.0011494252873563218,0.0034482758620689655,0.0034482758620689655,0.0011494252873563218,0.004597701149425287,0.0011494252873563218,0.0011494252873563218,0.0022988505747126436,0.0022988505747126436,0.0011494252873563218,0.0011494252873563218,0.0011494252873563218,0.0022988505747126436,0.0011494252873563218,0.0022988505747126436,0.0022988505747126436,0.0011494252873563218,0.0011494252873563218,0.0011494252873563218,0.0011494252873563218,0.0011494252873563218,0.0011494252873563218,0.0011494252873563218,0.0011494252873563218,0.0011494252873563218,0.0011494252873563218,0.0011494252873563218,0.0011494252873563218,0.0022988505747126436,0.0011494252873563218,0.0011494252873563218,0.0011494252873563218,0.0011494252873563218,0.0011494252873563218,0.0011494252873563218,0.0011494252873563218,0.0011494252873563218,0.0011494252873563218,0.0011494252873563218,0.0011494252873563218,0.0022988505747126436,0.0011494252873563218,0.0011494252873563218,0.0011494252873563218,0.0011494252873563218,0.0011494252873563218,0.0022988505747126436,0.0011494252873563218,0.0022988505747126436,0.0011494252873563218,0.0011494252873563218,0.0011494252873563218,0.0034482758620689655,0.0011494252873563218,0.0011494252873563218,0.0011494252873563218,0.0011494252873563218,0.0011494252873563218,0.0011494252873563218,0.0011494252873563218,0.0011494252873563218,0.0011494252873563218,0.0011494252873563218,0.0011494252873563218,0.0011494252873563218,0.0034482758620689655,0.0011494252873563218,0.0022988505747126436,0.0011494252873563218,0.0011494252873563218,0.0011494252873563218,0.0011494252873563218,0.0011494252873563218,0.0011494252873563218,0.0011494252873563218,0.0011494252873563218,0.0011494252873563218,0.0011494252873563218,0.0011494252873563218,0.0011494252873563218,0.0011494252873563218,0.0011494252873563218,0.0011494252873563218,0.0011494252873563218,0.0011494252873563218,0.0011494252873563218,0.0,0.0,0.0,0.0,0.0,0.0,0.0,0.0,0.0,0.0,0.0,0.0,0.0,0.0,0.0,0.0,0.0,0.0,0.0,0.0,0.0,0.0,0.0,0.0,0.0,0.0,0.0,0.0,0.0,0.0,0.0,0.0,0.0,0.0,0.0,0.0,0.0,0.0,0.0,0.0,0.0,0.0,0.0,0.0,0.0,0.0,0.0,0.0,0.0,0.0,0.0,0.0,0.0,0.0,0.0,0.0,0.0,0.0,0.0,0.0,0.0,0.0,0.0,0.0,0.0,0.0,0.0,0.0,0.0,0.0,0.0,0.0,0.0,0.0,0.0,0.0,0.0,0.0,0.0,0.0,0.0,0.0,0.0,0.0,0.0,0.0,0.0,0.0,0.0,0.0,0.0,0.0,0.0,0.0,0.0,0.0,0.0,0.0,0.0,0.0,0.0,0.0,0.0,0.0,0.0,0.0,0.0,0.0,0.0,0.0,0.0,0.0,0.0,0.0,0.0,0.0,0.0,0.0,0.0,0.0,0.0,0.0,0.0,0.0,0.0,0.0,0.0,0.0,0.0,0.0,0.0,0.0,0.0,0.0,0.0,0.0,0.0,0.0,0.0,0.0,0.0,0.0,0.0,0.0,0.0,0.0,0.0,0.0,0.0,0.0,0.0,0.0,0.0,0.0,0.0,0.0,0.0,0.0,0.0,0.0,0.0,0.0,0.0,0.0,0.0,0.0,0.0,0.0,0.0,0.0,0.0,0.0,0.0,0.0,0.0,0.0,0.0,0.0,0.0,0.0,0.0,0.0,0.0,0.0,0.0,0.0,0.0,0.0,0.0,0.0,0.0,0.0,0.0,0.0,0.0,0.0,0.0,0.0,0.0,0.0,0.0,0.0,0.0,0.0,0.0,0.0,0.0,0.0,0.0,0.0,0.0,0.0,0.0,0.0,0.0,0.0,0.0,0.0,0.0,0.0,0.0,0.0,0.0,0.0,0.0,0.0,0.0,0.0,0.0,0.0,0.0,0.0,0.0,0.0,0.0,0.0,0.0,0.0,0.0,0.0,0.0,0.0,0.0,0.0,0.0,0.0,0.0,0.0,0.0,0.0,0.0,0.0,0.0,0.0,0.0,0.0,0.0,0.0,0.0,0.0,0.0,0.0,0.0,0.0,0.0,0.0,0.0,0.0,0.0,0.0,0.0,0.0,0.0,0.0,0.0,0.0,0.0,0.0,0.0,0.0,0.0,0.0,0.0,0.0,0.0,0.0,0.0,0.0,0.0,0.0,0.0,0.0,0.0,0.0,0.0,0.0,0.0,0.0,0.0,0.0,0.0,0.0,0.0,0.0,0.0,0.0,0.0,0.0,0.0,0.0,0.0,0.0,0.0,0.0,0.0,0.0,0.0,0.0,0.0,0.0,0.0,0.0,0.0,0.0,0.0,0.0,0.0,0.0,0.0,0.0,0.0,0.0,0.0,0.0,0.5251567876997435,0.0,0.0,0.0,0.0,0.0,0.0,0.0,0.0,0.0,0.0,0.0,0.0,0.0,0.0,0.0,0.0,0.0,0.0,0.0,0.0,0.0,0.0,0.0,0.0,0.0,0.0,0.0,0.0,0.0,0.0,0.0,0.0,0.0,0.0,0.0,0.0,0.0,0.0,0.0,0.0,0.0,0.0,0.0,0.0,0.0,0.0,0.0,0.0,0.0,0.0,0.0,0.0,0.0,0.0,0.5251567876997435,0.0,0.0,0.0,0.0,0.0,0.0,0.0,0.0,0.0,0.0,0.0,0.0,0.0,0.0,0.0,0.0,0.0,0.0,0.0,0.0,0.0,0.0,0.0,0.0,0.0,0.0,0.0,0.0,0.0,0.0,0.0,0.0,0.0,0.0,0.0,0.0,0.0,0.0,0.0,0.0,0.0,0.0,0.0,0.0,0.0,0.0,0.0,0.0,0.0,0.0,0.0,0.0,0.0,0.0,0.0,0.0,0.0,0.0,0.0,0.0,0.0,0.0,0.0,0.0,0.0,0.0,0.0,0.0,0.0,0.0,0.0,0.0,0.0,0.0,0.0,0.0,0.0,0.48688945676151857,0.0,0.0,0.0,0.0,0.0,0.0,0.0,0.0,0.0,0.0,0.0,0.0,0.0,0.0,0.0,0.0,0.0,0.0,0.0,0.0,0.0,0.0,0.0,0.0,0.0,0.0,0.0,0.0,0.0,0.0,0.0,0.0,0.0,0.0,0.0,0.0,0.0,0.0,0.0,0.0,0.0,0.0,0.0,0.0,0.0,0.0,0.0,0.0,0.0,0.0,0.0,0.0,0.0,0.0,0.0,0.0,0.0,0.0,0.0,0.0,0.0,0.0,0.0,0.0,0.0,0.0,0.0,0.0,0.0,0.0,0.0,0.0,0.0,0.0,0.0,0.0,0.0,0.0,0.0,0.0,0.0,0.0,0.0,0.0,0.0,0.0,0.0,0.0,0.0,0.0,0.0,0.0,0.0,0.0,0.0,0.0,0.0,0.0,0.0,0.0,0.0,0.0,0.0,0.0,0.0,0.0,0.0,0.0,0.0,0.0,0.0,0.0,0.0,0.0,0.0,0.0,0.0,0.0,0.0,0.0,0.0,0.0,0.0,0.0,0.0,0.0,0.0,0.0,0.0,0.0,0.0,0.0,0.0,0.0,0.0,0.0,0.0,0.0,0.0,0.0,0.0,0.0,0.0,0.0,0.0,0.0,0.0,0.0,0.0,0.0,0.0,0.0,0.0,0.0,0.0,0.0,0.0,0.0,0.0,0.0,0.0,0.0,0.0,0.0,0.0,0.0,0.0,0.0,0.0,0.0,0.0,0.0,0.0,0.0,0.0,0.0,0.0,0.0,0.0,0.0,0.0,0.0,0.0,0.0,0.0,0.0,0.0,0.0,0.0,0.0,0.0,0.0,0.0,0.0,0.0,0.0,0.0,0.0,0.0,0.0,0.0,0.0,0.0,0.0,0.0,0.0,0.0,0.0,0.0,0.0,0.0,0.0,0.0,0.0,0.0,0.0,0.0,0.0,0.0,0.0,0.0,0.0,0.0,0.0,0.0,0.0,0.0,0.0,0.0,0.0,0.0,0.0,0.0,0.4597383533709652,0.0,0.0,0.0,0.0,0.0,0.0,0.0,0.0,0.0,0.0,0.0,0.0,0.0,0.0,0.0,0.0,0.0,0.0,0.0,0.0,0.0,0.0,0.0,0.0,0.0
SD2401268,20대,음 근데 우리집이 꼭대기 층이라 그런지 좀 괜찮은 거 같은데. 층간 소음은 없는데 벽간 소음이 쪼금 있는 거 같아. 방이 그 방음이 잘 안 돼서 옆 문 그 첫 입구 문에만 서도 옆의 방이 뭐 유튜브 뭐 듣고 있는지 무슨 대화하고 있는지가 너무 잘 들려서 쪼끔 부담스럽긴 해. 근데 위에는 아무도 사람이 안 사니까 내가 살기에는 어 소음이 없어서 되게 좋은 거 같아. 그거 말고도 본가 살 때는 위층이 아빠 지인이 살았었는데 그래서 막 소음이 나도 뭐라 하기가 좀 그랬던 경험이 있어. 너는 지금 몇 층 정도에 살아? 층간 소음은 없어? 음 그 학 학교 들어오고 나서부터 2년 동안 여기 살고 올해 새로 계약해서 똑같은 데 연장해서 거기서 살고 있어. 아마 내년에는 교환 학생을 가서 없으니까 오빠가 혼자 살 거 같아 지금 같이 살고 있으니까. 그리고 사실 나는 올해 딱 계약 연장할 때쯤에 새로 구해서 따로따로 살고 싶었는데 아무래도 서울 뭐 월세가 비싸다 보니까 그냥 한집에서 해서 전세로 사는 게 낫겠다 싶어서 같이 살고 있는데. 어 아무래도 생활 패턴이나 그런 집안일 하는 거가 좀 안 맞아서 좀 그게 제일 힘들어서 따로 살고 싶었던 거 같아. 뭐 혼자 늦게 자고 그런 건 상관없는데 오빠가 게임을 하니까 늦게까지 게임하는 소리 계속 들려 오 들려 오고 하니까 나 자는 데 방에 돼서 그랬던 거 같아. 너는 그런 적은 없어? 어 중3 때까지 1곳에서 살았고 그 주 중3 이후에 약간 신도시 분양 그런 청약 담 당첨 돼 가지고 1번 이사를 갔었어. 근데 그 중3 때까지 계속 같은 지역에 살다 보니까 거기 유치원 초등학교 중학교 나오고 고등학교도 그쪽을 가려고 했는데 이사를 가게 돼서 혼자 떨어진 곳을 가니까 친구들이랑도 멀어지고 그러 그 뭐 원래 놀던 데에서도 못 놀고 이런 게 쪼끔 아쉽고 힘들긴 하더라고. 근데 집이 넓어서 되게 좋았던 거 같아. 나는 이사를 많이 안 해 봐서 막 해 보고 싶었다 이런 게 좀 컸었는데 주변에 이사 많이 다니는 사람은 안 그렇더라고. 이사를 그만 다니고 싶다 그러더라. 혹시 너도 그런 편이야? 음 나는 이사 간 다음에 우 이 이사 간 아파트 앞에 막 전원주택 같은 게 있는 거야. 그래서 나중에 이 또 이사를 가게 된다면은 저런 데에서 살고 싶다. 저런 데에서 마당에서 막 식물 키우고 동물 키우고 막 나만의 정원을 가꾸면서 2층 바 다락방에서 살고 싶다 막 이런 생각을 했었는데. 근데 막상 거기에 살면은 관리하는 게 되게 힘들어 보이더라고. 할머니 집도 그런 전원주택인데 조금만 뭘 관리를 안 해 줘도 잡초 자라고 먼지가 끼고 더러워지고 막 그런 게 많아서 관리가 힘들다고 하더라고. 근데 그럼에도 한 약간 한번쯤은 전원주택에 살고 싶다 이런 생각이 있는데. 너는 그런 어디에 살고 싶다 이런 로망 같은 게 있어? 어 전자레인지랑 냉장고 세탁기 이 이 정도는 원래 있었던 거 같고. 밥솥이랑 응 어 그 오븐 같은 거 뭐라고 하지. 그 아 에어프라이어는 사 왔고. 최근에 여름 되니까 벌레가 너무 많이 생기잖아. 특히 음식물에 벌레가 많이 생기는데 그래서 버리기가 너무 힘들어서 미생물로 분해해 주는 기계 그런 게 있더라고. 오빠가 인스타그램에서 찾아와서 막 우 이거 쓰자 막 그러면서 찾아왔던 기억이 있어. 그래서 그거를 지금 살까 고민 중에 있어. 그게 음식물 쓰레기를 넣으면은 미생물들이 분해를 해서 흙으로 바로 만들어 준대. 근데 그게 하루 만에 다 만들어 주고 냄새도 안 나서 좋다고 하더라고. 너는 혹시 집안일 같은 거는 어떻게 하는 편이야? 어 가끔 아니 자주 좀 싸운 싸우진 않고 이런 거에 대해 짜증을 내는 거 같긴 한데 내 방이 쓰레기 그 분리수거 하는 데 바로 앞에 있단 말이야. 그래서 오빠는 좀 멀어서 쓰레기 같은 걸 거기 내면 그만인데 나는 내고 나서 그게 분리수거가 잘 안 되어 있거나 막 더러운 게 섞여 있거나 하면은 냄새가 바로 내 방으로 들어온단 말이야. 그거 때문에 오빠한테 뭐라 한 적도 많았던 거 같고. 약간 분담 같은 게 예전에는 막 뭐 냉장고 청소 네가 1번 하면 내가 화장실 청소 1번 하고 이런 식으로 번갈아서 하자라고 말은 했는데 어느 순간 보니까 내가 다 하고 있더라고. 그래서 그거에 대해서 쌓아 놨다가 화내기 직전에 딱 말하면은 오빠가 또 눈치는 빨라 가지고 그제서야 부랴부랴 치우고 막 이래서 어 싸우지는 않았던 거 같아. 근데 자취를 하니까 확실히 본가 살 때는 엄마가 다 해 주고 그러는데 내가 다 해야 되니까 그게 힘든 거 같긴 해. 너는 자취하고 싶다는 생각은 없어? 아 나 처음에 집 들어올 때 막 냉장고랑 기본 가구에 막 여 연두색 띠가 막 둘러져 있는 거야. 기본 색깔로 막 있는 거야. 그래서 그걸 보고 아 진짜 별로다. 여기 살기 싫다 했었는데 막상 들어가 보니까 그런 거 별로 티도 안 나고 깔끔해 보이고 좋더라고. 그래서 그렇게 쓰고 있고. 뭔가 인테리어 아 그 자취하면 내 방식대로 바 집을 꾸미고 막 이렇게 써야지라는 생각은 있었는데 막상 있으니까 짐을 그 넣을 짐도 너무 많고 근데 그거에 비해 공간은 안 나오고 하니까 인테리어라고 할 것도 없이 그냥 짐을 넣어 놓은 거 같아. 내 방이 너무 작아서 옷장 같은 게 들어갈 공간이 안 나서 거실에다가 행거 설치해서 바로 옷 놓아두고. 그래서 뭔가 꾸미기도 애매하고 그랬던 거 같아. 너는 집 인테리어 어떤 편이야? 서울에서 살 수 있으면 좋을 거 같은데. 왜냐하면 여가 생활 같은 것도 훨씬 더 많이 할 수 있고 이제 거의 내 친구들이나 생활 반경이 서울에 중심에 맞춰져 있다 보니까 서울에서 생활하는 게 편하긴 한데 가끔씩 여기가 사람이 너무 많아서 내려가고 싶다라는 생각이 들긴 해. 근데 직장을 얻고 뭔가 더 발전을 하려면은 서울에서 사는 게 맞는 거 같아. 나는 그 본가 살 때는 지하에 헬스장이 있어서 그거를 썼단 말이야. 근데 자취를 하니까 그런 여가 시설 시 그 아무튼 시설들이 없어서 막 주변에서 주변 다른 헬스장을 등록해 놨단 말이야. 근데 너는 지금 어쨌든 본가에 살잖아. 큰 아파트에 사는데 그러면 거기에 막 여가 시설 같은 게 와 잘 마련되어 있어?,0.005747126436781609,0.017241379310344827,0.004597701149425287,0.0,0.005747126436781609,0.0034482758620689655,0.005747126436781609,0.008045977011494253,0.01839080459770115,0.029885057471264367,0.004597701149425287,0.027586206896551724,0.0,0.008045977011494253,0.0022988505747126436,0.0,0.0034482758620689655,0.0011494252873563218,0.03218390804597701,0.013793103448275862,0.0,0.0,0.0,0.0022988505747126436,0.0,0.004597701149425287,0.021839080459770115,0.0,0.0034482758620689655,0.0034482758620689655,0.04367816091954023,0.0,0.006896551724137931,0.0,0.004597701149425287,0.009195402298850575,0.0,0.0,0.011494252873563218,0.0011494252873563218,0.0,0.0022988505747126436,0.0,0.0,0.034482758620689655,0.004597701149425287,0.013793103448275862,0.0022988505747126436,0.004597701149425287,0.0367816091954023,0.009195402298850575,0.0011494252873563218,0.0,0.0022988505747126436,0.0,0.0011494252873563218,0.0011494252873563218,0.0022988505747126436,0.0,0.006896551724137931,0.0,0.0,0.0,0.0011494252873563218,0.006896551724137931,0.0022988505747126436,0.0022988505747126436,0.0011494252873563218,0.0011494252873563218,0.0,0.0,0.0,0.0022988505747126436,0.0,0.0,0.005747126436781609,0.0022988505747126436,0.0,0.006896551724137931,0.010344827586206896,0.0011494252873563218,0.0,0.0,0.0,0.0,0.004597701149425287,0.0034482758620689655,0.0,0.0022988505747126436,0.004597701149425287,0.0,0.0022988505747126436,0.0,0.0011494252873563218,0.0,0.0011494252873563218,0.0011494252873563218,0.0011494252873563218,0.0,0.0022988505747126436,0.004597701149425287,0.0011494252873563218,0.0,0.0,0.0,0.0,0.01264367816091954,0.009195402298850575,0.0,0.0011494252873563218,0.0011494252873563218,0.0022988505747126436,0.0011494252873563218,0.0,0.0,0.0011494252873563218,0.0,0.0,0.0011494252873563218,0.011494252873563218,0.0,0.005747126436781609,0.0011494252873563218,0.0,0.0022988505747126436,0.0011494252873563218,0.0011494252873563218,0.0,0.0022988505747126436,0.0,0.0,0.0,0.0,0.0034482758620689655,0.0,0.0,0.01839080459770115,0.0022988505747126436,0.0,0.0,0.0022988505747126436,0.0022988505747126436,0.0022988505747126436,0.0,0.0,0.005747126436781609,0.0011494252873563218,0.0,0.008045977011494253,0.0022988505747126436,0.0011494252873563218,0.005747126436781609,0.0011494252873563218,0.0,0.0,0.0011494252873563218,0.0,0.0011494252873563218,0.006896551724137931,0.0011494252873563218,0.0,0.0034482758620689655,0.0,0.0,0.0,0.004597701149425287,0.0011494252873563218,0.0011494252873563218,0.0,0.0,0.0011494252873563218,0.0,0.0,0.0,0.006896551724137931,0.0,0.0,0.0,0.0,0.0,0.0011494252873563218,0.0,0.0034482758620689655,0.0022988505747126436,0.0,0.0022988505747126436,0.0,0.0022988505747126436,0.0022988505747126436,0.0,0.0,0.0,0.0022988505747126436,0.0,0.0,0.0011494252873563218,0.0,0.0,0.0,0.0,0.0034482758620689655,0.0,0.004597701149425287,0.0,0.0,0.0,0.0,0.0,0.0,0.0011494252873563218,0.0,0.0,0.0,0.0,0.0011494252873563218,0.0,0.0011494252873563218,0.0,0.0011494252873563218,0.0,0.0022988505747126436,0.0,0.0011494252873563218,0.0022988505747126436,0.0,0.0,0.005747126436781609,0.0,0.0022988505747126436,0.0,0.0,0.0,0.0,0.0,0.0,0.0,0.0,0.0,0.0022988505747126436,0.0,0.0,0.0,0.004597701149425287,0.0,0.0,0.0,0.0,0.0,0.0,0.0,0.0,0.0,0.0,0.0,0.0,0.0,0.006896551724137931,0.0034482758620689655,0.0011494252873563218,0.0011494252873563218,0.0011494252873563218,0.0011494252873563218,0.0022988505747126436,0.0022988505747126436,0.0011494252873563218,0.0011494252873563218,0.0011494252873563218,0.0011494252873563218,0.0011494252873563218,0.0011494252873563218,0.0034482758620689655,0.0011494252873563218,0.005747126436781609,0.0011494252873563218,0.0011494252873563218,0.0011494252873563218,0.0022988505747126436,0.0022988505747126436,0.0011494252873563218,0.0022988505747126436,0.0011494252873563218,0.0011494252873563218,0.0011494252873563218,0.0011494252873563218,0.0022988505747126436,0.0011494252873563218,0.0011494252873563218,0.0011494252873563218,0.0022988505747126436,0.0011494252873563218,0.0011494252873563218,0.0011494252873563218,0.0011494252873563218,0.0011494252873563218,0.0011494252873563218,0.0011494252873563218,0.0011494252873563218,0.0022988505747126436,0.0022988505747126436,0.0011494252873563218,0.0011494252873563218,0.0011494252873563218,0.0022988505747126436,0.0011494252873563218,0.0011494252873563218,0.0034482758620689655,0.0011494252873563218,0.0011494252873563218,0.0011494252873563218,0.0011494252873563218,0.0011494252873563218,0.0011494252873563218,0.0011494252873563218,0.0022988505747126436,0.0011494252873563218,0.0022988505747126436,0.0022988505747126436,0.0011494252873563218,0.0011494252873563218,0.0034482758620689655,0.0011494252873563218,0.0011494252873563218,0.0022988505747126436,0.0011494252873563218,0.0022988505747126436,0.0011494252873563218,0.0011494252873563218,0.0022988505747126436,0.0011494252873563218,0.0011494252873563218,0.0011494252873563218,0.0022988505747126436,0.0011494252873563218,0.0034482758620689655,0.0034482758620689655,0.0022988505747126436,0.0011494252873563218,0.0011494252873563218,0.0011494252873563218,0.0011494252873563218,0.0011494252873563218,0.0011494252873563218,0.0011494252873563218,0.004597701149425287,0.0011494252873563218,0.0011494252873563218,0.0011494252873563218,0.0011494252873563218,0.0022988505747126436,0.0011494252873563218,0.0011494252873563218,0.0011494252873563218,0.0034482758620689655,0.0011494252873563218,0.0011494252873563218,0.0011494252873563218,0.0011494252873563218,0.0022988505747126436,0.0011494252873563218,0.0022988505747126436,0.0022988505747126436,0.0022988505747126436,0.0011494252873563218,0.0011494252873563218,0.0011494252873563218,0.0011494252873563218,0.0022988505747126436,0.0011494252873563218,0.0034482758620689655,0.0034482758620689655,0.0011494252873563218,0.004597701149425287,0.0011494252873563218,0.0011494252873563218,0.0022988505747126436,0.0022988505747126436,0.0011494252873563218,0.0011494252873563218,0.0011494252873563218,0.0022988505747126436,0.0011494252873563218,0.0022988505747126436,0.0022988505747126436,0.0011494252873563218,0.0011494252873563218,0.0011494252873563218,0.0011494252873563218,0.0011494252873563218,0.0011494252873563218,0.0011494252873563218,0.0011494252873563218,0.0011494252873563218,0.0011494252873563218,0.0011494252873563218,0.0011494252873563218,0.0022988505747126436,0.0011494252873563218,0.0011494252873563218,0.0011494252873563218,0.0011494252873563218,0.0011494252873563218,0.0011494252873563218,0.0011494252873563218,0.0011494252873563218,0.0011494252873563218,0.0011494252873563218,0.0011494252873563218,0.0022988505747126436,0.0011494252873563218,0.0011494252873563218,0.0011494252873563218,0.0011494252873563218,0.0011494252873563218,0.0022988505747126436,0.0011494252873563218,0.0022988505747126436,0.0011494252873563218,0.0011494252873563218,0.0011494252873563218,0.0034482758620689655,0.0011494252873563218,0.0011494252873563218,0.0011494252873563218,0.0011494252873563218,0.0011494252873563218,0.0011494252873563218,0.0011494252873563218,0.0011494252873563218,0.0011494252873563218,0.0011494252873563218,0.0011494252873563218,0.0011494252873563218,0.0034482758620689655,0.0011494252873563218,0.0022988505747126436,0.0011494252873563218,0.0011494252873563218,0.0011494252873563218,0.0011494252873563218,0.0011494252873563218,0.0011494252873563218,0.0011494252873563218,0.0011494252873563218,0.0011494252873563218,0.0011494252873563218,0.0011494252873563218,0.0011494252873563218,0.0011494252873563218,0.0011494252873563218,0.0011494252873563218,0.0011494252873563218,0.0011494252873563218,0.0011494252873563218,0.0,0.0,0.0,0.0,0.0,0.0,0.0,0.0,0.0,0.0,0.0,0.0,0.0,0.0,0.0,0.0,0.0,0.0,0.0,0.0,0.0,0.0,0.0,0.0,0.0,0.0,0.0,0.0,0.0,0.0,0.0,0.0,0.0,0.0,0.0,0.0,0.0,0.0,0.0,0.0,0.0,0.0,0.0,0.0,0.0,0.0,0.0,0.0,0.0,0.0,0.0,0.0,0.0,0.0,0.0,0.0,0.0,0.0,0.0,0.0,0.0,0.0,0.0,0.0,0.0,0.0,0.0,0.0,0.0,0.0,0.0,0.0,0.0,0.0,0.0,0.0,0.0,0.0,0.0,0.0,0.0,0.0,0.0,0.0,0.0,0.0,0.0,0.0,0.0,0.0,0.0,0.0,0.0,0.0,0.0,0.0,0.0,0.0,0.0,0.0,0.0,0.0,0.0,0.21109028298184157,0.0,0.0,0.0,0.0,0.0,0.0,0.0,0.0,0.0,0.0,0.0,0.0,0.0,0.0,0.0,0.0,0.0,0.0,0.3370477181699825,0.0,0.0,0.0,0.0,0.0,0.0,0.3370477181699825,0.0,0.0,0.0,0.0,0.0,0.0,0.0,0.0,0.0,0.0,0.0,0.0,0.0,0.0,0.0,0.0,0.0,0.0,0.0,0.0,0.0,0.0,0.0,0.0,0.0,0.0,0.0,0.0,0.0,0.0,0.0,0.0,0.0,0.0,0.0,0.0,0.0,0.0,0.0,0.0,0.0,0.0,0.0,0.0,0.0,0.0,0.0,0.0,0.0,0.0,0.0,0.0,0.0,0.0,0.0,0.0,0.0,0.0,0.0,0.0,0.0,0.0,0.0,0.0,0.0,0.0,0.0,0.0,0.0,0.0,0.0,0.0,0.0,0.0,0.0,0.0,0.0,0.0,0.0,0.0,0.0,0.0,0.0,0.0,0.0,0.0,0.0,0.0,0.0,0.0,0.3370477181699825,0.0,0.0,0.0,0.0,0.0,0.0,0.0,0.0,0.0,0.0,0.0,0.0,0.0,0.0,0.0,0.0,0.0,0.0,0.0,0.0,0.0,0.0,0.0,0.0,0.0,0.0,0.2950619064406022,0.0,0.0,0.0,0.0,0.0,0.0,0.0,0.0,0.0,0.0,0.0,0.0,0.0,0.0,0.0,0.0,0.0,0.0,0.0,0.0,0.0,0.0,0.0,0.0,0.0,0.0,0.0,0.0,0.0,0.0,0.0,0.0,0.0,0.0,0.0,0.0,0.0,0.0,0.0,0.0,0.0,0.0,0.0,0.0,0.0,0.0,0.0,0.0,0.0,0.0,0.3370477181699825,0.0,0.0,0.2705017810165763,0.3370477181699825,0.0,0.0,0.0,0.0,0.0,0.0,0.0,0.0,0.0,0.0,0.0,0.0,0.0,0.0,0.0,0.0,0.0,0.0,0.0,0.0,0.0,0.0,0.0,0.0,0.0,0.0,0.0,0.0,0.0,0.0,0.0,0.0,0.0,0.0,0.0,0.0,0.0,0.0,0.0,0.0,0.0,0.0,0.0,0.0,0.0,0.0,0.0,0.0,0.0,0.0,0.0,0.0,0.0,0.0,0.0,0.0,0.0,0.0,0.0,0.0,0.0,0.0,0.0,0.0,0.0,0.0,0.0,0.0,0.0,0.0,0.0,0.0,0.0,0.0,0.0,0.0,0.0,0.0,0.0,0.0,0.0,0.0,0.0,0.0,0.0,0.0,0.0,0.0,0.0,0.0,0.0,0.0,0.0,0.0,0.0,0.0,0.0,0.0,0.0,0.0,0.0,0.0,0.0,0.0,0.0,0.0,0.0,0.0,0.0,0.0,0.0,0.0,0.0,0.0,0.0,0.0,0.0,0.0,0.0,0.0,0.0,0.0,0.0,0.0,0.0,0.0,0.0,0.0,0.0,0.0,0.0,0.0,0.0,0.0,0.0,0.0,0.0,0.0,0.0,0.0,0.0,0.0,0.0,0.0,0.0,0.0,0.0,0.0,0.0,0.0,0.0,0.0,0.0,0.0,0.0,0.0,0.0,0.0,0.0,0.0,0.0,0.0,0.0,0.0,0.0,0.0,0.0,0.0,0.0,0.0,0.0,0.0,0.0,0.0,0.0,0.0,0.0,0.0,0.0,0.0,0.0,0.0,0.0,0.0,0.0,0.0,0.0,0.0,0.0,0.0,0.0,0.0,0.0,0.0,0.0,0.0,0.0,0.0,0.0,0.0,0.0,0.0,0.0,0.0,0.0,0.0,0.0,0.0,0.0,0.0,0.0,0.0,0.0,0.0,0.0,0.0,0.0,0.0,0.0,0.0,0.0,0.0,0.0,0.0,0.0,0.0,0.0,0.0,0.0,0.0,0.0,0.0,0.0,0.0,0.0,0.0,0.0,0.0,0.0,0.0,0.0,0.0,0.0,0.0,0.0,0.0,0.0,0.0,0.0,0.0,0.0,0.0,0.0,0.0,0.0,0.0,0.0,0.0,0.0,0.0,0.0,0.0,0.0,0.0,0.0,0.0,0.0,0.0,0.0,0.0,0.0,0.0,0.0,0.0,0.0,0.0,0.0,0.0,0.0,0.0,0.0,0.0,0.0,0.0,0.0,0.0,0.0,0.0,0.0,0.0,0.0,0.0,0.3370477181699825,0.0,0.0,0.0,0.0,0.0,0.0,0.0,0.0,0.0,0.0,0.0,0.0,0.0,0.0,0.0,0.0,0.0,0.0,0.0,0.0,0.0,0.0,0.0,0.0,0.0,0.0,0.0,0.0,0.0,0.0,0.0,0.0,0.0,0.0,0.0,0.0,0.0,0.0,0.0,0.0,0.0,0.0,0.0,0.0,0.0,0.0,0.0,0.0,0.0,0.0,0.0,0.0,0.0,0.0,0.0,0.0,0.0,0.0,0.0,0.0,0.0,0.0,0.0,0.0,0.0,0.0,0.0,0.0,0.0,0.0,0.3370477181699825,0.0,0.0,0.0,0.0,0.0,0.0,0.0,0.0,0.0,0.0,0.0,0.0,0.0,0.0,0.0,0.0,0.0,0.0,0.0,0.0,0.0,0.0,0.0,0.0,0.0,0.0,0.0,0.0,0.0,0.0,0.0,0.0,0.0,0.0,0.0,0.0,0.0,0.0,0.0,0.0,0.0,0.0,0.0,0.0,0.0,0.0,0.0,0.0,0.0,0.0,0.0,0.0,0.0,0.0,0.0,0.0,0.0,0.0,0.0,0.0
SD2401268,20대,음 근데 우리집이 꼭대기 층이라 그런지 좀 괜찮은 거 같은데. 층간 소음은 없는데 벽간 소음이 쪼금 있는 거 같아. 방이 그 방음이 잘 안 돼서 옆 문 그 첫 입구 문에만 서도 옆의 방이 뭐 유튜브 뭐 듣고 있는지 무슨 대화하고 있는지가 너무 잘 들려서 쪼끔 부담스럽긴 해. 근데 위에는 아무도 사람이 안 사니까 내가 살기에는 어 소음이 없어서 되게 좋은 거 같아. 그거 말고도 본가 살 때는 위층이 아빠 지인이 살았었는데 그래서 막 소음이 나도 뭐라 하기가 좀 그랬던 경험이 있어. 너는 지금 몇 층 정도에 살아? 층간 소음은 없어? 음 그 학 학교 들어오고 나서부터 2년 동안 여기 살고 올해 새로 계약해서 똑같은 데 연장해서 거기서 살고 있어. 아마 내년에는 교환 학생을 가서 없으니까 오빠가 혼자 살 거 같아 지금 같이 살고 있으니까. 그리고 사실 나는 올해 딱 계약 연장할 때쯤에 새로 구해서 따로따로 살고 싶었는데 아무래도 서울 뭐 월세가 비싸다 보니까 그냥 한집에서 해서 전세로 사는 게 낫겠다 싶어서 같이 살고 있는데. 어 아무래도 생활 패턴이나 그런 집안일 하는 거가 좀 안 맞아서 좀 그게 제일 힘들어서 따로 살고 싶었던 거 같아. 뭐 혼자 늦게 자고 그런 건 상관없는데 오빠가 게임을 하니까 늦게까지 게임하는 소리 계속 들려 오 들려 오고 하니까 나 자는 데 방에 돼서 그랬던 거 같아. 너는 그런 적은 없어? 어 중3 때까지 1곳에서 살았고 그 주 중3 이후에 약간 신도시 분양 그런 청약 담 당첨 돼 가지고 1번 이사를 갔었어. 근데 그 중3 때까지 계속 같은 지역에 살다 보니까 거기 유치원 초등학교 중학교 나오고 고등학교도 그쪽을 가려고 했는데 이사를 가게 돼서 혼자 떨어진 곳을 가니까 친구들이랑도 멀어지고 그러 그 뭐 원래 놀던 데에서도 못 놀고 이런 게 쪼끔 아쉽고 힘들긴 하더라고. 근데 집이 넓어서 되게 좋았던 거 같아. 나는 이사를 많이 안 해 봐서 막 해 보고 싶었다 이런 게 좀 컸었는데 주변에 이사 많이 다니는 사람은 안 그렇더라고. 이사를 그만 다니고 싶다 그러더라. 혹시 너도 그런 편이야? 음 나는 이사 간 다음에 우 이 이사 간 아파트 앞에 막 전원주택 같은 게 있는 거야. 그래서 나중에 이 또 이사를 가게 된다면은 저런 데에서 살고 싶다. 저런 데에서 마당에서 막 식물 키우고 동물 키우고 막 나만의 정원을 가꾸면서 2층 바 다락방에서 살고 싶다 막 이런 생각을 했었는데. 근데 막상 거기에 살면은 관리하는 게 되게 힘들어 보이더라고. 할머니 집도 그런 전원주택인데 조금만 뭘 관리를 안 해 줘도 잡초 자라고 먼지가 끼고 더러워지고 막 그런 게 많아서 관리가 힘들다고 하더라고. 근데 그럼에도 한 약간 한번쯤은 전원주택에 살고 싶다 이런 생각이 있는데. 너는 그런 어디에 살고 싶다 이런 로망 같은 게 있어? 어 전자레인지랑 냉장고 세탁기 이 이 정도는 원래 있었던 거 같고. 밥솥이랑 응 어 그 오븐 같은 거 뭐라고 하지. 그 아 에어프라이어는 사 왔고. 최근에 여름 되니까 벌레가 너무 많이 생기잖아. 특히 음식물에 벌레가 많이 생기는데 그래서 버리기가 너무 힘들어서 미생물로 분해해 주는 기계 그런 게 있더라고. 오빠가 인스타그램에서 찾아와서 막 우 이거 쓰자 막 그러면서 찾아왔던 기억이 있어. 그래서 그거를 지금 살까 고민 중에 있어. 그게 음식물 쓰레기를 넣으면은 미생물들이 분해를 해서 흙으로 바로 만들어 준대. 근데 그게 하루 만에 다 만들어 주고 냄새도 안 나서 좋다고 하더라고. 너는 혹시 집안일 같은 거는 어떻게 하는 편이야? 어 가끔 아니 자주 좀 싸운 싸우진 않고 이런 거에 대해 짜증을 내는 거 같긴 한데 내 방이 쓰레기 그 분리수거 하는 데 바로 앞에 있단 말이야. 그래서 오빠는 좀 멀어서 쓰레기 같은 걸 거기 내면 그만인데 나는 내고 나서 그게 분리수거가 잘 안 되어 있거나 막 더러운 게 섞여 있거나 하면은 냄새가 바로 내 방으로 들어온단 말이야. 그거 때문에 오빠한테 뭐라 한 적도 많았던 거 같고. 약간 분담 같은 게 예전에는 막 뭐 냉장고 청소 네가 1번 하면 내가 화장실 청소 1번 하고 이런 식으로 번갈아서 하자라고 말은 했는데 어느 순간 보니까 내가 다 하고 있더라고. 그래서 그거에 대해서 쌓아 놨다가 화내기 직전에 딱 말하면은 오빠가 또 눈치는 빨라 가지고 그제서야 부랴부랴 치우고 막 이래서 어 싸우지는 않았던 거 같아. 근데 자취를 하니까 확실히 본가 살 때는 엄마가 다 해 주고 그러는데 내가 다 해야 되니까 그게 힘든 거 같긴 해. 너는 자취하고 싶다는 생각은 없어? 아 나 처음에 집 들어올 때 막 냉장고랑 기본 가구에 막 여 연두색 띠가 막 둘러져 있는 거야. 기본 색깔로 막 있는 거야. 그래서 그걸 보고 아 진짜 별로다. 여기 살기 싫다 했었는데 막상 들어가 보니까 그런 거 별로 티도 안 나고 깔끔해 보이고 좋더라고. 그래서 그렇게 쓰고 있고. 뭔가 인테리어 아 그 자취하면 내 방식대로 바 집을 꾸미고 막 이렇게 써야지라는 생각은 있었는데 막상 있으니까 짐을 그 넣을 짐도 너무 많고 근데 그거에 비해 공간은 안 나오고 하니까 인테리어라고 할 것도 없이 그냥 짐을 넣어 놓은 거 같아. 내 방이 너무 작아서 옷장 같은 게 들어갈 공간이 안 나서 거실에다가 행거 설치해서 바로 옷 놓아두고. 그래서 뭔가 꾸미기도 애매하고 그랬던 거 같아. 너는 집 인테리어 어떤 편이야? 서울에서 살 수 있으면 좋을 거 같은데. 왜냐하면 여가 생활 같은 것도 훨씬 더 많이 할 수 있고 이제 거의 내 친구들이나 생활 반경이 서울에 중심에 맞춰져 있다 보니까 서울에서 생활하는 게 편하긴 한데 가끔씩 여기가 사람이 너무 많아서 내려가고 싶다라는 생각이 들긴 해. 근데 직장을 얻고 뭔가 더 발전을 하려면은 서울에서 사는 게 맞는 거 같아. 나는 그 본가 살 때는 지하에 헬스장이 있어서 그거를 썼단 말이야. 근데 자취를 하니까 그런 여가 시설 시 그 아무튼 시설들이 없어서 막 주변에서 주변 다른 헬스장을 등록해 놨단 말이야. 근데 너는 지금 어쨌든 본가에 살잖아. 큰 아파트에 사는데 그러면 거기에 막 여가 시설 같은 게 와 잘 마련되어 있어?,0.005747126436781609,0.017241379310344827,0.004597701149425287,0.0,0.005747126436781609,0.0034482758620689655,0.005747126436781609,0.008045977011494253,0.01839080459770115,0.029885057471264367,0.004597701149425287,0.027586206896551724,0.0,0.008045977011494253,0.0022988505747126436,0.0,0.0034482758620689655,0.0011494252873563218,0.03218390804597701,0.013793103448275862,0.0,0.0,0.0,0.0022988505747126436,0.0,0.004597701149425287,0.021839080459770115,0.0,0.0034482758620689655,0.0034482758620689655,0.04367816091954023,0.0,0.006896551724137931,0.0,0.004597701149425287,0.009195402298850575,0.0,0.0,0.011494252873563218,0.0011494252873563218,0.0,0.0022988505747126436,0.0,0.0,0.034482758620689655,0.004597701149425287,0.013793103448275862,0.0022988505747126436,0.004597701149425287,0.0367816091954023,0.009195402298850575,0.0011494252873563218,0.0,0.0022988505747126436,0.0,0.0011494252873563218,0.0011494252873563218,0.0022988505747126436,0.0,0.006896551724137931,0.0,0.0,0.0,0.0011494252873563218,0.006896551724137931,0.0022988505747126436,0.0022988505747126436,0.0011494252873563218,0.0011494252873563218,0.0,0.0,0.0,0.0022988505747126436,0.0,0.0,0.005747126436781609,0.0022988505747126436,0.0,0.006896551724137931,0.010344827586206896,0.0011494252873563218,0.0,0.0,0.0,0.0,0.004597701149425287,0.0034482758620689655,0.0,0.0022988505747126436,0.004597701149425287,0.0,0.0022988505747126436,0.0,0.0011494252873563218,0.0,0.0011494252873563218,0.0011494252873563218,0.0011494252873563218,0.0,0.0022988505747126436,0.004597701149425287,0.0011494252873563218,0.0,0.0,0.0,0.0,0.01264367816091954,0.009195402298850575,0.0,0.0011494252873563218,0.0011494252873563218,0.0022988505747126436,0.0011494252873563218,0.0,0.0,0.0011494252873563218,0.0,0.0,0.0011494252873563218,0.011494252873563218,0.0,0.005747126436781609,0.0011494252873563218,0.0,0.0022988505747126436,0.0011494252873563218,0.0011494252873563218,0.0,0.0022988505747126436,0.0,0.0,0.0,0.0,0.0034482758620689655,0.0,0.0,0.01839080459770115,0.0022988505747126436,0.0,0.0,0.0022988505747126436,0.0022988505747126436,0.0022988505747126436,0.0,0.0,0.005747126436781609,0.0011494252873563218,0.0,0.008045977011494253,0.0022988505747126436,0.0011494252873563218,0.005747126436781609,0.0011494252873563218,0.0,0.0,0.0011494252873563218,0.0,0.0011494252873563218,0.006896551724137931,0.0011494252873563218,0.0,0.0034482758620689655,0.0,0.0,0.0,0.004597701149425287,0.0011494252873563218,0.0011494252873563218,0.0,0.0,0.0011494252873563218,0.0,0.0,0.0,0.006896551724137931,0.0,0.0,0.0,0.0,0.0,0.0011494252873563218,0.0,0.0034482758620689655,0.0022988505747126436,0.0,0.0022988505747126436,0.0,0.0022988505747126436,0.0022988505747126436,0.0,0.0,0.0,0.0022988505747126436,0.0,0.0,0.0011494252873563218,0.0,0.0,0.0,0.0,0.0034482758620689655,0.0,0.004597701149425287,0.0,0.0,0.0,0.0,0.0,0.0,0.0011494252873563218,0.0,0.0,0.0,0.0,0.0011494252873563218,0.0,0.0011494252873563218,0.0,0.0011494252873563218,0.0,0.0022988505747126436,0.0,0.0011494252873563218,0.0022988505747126436,0.0,0.0,0.005747126436781609,0.0,0.0022988505747126436,0.0,0.0,0.0,0.0,0.0,0.0,0.0,0.0,0.0,0.0022988505747126436,0.0,0.0,0.0,0.004597701149425287,0.0,0.0,0.0,0.0,0.0,0.0,0.0,0.0,0.0,0.0,0.0,0.0,0.0,0.006896551724137931,0.0034482758620689655,0.0011494252873563218,0.0011494252873563218,0.0011494252873563218,0.0011494252873563218,0.0022988505747126436,0.0022988505747126436,0.0011494252873563218,0.0011494252873563218,0.0011494252873563218,0.0011494252873563218,0.0011494252873563218,0.0011494252873563218,0.0034482758620689655,0.0011494252873563218,0.005747126436781609,0.0011494252873563218,0.0011494252873563218,0.0011494252873563218,0.0022988505747126436,0.0022988505747126436,0.0011494252873563218,0.0022988505747126436,0.0011494252873563218,0.0011494252873563218,0.0011494252873563218,0.0011494252873563218,0.0022988505747126436,0.0011494252873563218,0.0011494252873563218,0.0011494252873563218,0.0022988505747126436,0.0011494252873563218,0.0011494252873563218,0.0011494252873563218,0.0011494252873563218,0.0011494252873563218,0.0011494252873563218,0.0011494252873563218,0.0011494252873563218,0.0022988505747126436,0.0022988505747126436,0.0011494252873563218,0.0011494252873563218,0.0011494252873563218,0.0022988505747126436,0.0011494252873563218,0.0011494252873563218,0.0034482758620689655,0.0011494252873563218,0.0011494252873563218,0.0011494252873563218,0.0011494252873563218,0.0011494252873563218,0.0011494252873563218,0.0011494252873563218,0.0022988505747126436,0.0011494252873563218,0.0022988505747126436,0.0022988505747126436,0.0011494252873563218,0.0011494252873563218,0.0034482758620689655,0.0011494252873563218,0.0011494252873563218,0.0022988505747126436,0.0011494252873563218,0.0022988505747126436,0.0011494252873563218,0.0011494252873563218,0.0022988505747126436,0.0011494252873563218,0.0011494252873563218,0.0011494252873563218,0.0022988505747126436,0.0011494252873563218,0.0034482758620689655,0.0034482758620689655,0.0022988505747126436,0.0011494252873563218,0.0011494252873563218,0.0011494252873563218,0.0011494252873563218,0.0011494252873563218,0.0011494252873563218,0.0011494252873563218,0.004597701149425287,0.0011494252873563218,0.0011494252873563218,0.0011494252873563218,0.0011494252873563218,0.0022988505747126436,0.0011494252873563218,0.0011494252873563218,0.0011494252873563218,0.0034482758620689655,0.0011494252873563218,0.0011494252873563218,0.0011494252873563218,0.0011494252873563218,0.0022988505747126436,0.0011494252873563218,0.0022988505747126436,0.0022988505747126436,0.0022988505747126436,0.0011494252873563218,0.0011494252873563218,0.0011494252873563218,0.0011494252873563218,0.0022988505747126436,0.0011494252873563218,0.0034482758620689655,0.0034482758620689655,0.0011494252873563218,0.004597701149425287,0.0011494252873563218,0.0011494252873563218,0.0022988505747126436,0.0022988505747126436,0.0011494252873563218,0.0011494252873563218,0.0011494252873563218,0.0022988505747126436,0.0011494252873563218,0.0022988505747126436,0.0022988505747126436,0.0011494252873563218,0.0011494252873563218,0.0011494252873563218,0.0011494252873563218,0.0011494252873563218,0.0011494252873563218,0.0011494252873563218,0.0011494252873563218,0.0011494252873563218,0.0011494252873563218,0.0011494252873563218,0.0011494252873563218,0.0022988505747126436,0.0011494252873563218,0.0011494252873563218,0.0011494252873563218,0.0011494252873563218,0.0011494252873563218,0.0011494252873563218,0.0011494252873563218,0.0011494252873563218,0.0011494252873563218,0.0011494252873563218,0.0011494252873563218,0.0022988505747126436,0.0011494252873563218,0.0011494252873563218,0.0011494252873563218,0.0011494252873563218,0.0011494252873563218,0.0022988505747126436,0.0011494252873563218,0.0022988505747126436,0.0011494252873563218,0.0011494252873563218,0.0011494252873563218,0.0034482758620689655,0.0011494252873563218,0.0011494252873563218,0.0011494252873563218,0.0011494252873563218,0.0011494252873563218,0.0011494252873563218,0.0011494252873563218,0.0011494252873563218,0.0011494252873563218,0.0011494252873563218,0.0011494252873563218,0.0011494252873563218,0.0034482758620689655,0.0011494252873563218,0.0022988505747126436,0.0011494252873563218,0.0011494252873563218,0.0011494252873563218,0.0011494252873563218,0.0011494252873563218,0.0011494252873563218,0.0011494252873563218,0.0011494252873563218,0.0011494252873563218,0.0011494252873563218,0.0011494252873563218,0.0011494252873563218,0.0011494252873563218,0.0011494252873563218,0.0011494252873563218,0.0011494252873563218,0.0011494252873563218,0.0011494252873563218,0.0,0.0,0.0,0.0,0.0,0.0,0.0,0.0,0.0,0.0,0.0,0.0,0.0,0.0,0.0,0.0,0.0,0.0,0.0,0.0,0.0,0.0,0.0,0.0,0.0,0.0,0.0,0.0,0.0,0.0,0.0,0.0,0.0,0.0,0.0,0.0,0.0,0.0,0.0,0.0,0.0,0.0,0.0,0.0,0.0,0.0,0.0,0.0,0.0,0.0,0.0,0.0,0.0,0.0,0.0,0.0,0.0,0.0,0.0,0.0,0.0,0.0,0.0,0.0,0.0,0.0,0.0,0.0,0.0,0.0,0.0,0.0,0.0,0.0,0.0,0.0,0.0,0.0,0.0,0.0,0.0,0.0,0.0,0.0,0.0,0.0,0.0,0.0,0.0,0.0,0.0,0.0,0.0,0.0,0.38160018108661387,0.0,0.0,0.0,0.0,0.0,0.0,0.0,0.0,0.0,0.0,0.0,0.0,0.5868157068339332,0.0,0.0,0.0,0.0,0.0,0.0,0.0,0.0,0.0,0.0,0.0,0.0,0.0,0.0,0.0,0.0,0.0,0.0,0.0,0.0,0.0,0.0,0.0,0.0,0.0,0.0,0.0,0.0,0.0,0.0,0.0,0.0,0.0,0.0,0.0,0.0,0.0,0.0,0.0,0.0,0.0,0.0,0.0,0.0,0.0,0.0,0.0,0.0,0.0,0.0,0.0,0.0,0.0,0.0,0.0,0.0,0.0,0.0,0.0,0.0,0.0,0.0,0.0,0.0,0.0,0.0,0.0,0.0,0.0,0.0,0.0,0.0,0.0,0.0,0.0,0.0,0.0,0.0,0.0,0.0,0.0,0.0,0.0,0.0,0.0,0.0,0.0,0.0,0.0,0.0,0.0,0.0,0.0,0.0,0.0,0.0,0.0,0.0,0.0,0.0,0.0,0.0,0.0,0.0,0.0,0.0,0.0,0.0,0.0,0.0,0.0,0.0,0.0,0.0,0.0,0.0,0.0,0.0,0.0,0.0,0.0,0.0,0.0,0.0,0.0,0.0,0.0,0.0,0.0,0.0,0.0,0.0,0.0,0.0,0.0,0.0,0.0,0.0,0.0,0.0,0.0,0.0,0.0,0.0,0.0,0.0,0.0,0.0,0.0,0.0,0.0,0.0,0.0,0.0,0.0,0.0,0.0,0.0,0.0,0.0,0.0,0.0,0.0,0.0,0.0,0.0,0.0,0.0,0.0,0.0,0.0,0.0,0.0,0.0,0.0,0.0,0.0,0.0,0.0,0.0,0.0,0.0,0.0,0.0,0.0,0.0,0.0,0.0,0.0,0.0,0.0,0.0,0.0,0.0,0.0,0.0,0.0,0.0,0.0,0.0,0.0,0.0,0.0,0.0,0.0,0.0,0.0,0.0,0.0,0.0,0.0,0.0,0.0,0.0,0.0,0.0,0.0,0.0,0.0,0.0,0.0,0.0,0.0,0.0,0.0,0.0,0.0,0.0,0.0,0.0,0.0,0.0,0.0,0.0,0.0,0.0,0.0,0.0,0.0,0.0,0.0,0.0,0.0,0.0,0.0,0.0,0.0,0.0,0.0,0.0,0.0,0.0,0.0,0.0,0.0,0.0,0.0,0.0,0.0,0.0,0.0,0.0,0.0,0.0,0.0,0.0,0.0,0.0,0.0,0.0,0.0,0.0,0.0,0.0,0.0,0.0,0.0,0.0,0.0,0.0,0.0,0.0,0.0,0.0,0.0,0.0,0.0,0.0,0.0,0.0,0.0,0.0,0.0,0.0,0.0,0.0,0.0,0.0,0.0,0.0,0.5868157068339332,0.0,0.0,0.0,0.0,0.0,0.0,0.0,0.0,0.0,0.0,0.0,0.0,0.0,0.0,0.0,0.0,0.0,0.0,0.0,0.0,0.0,0.0,0.0,0.0,0.0,0.0,0.0,0.0,0.0,0.0,0.0,0.0,0.0,0.0,0.0,0.0,0.0,0.0,0.0,0.0,0.0,0.0,0.0,0.0,0.0,0.0,0.0,0.0,0.0,0.0,0.0,0.0,0.0,0.0,0.0,0.0,0.0,0.0,0.0,0.0,0.0,0.0,0.0,0.0,0.0,0.0,0.0,0.0,0.0,0.0,0.0,0.0,0.0,0.0,0.0,0.0,0.0,0.0,0.0,0.0,0.0,0.0,0.0,0.0,0.0,0.0,0.0,0.0,0.0,0.0,0.0,0.0,0.0,0.0,0.0,0.0,0.0,0.0,0.0,0.0,0.0,0.0,0.0,0.0,0.0,0.0,0.0,0.0,0.0,0.0,0.0,0.0,0.0,0.0,0.0,0.0,0.0,0.0,0.0,0.0,0.0,0.0,0.0,0.0,0.0,0.0,0.0,0.0,0.40703311194624714,0.0,0.0,0.0,0.0,0.0,0.0,0.0,0.0,0.0,0.0,0.0,0.0,0.0,0.0,0.0,0.0,0.0,0.0,0.0,0.0,0.0,0.0,0.0,0.0,0.0,0.0,0.0,0.0,0.0,0.0,0.0,0.0,0.0,0.0,0.0,0.0,0.0,0.0,0.0,0.0,0.0,0.0,0.0,0.0,0.0,0.0,0.0,0.0,0.0,0.0,0.0,0.0,0.0,0.0,0.0,0.0,0.0,0.0,0.0,0.0,0.0,0.0,0.0,0.0,0.0,0.0,0.0,0.0,0.0,0.0,0.0,0.0,0.0,0.0,0.0,0.0,0.0,0.0,0.0,0.0,0.0,0.0,0.0,0.0,0.0,0.0,0.0,0.0,0.0,0.0,0.0,0.0,0.0,0.0,0.0,0.0,0.0,0.0,0.0,0.0,0.0,0.0,0.0,0.0,0.0,0.0,0.0,0.0,0.0,0.0,0.0,0.0,0.0,0.0,0.0,0.0,0.0,0.0,0.0,0.0,0.0,0.0,0.0,0.0,0.0,0.0,0.0,0.0,0.0,0.0,0.0,0.0,0.0,0.0,0.0,0.0,0.0,0.0,0.0,0.0,0.0,0.0,0.0,0.0,0.0,0.0,0.0,0.0,0.0,0.0,0.0,0.0,0.0,0.0,0.0,0.0,0.0,0.0,0.0,0.0,0.0,0.0,0.0,0.0,0.0,0.0,0.0,0.0,0.0,0.0,0.0,0.0,0.0,0.0,0.0,0.0,0.0,0.0,0.0,0.0,0.0,0.0,0.0,0.0,0.0,0.0,0.0,0.0,0.0
SD2401268,20대,음 근데 우리집이 꼭대기 층이라 그런지 좀 괜찮은 거 같은데. 층간 소음은 없는데 벽간 소음이 쪼금 있는 거 같아. 방이 그 방음이 잘 안 돼서 옆 문 그 첫 입구 문에만 서도 옆의 방이 뭐 유튜브 뭐 듣고 있는지 무슨 대화하고 있는지가 너무 잘 들려서 쪼끔 부담스럽긴 해. 근데 위에는 아무도 사람이 안 사니까 내가 살기에는 어 소음이 없어서 되게 좋은 거 같아. 그거 말고도 본가 살 때는 위층이 아빠 지인이 살았었는데 그래서 막 소음이 나도 뭐라 하기가 좀 그랬던 경험이 있어. 너는 지금 몇 층 정도에 살아? 층간 소음은 없어? 음 그 학 학교 들어오고 나서부터 2년 동안 여기 살고 올해 새로 계약해서 똑같은 데 연장해서 거기서 살고 있어. 아마 내년에는 교환 학생을 가서 없으니까 오빠가 혼자 살 거 같아 지금 같이 살고 있으니까. 그리고 사실 나는 올해 딱 계약 연장할 때쯤에 새로 구해서 따로따로 살고 싶었는데 아무래도 서울 뭐 월세가 비싸다 보니까 그냥 한집에서 해서 전세로 사는 게 낫겠다 싶어서 같이 살고 있는데. 어 아무래도 생활 패턴이나 그런 집안일 하는 거가 좀 안 맞아서 좀 그게 제일 힘들어서 따로 살고 싶었던 거 같아. 뭐 혼자 늦게 자고 그런 건 상관없는데 오빠가 게임을 하니까 늦게까지 게임하는 소리 계속 들려 오 들려 오고 하니까 나 자는 데 방에 돼서 그랬던 거 같아. 너는 그런 적은 없어? 어 중3 때까지 1곳에서 살았고 그 주 중3 이후에 약간 신도시 분양 그런 청약 담 당첨 돼 가지고 1번 이사를 갔었어. 근데 그 중3 때까지 계속 같은 지역에 살다 보니까 거기 유치원 초등학교 중학교 나오고 고등학교도 그쪽을 가려고 했는데 이사를 가게 돼서 혼자 떨어진 곳을 가니까 친구들이랑도 멀어지고 그러 그 뭐 원래 놀던 데에서도 못 놀고 이런 게 쪼끔 아쉽고 힘들긴 하더라고. 근데 집이 넓어서 되게 좋았던 거 같아. 나는 이사를 많이 안 해 봐서 막 해 보고 싶었다 이런 게 좀 컸었는데 주변에 이사 많이 다니는 사람은 안 그렇더라고. 이사를 그만 다니고 싶다 그러더라. 혹시 너도 그런 편이야? 음 나는 이사 간 다음에 우 이 이사 간 아파트 앞에 막 전원주택 같은 게 있는 거야. 그래서 나중에 이 또 이사를 가게 된다면은 저런 데에서 살고 싶다. 저런 데에서 마당에서 막 식물 키우고 동물 키우고 막 나만의 정원을 가꾸면서 2층 바 다락방에서 살고 싶다 막 이런 생각을 했었는데. 근데 막상 거기에 살면은 관리하는 게 되게 힘들어 보이더라고. 할머니 집도 그런 전원주택인데 조금만 뭘 관리를 안 해 줘도 잡초 자라고 먼지가 끼고 더러워지고 막 그런 게 많아서 관리가 힘들다고 하더라고. 근데 그럼에도 한 약간 한번쯤은 전원주택에 살고 싶다 이런 생각이 있는데. 너는 그런 어디에 살고 싶다 이런 로망 같은 게 있어? 어 전자레인지랑 냉장고 세탁기 이 이 정도는 원래 있었던 거 같고. 밥솥이랑 응 어 그 오븐 같은 거 뭐라고 하지. 그 아 에어프라이어는 사 왔고. 최근에 여름 되니까 벌레가 너무 많이 생기잖아. 특히 음식물에 벌레가 많이 생기는데 그래서 버리기가 너무 힘들어서 미생물로 분해해 주는 기계 그런 게 있더라고. 오빠가 인스타그램에서 찾아와서 막 우 이거 쓰자 막 그러면서 찾아왔던 기억이 있어. 그래서 그거를 지금 살까 고민 중에 있어. 그게 음식물 쓰레기를 넣으면은 미생물들이 분해를 해서 흙으로 바로 만들어 준대. 근데 그게 하루 만에 다 만들어 주고 냄새도 안 나서 좋다고 하더라고. 너는 혹시 집안일 같은 거는 어떻게 하는 편이야? 어 가끔 아니 자주 좀 싸운 싸우진 않고 이런 거에 대해 짜증을 내는 거 같긴 한데 내 방이 쓰레기 그 분리수거 하는 데 바로 앞에 있단 말이야. 그래서 오빠는 좀 멀어서 쓰레기 같은 걸 거기 내면 그만인데 나는 내고 나서 그게 분리수거가 잘 안 되어 있거나 막 더러운 게 섞여 있거나 하면은 냄새가 바로 내 방으로 들어온단 말이야. 그거 때문에 오빠한테 뭐라 한 적도 많았던 거 같고. 약간 분담 같은 게 예전에는 막 뭐 냉장고 청소 네가 1번 하면 내가 화장실 청소 1번 하고 이런 식으로 번갈아서 하자라고 말은 했는데 어느 순간 보니까 내가 다 하고 있더라고. 그래서 그거에 대해서 쌓아 놨다가 화내기 직전에 딱 말하면은 오빠가 또 눈치는 빨라 가지고 그제서야 부랴부랴 치우고 막 이래서 어 싸우지는 않았던 거 같아. 근데 자취를 하니까 확실히 본가 살 때는 엄마가 다 해 주고 그러는데 내가 다 해야 되니까 그게 힘든 거 같긴 해. 너는 자취하고 싶다는 생각은 없어? 아 나 처음에 집 들어올 때 막 냉장고랑 기본 가구에 막 여 연두색 띠가 막 둘러져 있는 거야. 기본 색깔로 막 있는 거야. 그래서 그걸 보고 아 진짜 별로다. 여기 살기 싫다 했었는데 막상 들어가 보니까 그런 거 별로 티도 안 나고 깔끔해 보이고 좋더라고. 그래서 그렇게 쓰고 있고. 뭔가 인테리어 아 그 자취하면 내 방식대로 바 집을 꾸미고 막 이렇게 써야지라는 생각은 있었는데 막상 있으니까 짐을 그 넣을 짐도 너무 많고 근데 그거에 비해 공간은 안 나오고 하니까 인테리어라고 할 것도 없이 그냥 짐을 넣어 놓은 거 같아. 내 방이 너무 작아서 옷장 같은 게 들어갈 공간이 안 나서 거실에다가 행거 설치해서 바로 옷 놓아두고. 그래서 뭔가 꾸미기도 애매하고 그랬던 거 같아. 너는 집 인테리어 어떤 편이야? 서울에서 살 수 있으면 좋을 거 같은데. 왜냐하면 여가 생활 같은 것도 훨씬 더 많이 할 수 있고 이제 거의 내 친구들이나 생활 반경이 서울에 중심에 맞춰져 있다 보니까 서울에서 생활하는 게 편하긴 한데 가끔씩 여기가 사람이 너무 많아서 내려가고 싶다라는 생각이 들긴 해. 근데 직장을 얻고 뭔가 더 발전을 하려면은 서울에서 사는 게 맞는 거 같아. 나는 그 본가 살 때는 지하에 헬스장이 있어서 그거를 썼단 말이야. 근데 자취를 하니까 그런 여가 시설 시 그 아무튼 시설들이 없어서 막 주변에서 주변 다른 헬스장을 등록해 놨단 말이야. 근데 너는 지금 어쨌든 본가에 살잖아. 큰 아파트에 사는데 그러면 거기에 막 여가 시설 같은 게 와 잘 마련되어 있어?,0.005747126436781609,0.017241379310344827,0.004597701149425287,0.0,0.005747126436781609,0.0034482758620689655,0.005747126436781609,0.008045977011494253,0.01839080459770115,0.029885057471264367,0.004597701149425287,0.027586206896551724,0.0,0.008045977011494253,0.0022988505747126436,0.0,0.0034482758620689655,0.0011494252873563218,0.03218390804597701,0.013793103448275862,0.0,0.0,0.0,0.0022988505747126436,0.0,0.004597701149425287,0.021839080459770115,0.0,0.0034482758620689655,0.0034482758620689655,0.04367816091954023,0.0,0.006896551724137931,0.0,0.004597701149425287,0.009195402298850575,0.0,0.0,0.011494252873563218,0.0011494252873563218,0.0,0.0022988505747126436,0.0,0.0,0.034482758620689655,0.004597701149425287,0.013793103448275862,0.0022988505747126436,0.004597701149425287,0.0367816091954023,0.009195402298850575,0.0011494252873563218,0.0,0.0022988505747126436,0.0,0.0011494252873563218,0.0011494252873563218,0.0022988505747126436,0.0,0.006896551724137931,0.0,0.0,0.0,0.0011494252873563218,0.006896551724137931,0.0022988505747126436,0.0022988505747126436,0.0011494252873563218,0.0011494252873563218,0.0,0.0,0.0,0.0022988505747126436,0.0,0.0,0.005747126436781609,0.0022988505747126436,0.0,0.006896551724137931,0.010344827586206896,0.0011494252873563218,0.0,0.0,0.0,0.0,0.004597701149425287,0.0034482758620689655,0.0,0.0022988505747126436,0.004597701149425287,0.0,0.0022988505747126436,0.0,0.0011494252873563218,0.0,0.0011494252873563218,0.0011494252873563218,0.0011494252873563218,0.0,0.0022988505747126436,0.004597701149425287,0.0011494252873563218,0.0,0.0,0.0,0.0,0.01264367816091954,0.009195402298850575,0.0,0.0011494252873563218,0.0011494252873563218,0.0022988505747126436,0.0011494252873563218,0.0,0.0,0.0011494252873563218,0.0,0.0,0.0011494252873563218,0.011494252873563218,0.0,0.005747126436781609,0.0011494252873563218,0.0,0.0022988505747126436,0.0011494252873563218,0.0011494252873563218,0.0,0.0022988505747126436,0.0,0.0,0.0,0.0,0.0034482758620689655,0.0,0.0,0.01839080459770115,0.0022988505747126436,0.0,0.0,0.0022988505747126436,0.0022988505747126436,0.0022988505747126436,0.0,0.0,0.005747126436781609,0.0011494252873563218,0.0,0.008045977011494253,0.0022988505747126436,0.0011494252873563218,0.005747126436781609,0.0011494252873563218,0.0,0.0,0.0011494252873563218,0.0,0.0011494252873563218,0.006896551724137931,0.0011494252873563218,0.0,0.0034482758620689655,0.0,0.0,0.0,0.004597701149425287,0.0011494252873563218,0.0011494252873563218,0.0,0.0,0.0011494252873563218,0.0,0.0,0.0,0.006896551724137931,0.0,0.0,0.0,0.0,0.0,0.0011494252873563218,0.0,0.0034482758620689655,0.0022988505747126436,0.0,0.0022988505747126436,0.0,0.0022988505747126436,0.0022988505747126436,0.0,0.0,0.0,0.0022988505747126436,0.0,0.0,0.0011494252873563218,0.0,0.0,0.0,0.0,0.0034482758620689655,0.0,0.004597701149425287,0.0,0.0,0.0,0.0,0.0,0.0,0.0011494252873563218,0.0,0.0,0.0,0.0,0.0011494252873563218,0.0,0.0011494252873563218,0.0,0.0011494252873563218,0.0,0.0022988505747126436,0.0,0.0011494252873563218,0.0022988505747126436,0.0,0.0,0.005747126436781609,0.0,0.0022988505747126436,0.0,0.0,0.0,0.0,0.0,0.0,0.0,0.0,0.0,0.0022988505747126436,0.0,0.0,0.0,0.004597701149425287,0.0,0.0,0.0,0.0,0.0,0.0,0.0,0.0,0.0,0.0,0.0,0.0,0.0,0.006896551724137931,0.0034482758620689655,0.0011494252873563218,0.0011494252873563218,0.0011494252873563218,0.0011494252873563218,0.0022988505747126436,0.0022988505747126436,0.0011494252873563218,0.0011494252873563218,0.0011494252873563218,0.0011494252873563218,0.0011494252873563218,0.0011494252873563218,0.0034482758620689655,0.0011494252873563218,0.005747126436781609,0.0011494252873563218,0.0011494252873563218,0.0011494252873563218,0.0022988505747126436,0.0022988505747126436,0.0011494252873563218,0.0022988505747126436,0.0011494252873563218,0.0011494252873563218,0.0011494252873563218,0.0011494252873563218,0.0022988505747126436,0.0011494252873563218,0.0011494252873563218,0.0011494252873563218,0.0022988505747126436,0.0011494252873563218,0.0011494252873563218,0.0011494252873563218,0.0011494252873563218,0.0011494252873563218,0.0011494252873563218,0.0011494252873563218,0.0011494252873563218,0.0022988505747126436,0.0022988505747126436,0.0011494252873563218,0.0011494252873563218,0.0011494252873563218,0.0022988505747126436,0.0011494252873563218,0.0011494252873563218,0.0034482758620689655,0.0011494252873563218,0.0011494252873563218,0.0011494252873563218,0.0011494252873563218,0.0011494252873563218,0.0011494252873563218,0.0011494252873563218,0.0022988505747126436,0.0011494252873563218,0.0022988505747126436,0.0022988505747126436,0.0011494252873563218,0.0011494252873563218,0.0034482758620689655,0.0011494252873563218,0.0011494252873563218,0.0022988505747126436,0.0011494252873563218,0.0022988505747126436,0.0011494252873563218,0.0011494252873563218,0.0022988505747126436,0.0011494252873563218,0.0011494252873563218,0.0011494252873563218,0.0022988505747126436,0.0011494252873563218,0.0034482758620689655,0.0034482758620689655,0.0022988505747126436,0.0011494252873563218,0.0011494252873563218,0.0011494252873563218,0.0011494252873563218,0.0011494252873563218,0.0011494252873563218,0.0011494252873563218,0.004597701149425287,0.0011494252873563218,0.0011494252873563218,0.0011494252873563218,0.0011494252873563218,0.0022988505747126436,0.0011494252873563218,0.0011494252873563218,0.0011494252873563218,0.0034482758620689655,0.0011494252873563218,0.0011494252873563218,0.0011494252873563218,0.0011494252873563218,0.0022988505747126436,0.0011494252873563218,0.0022988505747126436,0.0022988505747126436,0.0022988505747126436,0.0011494252873563218,0.0011494252873563218,0.0011494252873563218,0.0011494252873563218,0.0022988505747126436,0.0011494252873563218,0.0034482758620689655,0.0034482758620689655,0.0011494252873563218,0.004597701149425287,0.0011494252873563218,0.0011494252873563218,0.0022988505747126436,0.0022988505747126436,0.0011494252873563218,0.0011494252873563218,0.0011494252873563218,0.0022988505747126436,0.0011494252873563218,0.0022988505747126436,0.0022988505747126436,0.0011494252873563218,0.0011494252873563218,0.0011494252873563218,0.0011494252873563218,0.0011494252873563218,0.0011494252873563218,0.0011494252873563218,0.0011494252873563218,0.0011494252873563218,0.0011494252873563218,0.0011494252873563218,0.0011494252873563218,0.0022988505747126436,0.0011494252873563218,0.0011494252873563218,0.0011494252873563218,0.0011494252873563218,0.0011494252873563218,0.0011494252873563218,0.0011494252873563218,0.0011494252873563218,0.0011494252873563218,0.0011494252873563218,0.0011494252873563218,0.0022988505747126436,0.0011494252873563218,0.0011494252873563218,0.0011494252873563218,0.0011494252873563218,0.0011494252873563218,0.0022988505747126436,0.0011494252873563218,0.0022988505747126436,0.0011494252873563218,0.0011494252873563218,0.0011494252873563218,0.0034482758620689655,0.0011494252873563218,0.0011494252873563218,0.0011494252873563218,0.0011494252873563218,0.0011494252873563218,0.0011494252873563218,0.0011494252873563218,0.0011494252873563218,0.0011494252873563218,0.0011494252873563218,0.0011494252873563218,0.0011494252873563218,0.0034482758620689655,0.0011494252873563218,0.0022988505747126436,0.0011494252873563218,0.0011494252873563218,0.0011494252873563218,0.0011494252873563218,0.0011494252873563218,0.0011494252873563218,0.0011494252873563218,0.0011494252873563218,0.0011494252873563218,0.0011494252873563218,0.0011494252873563218,0.0011494252873563218,0.0011494252873563218,0.0011494252873563218,0.0011494252873563218,0.0011494252873563218,0.0011494252873563218,0.0011494252873563218,0.0,0.0,0.0,0.0,0.0,0.0,0.0,0.0,0.0,0.0,0.0,0.0,0.0,0.0,0.0,0.0,0.0,0.0,0.0,0.0,0.0,0.0,0.0,0.0,0.0,0.0,0.0,0.0,0.0,0.0,0.0,0.0,0.0,0.0,0.0,0.0,0.0,0.0,0.0,0.0,0.0,0.0,0.0,0.0,0.0,0.0,0.0,0.0,0.0,0.0,0.0,0.0,0.0,0.0,0.0,0.0,0.0,0.0,0.0,0.0,0.0,0.0,0.0,0.0,0.0,0.0,0.0,0.0,0.0,0.0,0.0,0.0,0.0,0.0,0.0,0.0,0.0,0.0,0.0,0.0,0.0,0.0,0.0,0.0,0.0,0.0,0.0,0.0,0.0,0.0,0.0,0.0,0.0,0.0,0.0,0.0,0.0,0.0,0.0,0.0,0.0,0.0,0.0,0.0,0.0,0.0,0.0,0.0,0.0,0.0,0.0,0.0,0.0,0.0,0.0,0.0,0.0,0.0,0.0,0.0,0.0,0.0,0.0,0.0,0.0,0.0,0.33602327166209905,0.0,0.0,0.0,0.0,0.0,0.0,0.0,0.0,0.0,0.0,0.0,0.0,0.0,0.0,0.0,0.0,0.0,0.0,0.0,0.0,0.0,0.0,0.0,0.0,0.0,0.0,0.0,0.0,0.0,0.0,0.0,0.0,0.0,0.0,0.0,0.0,0.0,0.0,0.0,0.0,0.0,0.0,0.0,0.0,0.0,0.0,0.0,0.0,0.0,0.0,0.0,0.0,0.0,0.0,0.0,0.0,0.0,0.0,0.0,0.0,0.0,0.0,0.0,0.0,0.0,0.0,0.0,0.0,0.0,0.0,0.0,0.0,0.0,0.0,0.0,0.0,0.0,0.0,0.0,0.0,0.0,0.0,0.0,0.0,0.0,0.0,0.0,0.0,0.0,0.0,0.0,0.0,0.0,0.0,0.0,0.0,0.0,0.0,0.0,0.0,0.0,0.0,0.0,0.0,0.0,0.0,0.0,0.0,0.0,0.0,0.0,0.0,0.0,0.0,0.0,0.0,0.0,0.0,0.0,0.0,0.0,0.0,0.0,0.0,0.0,0.0,0.0,0.0,0.0,0.0,0.0,0.0,0.0,0.0,0.0,0.0,0.0,0.0,0.0,0.0,0.0,0.0,0.0,0.0,0.0,0.0,0.0,0.0,0.0,0.0,0.0,0.0,0.28068974490866416,0.0,0.0,0.0,0.0,0.0,0.0,0.0,0.0,0.0,0.33602327166209905,0.0,0.0,0.0,0.0,0.0,0.0,0.0,0.0,0.0,0.0,0.0,0.0,0.0,0.0,0.0,0.0,0.0,0.0,0.0,0.0,0.0,0.0,0.0,0.0,0.0,0.0,0.0,0.0,0.0,0.0,0.0,0.0,0.0,0.0,0.0,0.0,0.0,0.0,0.0,0.0,0.0,0.0,0.0,0.0,0.0,0.0,0.0,0.0,0.0,0.0,0.0,0.0,0.0,0.0,0.0,0.0,0.0,0.0,0.0,0.0,0.0,0.29416507455785357,0.0,0.0,0.0,0.0,0.0,0.0,0.0,0.0,0.0,0.0,0.0,0.0,0.0,0.0,0.0,0.0,0.0,0.0,0.0,0.0,0.0,0.0,0.0,0.0,0.0,0.0,0.0,0.0,0.0,0.0,0.0,0.0,0.0,0.0,0.0,0.0,0.0,0.0,0.0,0.0,0.0,0.0,0.0,0.0,0.0,0.0,0.0,0.0,0.0,0.0,0.0,0.0,0.0,0.0,0.33602327166209905,0.0,0.0,0.0,0.0,0.0,0.0,0.0,0.0,0.0,0.0,0.0,0.0,0.0,0.0,0.0,0.0,0.0,0.0,0.0,0.0,0.0,0.0,0.0,0.0,0.0,0.0,0.0,0.0,0.0,0.0,0.0,0.0,0.0,0.0,0.0,0.0,0.0,0.0,0.0,0.0,0.0,0.0,0.0,0.0,0.0,0.0,0.0,0.0,0.0,0.0,0.0,0.0,0.0,0.0,0.0,0.0,0.0,0.0,0.0,0.0,0.0,0.0,0.0,0.0,0.0,0.0,0.0,0.0,0.0,0.0,0.0,0.0,0.0,0.0,0.0,0.0,0.0,0.0,0.0,0.0,0.0,0.0,0.0,0.0,0.0,0.0,0.0,0.0,0.0,0.0,0.0,0.0,0.0,0.0,0.0,0.0,0.0,0.0,0.0,0.0,0.0,0.0,0.0,0.0,0.0,0.0,0.0,0.0,0.0,0.0,0.29416507455785357,0.0,0.0,0.0,0.0,0.0,0.0,0.0,0.0,0.0,0.31153779600832054,0.0,0.0,0.0,0.0,0.0,0.0,0.0,0.0,0.0,0.0,0.0,0.0,0.0,0.0,0.0,0.0,0.0,0.0,0.0,0.0,0.33602327166209905,0.0,0.0,0.0,0.0,0.0,0.0,0.0,0.0,0.0,0.0,0.0,0.0,0.0,0.33602327166209905,0.0,0.0,0.0,0.0,0.0,0.0,0.0,0.0,0.0,0.0,0.0,0.0,0.0,0.0,0.0,0.0,0.0,0.0,0.0,0.0,0.0,0.0,0.0,0.0,0.0,0.0,0.0,0.0,0.0,0.0,0.0,0.0,0.0,0.0,0.0,0.0,0.0,0.0,0.0,0.0,0.0,0.0,0.0,0.0,0.0,0.0,0.0,0.0,0.0,0.0,0.0,0.0,0.0,0.0,0.0,0.0,0.0,0.0,0.0,0.0,0.0,0.0,0.0,0.0,0.0,0.0,0.0,0.0,0.29416507455785357,0.0,0.0,0.0,0.0,0.0,0.0,0.0,0.0,0.0,0.0,0.0,0.0,0.0,0.0,0.0,0.0,0.0,0.0,0.0,0.0,0.0,0.0,0.0,0.0,0.0,0.0,0.0,0.0,0.0,0.0,0.0,0.0,0.0,0.0,0.0,0.0,0.0,0.0,0.0,0.0,0.0,0.0,0.0,0.0,0.0,0.0,0.0,0.0,0.0,0.0,0.0,0.0,0.0,0.0,0.0,0.0,0.0,0.0,0.0,0.0,0.0,0.0,0.0,0.0,0.0,0.0,0.0,0.0,0.0,0.0,0.0,0.0,0.0,0.0,0.0,0.0,0.0,0.0,0.0,0.0,0.0,0.0,0.0,0.0,0.0,0.0,0.0,0.0,0.0,0.0,0.0,0.0,0.0,0.0,0.0
SD2401268,20대,음 근데 우리집이 꼭대기 층이라 그런지 좀 괜찮은 거 같은데. 층간 소음은 없는데 벽간 소음이 쪼금 있는 거 같아. 방이 그 방음이 잘 안 돼서 옆 문 그 첫 입구 문에만 서도 옆의 방이 뭐 유튜브 뭐 듣고 있는지 무슨 대화하고 있는지가 너무 잘 들려서 쪼끔 부담스럽긴 해. 근데 위에는 아무도 사람이 안 사니까 내가 살기에는 어 소음이 없어서 되게 좋은 거 같아. 그거 말고도 본가 살 때는 위층이 아빠 지인이 살았었는데 그래서 막 소음이 나도 뭐라 하기가 좀 그랬던 경험이 있어. 너는 지금 몇 층 정도에 살아? 층간 소음은 없어? 음 그 학 학교 들어오고 나서부터 2년 동안 여기 살고 올해 새로 계약해서 똑같은 데 연장해서 거기서 살고 있어. 아마 내년에는 교환 학생을 가서 없으니까 오빠가 혼자 살 거 같아 지금 같이 살고 있으니까. 그리고 사실 나는 올해 딱 계약 연장할 때쯤에 새로 구해서 따로따로 살고 싶었는데 아무래도 서울 뭐 월세가 비싸다 보니까 그냥 한집에서 해서 전세로 사는 게 낫겠다 싶어서 같이 살고 있는데. 어 아무래도 생활 패턴이나 그런 집안일 하는 거가 좀 안 맞아서 좀 그게 제일 힘들어서 따로 살고 싶었던 거 같아. 뭐 혼자 늦게 자고 그런 건 상관없는데 오빠가 게임을 하니까 늦게까지 게임하는 소리 계속 들려 오 들려 오고 하니까 나 자는 데 방에 돼서 그랬던 거 같아. 너는 그런 적은 없어? 어 중3 때까지 1곳에서 살았고 그 주 중3 이후에 약간 신도시 분양 그런 청약 담 당첨 돼 가지고 1번 이사를 갔었어. 근데 그 중3 때까지 계속 같은 지역에 살다 보니까 거기 유치원 초등학교 중학교 나오고 고등학교도 그쪽을 가려고 했는데 이사를 가게 돼서 혼자 떨어진 곳을 가니까 친구들이랑도 멀어지고 그러 그 뭐 원래 놀던 데에서도 못 놀고 이런 게 쪼끔 아쉽고 힘들긴 하더라고. 근데 집이 넓어서 되게 좋았던 거 같아. 나는 이사를 많이 안 해 봐서 막 해 보고 싶었다 이런 게 좀 컸었는데 주변에 이사 많이 다니는 사람은 안 그렇더라고. 이사를 그만 다니고 싶다 그러더라. 혹시 너도 그런 편이야? 음 나는 이사 간 다음에 우 이 이사 간 아파트 앞에 막 전원주택 같은 게 있는 거야. 그래서 나중에 이 또 이사를 가게 된다면은 저런 데에서 살고 싶다. 저런 데에서 마당에서 막 식물 키우고 동물 키우고 막 나만의 정원을 가꾸면서 2층 바 다락방에서 살고 싶다 막 이런 생각을 했었는데. 근데 막상 거기에 살면은 관리하는 게 되게 힘들어 보이더라고. 할머니 집도 그런 전원주택인데 조금만 뭘 관리를 안 해 줘도 잡초 자라고 먼지가 끼고 더러워지고 막 그런 게 많아서 관리가 힘들다고 하더라고. 근데 그럼에도 한 약간 한번쯤은 전원주택에 살고 싶다 이런 생각이 있는데. 너는 그런 어디에 살고 싶다 이런 로망 같은 게 있어? 어 전자레인지랑 냉장고 세탁기 이 이 정도는 원래 있었던 거 같고. 밥솥이랑 응 어 그 오븐 같은 거 뭐라고 하지. 그 아 에어프라이어는 사 왔고. 최근에 여름 되니까 벌레가 너무 많이 생기잖아. 특히 음식물에 벌레가 많이 생기는데 그래서 버리기가 너무 힘들어서 미생물로 분해해 주는 기계 그런 게 있더라고. 오빠가 인스타그램에서 찾아와서 막 우 이거 쓰자 막 그러면서 찾아왔던 기억이 있어. 그래서 그거를 지금 살까 고민 중에 있어. 그게 음식물 쓰레기를 넣으면은 미생물들이 분해를 해서 흙으로 바로 만들어 준대. 근데 그게 하루 만에 다 만들어 주고 냄새도 안 나서 좋다고 하더라고. 너는 혹시 집안일 같은 거는 어떻게 하는 편이야? 어 가끔 아니 자주 좀 싸운 싸우진 않고 이런 거에 대해 짜증을 내는 거 같긴 한데 내 방이 쓰레기 그 분리수거 하는 데 바로 앞에 있단 말이야. 그래서 오빠는 좀 멀어서 쓰레기 같은 걸 거기 내면 그만인데 나는 내고 나서 그게 분리수거가 잘 안 되어 있거나 막 더러운 게 섞여 있거나 하면은 냄새가 바로 내 방으로 들어온단 말이야. 그거 때문에 오빠한테 뭐라 한 적도 많았던 거 같고. 약간 분담 같은 게 예전에는 막 뭐 냉장고 청소 네가 1번 하면 내가 화장실 청소 1번 하고 이런 식으로 번갈아서 하자라고 말은 했는데 어느 순간 보니까 내가 다 하고 있더라고. 그래서 그거에 대해서 쌓아 놨다가 화내기 직전에 딱 말하면은 오빠가 또 눈치는 빨라 가지고 그제서야 부랴부랴 치우고 막 이래서 어 싸우지는 않았던 거 같아. 근데 자취를 하니까 확실히 본가 살 때는 엄마가 다 해 주고 그러는데 내가 다 해야 되니까 그게 힘든 거 같긴 해. 너는 자취하고 싶다는 생각은 없어? 아 나 처음에 집 들어올 때 막 냉장고랑 기본 가구에 막 여 연두색 띠가 막 둘러져 있는 거야. 기본 색깔로 막 있는 거야. 그래서 그걸 보고 아 진짜 별로다. 여기 살기 싫다 했었는데 막상 들어가 보니까 그런 거 별로 티도 안 나고 깔끔해 보이고 좋더라고. 그래서 그렇게 쓰고 있고. 뭔가 인테리어 아 그 자취하면 내 방식대로 바 집을 꾸미고 막 이렇게 써야지라는 생각은 있었는데 막상 있으니까 짐을 그 넣을 짐도 너무 많고 근데 그거에 비해 공간은 안 나오고 하니까 인테리어라고 할 것도 없이 그냥 짐을 넣어 놓은 거 같아. 내 방이 너무 작아서 옷장 같은 게 들어갈 공간이 안 나서 거실에다가 행거 설치해서 바로 옷 놓아두고. 그래서 뭔가 꾸미기도 애매하고 그랬던 거 같아. 너는 집 인테리어 어떤 편이야? 서울에서 살 수 있으면 좋을 거 같은데. 왜냐하면 여가 생활 같은 것도 훨씬 더 많이 할 수 있고 이제 거의 내 친구들이나 생활 반경이 서울에 중심에 맞춰져 있다 보니까 서울에서 생활하는 게 편하긴 한데 가끔씩 여기가 사람이 너무 많아서 내려가고 싶다라는 생각이 들긴 해. 근데 직장을 얻고 뭔가 더 발전을 하려면은 서울에서 사는 게 맞는 거 같아. 나는 그 본가 살 때는 지하에 헬스장이 있어서 그거를 썼단 말이야. 근데 자취를 하니까 그런 여가 시설 시 그 아무튼 시설들이 없어서 막 주변에서 주변 다른 헬스장을 등록해 놨단 말이야. 근데 너는 지금 어쨌든 본가에 살잖아. 큰 아파트에 사는데 그러면 거기에 막 여가 시설 같은 게 와 잘 마련되어 있어?,0.005747126436781609,0.017241379310344827,0.004597701149425287,0.0,0.005747126436781609,0.0034482758620689655,0.005747126436781609,0.008045977011494253,0.01839080459770115,0.029885057471264367,0.004597701149425287,0.027586206896551724,0.0,0.008045977011494253,0.0022988505747126436,0.0,0.0034482758620689655,0.0011494252873563218,0.03218390804597701,0.013793103448275862,0.0,0.0,0.0,0.0022988505747126436,0.0,0.004597701149425287,0.021839080459770115,0.0,0.0034482758620689655,0.0034482758620689655,0.04367816091954023,0.0,0.006896551724137931,0.0,0.004597701149425287,0.009195402298850575,0.0,0.0,0.011494252873563218,0.0011494252873563218,0.0,0.0022988505747126436,0.0,0.0,0.034482758620689655,0.004597701149425287,0.013793103448275862,0.0022988505747126436,0.004597701149425287,0.0367816091954023,0.009195402298850575,0.0011494252873563218,0.0,0.0022988505747126436,0.0,0.0011494252873563218,0.0011494252873563218,0.0022988505747126436,0.0,0.006896551724137931,0.0,0.0,0.0,0.0011494252873563218,0.006896551724137931,0.0022988505747126436,0.0022988505747126436,0.0011494252873563218,0.0011494252873563218,0.0,0.0,0.0,0.0022988505747126436,0.0,0.0,0.005747126436781609,0.0022988505747126436,0.0,0.006896551724137931,0.010344827586206896,0.0011494252873563218,0.0,0.0,0.0,0.0,0.004597701149425287,0.0034482758620689655,0.0,0.0022988505747126436,0.004597701149425287,0.0,0.0022988505747126436,0.0,0.0011494252873563218,0.0,0.0011494252873563218,0.0011494252873563218,0.0011494252873563218,0.0,0.0022988505747126436,0.004597701149425287,0.0011494252873563218,0.0,0.0,0.0,0.0,0.01264367816091954,0.009195402298850575,0.0,0.0011494252873563218,0.0011494252873563218,0.0022988505747126436,0.0011494252873563218,0.0,0.0,0.0011494252873563218,0.0,0.0,0.0011494252873563218,0.011494252873563218,0.0,0.005747126436781609,0.0011494252873563218,0.0,0.0022988505747126436,0.0011494252873563218,0.0011494252873563218,0.0,0.0022988505747126436,0.0,0.0,0.0,0.0,0.0034482758620689655,0.0,0.0,0.01839080459770115,0.0022988505747126436,0.0,0.0,0.0022988505747126436,0.0022988505747126436,0.0022988505747126436,0.0,0.0,0.005747126436781609,0.0011494252873563218,0.0,0.008045977011494253,0.0022988505747126436,0.0011494252873563218,0.005747126436781609,0.0011494252873563218,0.0,0.0,0.0011494252873563218,0.0,0.0011494252873563218,0.006896551724137931,0.0011494252873563218,0.0,0.0034482758620689655,0.0,0.0,0.0,0.004597701149425287,0.0011494252873563218,0.0011494252873563218,0.0,0.0,0.0011494252873563218,0.0,0.0,0.0,0.006896551724137931,0.0,0.0,0.0,0.0,0.0,0.0011494252873563218,0.0,0.0034482758620689655,0.0022988505747126436,0.0,0.0022988505747126436,0.0,0.0022988505747126436,0.0022988505747126436,0.0,0.0,0.0,0.0022988505747126436,0.0,0.0,0.0011494252873563218,0.0,0.0,0.0,0.0,0.0034482758620689655,0.0,0.004597701149425287,0.0,0.0,0.0,0.0,0.0,0.0,0.0011494252873563218,0.0,0.0,0.0,0.0,0.0011494252873563218,0.0,0.0011494252873563218,0.0,0.0011494252873563218,0.0,0.0022988505747126436,0.0,0.0011494252873563218,0.0022988505747126436,0.0,0.0,0.005747126436781609,0.0,0.0022988505747126436,0.0,0.0,0.0,0.0,0.0,0.0,0.0,0.0,0.0,0.0022988505747126436,0.0,0.0,0.0,0.004597701149425287,0.0,0.0,0.0,0.0,0.0,0.0,0.0,0.0,0.0,0.0,0.0,0.0,0.0,0.006896551724137931,0.0034482758620689655,0.0011494252873563218,0.0011494252873563218,0.0011494252873563218,0.0011494252873563218,0.0022988505747126436,0.0022988505747126436,0.0011494252873563218,0.0011494252873563218,0.0011494252873563218,0.0011494252873563218,0.0011494252873563218,0.0011494252873563218,0.0034482758620689655,0.0011494252873563218,0.005747126436781609,0.0011494252873563218,0.0011494252873563218,0.0011494252873563218,0.0022988505747126436,0.0022988505747126436,0.0011494252873563218,0.0022988505747126436,0.0011494252873563218,0.0011494252873563218,0.0011494252873563218,0.0011494252873563218,0.0022988505747126436,0.0011494252873563218,0.0011494252873563218,0.0011494252873563218,0.0022988505747126436,0.0011494252873563218,0.0011494252873563218,0.0011494252873563218,0.0011494252873563218,0.0011494252873563218,0.0011494252873563218,0.0011494252873563218,0.0011494252873563218,0.0022988505747126436,0.0022988505747126436,0.0011494252873563218,0.0011494252873563218,0.0011494252873563218,0.0022988505747126436,0.0011494252873563218,0.0011494252873563218,0.0034482758620689655,0.0011494252873563218,0.0011494252873563218,0.0011494252873563218,0.0011494252873563218,0.0011494252873563218,0.0011494252873563218,0.0011494252873563218,0.0022988505747126436,0.0011494252873563218,0.0022988505747126436,0.0022988505747126436,0.0011494252873563218,0.0011494252873563218,0.0034482758620689655,0.0011494252873563218,0.0011494252873563218,0.0022988505747126436,0.0011494252873563218,0.0022988505747126436,0.0011494252873563218,0.0011494252873563218,0.0022988505747126436,0.0011494252873563218,0.0011494252873563218,0.0011494252873563218,0.0022988505747126436,0.0011494252873563218,0.0034482758620689655,0.0034482758620689655,0.0022988505747126436,0.0011494252873563218,0.0011494252873563218,0.0011494252873563218,0.0011494252873563218,0.0011494252873563218,0.0011494252873563218,0.0011494252873563218,0.004597701149425287,0.0011494252873563218,0.0011494252873563218,0.0011494252873563218,0.0011494252873563218,0.0022988505747126436,0.0011494252873563218,0.0011494252873563218,0.0011494252873563218,0.0034482758620689655,0.0011494252873563218,0.0011494252873563218,0.0011494252873563218,0.0011494252873563218,0.0022988505747126436,0.0011494252873563218,0.0022988505747126436,0.0022988505747126436,0.0022988505747126436,0.0011494252873563218,0.0011494252873563218,0.0011494252873563218,0.0011494252873563218,0.0022988505747126436,0.0011494252873563218,0.0034482758620689655,0.0034482758620689655,0.0011494252873563218,0.004597701149425287,0.0011494252873563218,0.0011494252873563218,0.0022988505747126436,0.0022988505747126436,0.0011494252873563218,0.0011494252873563218,0.0011494252873563218,0.0022988505747126436,0.0011494252873563218,0.0022988505747126436,0.0022988505747126436,0.0011494252873563218,0.0011494252873563218,0.0011494252873563218,0.0011494252873563218,0.0011494252873563218,0.0011494252873563218,0.0011494252873563218,0.0011494252873563218,0.0011494252873563218,0.0011494252873563218,0.0011494252873563218,0.0011494252873563218,0.0022988505747126436,0.0011494252873563218,0.0011494252873563218,0.0011494252873563218,0.0011494252873563218,0.0011494252873563218,0.0011494252873563218,0.0011494252873563218,0.0011494252873563218,0.0011494252873563218,0.0011494252873563218,0.0011494252873563218,0.0022988505747126436,0.0011494252873563218,0.0011494252873563218,0.0011494252873563218,0.0011494252873563218,0.0011494252873563218,0.0022988505747126436,0.0011494252873563218,0.0022988505747126436,0.0011494252873563218,0.0011494252873563218,0.0011494252873563218,0.0034482758620689655,0.0011494252873563218,0.0011494252873563218,0.0011494252873563218,0.0011494252873563218,0.0011494252873563218,0.0011494252873563218,0.0011494252873563218,0.0011494252873563218,0.0011494252873563218,0.0011494252873563218,0.0011494252873563218,0.0011494252873563218,0.0034482758620689655,0.0011494252873563218,0.0022988505747126436,0.0011494252873563218,0.0011494252873563218,0.0011494252873563218,0.0011494252873563218,0.0011494252873563218,0.0011494252873563218,0.0011494252873563218,0.0011494252873563218,0.0011494252873563218,0.0011494252873563218,0.0011494252873563218,0.0011494252873563218,0.0011494252873563218,0.0011494252873563218,0.0011494252873563218,0.0011494252873563218,0.0011494252873563218,0.0011494252873563218,0.0,0.0,0.0,0.0,0.0,0.0,0.0,0.0,0.0,0.0,0.0,0.0,0.0,0.0,0.0,0.0,0.0,0.0,0.0,0.0,0.0,0.0,0.0,0.0,0.0,0.0,0.0,0.0,0.0,0.0,0.0,0.0,0.0,0.0,0.0,0.0,0.0,0.0,0.0,0.0,0.0,0.0,0.0,0.0,0.0,0.0,0.0,0.0,0.0,0.0,0.0,0.0,0.0,0.0,0.0,0.0,0.0,0.0,0.0,0.0,0.0,0.0,0.0,0.0,0.0,0.0,0.0,0.0,0.0,0.0,0.0,0.0,0.0,0.0,0.0,0.0,0.0,0.0,0.0,0.0,0.0,0.0,0.0,0.0,0.0,0.0,0.0,0.0,0.0,0.0,0.0,0.0,0.0,0.0,0.0,0.0,0.0,0.0,0.0,0.0,0.0,0.0,0.0,0.0,0.0,0.0,0.0,0.0,0.0,0.0,0.0,0.0,0.0,0.0,0.0,0.0,0.0,0.0,0.0,0.0,0.0,0.0,0.0,0.0,0.0,0.0,0.0,0.0,0.0,0.0,0.0,0.0,0.0,0.0,0.0,0.0,0.0,0.0,0.0,0.0,0.0,0.0,0.0,0.0,0.0,0.0,0.0,0.0,0.0,0.0,0.0,0.0,0.0,0.0,0.28620765133403253,0.0,0.0,0.0,0.0,0.0,0.0,0.412622807063028,0.0,0.0,0.0,0.0,0.0,0.0,0.0,0.0,0.0,0.0,0.0,0.0,0.0,0.0,0.0,0.0,0.0,0.0,0.0,0.0,0.0,0.0,0.0,0.0,0.0,0.0,0.0,0.0,0.0,0.0,0.0,0.0,0.0,0.0,0.0,0.0,0.0,0.0,0.0,0.0,0.0,0.0,0.0,0.0,0.0,0.0,0.0,0.0,0.0,0.0,0.0,0.0,0.0,0.0,0.0,0.0,0.0,0.0,0.0,0.0,0.0,0.0,0.0,0.0,0.0,0.0,0.0,0.0,0.0,0.0,0.0,0.0,0.0,0.0,0.0,0.0,0.0,0.0,0.0,0.0,0.0,0.0,0.0,0.0,0.0,0.36122265640584544,0.0,0.0,0.0,0.0,0.412622807063028,0.0,0.0,0.0,0.0,0.0,0.0,0.0,0.0,0.0,0.0,0.0,0.0,0.0,0.0,0.0,0.0,0.0,0.0,0.0,0.0,0.0,0.0,0.0,0.0,0.0,0.0,0.0,0.0,0.0,0.0,0.0,0.0,0.0,0.0,0.0,0.0,0.0,0.0,0.0,0.0,0.0,0.0,0.0,0.0,0.0,0.0,0.0,0.0,0.0,0.0,0.0,0.0,0.0,0.0,0.0,0.0,0.0,0.0,0.0,0.0,0.0,0.0,0.0,0.0,0.0,0.0,0.0,0.0,0.0,0.0,0.0,0.0,0.0,0.0,0.0,0.0,0.0,0.0,0.0,0.0,0.0,0.0,0.0,0.0,0.0,0.0,0.0,0.0,0.0,0.0,0.0,0.0,0.0,0.0,0.0,0.0,0.0,0.0,0.0,0.0,0.0,0.0,0.0,0.0,0.0,0.0,0.0,0.0,0.0,0.0,0.0,0.0,0.0,0.0,0.0,0.0,0.0,0.0,0.0,0.0,0.0,0.0,0.0,0.0,0.0,0.0,0.0,0.0,0.0,0.0,0.0,0.0,0.0,0.0,0.0,0.0,0.0,0.0,0.0,0.0,0.0,0.0,0.0,0.0,0.0,0.0,0.0,0.0,0.0,0.0,0.0,0.0,0.0,0.0,0.0,0.0,0.0,0.0,0.0,0.0,0.0,0.0,0.0,0.0,0.0,0.0,0.0,0.0,0.0,0.0,0.0,0.0,0.0,0.0,0.0,0.0,0.0,0.0,0.0,0.0,0.0,0.0,0.0,0.0,0.0,0.0,0.0,0.0,0.0,0.0,0.0,0.0,0.0,0.0,0.0,0.0,0.0,0.0,0.0,0.0,0.0,0.0,0.0,0.0,0.0,0.0,0.0,0.0,0.0,0.0,0.0,0.0,0.0,0.0,0.0,0.0,0.0,0.0,0.0,0.0,0.0,0.0,0.0,0.0,0.0,0.0,0.0,0.0,0.0,0.0,0.0,0.0,0.0,0.0,0.0,0.0,0.0,0.0,0.0,0.0,0.0,0.0,0.0,0.0,0.0,0.0,0.0,0.0,0.0,0.0,0.0,0.0,0.0,0.0,0.0,0.0,0.0,0.0,0.0,0.0,0.0,0.0,0.0,0.0,0.0,0.0,0.0,0.0,0.0,0.0,0.0,0.0,0.0,0.0,0.0,0.0,0.0,0.0,0.0,0.0,0.0,0.0,0.0,0.0,0.0,0.0,0.0,0.0,0.0,0.0,0.0,0.0,0.0,0.0,0.0,0.0,0.0,0.0,0.0,0.36122265640584544,0.0,0.0,0.0,0.0,0.0,0.0,0.0,0.0,0.0,0.0,0.0,0.0,0.0,0.0,0.0,0.0,0.0,0.0,0.0,0.0,0.0,0.0,0.0,0.0,0.0,0.0,0.0,0.0,0.0,0.0,0.0,0.0,0.0,0.0,0.0,0.0,0.0,0.0,0.0,0.0,0.0,0.0,0.0,0.0,0.0,0.0,0.0,0.0,0.0,0.0,0.0,0.0,0.0,0.0,0.0,0.0,0.0,0.0,0.0,0.0,0.0,0.0,0.0,0.0,0.0,0.0,0.0,0.0,0.0,0.0,0.412622807063028,0.3825556463971583,0.0,0.0,0.0,0.0,0.0,0.0,0.0,0.0,0.0,0.0,0.0,0.0,0.0,0.0,0.0,0.0,0.0,0.0,0.0,0.0,0.0,0.0,0.0,0.0,0.0,0.0,0.0,0.0,0.0,0.0,0.0,0.0,0.0,0.0,0.0,0.0,0.0,0.0,0.0,0.0,0.0,0.0,0.0,0.0,0.0,0.0,0.0,0.0,0.0,0.0,0.0,0.0,0.0,0.0,0.0,0.0,0.0,0.0,0.0,0.0,0.0,0.0,0.0,0.0,0.0,0.0,0.0,0.0,0.0,0.0,0.0,0.0,0.0,0.0,0.0,0.0,0.0,0.0,0.0,0.0,0.0,0.0,0.0,0.0,0.0,0.0,0.0,0.0,0.0,0.0,0.0,0.0,0.0,0.0,0.0,0.0,0.0,0.0,0.0,0.0,0.0,0.0
SD2401268,20대,음 근데 우리집이 꼭대기 층이라 그런지 좀 괜찮은 거 같은데. 층간 소음은 없는데 벽간 소음이 쪼금 있는 거 같아. 방이 그 방음이 잘 안 돼서 옆 문 그 첫 입구 문에만 서도 옆의 방이 뭐 유튜브 뭐 듣고 있는지 무슨 대화하고 있는지가 너무 잘 들려서 쪼끔 부담스럽긴 해. 근데 위에는 아무도 사람이 안 사니까 내가 살기에는 어 소음이 없어서 되게 좋은 거 같아. 그거 말고도 본가 살 때는 위층이 아빠 지인이 살았었는데 그래서 막 소음이 나도 뭐라 하기가 좀 그랬던 경험이 있어. 너는 지금 몇 층 정도에 살아? 층간 소음은 없어? 음 그 학 학교 들어오고 나서부터 2년 동안 여기 살고 올해 새로 계약해서 똑같은 데 연장해서 거기서 살고 있어. 아마 내년에는 교환 학생을 가서 없으니까 오빠가 혼자 살 거 같아 지금 같이 살고 있으니까. 그리고 사실 나는 올해 딱 계약 연장할 때쯤에 새로 구해서 따로따로 살고 싶었는데 아무래도 서울 뭐 월세가 비싸다 보니까 그냥 한집에서 해서 전세로 사는 게 낫겠다 싶어서 같이 살고 있는데. 어 아무래도 생활 패턴이나 그런 집안일 하는 거가 좀 안 맞아서 좀 그게 제일 힘들어서 따로 살고 싶었던 거 같아. 뭐 혼자 늦게 자고 그런 건 상관없는데 오빠가 게임을 하니까 늦게까지 게임하는 소리 계속 들려 오 들려 오고 하니까 나 자는 데 방에 돼서 그랬던 거 같아. 너는 그런 적은 없어? 어 중3 때까지 1곳에서 살았고 그 주 중3 이후에 약간 신도시 분양 그런 청약 담 당첨 돼 가지고 1번 이사를 갔었어. 근데 그 중3 때까지 계속 같은 지역에 살다 보니까 거기 유치원 초등학교 중학교 나오고 고등학교도 그쪽을 가려고 했는데 이사를 가게 돼서 혼자 떨어진 곳을 가니까 친구들이랑도 멀어지고 그러 그 뭐 원래 놀던 데에서도 못 놀고 이런 게 쪼끔 아쉽고 힘들긴 하더라고. 근데 집이 넓어서 되게 좋았던 거 같아. 나는 이사를 많이 안 해 봐서 막 해 보고 싶었다 이런 게 좀 컸었는데 주변에 이사 많이 다니는 사람은 안 그렇더라고. 이사를 그만 다니고 싶다 그러더라. 혹시 너도 그런 편이야? 음 나는 이사 간 다음에 우 이 이사 간 아파트 앞에 막 전원주택 같은 게 있는 거야. 그래서 나중에 이 또 이사를 가게 된다면은 저런 데에서 살고 싶다. 저런 데에서 마당에서 막 식물 키우고 동물 키우고 막 나만의 정원을 가꾸면서 2층 바 다락방에서 살고 싶다 막 이런 생각을 했었는데. 근데 막상 거기에 살면은 관리하는 게 되게 힘들어 보이더라고. 할머니 집도 그런 전원주택인데 조금만 뭘 관리를 안 해 줘도 잡초 자라고 먼지가 끼고 더러워지고 막 그런 게 많아서 관리가 힘들다고 하더라고. 근데 그럼에도 한 약간 한번쯤은 전원주택에 살고 싶다 이런 생각이 있는데. 너는 그런 어디에 살고 싶다 이런 로망 같은 게 있어? 어 전자레인지랑 냉장고 세탁기 이 이 정도는 원래 있었던 거 같고. 밥솥이랑 응 어 그 오븐 같은 거 뭐라고 하지. 그 아 에어프라이어는 사 왔고. 최근에 여름 되니까 벌레가 너무 많이 생기잖아. 특히 음식물에 벌레가 많이 생기는데 그래서 버리기가 너무 힘들어서 미생물로 분해해 주는 기계 그런 게 있더라고. 오빠가 인스타그램에서 찾아와서 막 우 이거 쓰자 막 그러면서 찾아왔던 기억이 있어. 그래서 그거를 지금 살까 고민 중에 있어. 그게 음식물 쓰레기를 넣으면은 미생물들이 분해를 해서 흙으로 바로 만들어 준대. 근데 그게 하루 만에 다 만들어 주고 냄새도 안 나서 좋다고 하더라고. 너는 혹시 집안일 같은 거는 어떻게 하는 편이야? 어 가끔 아니 자주 좀 싸운 싸우진 않고 이런 거에 대해 짜증을 내는 거 같긴 한데 내 방이 쓰레기 그 분리수거 하는 데 바로 앞에 있단 말이야. 그래서 오빠는 좀 멀어서 쓰레기 같은 걸 거기 내면 그만인데 나는 내고 나서 그게 분리수거가 잘 안 되어 있거나 막 더러운 게 섞여 있거나 하면은 냄새가 바로 내 방으로 들어온단 말이야. 그거 때문에 오빠한테 뭐라 한 적도 많았던 거 같고. 약간 분담 같은 게 예전에는 막 뭐 냉장고 청소 네가 1번 하면 내가 화장실 청소 1번 하고 이런 식으로 번갈아서 하자라고 말은 했는데 어느 순간 보니까 내가 다 하고 있더라고. 그래서 그거에 대해서 쌓아 놨다가 화내기 직전에 딱 말하면은 오빠가 또 눈치는 빨라 가지고 그제서야 부랴부랴 치우고 막 이래서 어 싸우지는 않았던 거 같아. 근데 자취를 하니까 확실히 본가 살 때는 엄마가 다 해 주고 그러는데 내가 다 해야 되니까 그게 힘든 거 같긴 해. 너는 자취하고 싶다는 생각은 없어? 아 나 처음에 집 들어올 때 막 냉장고랑 기본 가구에 막 여 연두색 띠가 막 둘러져 있는 거야. 기본 색깔로 막 있는 거야. 그래서 그걸 보고 아 진짜 별로다. 여기 살기 싫다 했었는데 막상 들어가 보니까 그런 거 별로 티도 안 나고 깔끔해 보이고 좋더라고. 그래서 그렇게 쓰고 있고. 뭔가 인테리어 아 그 자취하면 내 방식대로 바 집을 꾸미고 막 이렇게 써야지라는 생각은 있었는데 막상 있으니까 짐을 그 넣을 짐도 너무 많고 근데 그거에 비해 공간은 안 나오고 하니까 인테리어라고 할 것도 없이 그냥 짐을 넣어 놓은 거 같아. 내 방이 너무 작아서 옷장 같은 게 들어갈 공간이 안 나서 거실에다가 행거 설치해서 바로 옷 놓아두고. 그래서 뭔가 꾸미기도 애매하고 그랬던 거 같아. 너는 집 인테리어 어떤 편이야? 서울에서 살 수 있으면 좋을 거 같은데. 왜냐하면 여가 생활 같은 것도 훨씬 더 많이 할 수 있고 이제 거의 내 친구들이나 생활 반경이 서울에 중심에 맞춰져 있다 보니까 서울에서 생활하는 게 편하긴 한데 가끔씩 여기가 사람이 너무 많아서 내려가고 싶다라는 생각이 들긴 해. 근데 직장을 얻고 뭔가 더 발전을 하려면은 서울에서 사는 게 맞는 거 같아. 나는 그 본가 살 때는 지하에 헬스장이 있어서 그거를 썼단 말이야. 근데 자취를 하니까 그런 여가 시설 시 그 아무튼 시설들이 없어서 막 주변에서 주변 다른 헬스장을 등록해 놨단 말이야. 근데 너는 지금 어쨌든 본가에 살잖아. 큰 아파트에 사는데 그러면 거기에 막 여가 시설 같은 게 와 잘 마련되어 있어?,0.005747126436781609,0.017241379310344827,0.004597701149425287,0.0,0.005747126436781609,0.0034482758620689655,0.005747126436781609,0.008045977011494253,0.01839080459770115,0.029885057471264367,0.004597701149425287,0.027586206896551724,0.0,0.008045977011494253,0.0022988505747126436,0.0,0.0034482758620689655,0.0011494252873563218,0.03218390804597701,0.013793103448275862,0.0,0.0,0.0,0.0022988505747126436,0.0,0.004597701149425287,0.021839080459770115,0.0,0.0034482758620689655,0.0034482758620689655,0.04367816091954023,0.0,0.006896551724137931,0.0,0.004597701149425287,0.009195402298850575,0.0,0.0,0.011494252873563218,0.0011494252873563218,0.0,0.0022988505747126436,0.0,0.0,0.034482758620689655,0.004597701149425287,0.013793103448275862,0.0022988505747126436,0.004597701149425287,0.0367816091954023,0.009195402298850575,0.0011494252873563218,0.0,0.0022988505747126436,0.0,0.0011494252873563218,0.0011494252873563218,0.0022988505747126436,0.0,0.006896551724137931,0.0,0.0,0.0,0.0011494252873563218,0.006896551724137931,0.0022988505747126436,0.0022988505747126436,0.0011494252873563218,0.0011494252873563218,0.0,0.0,0.0,0.0022988505747126436,0.0,0.0,0.005747126436781609,0.0022988505747126436,0.0,0.006896551724137931,0.010344827586206896,0.0011494252873563218,0.0,0.0,0.0,0.0,0.004597701149425287,0.0034482758620689655,0.0,0.0022988505747126436,0.004597701149425287,0.0,0.0022988505747126436,0.0,0.0011494252873563218,0.0,0.0011494252873563218,0.0011494252873563218,0.0011494252873563218,0.0,0.0022988505747126436,0.004597701149425287,0.0011494252873563218,0.0,0.0,0.0,0.0,0.01264367816091954,0.009195402298850575,0.0,0.0011494252873563218,0.0011494252873563218,0.0022988505747126436,0.0011494252873563218,0.0,0.0,0.0011494252873563218,0.0,0.0,0.0011494252873563218,0.011494252873563218,0.0,0.005747126436781609,0.0011494252873563218,0.0,0.0022988505747126436,0.0011494252873563218,0.0011494252873563218,0.0,0.0022988505747126436,0.0,0.0,0.0,0.0,0.0034482758620689655,0.0,0.0,0.01839080459770115,0.0022988505747126436,0.0,0.0,0.0022988505747126436,0.0022988505747126436,0.0022988505747126436,0.0,0.0,0.005747126436781609,0.0011494252873563218,0.0,0.008045977011494253,0.0022988505747126436,0.0011494252873563218,0.005747126436781609,0.0011494252873563218,0.0,0.0,0.0011494252873563218,0.0,0.0011494252873563218,0.006896551724137931,0.0011494252873563218,0.0,0.0034482758620689655,0.0,0.0,0.0,0.004597701149425287,0.0011494252873563218,0.0011494252873563218,0.0,0.0,0.0011494252873563218,0.0,0.0,0.0,0.006896551724137931,0.0,0.0,0.0,0.0,0.0,0.0011494252873563218,0.0,0.0034482758620689655,0.0022988505747126436,0.0,0.0022988505747126436,0.0,0.0022988505747126436,0.0022988505747126436,0.0,0.0,0.0,0.0022988505747126436,0.0,0.0,0.0011494252873563218,0.0,0.0,0.0,0.0,0.0034482758620689655,0.0,0.004597701149425287,0.0,0.0,0.0,0.0,0.0,0.0,0.0011494252873563218,0.0,0.0,0.0,0.0,0.0011494252873563218,0.0,0.0011494252873563218,0.0,0.0011494252873563218,0.0,0.0022988505747126436,0.0,0.0011494252873563218,0.0022988505747126436,0.0,0.0,0.005747126436781609,0.0,0.0022988505747126436,0.0,0.0,0.0,0.0,0.0,0.0,0.0,0.0,0.0,0.0022988505747126436,0.0,0.0,0.0,0.004597701149425287,0.0,0.0,0.0,0.0,0.0,0.0,0.0,0.0,0.0,0.0,0.0,0.0,0.0,0.006896551724137931,0.0034482758620689655,0.0011494252873563218,0.0011494252873563218,0.0011494252873563218,0.0011494252873563218,0.0022988505747126436,0.0022988505747126436,0.0011494252873563218,0.0011494252873563218,0.0011494252873563218,0.0011494252873563218,0.0011494252873563218,0.0011494252873563218,0.0034482758620689655,0.0011494252873563218,0.005747126436781609,0.0011494252873563218,0.0011494252873563218,0.0011494252873563218,0.0022988505747126436,0.0022988505747126436,0.0011494252873563218,0.0022988505747126436,0.0011494252873563218,0.0011494252873563218,0.0011494252873563218,0.0011494252873563218,0.0022988505747126436,0.0011494252873563218,0.0011494252873563218,0.0011494252873563218,0.0022988505747126436,0.0011494252873563218,0.0011494252873563218,0.0011494252873563218,0.0011494252873563218,0.0011494252873563218,0.0011494252873563218,0.0011494252873563218,0.0011494252873563218,0.0022988505747126436,0.0022988505747126436,0.0011494252873563218,0.0011494252873563218,0.0011494252873563218,0.0022988505747126436,0.0011494252873563218,0.0011494252873563218,0.0034482758620689655,0.0011494252873563218,0.0011494252873563218,0.0011494252873563218,0.0011494252873563218,0.0011494252873563218,0.0011494252873563218,0.0011494252873563218,0.0022988505747126436,0.0011494252873563218,0.0022988505747126436,0.0022988505747126436,0.0011494252873563218,0.0011494252873563218,0.0034482758620689655,0.0011494252873563218,0.0011494252873563218,0.0022988505747126436,0.0011494252873563218,0.0022988505747126436,0.0011494252873563218,0.0011494252873563218,0.0022988505747126436,0.0011494252873563218,0.0011494252873563218,0.0011494252873563218,0.0022988505747126436,0.0011494252873563218,0.0034482758620689655,0.0034482758620689655,0.0022988505747126436,0.0011494252873563218,0.0011494252873563218,0.0011494252873563218,0.0011494252873563218,0.0011494252873563218,0.0011494252873563218,0.0011494252873563218,0.004597701149425287,0.0011494252873563218,0.0011494252873563218,0.0011494252873563218,0.0011494252873563218,0.0022988505747126436,0.0011494252873563218,0.0011494252873563218,0.0011494252873563218,0.0034482758620689655,0.0011494252873563218,0.0011494252873563218,0.0011494252873563218,0.0011494252873563218,0.0022988505747126436,0.0011494252873563218,0.0022988505747126436,0.0022988505747126436,0.0022988505747126436,0.0011494252873563218,0.0011494252873563218,0.0011494252873563218,0.0011494252873563218,0.0022988505747126436,0.0011494252873563218,0.0034482758620689655,0.0034482758620689655,0.0011494252873563218,0.004597701149425287,0.0011494252873563218,0.0011494252873563218,0.0022988505747126436,0.0022988505747126436,0.0011494252873563218,0.0011494252873563218,0.0011494252873563218,0.0022988505747126436,0.0011494252873563218,0.0022988505747126436,0.0022988505747126436,0.0011494252873563218,0.0011494252873563218,0.0011494252873563218,0.0011494252873563218,0.0011494252873563218,0.0011494252873563218,0.0011494252873563218,0.0011494252873563218,0.0011494252873563218,0.0011494252873563218,0.0011494252873563218,0.0011494252873563218,0.0022988505747126436,0.0011494252873563218,0.0011494252873563218,0.0011494252873563218,0.0011494252873563218,0.0011494252873563218,0.0011494252873563218,0.0011494252873563218,0.0011494252873563218,0.0011494252873563218,0.0011494252873563218,0.0011494252873563218,0.0022988505747126436,0.0011494252873563218,0.0011494252873563218,0.0011494252873563218,0.0011494252873563218,0.0011494252873563218,0.0022988505747126436,0.0011494252873563218,0.0022988505747126436,0.0011494252873563218,0.0011494252873563218,0.0011494252873563218,0.0034482758620689655,0.0011494252873563218,0.0011494252873563218,0.0011494252873563218,0.0011494252873563218,0.0011494252873563218,0.0011494252873563218,0.0011494252873563218,0.0011494252873563218,0.0011494252873563218,0.0011494252873563218,0.0011494252873563218,0.0011494252873563218,0.0034482758620689655,0.0011494252873563218,0.0022988505747126436,0.0011494252873563218,0.0011494252873563218,0.0011494252873563218,0.0011494252873563218,0.0011494252873563218,0.0011494252873563218,0.0011494252873563218,0.0011494252873563218,0.0011494252873563218,0.0011494252873563218,0.0011494252873563218,0.0011494252873563218,0.0011494252873563218,0.0011494252873563218,0.0011494252873563218,0.0011494252873563218,0.0011494252873563218,0.0011494252873563218,0.0,0.0,0.0,0.0,0.0,0.0,0.0,0.0,0.0,0.0,0.0,0.0,0.0,0.0,0.0,0.0,0.0,0.0,0.0,0.0,0.0,0.0,0.0,0.0,0.0,0.0,0.0,0.0,0.0,0.0,0.0,0.0,0.0,0.0,0.0,0.0,0.0,0.0,0.0,0.0,0.0,0.0,0.0,0.0,0.0,0.0,0.0,0.0,0.0,0.0,0.0,0.0,0.0,0.0,0.0,0.0,0.0,0.0,0.0,0.0,0.0,0.0,0.0,0.0,0.0,0.0,0.0,0.0,0.0,0.0,0.0,0.0,0.458566354308463,0.0,0.0,0.0,0.0,0.0,0.0,0.0,0.0,0.0,0.0,0.0,0.0,0.0,0.0,0.42515136120836367,0.0,0.0,0.0,0.0,0.0,0.0,0.0,0.0,0.0,0.0,0.0,0.0,0.0,0.0,0.0,0.0,0.0,0.0,0.0,0.0,0.0,0.0,0.0,0.0,0.0,0.0,0.0,0.2871964302933109,0.0,0.0,0.0,0.0,0.0,0.0,0.0,0.0,0.0,0.0,0.0,0.0,0.0,0.0,0.0,0.0,0.0,0.0,0.0,0.42515136120836367,0.0,0.0,0.0,0.0,0.0,0.0,0.0,0.0,0.0,0.0,0.0,0.0,0.0,0.0,0.0,0.0,0.0,0.0,0.0,0.0,0.0,0.0,0.0,0.0,0.0,0.0,0.0,0.0,0.0,0.0,0.0,0.0,0.0,0.0,0.0,0.0,0.0,0.0,0.0,0.0,0.0,0.0,0.0,0.0,0.0,0.0,0.0,0.0,0.0,0.0,0.0,0.0,0.0,0.0,0.0,0.0,0.0,0.0,0.0,0.0,0.0,0.0,0.0,0.0,0.0,0.0,0.0,0.0,0.0,0.0,0.0,0.0,0.0,0.0,0.0,0.0,0.0,0.0,0.0,0.0,0.0,0.0,0.0,0.0,0.0,0.0,0.0,0.0,0.0,0.0,0.0,0.0,0.0,0.0,0.0,0.0,0.0,0.0,0.0,0.0,0.0,0.0,0.0,0.0,0.0,0.0,0.0,0.0,0.0,0.0,0.0,0.0,0.0,0.0,0.0,0.0,0.0,0.0,0.0,0.0,0.0,0.0,0.0,0.0,0.0,0.0,0.0,0.0,0.0,0.0,0.0,0.0,0.0,0.0,0.0,0.0,0.0,0.0,0.0,0.0,0.0,0.0,0.0,0.0,0.0,0.0,0.0,0.0,0.0,0.0,0.0,0.0,0.0,0.0,0.0,0.0,0.0,0.0,0.0,0.0,0.0,0.0,0.0,0.0,0.0,0.0,0.0,0.0,0.0,0.0,0.0,0.0,0.0,0.0,0.0,0.0,0.0,0.0,0.0,0.0,0.0,0.0,0.0,0.0,0.0,0.458566354308463,0.0,0.0,0.0,0.0,0.0,0.0,0.0,0.0,0.0,0.0,0.0,0.0,0.0,0.0,0.0,0.0,0.0,0.0,0.0,0.0,0.0,0.0,0.0,0.0,0.0,0.0,0.0,0.0,0.0,0.0,0.0,0.0,0.0,0.0,0.0,0.0,0.0,0.0,0.0,0.0,0.0,0.0,0.0,0.0,0.0,0.0,0.0,0.0,0.0,0.0,0.0,0.0,0.0,0.0,0.0,0.0,0.0,0.0,0.0,0.0,0.0,0.0,0.0,0.0,0.0,0.0,0.0,0.0,0.0,0.0,0.0,0.0,0.0,0.0,0.0,0.0,0.0,0.0,0.0,0.0,0.0,0.0,0.0,0.0,0.0,0.0,0.0,0.0,0.0,0.0,0.0,0.0,0.0,0.0,0.0,0.0,0.0,0.0,0.0,0.0,0.0,0.0,0.0,0.0,0.0,0.0,0.0,0.0,0.0,0.0,0.0,0.0,0.0,0.0,0.0,0.0,0.0,0.0,0.0,0.0,0.0,0.0,0.0,0.0,0.0,0.0,0.0,0.0,0.0,0.0,0.0,0.0,0.0,0.0,0.0,0.0,0.0,0.0,0.0,0.0,0.0,0.0,0.0,0.0,0.0,0.0,0.0,0.0,0.0,0.0,0.0,0.0,0.0,0.0,0.0,0.0,0.0,0.0,0.0,0.0,0.0,0.0,0.0,0.0,0.0,0.0,0.0,0.0,0.0,0.0,0.0,0.0,0.0,0.0,0.0,0.0,0.0,0.0,0.0,0.0,0.0,0.0,0.0,0.0,0.0,0.0,0.0,0.0,0.0,0.0,0.0,0.0,0.0,0.0,0.0,0.0,0.0,0.0,0.0,0.0,0.0,0.0,0.0,0.0,0.0,0.0,0.0,0.0,0.0,0.0,0.0,0.0,0.0,0.0,0.0,0.0,0.0,0.0,0.0,0.0,0.0,0.0,0.0,0.0,0.0,0.0,0.0,0.0,0.0,0.0,0.0,0.0,0.0,0.0,0.0,0.0,0.0,0.0,0.0,0.0,0.0,0.0,0.0,0.0,0.0,0.0,0.0,0.0,0.0,0.0,0.0,0.0,0.0,0.0,0.0,0.0,0.0,0.0,0.0,0.0,0.0,0.0,0.0,0.0,0.0,0.0,0.0,0.0,0.0,0.0,0.0,0.0,0.0,0.0,0.0,0.0,0.0,0.0,0.0,0.0,0.0,0.0,0.0,0.0,0.0,0.0,0.0,0.0,0.0,0.0,0.0,0.0,0.0,0.0,0.0,0.0,0.0,0.0,0.0,0.0,0.0,0.0,0.0,0.0,0.0,0.0,0.0,0.0,0.0,0.0,0.0,0.0,0.0,0.0,0.0,0.0,0.0,0.0,0.0,0.0,0.0,0.0,0.0,0.0,0.0,0.0,0.0,0.0,0.0,0.0,0.0,0.0,0.0,0.0,0.0,0.0,0.0,0.0,0.0,0.0,0.0,0.0,0.0,0.0,0.0,0.0,0.0,0.0,0.0,0.0,0.0,0.0,0.0,0.0,0.0,0.368028053203313,0.0,0.0,0.0,0.0,0.0,0.0,0.0,0.0,0.0,0.0,0.0,0.0,0.0,0.0,0.0,0.0,0.0,0.0,0.0,0.0,0.0,0.0,0.0,0.0,0.0,0.0,0.0,0.0,0.0,0.0,0.0,0.0,0.0,0.0,0.0,0.0,0.0,0.0,0.0,0.0,0.0,0.0,0.0,0.0,0.0,0.0,0.0,0.0,0.0
SD2401268,20대,음 근데 우리집이 꼭대기 층이라 그런지 좀 괜찮은 거 같은데. 층간 소음은 없는데 벽간 소음이 쪼금 있는 거 같아. 방이 그 방음이 잘 안 돼서 옆 문 그 첫 입구 문에만 서도 옆의 방이 뭐 유튜브 뭐 듣고 있는지 무슨 대화하고 있는지가 너무 잘 들려서 쪼끔 부담스럽긴 해. 근데 위에는 아무도 사람이 안 사니까 내가 살기에는 어 소음이 없어서 되게 좋은 거 같아. 그거 말고도 본가 살 때는 위층이 아빠 지인이 살았었는데 그래서 막 소음이 나도 뭐라 하기가 좀 그랬던 경험이 있어. 너는 지금 몇 층 정도에 살아? 층간 소음은 없어? 음 그 학 학교 들어오고 나서부터 2년 동안 여기 살고 올해 새로 계약해서 똑같은 데 연장해서 거기서 살고 있어. 아마 내년에는 교환 학생을 가서 없으니까 오빠가 혼자 살 거 같아 지금 같이 살고 있으니까. 그리고 사실 나는 올해 딱 계약 연장할 때쯤에 새로 구해서 따로따로 살고 싶었는데 아무래도 서울 뭐 월세가 비싸다 보니까 그냥 한집에서 해서 전세로 사는 게 낫겠다 싶어서 같이 살고 있는데. 어 아무래도 생활 패턴이나 그런 집안일 하는 거가 좀 안 맞아서 좀 그게 제일 힘들어서 따로 살고 싶었던 거 같아. 뭐 혼자 늦게 자고 그런 건 상관없는데 오빠가 게임을 하니까 늦게까지 게임하는 소리 계속 들려 오 들려 오고 하니까 나 자는 데 방에 돼서 그랬던 거 같아. 너는 그런 적은 없어? 어 중3 때까지 1곳에서 살았고 그 주 중3 이후에 약간 신도시 분양 그런 청약 담 당첨 돼 가지고 1번 이사를 갔었어. 근데 그 중3 때까지 계속 같은 지역에 살다 보니까 거기 유치원 초등학교 중학교 나오고 고등학교도 그쪽을 가려고 했는데 이사를 가게 돼서 혼자 떨어진 곳을 가니까 친구들이랑도 멀어지고 그러 그 뭐 원래 놀던 데에서도 못 놀고 이런 게 쪼끔 아쉽고 힘들긴 하더라고. 근데 집이 넓어서 되게 좋았던 거 같아. 나는 이사를 많이 안 해 봐서 막 해 보고 싶었다 이런 게 좀 컸었는데 주변에 이사 많이 다니는 사람은 안 그렇더라고. 이사를 그만 다니고 싶다 그러더라. 혹시 너도 그런 편이야? 음 나는 이사 간 다음에 우 이 이사 간 아파트 앞에 막 전원주택 같은 게 있는 거야. 그래서 나중에 이 또 이사를 가게 된다면은 저런 데에서 살고 싶다. 저런 데에서 마당에서 막 식물 키우고 동물 키우고 막 나만의 정원을 가꾸면서 2층 바 다락방에서 살고 싶다 막 이런 생각을 했었는데. 근데 막상 거기에 살면은 관리하는 게 되게 힘들어 보이더라고. 할머니 집도 그런 전원주택인데 조금만 뭘 관리를 안 해 줘도 잡초 자라고 먼지가 끼고 더러워지고 막 그런 게 많아서 관리가 힘들다고 하더라고. 근데 그럼에도 한 약간 한번쯤은 전원주택에 살고 싶다 이런 생각이 있는데. 너는 그런 어디에 살고 싶다 이런 로망 같은 게 있어? 어 전자레인지랑 냉장고 세탁기 이 이 정도는 원래 있었던 거 같고. 밥솥이랑 응 어 그 오븐 같은 거 뭐라고 하지. 그 아 에어프라이어는 사 왔고. 최근에 여름 되니까 벌레가 너무 많이 생기잖아. 특히 음식물에 벌레가 많이 생기는데 그래서 버리기가 너무 힘들어서 미생물로 분해해 주는 기계 그런 게 있더라고. 오빠가 인스타그램에서 찾아와서 막 우 이거 쓰자 막 그러면서 찾아왔던 기억이 있어. 그래서 그거를 지금 살까 고민 중에 있어. 그게 음식물 쓰레기를 넣으면은 미생물들이 분해를 해서 흙으로 바로 만들어 준대. 근데 그게 하루 만에 다 만들어 주고 냄새도 안 나서 좋다고 하더라고. 너는 혹시 집안일 같은 거는 어떻게 하는 편이야? 어 가끔 아니 자주 좀 싸운 싸우진 않고 이런 거에 대해 짜증을 내는 거 같긴 한데 내 방이 쓰레기 그 분리수거 하는 데 바로 앞에 있단 말이야. 그래서 오빠는 좀 멀어서 쓰레기 같은 걸 거기 내면 그만인데 나는 내고 나서 그게 분리수거가 잘 안 되어 있거나 막 더러운 게 섞여 있거나 하면은 냄새가 바로 내 방으로 들어온단 말이야. 그거 때문에 오빠한테 뭐라 한 적도 많았던 거 같고. 약간 분담 같은 게 예전에는 막 뭐 냉장고 청소 네가 1번 하면 내가 화장실 청소 1번 하고 이런 식으로 번갈아서 하자라고 말은 했는데 어느 순간 보니까 내가 다 하고 있더라고. 그래서 그거에 대해서 쌓아 놨다가 화내기 직전에 딱 말하면은 오빠가 또 눈치는 빨라 가지고 그제서야 부랴부랴 치우고 막 이래서 어 싸우지는 않았던 거 같아. 근데 자취를 하니까 확실히 본가 살 때는 엄마가 다 해 주고 그러는데 내가 다 해야 되니까 그게 힘든 거 같긴 해. 너는 자취하고 싶다는 생각은 없어? 아 나 처음에 집 들어올 때 막 냉장고랑 기본 가구에 막 여 연두색 띠가 막 둘러져 있는 거야. 기본 색깔로 막 있는 거야. 그래서 그걸 보고 아 진짜 별로다. 여기 살기 싫다 했었는데 막상 들어가 보니까 그런 거 별로 티도 안 나고 깔끔해 보이고 좋더라고. 그래서 그렇게 쓰고 있고. 뭔가 인테리어 아 그 자취하면 내 방식대로 바 집을 꾸미고 막 이렇게 써야지라는 생각은 있었는데 막상 있으니까 짐을 그 넣을 짐도 너무 많고 근데 그거에 비해 공간은 안 나오고 하니까 인테리어라고 할 것도 없이 그냥 짐을 넣어 놓은 거 같아. 내 방이 너무 작아서 옷장 같은 게 들어갈 공간이 안 나서 거실에다가 행거 설치해서 바로 옷 놓아두고. 그래서 뭔가 꾸미기도 애매하고 그랬던 거 같아. 너는 집 인테리어 어떤 편이야? 서울에서 살 수 있으면 좋을 거 같은데. 왜냐하면 여가 생활 같은 것도 훨씬 더 많이 할 수 있고 이제 거의 내 친구들이나 생활 반경이 서울에 중심에 맞춰져 있다 보니까 서울에서 생활하는 게 편하긴 한데 가끔씩 여기가 사람이 너무 많아서 내려가고 싶다라는 생각이 들긴 해. 근데 직장을 얻고 뭔가 더 발전을 하려면은 서울에서 사는 게 맞는 거 같아. 나는 그 본가 살 때는 지하에 헬스장이 있어서 그거를 썼단 말이야. 근데 자취를 하니까 그런 여가 시설 시 그 아무튼 시설들이 없어서 막 주변에서 주변 다른 헬스장을 등록해 놨단 말이야. 근데 너는 지금 어쨌든 본가에 살잖아. 큰 아파트에 사는데 그러면 거기에 막 여가 시설 같은 게 와 잘 마련되어 있어?,0.005747126436781609,0.017241379310344827,0.004597701149425287,0.0,0.005747126436781609,0.0034482758620689655,0.005747126436781609,0.008045977011494253,0.01839080459770115,0.029885057471264367,0.004597701149425287,0.027586206896551724,0.0,0.008045977011494253,0.0022988505747126436,0.0,0.0034482758620689655,0.0011494252873563218,0.03218390804597701,0.013793103448275862,0.0,0.0,0.0,0.0022988505747126436,0.0,0.004597701149425287,0.021839080459770115,0.0,0.0034482758620689655,0.0034482758620689655,0.04367816091954023,0.0,0.006896551724137931,0.0,0.004597701149425287,0.009195402298850575,0.0,0.0,0.011494252873563218,0.0011494252873563218,0.0,0.0022988505747126436,0.0,0.0,0.034482758620689655,0.004597701149425287,0.013793103448275862,0.0022988505747126436,0.004597701149425287,0.0367816091954023,0.009195402298850575,0.0011494252873563218,0.0,0.0022988505747126436,0.0,0.0011494252873563218,0.0011494252873563218,0.0022988505747126436,0.0,0.006896551724137931,0.0,0.0,0.0,0.0011494252873563218,0.006896551724137931,0.0022988505747126436,0.0022988505747126436,0.0011494252873563218,0.0011494252873563218,0.0,0.0,0.0,0.0022988505747126436,0.0,0.0,0.005747126436781609,0.0022988505747126436,0.0,0.006896551724137931,0.010344827586206896,0.0011494252873563218,0.0,0.0,0.0,0.0,0.004597701149425287,0.0034482758620689655,0.0,0.0022988505747126436,0.004597701149425287,0.0,0.0022988505747126436,0.0,0.0011494252873563218,0.0,0.0011494252873563218,0.0011494252873563218,0.0011494252873563218,0.0,0.0022988505747126436,0.004597701149425287,0.0011494252873563218,0.0,0.0,0.0,0.0,0.01264367816091954,0.009195402298850575,0.0,0.0011494252873563218,0.0011494252873563218,0.0022988505747126436,0.0011494252873563218,0.0,0.0,0.0011494252873563218,0.0,0.0,0.0011494252873563218,0.011494252873563218,0.0,0.005747126436781609,0.0011494252873563218,0.0,0.0022988505747126436,0.0011494252873563218,0.0011494252873563218,0.0,0.0022988505747126436,0.0,0.0,0.0,0.0,0.0034482758620689655,0.0,0.0,0.01839080459770115,0.0022988505747126436,0.0,0.0,0.0022988505747126436,0.0022988505747126436,0.0022988505747126436,0.0,0.0,0.005747126436781609,0.0011494252873563218,0.0,0.008045977011494253,0.0022988505747126436,0.0011494252873563218,0.005747126436781609,0.0011494252873563218,0.0,0.0,0.0011494252873563218,0.0,0.0011494252873563218,0.006896551724137931,0.0011494252873563218,0.0,0.0034482758620689655,0.0,0.0,0.0,0.004597701149425287,0.0011494252873563218,0.0011494252873563218,0.0,0.0,0.0011494252873563218,0.0,0.0,0.0,0.006896551724137931,0.0,0.0,0.0,0.0,0.0,0.0011494252873563218,0.0,0.0034482758620689655,0.0022988505747126436,0.0,0.0022988505747126436,0.0,0.0022988505747126436,0.0022988505747126436,0.0,0.0,0.0,0.0022988505747126436,0.0,0.0,0.0011494252873563218,0.0,0.0,0.0,0.0,0.0034482758620689655,0.0,0.004597701149425287,0.0,0.0,0.0,0.0,0.0,0.0,0.0011494252873563218,0.0,0.0,0.0,0.0,0.0011494252873563218,0.0,0.0011494252873563218,0.0,0.0011494252873563218,0.0,0.0022988505747126436,0.0,0.0011494252873563218,0.0022988505747126436,0.0,0.0,0.005747126436781609,0.0,0.0022988505747126436,0.0,0.0,0.0,0.0,0.0,0.0,0.0,0.0,0.0,0.0022988505747126436,0.0,0.0,0.0,0.004597701149425287,0.0,0.0,0.0,0.0,0.0,0.0,0.0,0.0,0.0,0.0,0.0,0.0,0.0,0.006896551724137931,0.0034482758620689655,0.0011494252873563218,0.0011494252873563218,0.0011494252873563218,0.0011494252873563218,0.0022988505747126436,0.0022988505747126436,0.0011494252873563218,0.0011494252873563218,0.0011494252873563218,0.0011494252873563218,0.0011494252873563218,0.0011494252873563218,0.0034482758620689655,0.0011494252873563218,0.005747126436781609,0.0011494252873563218,0.0011494252873563218,0.0011494252873563218,0.0022988505747126436,0.0022988505747126436,0.0011494252873563218,0.0022988505747126436,0.0011494252873563218,0.0011494252873563218,0.0011494252873563218,0.0011494252873563218,0.0022988505747126436,0.0011494252873563218,0.0011494252873563218,0.0011494252873563218,0.0022988505747126436,0.0011494252873563218,0.0011494252873563218,0.0011494252873563218,0.0011494252873563218,0.0011494252873563218,0.0011494252873563218,0.0011494252873563218,0.0011494252873563218,0.0022988505747126436,0.0022988505747126436,0.0011494252873563218,0.0011494252873563218,0.0011494252873563218,0.0022988505747126436,0.0011494252873563218,0.0011494252873563218,0.0034482758620689655,0.0011494252873563218,0.0011494252873563218,0.0011494252873563218,0.0011494252873563218,0.0011494252873563218,0.0011494252873563218,0.0011494252873563218,0.0022988505747126436,0.0011494252873563218,0.0022988505747126436,0.0022988505747126436,0.0011494252873563218,0.0011494252873563218,0.0034482758620689655,0.0011494252873563218,0.0011494252873563218,0.0022988505747126436,0.0011494252873563218,0.0022988505747126436,0.0011494252873563218,0.0011494252873563218,0.0022988505747126436,0.0011494252873563218,0.0011494252873563218,0.0011494252873563218,0.0022988505747126436,0.0011494252873563218,0.0034482758620689655,0.0034482758620689655,0.0022988505747126436,0.0011494252873563218,0.0011494252873563218,0.0011494252873563218,0.0011494252873563218,0.0011494252873563218,0.0011494252873563218,0.0011494252873563218,0.004597701149425287,0.0011494252873563218,0.0011494252873563218,0.0011494252873563218,0.0011494252873563218,0.0022988505747126436,0.0011494252873563218,0.0011494252873563218,0.0011494252873563218,0.0034482758620689655,0.0011494252873563218,0.0011494252873563218,0.0011494252873563218,0.0011494252873563218,0.0022988505747126436,0.0011494252873563218,0.0022988505747126436,0.0022988505747126436,0.0022988505747126436,0.0011494252873563218,0.0011494252873563218,0.0011494252873563218,0.0011494252873563218,0.0022988505747126436,0.0011494252873563218,0.0034482758620689655,0.0034482758620689655,0.0011494252873563218,0.004597701149425287,0.0011494252873563218,0.0011494252873563218,0.0022988505747126436,0.0022988505747126436,0.0011494252873563218,0.0011494252873563218,0.0011494252873563218,0.0022988505747126436,0.0011494252873563218,0.0022988505747126436,0.0022988505747126436,0.0011494252873563218,0.0011494252873563218,0.0011494252873563218,0.0011494252873563218,0.0011494252873563218,0.0011494252873563218,0.0011494252873563218,0.0011494252873563218,0.0011494252873563218,0.0011494252873563218,0.0011494252873563218,0.0011494252873563218,0.0022988505747126436,0.0011494252873563218,0.0011494252873563218,0.0011494252873563218,0.0011494252873563218,0.0011494252873563218,0.0011494252873563218,0.0011494252873563218,0.0011494252873563218,0.0011494252873563218,0.0011494252873563218,0.0011494252873563218,0.0022988505747126436,0.0011494252873563218,0.0011494252873563218,0.0011494252873563218,0.0011494252873563218,0.0011494252873563218,0.0022988505747126436,0.0011494252873563218,0.0022988505747126436,0.0011494252873563218,0.0011494252873563218,0.0011494252873563218,0.0034482758620689655,0.0011494252873563218,0.0011494252873563218,0.0011494252873563218,0.0011494252873563218,0.0011494252873563218,0.0011494252873563218,0.0011494252873563218,0.0011494252873563218,0.0011494252873563218,0.0011494252873563218,0.0011494252873563218,0.0011494252873563218,0.0034482758620689655,0.0011494252873563218,0.0022988505747126436,0.0011494252873563218,0.0011494252873563218,0.0011494252873563218,0.0011494252873563218,0.0011494252873563218,0.0011494252873563218,0.0011494252873563218,0.0011494252873563218,0.0011494252873563218,0.0011494252873563218,0.0011494252873563218,0.0011494252873563218,0.0011494252873563218,0.0011494252873563218,0.0011494252873563218,0.0011494252873563218,0.0011494252873563218,0.0011494252873563218,0.0,0.0,0.0,0.0,0.0,0.0,0.0,0.0,0.0,0.0,0.0,0.0,0.0,0.0,0.0,0.0,0.0,0.0,0.0,0.0,0.0,0.0,0.0,0.0,0.0,0.0,0.0,0.0,0.0,0.0,0.0,0.0,0.0,0.0,0.0,0.0,0.0,0.0,0.23382356996005543,0.0,0.0,0.0,0.0,0.0,0.0,0.0,0.0,0.0,0.0,0.0,0.0,0.0,0.0,0.0,0.0,0.0,0.0,0.0,0.0,0.0,0.3151755320378348,0.0,0.0,0.0,0.0,0.0,0.0,0.0,0.0,0.0,0.0,0.0,0.0,0.0,0.0,0.0,0.0,0.0,0.0,0.0,0.0,0.0,0.0,0.0,0.0,0.0,0.0,0.0,0.0,0.0,0.34379179684889344,0.0,0.0,0.0,0.0,0.0,0.0,0.0,0.0,0.0,0.0,0.0,0.0,0.0,0.0,0.0,0.0,0.0,0.0,0.0,0.0,0.0,0.0,0.0,0.0,0.0,0.0,0.0,0.0,0.0,0.0,0.0,0.0,0.0,0.0,0.0,0.0,0.0,0.0,0.0,0.0,0.0,0.0,0.0,0.0,0.0,0.0,0.0,0.0,0.0,0.0,0.0,0.0,0.0,0.0,0.0,0.0,0.0,0.0,0.0,0.0,0.0,0.0,0.0,0.0,0.0,0.0,0.0,0.0,0.39271162465970144,0.0,0.0,0.0,0.0,0.0,0.0,0.39271162465970144,0.0,0.0,0.0,0.0,0.0,0.0,0.0,0.0,0.0,0.0,0.0,0.0,0.0,0.0,0.0,0.0,0.0,0.0,0.0,0.0,0.0,0.0,0.0,0.0,0.0,0.0,0.0,0.0,0.0,0.0,0.0,0.0,0.0,0.0,0.0,0.0,0.0,0.0,0.0,0.0,0.0,0.0,0.0,0.0,0.0,0.0,0.0,0.0,0.0,0.0,0.0,0.0,0.0,0.0,0.0,0.0,0.0,0.0,0.0,0.0,0.0,0.0,0.0,0.0,0.0,0.0,0.0,0.0,0.0,0.0,0.0,0.0,0.0,0.0,0.0,0.0,0.0,0.0,0.0,0.0,0.0,0.0,0.0,0.0,0.0,0.0,0.0,0.0,0.0,0.0,0.0,0.0,0.0,0.0,0.0,0.0,0.0,0.0,0.0,0.0,0.0,0.0,0.0,0.0,0.0,0.0,0.0,0.0,0.0,0.0,0.0,0.0,0.0,0.0,0.0,0.0,0.0,0.0,0.0,0.0,0.0,0.0,0.0,0.0,0.0,0.0,0.0,0.0,0.0,0.0,0.0,0.0,0.0,0.0,0.0,0.0,0.0,0.0,0.0,0.0,0.0,0.0,0.0,0.0,0.0,0.0,0.0,0.0,0.0,0.0,0.0,0.0,0.0,0.0,0.0,0.0,0.0,0.0,0.0,0.0,0.0,0.0,0.0,0.0,0.0,0.0,0.0,0.0,0.0,0.0,0.0,0.0,0.0,0.0,0.0,0.0,0.0,0.0,0.0,0.0,0.0,0.0,0.0,0.0,0.0,0.0,0.0,0.0,0.0,0.0,0.0,0.0,0.0,0.0,0.0,0.0,0.0,0.0,0.0,0.0,0.0,0.0,0.0,0.0,0.0,0.0,0.0,0.0,0.0,0.0,0.0,0.0,0.0,0.0,0.0,0.0,0.0,0.0,0.0,0.0,0.0,0.0,0.0,0.0,0.0,0.0,0.0,0.0,0.0,0.0,0.0,0.0,0.0,0.0,0.0,0.0,0.0,0.0,0.0,0.0,0.0,0.0,0.0,0.0,0.0,0.0,0.0,0.0,0.0,0.0,0.0,0.0,0.0,0.0,0.0,0.0,0.0,0.0,0.0,0.0,0.0,0.0,0.0,0.0,0.0,0.0,0.0,0.0,0.0,0.0,0.0,0.0,0.0,0.0,0.0,0.0,0.0,0.0,0.0,0.0,0.0,0.0,0.0,0.0,0.0,0.0,0.0,0.0,0.0,0.0,0.0,0.0,0.0,0.0,0.0,0.0,0.0,0.36409535984864283,0.0,0.0,0.0,0.0,0.0,0.0,0.0,0.0,0.0,0.0,0.0,0.0,0.0,0.0,0.0,0.0,0.0,0.0,0.0,0.0,0.0,0.0,0.0,0.0,0.0,0.0,0.0,0.0,0.0,0.0,0.0,0.0,0.0,0.0,0.0,0.0,0.0,0.0,0.0,0.0,0.0,0.0,0.0,0.0,0.0,0.0,0.0,0.0,0.0,0.0,0.0,0.0,0.0,0.0,0.0,0.0,0.0,0.0,0.0,0.0,0.0,0.0,0.0,0.0,0.39271162465970144,0.0,0.0,0.0,0.0,0.0,0.0,0.0,0.0,0.0,0.0,0.0,0.0,0.0,0.0,0.0,0.0,0.0,0.0,0.0,0.0,0.0,0.0,0.0,0.0,0.0,0.0,0.0,0.0,0.0,0.0,0.0,0.0,0.0,0.0,0.0,0.0,0.0,0.0,0.0,0.0,0.0,0.0,0.0,0.0,0.0,0.0,0.0,0.0,0.0,0.0,0.0,0.0,0.0,0.0,0.0,0.0,0.0,0.0,0.0,0.0,0.0,0.0,0.0,0.0,0.0,0.0,0.0,0.0,0.0,0.0,0.0,0.0,0.0,0.0,0.0,0.0,0.0,0.0,0.0,0.0,0.0,0.0,0.0,0.0,0.0,0.0,0.0,0.0,0.0,0.0,0.0,0.0,0.0,0.0,0.36409535984864283,0.0,0.0,0.0,0.0,0.0,0.0,0.0,0.0,0.0,0.0,0.0,0.0,0.0,0.0,0.0,0.0,0.0,0.0,0.0,0.0,0.0,0.0,0.0,0.0,0.0,0.0,0.0,0.0,0.0,0.0,0.0,0.0,0.0,0.0,0.0,0.0,0.0,0.0,0.0,0.0,0.0,0.0,0.0,0.0,0.0,0.0,0.0,0.0,0.0,0.0,0.0,0.0,0.0,0.0,0.0,0.0,0.0,0.0,0.0,0.0,0.0,0.0,0.0,0.0,0.0,0.0,0.0,0.0,0.0,0.0,0.0,0.0,0.0,0.0,0.0,0.0,0.0,0.0,0.0,0.0,0.0,0.0,0.0,0.0,0.0,0.0,0.0,0.0,0.0,0.0,0.0,0.0,0.0,0.0,0.0,0.0,0.0,0.0,0.0,0.0,0.0,0.0
SD2401268,20대,음 근데 우리집이 꼭대기 층이라 그런지 좀 괜찮은 거 같은데. 층간 소음은 없는데 벽간 소음이 쪼금 있는 거 같아. 방이 그 방음이 잘 안 돼서 옆 문 그 첫 입구 문에만 서도 옆의 방이 뭐 유튜브 뭐 듣고 있는지 무슨 대화하고 있는지가 너무 잘 들려서 쪼끔 부담스럽긴 해. 근데 위에는 아무도 사람이 안 사니까 내가 살기에는 어 소음이 없어서 되게 좋은 거 같아. 그거 말고도 본가 살 때는 위층이 아빠 지인이 살았었는데 그래서 막 소음이 나도 뭐라 하기가 좀 그랬던 경험이 있어. 너는 지금 몇 층 정도에 살아? 층간 소음은 없어? 음 그 학 학교 들어오고 나서부터 2년 동안 여기 살고 올해 새로 계약해서 똑같은 데 연장해서 거기서 살고 있어. 아마 내년에는 교환 학생을 가서 없으니까 오빠가 혼자 살 거 같아 지금 같이 살고 있으니까. 그리고 사실 나는 올해 딱 계약 연장할 때쯤에 새로 구해서 따로따로 살고 싶었는데 아무래도 서울 뭐 월세가 비싸다 보니까 그냥 한집에서 해서 전세로 사는 게 낫겠다 싶어서 같이 살고 있는데. 어 아무래도 생활 패턴이나 그런 집안일 하는 거가 좀 안 맞아서 좀 그게 제일 힘들어서 따로 살고 싶었던 거 같아. 뭐 혼자 늦게 자고 그런 건 상관없는데 오빠가 게임을 하니까 늦게까지 게임하는 소리 계속 들려 오 들려 오고 하니까 나 자는 데 방에 돼서 그랬던 거 같아. 너는 그런 적은 없어? 어 중3 때까지 1곳에서 살았고 그 주 중3 이후에 약간 신도시 분양 그런 청약 담 당첨 돼 가지고 1번 이사를 갔었어. 근데 그 중3 때까지 계속 같은 지역에 살다 보니까 거기 유치원 초등학교 중학교 나오고 고등학교도 그쪽을 가려고 했는데 이사를 가게 돼서 혼자 떨어진 곳을 가니까 친구들이랑도 멀어지고 그러 그 뭐 원래 놀던 데에서도 못 놀고 이런 게 쪼끔 아쉽고 힘들긴 하더라고. 근데 집이 넓어서 되게 좋았던 거 같아. 나는 이사를 많이 안 해 봐서 막 해 보고 싶었다 이런 게 좀 컸었는데 주변에 이사 많이 다니는 사람은 안 그렇더라고. 이사를 그만 다니고 싶다 그러더라. 혹시 너도 그런 편이야? 음 나는 이사 간 다음에 우 이 이사 간 아파트 앞에 막 전원주택 같은 게 있는 거야. 그래서 나중에 이 또 이사를 가게 된다면은 저런 데에서 살고 싶다. 저런 데에서 마당에서 막 식물 키우고 동물 키우고 막 나만의 정원을 가꾸면서 2층 바 다락방에서 살고 싶다 막 이런 생각을 했었는데. 근데 막상 거기에 살면은 관리하는 게 되게 힘들어 보이더라고. 할머니 집도 그런 전원주택인데 조금만 뭘 관리를 안 해 줘도 잡초 자라고 먼지가 끼고 더러워지고 막 그런 게 많아서 관리가 힘들다고 하더라고. 근데 그럼에도 한 약간 한번쯤은 전원주택에 살고 싶다 이런 생각이 있는데. 너는 그런 어디에 살고 싶다 이런 로망 같은 게 있어? 어 전자레인지랑 냉장고 세탁기 이 이 정도는 원래 있었던 거 같고. 밥솥이랑 응 어 그 오븐 같은 거 뭐라고 하지. 그 아 에어프라이어는 사 왔고. 최근에 여름 되니까 벌레가 너무 많이 생기잖아. 특히 음식물에 벌레가 많이 생기는데 그래서 버리기가 너무 힘들어서 미생물로 분해해 주는 기계 그런 게 있더라고. 오빠가 인스타그램에서 찾아와서 막 우 이거 쓰자 막 그러면서 찾아왔던 기억이 있어. 그래서 그거를 지금 살까 고민 중에 있어. 그게 음식물 쓰레기를 넣으면은 미생물들이 분해를 해서 흙으로 바로 만들어 준대. 근데 그게 하루 만에 다 만들어 주고 냄새도 안 나서 좋다고 하더라고. 너는 혹시 집안일 같은 거는 어떻게 하는 편이야? 어 가끔 아니 자주 좀 싸운 싸우진 않고 이런 거에 대해 짜증을 내는 거 같긴 한데 내 방이 쓰레기 그 분리수거 하는 데 바로 앞에 있단 말이야. 그래서 오빠는 좀 멀어서 쓰레기 같은 걸 거기 내면 그만인데 나는 내고 나서 그게 분리수거가 잘 안 되어 있거나 막 더러운 게 섞여 있거나 하면은 냄새가 바로 내 방으로 들어온단 말이야. 그거 때문에 오빠한테 뭐라 한 적도 많았던 거 같고. 약간 분담 같은 게 예전에는 막 뭐 냉장고 청소 네가 1번 하면 내가 화장실 청소 1번 하고 이런 식으로 번갈아서 하자라고 말은 했는데 어느 순간 보니까 내가 다 하고 있더라고. 그래서 그거에 대해서 쌓아 놨다가 화내기 직전에 딱 말하면은 오빠가 또 눈치는 빨라 가지고 그제서야 부랴부랴 치우고 막 이래서 어 싸우지는 않았던 거 같아. 근데 자취를 하니까 확실히 본가 살 때는 엄마가 다 해 주고 그러는데 내가 다 해야 되니까 그게 힘든 거 같긴 해. 너는 자취하고 싶다는 생각은 없어? 아 나 처음에 집 들어올 때 막 냉장고랑 기본 가구에 막 여 연두색 띠가 막 둘러져 있는 거야. 기본 색깔로 막 있는 거야. 그래서 그걸 보고 아 진짜 별로다. 여기 살기 싫다 했었는데 막상 들어가 보니까 그런 거 별로 티도 안 나고 깔끔해 보이고 좋더라고. 그래서 그렇게 쓰고 있고. 뭔가 인테리어 아 그 자취하면 내 방식대로 바 집을 꾸미고 막 이렇게 써야지라는 생각은 있었는데 막상 있으니까 짐을 그 넣을 짐도 너무 많고 근데 그거에 비해 공간은 안 나오고 하니까 인테리어라고 할 것도 없이 그냥 짐을 넣어 놓은 거 같아. 내 방이 너무 작아서 옷장 같은 게 들어갈 공간이 안 나서 거실에다가 행거 설치해서 바로 옷 놓아두고. 그래서 뭔가 꾸미기도 애매하고 그랬던 거 같아. 너는 집 인테리어 어떤 편이야? 서울에서 살 수 있으면 좋을 거 같은데. 왜냐하면 여가 생활 같은 것도 훨씬 더 많이 할 수 있고 이제 거의 내 친구들이나 생활 반경이 서울에 중심에 맞춰져 있다 보니까 서울에서 생활하는 게 편하긴 한데 가끔씩 여기가 사람이 너무 많아서 내려가고 싶다라는 생각이 들긴 해. 근데 직장을 얻고 뭔가 더 발전을 하려면은 서울에서 사는 게 맞는 거 같아. 나는 그 본가 살 때는 지하에 헬스장이 있어서 그거를 썼단 말이야. 근데 자취를 하니까 그런 여가 시설 시 그 아무튼 시설들이 없어서 막 주변에서 주변 다른 헬스장을 등록해 놨단 말이야. 근데 너는 지금 어쨌든 본가에 살잖아. 큰 아파트에 사는데 그러면 거기에 막 여가 시설 같은 게 와 잘 마련되어 있어?,0.005747126436781609,0.017241379310344827,0.004597701149425287,0.0,0.005747126436781609,0.0034482758620689655,0.005747126436781609,0.008045977011494253,0.01839080459770115,0.029885057471264367,0.004597701149425287,0.027586206896551724,0.0,0.008045977011494253,0.0022988505747126436,0.0,0.0034482758620689655,0.0011494252873563218,0.03218390804597701,0.013793103448275862,0.0,0.0,0.0,0.0022988505747126436,0.0,0.004597701149425287,0.021839080459770115,0.0,0.0034482758620689655,0.0034482758620689655,0.04367816091954023,0.0,0.006896551724137931,0.0,0.004597701149425287,0.009195402298850575,0.0,0.0,0.011494252873563218,0.0011494252873563218,0.0,0.0022988505747126436,0.0,0.0,0.034482758620689655,0.004597701149425287,0.013793103448275862,0.0022988505747126436,0.004597701149425287,0.0367816091954023,0.009195402298850575,0.0011494252873563218,0.0,0.0022988505747126436,0.0,0.0011494252873563218,0.0011494252873563218,0.0022988505747126436,0.0,0.006896551724137931,0.0,0.0,0.0,0.0011494252873563218,0.006896551724137931,0.0022988505747126436,0.0022988505747126436,0.0011494252873563218,0.0011494252873563218,0.0,0.0,0.0,0.0022988505747126436,0.0,0.0,0.005747126436781609,0.0022988505747126436,0.0,0.006896551724137931,0.010344827586206896,0.0011494252873563218,0.0,0.0,0.0,0.0,0.004597701149425287,0.0034482758620689655,0.0,0.0022988505747126436,0.004597701149425287,0.0,0.0022988505747126436,0.0,0.0011494252873563218,0.0,0.0011494252873563218,0.0011494252873563218,0.0011494252873563218,0.0,0.0022988505747126436,0.004597701149425287,0.0011494252873563218,0.0,0.0,0.0,0.0,0.01264367816091954,0.009195402298850575,0.0,0.0011494252873563218,0.0011494252873563218,0.0022988505747126436,0.0011494252873563218,0.0,0.0,0.0011494252873563218,0.0,0.0,0.0011494252873563218,0.011494252873563218,0.0,0.005747126436781609,0.0011494252873563218,0.0,0.0022988505747126436,0.0011494252873563218,0.0011494252873563218,0.0,0.0022988505747126436,0.0,0.0,0.0,0.0,0.0034482758620689655,0.0,0.0,0.01839080459770115,0.0022988505747126436,0.0,0.0,0.0022988505747126436,0.0022988505747126436,0.0022988505747126436,0.0,0.0,0.005747126436781609,0.0011494252873563218,0.0,0.008045977011494253,0.0022988505747126436,0.0011494252873563218,0.005747126436781609,0.0011494252873563218,0.0,0.0,0.0011494252873563218,0.0,0.0011494252873563218,0.006896551724137931,0.0011494252873563218,0.0,0.0034482758620689655,0.0,0.0,0.0,0.004597701149425287,0.0011494252873563218,0.0011494252873563218,0.0,0.0,0.0011494252873563218,0.0,0.0,0.0,0.006896551724137931,0.0,0.0,0.0,0.0,0.0,0.0011494252873563218,0.0,0.0034482758620689655,0.0022988505747126436,0.0,0.0022988505747126436,0.0,0.0022988505747126436,0.0022988505747126436,0.0,0.0,0.0,0.0022988505747126436,0.0,0.0,0.0011494252873563218,0.0,0.0,0.0,0.0,0.0034482758620689655,0.0,0.004597701149425287,0.0,0.0,0.0,0.0,0.0,0.0,0.0011494252873563218,0.0,0.0,0.0,0.0,0.0011494252873563218,0.0,0.0011494252873563218,0.0,0.0011494252873563218,0.0,0.0022988505747126436,0.0,0.0011494252873563218,0.0022988505747126436,0.0,0.0,0.005747126436781609,0.0,0.0022988505747126436,0.0,0.0,0.0,0.0,0.0,0.0,0.0,0.0,0.0,0.0022988505747126436,0.0,0.0,0.0,0.004597701149425287,0.0,0.0,0.0,0.0,0.0,0.0,0.0,0.0,0.0,0.0,0.0,0.0,0.0,0.006896551724137931,0.0034482758620689655,0.0011494252873563218,0.0011494252873563218,0.0011494252873563218,0.0011494252873563218,0.0022988505747126436,0.0022988505747126436,0.0011494252873563218,0.0011494252873563218,0.0011494252873563218,0.0011494252873563218,0.0011494252873563218,0.0011494252873563218,0.0034482758620689655,0.0011494252873563218,0.005747126436781609,0.0011494252873563218,0.0011494252873563218,0.0011494252873563218,0.0022988505747126436,0.0022988505747126436,0.0011494252873563218,0.0022988505747126436,0.0011494252873563218,0.0011494252873563218,0.0011494252873563218,0.0011494252873563218,0.0022988505747126436,0.0011494252873563218,0.0011494252873563218,0.0011494252873563218,0.0022988505747126436,0.0011494252873563218,0.0011494252873563218,0.0011494252873563218,0.0011494252873563218,0.0011494252873563218,0.0011494252873563218,0.0011494252873563218,0.0011494252873563218,0.0022988505747126436,0.0022988505747126436,0.0011494252873563218,0.0011494252873563218,0.0011494252873563218,0.0022988505747126436,0.0011494252873563218,0.0011494252873563218,0.0034482758620689655,0.0011494252873563218,0.0011494252873563218,0.0011494252873563218,0.0011494252873563218,0.0011494252873563218,0.0011494252873563218,0.0011494252873563218,0.0022988505747126436,0.0011494252873563218,0.0022988505747126436,0.0022988505747126436,0.0011494252873563218,0.0011494252873563218,0.0034482758620689655,0.0011494252873563218,0.0011494252873563218,0.0022988505747126436,0.0011494252873563218,0.0022988505747126436,0.0011494252873563218,0.0011494252873563218,0.0022988505747126436,0.0011494252873563218,0.0011494252873563218,0.0011494252873563218,0.0022988505747126436,0.0011494252873563218,0.0034482758620689655,0.0034482758620689655,0.0022988505747126436,0.0011494252873563218,0.0011494252873563218,0.0011494252873563218,0.0011494252873563218,0.0011494252873563218,0.0011494252873563218,0.0011494252873563218,0.004597701149425287,0.0011494252873563218,0.0011494252873563218,0.0011494252873563218,0.0011494252873563218,0.0022988505747126436,0.0011494252873563218,0.0011494252873563218,0.0011494252873563218,0.0034482758620689655,0.0011494252873563218,0.0011494252873563218,0.0011494252873563218,0.0011494252873563218,0.0022988505747126436,0.0011494252873563218,0.0022988505747126436,0.0022988505747126436,0.0022988505747126436,0.0011494252873563218,0.0011494252873563218,0.0011494252873563218,0.0011494252873563218,0.0022988505747126436,0.0011494252873563218,0.0034482758620689655,0.0034482758620689655,0.0011494252873563218,0.004597701149425287,0.0011494252873563218,0.0011494252873563218,0.0022988505747126436,0.0022988505747126436,0.0011494252873563218,0.0011494252873563218,0.0011494252873563218,0.0022988505747126436,0.0011494252873563218,0.0022988505747126436,0.0022988505747126436,0.0011494252873563218,0.0011494252873563218,0.0011494252873563218,0.0011494252873563218,0.0011494252873563218,0.0011494252873563218,0.0011494252873563218,0.0011494252873563218,0.0011494252873563218,0.0011494252873563218,0.0011494252873563218,0.0011494252873563218,0.0022988505747126436,0.0011494252873563218,0.0011494252873563218,0.0011494252873563218,0.0011494252873563218,0.0011494252873563218,0.0011494252873563218,0.0011494252873563218,0.0011494252873563218,0.0011494252873563218,0.0011494252873563218,0.0011494252873563218,0.0022988505747126436,0.0011494252873563218,0.0011494252873563218,0.0011494252873563218,0.0011494252873563218,0.0011494252873563218,0.0022988505747126436,0.0011494252873563218,0.0022988505747126436,0.0011494252873563218,0.0011494252873563218,0.0011494252873563218,0.0034482758620689655,0.0011494252873563218,0.0011494252873563218,0.0011494252873563218,0.0011494252873563218,0.0011494252873563218,0.0011494252873563218,0.0011494252873563218,0.0011494252873563218,0.0011494252873563218,0.0011494252873563218,0.0011494252873563218,0.0011494252873563218,0.0034482758620689655,0.0011494252873563218,0.0022988505747126436,0.0011494252873563218,0.0011494252873563218,0.0011494252873563218,0.0011494252873563218,0.0011494252873563218,0.0011494252873563218,0.0011494252873563218,0.0011494252873563218,0.0011494252873563218,0.0011494252873563218,0.0011494252873563218,0.0011494252873563218,0.0011494252873563218,0.0011494252873563218,0.0011494252873563218,0.0011494252873563218,0.0011494252873563218,0.0011494252873563218,0.0,0.0,0.0,0.0,0.0,0.0,0.0,0.0,0.0,0.0,0.0,0.0,0.0,0.0,0.0,0.0,0.0,0.0,0.0,0.0,0.0,0.0,0.0,0.0,0.0,0.0,0.0,0.0,0.0,0.0,0.0,0.0,0.0,0.0,0.0,0.0,0.0,0.0,0.0,0.0,0.2596844192532824,0.0,0.0,0.0,0.0,0.0,0.0,0.0,0.0,0.0,0.0,0.0,0.0,0.0,0.0,0.0,0.0,0.0,0.0,0.0,0.0,0.0,0.0,0.0,0.0,0.0,0.0,0.0,0.0,0.0,0.0,0.0,0.0,0.39933654015558845,0.0,0.0,0.0,0.0,0.0,0.0,0.0,0.0,0.0,0.0,0.0,0.0,0.0,0.0,0.0,0.0,0.0,0.0,0.0,0.0,0.0,0.0,0.0,0.0,0.0,0.0,0.0,0.0,0.0,0.0,0.0,0.0,0.0,0.0,0.0,0.0,0.0,0.0,0.0,0.0,0.0,0.0,0.0,0.0,0.0,0.0,0.0,0.0,0.0,0.0,0.0,0.0,0.0,0.0,0.0,0.0,0.0,0.0,0.0,0.3495914509953086,0.0,0.0,0.0,0.0,0.0,0.0,0.0,0.0,0.0,0.0,0.0,0.0,0.0,0.0,0.0,0.0,0.0,0.0,0.0,0.0,0.27699189500286464,0.0,0.0,0.0,0.0,0.0,0.0,0.0,0.0,0.0,0.0,0.0,0.0,0.0,0.0,0.0,0.0,0.0,0.0,0.0,0.0,0.0,0.0,0.0,0.0,0.0,0.0,0.0,0.0,0.0,0.0,0.0,0.0,0.0,0.0,0.0,0.0,0.0,0.0,0.0,0.0,0.0,0.0,0.0,0.0,0.0,0.0,0.0,0.0,0.0,0.0,0.0,0.0,0.0,0.0,0.0,0.0,0.0,0.0,0.0,0.0,0.0,0.0,0.0,0.0,0.0,0.0,0.39933654015558845,0.0,0.0,0.0,0.0,0.0,0.0,0.0,0.0,0.0,0.0,0.0,0.0,0.0,0.0,0.0,0.0,0.0,0.0,0.0,0.0,0.0,0.0,0.0,0.0,0.0,0.0,0.0,0.0,0.0,0.0,0.0,0.0,0.0,0.0,0.0,0.0,0.0,0.0,0.0,0.0,0.0,0.0,0.0,0.0,0.0,0.0,0.0,0.0,0.0,0.0,0.0,0.0,0.0,0.0,0.0,0.0,0.0,0.0,0.0,0.0,0.0,0.0,0.0,0.0,0.0,0.0,0.0,0.0,0.0,0.0,0.0,0.30942950841356226,0.0,0.0,0.0,0.0,0.0,0.0,0.0,0.0,0.0,0.0,0.0,0.0,0.0,0.0,0.0,0.0,0.0,0.0,0.0,0.0,0.0,0.0,0.0,0.0,0.0,0.0,0.0,0.0,0.0,0.0,0.0,0.0,0.0,0.0,0.0,0.0,0.0,0.0,0.0,0.0,0.0,0.0,0.0,0.0,0.0,0.0,0.0,0.0,0.0,0.0,0.0,0.0,0.0,0.0,0.0,0.0,0.0,0.0,0.0,0.0,0.0,0.0,0.0,0.0,0.0,0.0,0.0,0.0,0.0,0.0,0.0,0.0,0.0,0.0,0.0,0.0,0.0,0.0,0.0,0.0,0.0,0.0,0.0,0.0,0.0,0.0,0.0,0.0,0.0,0.0,0.0,0.0,0.0,0.0,0.0,0.0,0.0,0.0,0.0,0.0,0.0,0.0,0.0,0.0,0.0,0.0,0.0,0.0,0.0,0.0,0.0,0.0,0.0,0.0,0.0,0.0,0.0,0.0,0.0,0.0,0.0,0.0,0.0,0.0,0.0,0.0,0.0,0.0,0.0,0.0,0.0,0.0,0.0,0.0,0.0,0.0,0.0,0.0,0.0,0.0,0.0,0.0,0.0,0.0,0.0,0.0,0.0,0.0,0.0,0.0,0.0,0.0,0.0,0.0,0.0,0.0,0.0,0.0,0.0,0.0,0.0,0.0,0.0,0.0,0.0,0.0,0.0,0.0,0.0,0.0,0.0,0.0,0.0,0.0,0.0,0.0,0.0,0.0,0.0,0.0,0.0,0.0,0.0,0.0,0.0,0.0,0.0,0.0,0.0,0.0,0.0,0.0,0.0,0.0,0.39933654015558845,0.0,0.0,0.0,0.0,0.0,0.0,0.0,0.0,0.0,0.0,0.0,0.0,0.0,0.0,0.0,0.0,0.0,0.0,0.0,0.0,0.0,0.0,0.0,0.0,0.0,0.0,0.0,0.0,0.0,0.0,0.0,0.0,0.0,0.0,0.0,0.0,0.0,0.0,0.0,0.0,0.0,0.0,0.0,0.0,0.0,0.0,0.0,0.0,0.0,0.0,0.0,0.0,0.0,0.0,0.0,0.0,0.0,0.0,0.0,0.0,0.0,0.0,0.0,0.0,0.0,0.0,0.0,0.0,0.0,0.0,0.0,0.0,0.0,0.0,0.0,0.39933654015558845,0.0,0.0,0.0,0.0,0.0,0.0,0.0,0.0,0.0,0.0,0.0,0.0,0.0,0.0,0.0,0.0,0.0,0.0,0.0,0.0,0.0,0.0,0.0,0.0,0.0,0.0,0.0,0.0,0.0,0.0,0.0,0.0,0.0,0.0,0.0,0.0,0.0,0.0,0.0,0.0,0.0,0.0,0.0,0.0,0.0,0.0,0.0,0.0,0.0,0.0,0.0,0.0,0.0,0.0,0.0,0.0,0.0,0.0,0.0,0.0,0.0,0.0,0.0,0.0,0.0,0.0,0.0,0.0,0.0,0.0,0.0,0.0,0.0,0.0,0.0,0.0,0.0,0.0,0.0,0.0,0.0,0.0,0.0,0.0,0.0,0.0,0.0,0.0,0.0,0.0,0.0,0.0,0.0,0.0,0.0,0.0,0.0,0.0,0.0,0.0,0.0,0.0,0.0,0.0,0.0,0.0,0.0,0.0,0.0,0.0,0.0,0.0,0.0,0.0,0.0,0.0,0.0,0.0,0.0,0.0,0.0,0.0,0.0,0.0,0.0,0.0,0.0,0.0,0.0,0.0,0.0,0.0,0.0,0.0,0.0,0.0,0.0,0.0,0.0,0.0,0.0,0.0,0.0,0.0,0.0,0.0,0.0,0.0,0.0,0.0,0.0,0.0,0.0,0.0,0.0,0.0,0.0,0.0,0.0,0.0,0.0,0.0
SD2401268,20대,음 근데 우리집이 꼭대기 층이라 그런지 좀 괜찮은 거 같은데. 층간 소음은 없는데 벽간 소음이 쪼금 있는 거 같아. 방이 그 방음이 잘 안 돼서 옆 문 그 첫 입구 문에만 서도 옆의 방이 뭐 유튜브 뭐 듣고 있는지 무슨 대화하고 있는지가 너무 잘 들려서 쪼끔 부담스럽긴 해. 근데 위에는 아무도 사람이 안 사니까 내가 살기에는 어 소음이 없어서 되게 좋은 거 같아. 그거 말고도 본가 살 때는 위층이 아빠 지인이 살았었는데 그래서 막 소음이 나도 뭐라 하기가 좀 그랬던 경험이 있어. 너는 지금 몇 층 정도에 살아? 층간 소음은 없어? 음 그 학 학교 들어오고 나서부터 2년 동안 여기 살고 올해 새로 계약해서 똑같은 데 연장해서 거기서 살고 있어. 아마 내년에는 교환 학생을 가서 없으니까 오빠가 혼자 살 거 같아 지금 같이 살고 있으니까. 그리고 사실 나는 올해 딱 계약 연장할 때쯤에 새로 구해서 따로따로 살고 싶었는데 아무래도 서울 뭐 월세가 비싸다 보니까 그냥 한집에서 해서 전세로 사는 게 낫겠다 싶어서 같이 살고 있는데. 어 아무래도 생활 패턴이나 그런 집안일 하는 거가 좀 안 맞아서 좀 그게 제일 힘들어서 따로 살고 싶었던 거 같아. 뭐 혼자 늦게 자고 그런 건 상관없는데 오빠가 게임을 하니까 늦게까지 게임하는 소리 계속 들려 오 들려 오고 하니까 나 자는 데 방에 돼서 그랬던 거 같아. 너는 그런 적은 없어? 어 중3 때까지 1곳에서 살았고 그 주 중3 이후에 약간 신도시 분양 그런 청약 담 당첨 돼 가지고 1번 이사를 갔었어. 근데 그 중3 때까지 계속 같은 지역에 살다 보니까 거기 유치원 초등학교 중학교 나오고 고등학교도 그쪽을 가려고 했는데 이사를 가게 돼서 혼자 떨어진 곳을 가니까 친구들이랑도 멀어지고 그러 그 뭐 원래 놀던 데에서도 못 놀고 이런 게 쪼끔 아쉽고 힘들긴 하더라고. 근데 집이 넓어서 되게 좋았던 거 같아. 나는 이사를 많이 안 해 봐서 막 해 보고 싶었다 이런 게 좀 컸었는데 주변에 이사 많이 다니는 사람은 안 그렇더라고. 이사를 그만 다니고 싶다 그러더라. 혹시 너도 그런 편이야? 음 나는 이사 간 다음에 우 이 이사 간 아파트 앞에 막 전원주택 같은 게 있는 거야. 그래서 나중에 이 또 이사를 가게 된다면은 저런 데에서 살고 싶다. 저런 데에서 마당에서 막 식물 키우고 동물 키우고 막 나만의 정원을 가꾸면서 2층 바 다락방에서 살고 싶다 막 이런 생각을 했었는데. 근데 막상 거기에 살면은 관리하는 게 되게 힘들어 보이더라고. 할머니 집도 그런 전원주택인데 조금만 뭘 관리를 안 해 줘도 잡초 자라고 먼지가 끼고 더러워지고 막 그런 게 많아서 관리가 힘들다고 하더라고. 근데 그럼에도 한 약간 한번쯤은 전원주택에 살고 싶다 이런 생각이 있는데. 너는 그런 어디에 살고 싶다 이런 로망 같은 게 있어? 어 전자레인지랑 냉장고 세탁기 이 이 정도는 원래 있었던 거 같고. 밥솥이랑 응 어 그 오븐 같은 거 뭐라고 하지. 그 아 에어프라이어는 사 왔고. 최근에 여름 되니까 벌레가 너무 많이 생기잖아. 특히 음식물에 벌레가 많이 생기는데 그래서 버리기가 너무 힘들어서 미생물로 분해해 주는 기계 그런 게 있더라고. 오빠가 인스타그램에서 찾아와서 막 우 이거 쓰자 막 그러면서 찾아왔던 기억이 있어. 그래서 그거를 지금 살까 고민 중에 있어. 그게 음식물 쓰레기를 넣으면은 미생물들이 분해를 해서 흙으로 바로 만들어 준대. 근데 그게 하루 만에 다 만들어 주고 냄새도 안 나서 좋다고 하더라고. 너는 혹시 집안일 같은 거는 어떻게 하는 편이야? 어 가끔 아니 자주 좀 싸운 싸우진 않고 이런 거에 대해 짜증을 내는 거 같긴 한데 내 방이 쓰레기 그 분리수거 하는 데 바로 앞에 있단 말이야. 그래서 오빠는 좀 멀어서 쓰레기 같은 걸 거기 내면 그만인데 나는 내고 나서 그게 분리수거가 잘 안 되어 있거나 막 더러운 게 섞여 있거나 하면은 냄새가 바로 내 방으로 들어온단 말이야. 그거 때문에 오빠한테 뭐라 한 적도 많았던 거 같고. 약간 분담 같은 게 예전에는 막 뭐 냉장고 청소 네가 1번 하면 내가 화장실 청소 1번 하고 이런 식으로 번갈아서 하자라고 말은 했는데 어느 순간 보니까 내가 다 하고 있더라고. 그래서 그거에 대해서 쌓아 놨다가 화내기 직전에 딱 말하면은 오빠가 또 눈치는 빨라 가지고 그제서야 부랴부랴 치우고 막 이래서 어 싸우지는 않았던 거 같아. 근데 자취를 하니까 확실히 본가 살 때는 엄마가 다 해 주고 그러는데 내가 다 해야 되니까 그게 힘든 거 같긴 해. 너는 자취하고 싶다는 생각은 없어? 아 나 처음에 집 들어올 때 막 냉장고랑 기본 가구에 막 여 연두색 띠가 막 둘러져 있는 거야. 기본 색깔로 막 있는 거야. 그래서 그걸 보고 아 진짜 별로다. 여기 살기 싫다 했었는데 막상 들어가 보니까 그런 거 별로 티도 안 나고 깔끔해 보이고 좋더라고. 그래서 그렇게 쓰고 있고. 뭔가 인테리어 아 그 자취하면 내 방식대로 바 집을 꾸미고 막 이렇게 써야지라는 생각은 있었는데 막상 있으니까 짐을 그 넣을 짐도 너무 많고 근데 그거에 비해 공간은 안 나오고 하니까 인테리어라고 할 것도 없이 그냥 짐을 넣어 놓은 거 같아. 내 방이 너무 작아서 옷장 같은 게 들어갈 공간이 안 나서 거실에다가 행거 설치해서 바로 옷 놓아두고. 그래서 뭔가 꾸미기도 애매하고 그랬던 거 같아. 너는 집 인테리어 어떤 편이야? 서울에서 살 수 있으면 좋을 거 같은데. 왜냐하면 여가 생활 같은 것도 훨씬 더 많이 할 수 있고 이제 거의 내 친구들이나 생활 반경이 서울에 중심에 맞춰져 있다 보니까 서울에서 생활하는 게 편하긴 한데 가끔씩 여기가 사람이 너무 많아서 내려가고 싶다라는 생각이 들긴 해. 근데 직장을 얻고 뭔가 더 발전을 하려면은 서울에서 사는 게 맞는 거 같아. 나는 그 본가 살 때는 지하에 헬스장이 있어서 그거를 썼단 말이야. 근데 자취를 하니까 그런 여가 시설 시 그 아무튼 시설들이 없어서 막 주변에서 주변 다른 헬스장을 등록해 놨단 말이야. 근데 너는 지금 어쨌든 본가에 살잖아. 큰 아파트에 사는데 그러면 거기에 막 여가 시설 같은 게 와 잘 마련되어 있어?,0.005747126436781609,0.017241379310344827,0.004597701149425287,0.0,0.005747126436781609,0.0034482758620689655,0.005747126436781609,0.008045977011494253,0.01839080459770115,0.029885057471264367,0.004597701149425287,0.027586206896551724,0.0,0.008045977011494253,0.0022988505747126436,0.0,0.0034482758620689655,0.0011494252873563218,0.03218390804597701,0.013793103448275862,0.0,0.0,0.0,0.0022988505747126436,0.0,0.004597701149425287,0.021839080459770115,0.0,0.0034482758620689655,0.0034482758620689655,0.04367816091954023,0.0,0.006896551724137931,0.0,0.004597701149425287,0.009195402298850575,0.0,0.0,0.011494252873563218,0.0011494252873563218,0.0,0.0022988505747126436,0.0,0.0,0.034482758620689655,0.004597701149425287,0.013793103448275862,0.0022988505747126436,0.004597701149425287,0.0367816091954023,0.009195402298850575,0.0011494252873563218,0.0,0.0022988505747126436,0.0,0.0011494252873563218,0.0011494252873563218,0.0022988505747126436,0.0,0.006896551724137931,0.0,0.0,0.0,0.0011494252873563218,0.006896551724137931,0.0022988505747126436,0.0022988505747126436,0.0011494252873563218,0.0011494252873563218,0.0,0.0,0.0,0.0022988505747126436,0.0,0.0,0.005747126436781609,0.0022988505747126436,0.0,0.006896551724137931,0.010344827586206896,0.0011494252873563218,0.0,0.0,0.0,0.0,0.004597701149425287,0.0034482758620689655,0.0,0.0022988505747126436,0.004597701149425287,0.0,0.0022988505747126436,0.0,0.0011494252873563218,0.0,0.0011494252873563218,0.0011494252873563218,0.0011494252873563218,0.0,0.0022988505747126436,0.004597701149425287,0.0011494252873563218,0.0,0.0,0.0,0.0,0.01264367816091954,0.009195402298850575,0.0,0.0011494252873563218,0.0011494252873563218,0.0022988505747126436,0.0011494252873563218,0.0,0.0,0.0011494252873563218,0.0,0.0,0.0011494252873563218,0.011494252873563218,0.0,0.005747126436781609,0.0011494252873563218,0.0,0.0022988505747126436,0.0011494252873563218,0.0011494252873563218,0.0,0.0022988505747126436,0.0,0.0,0.0,0.0,0.0034482758620689655,0.0,0.0,0.01839080459770115,0.0022988505747126436,0.0,0.0,0.0022988505747126436,0.0022988505747126436,0.0022988505747126436,0.0,0.0,0.005747126436781609,0.0011494252873563218,0.0,0.008045977011494253,0.0022988505747126436,0.0011494252873563218,0.005747126436781609,0.0011494252873563218,0.0,0.0,0.0011494252873563218,0.0,0.0011494252873563218,0.006896551724137931,0.0011494252873563218,0.0,0.0034482758620689655,0.0,0.0,0.0,0.004597701149425287,0.0011494252873563218,0.0011494252873563218,0.0,0.0,0.0011494252873563218,0.0,0.0,0.0,0.006896551724137931,0.0,0.0,0.0,0.0,0.0,0.0011494252873563218,0.0,0.0034482758620689655,0.0022988505747126436,0.0,0.0022988505747126436,0.0,0.0022988505747126436,0.0022988505747126436,0.0,0.0,0.0,0.0022988505747126436,0.0,0.0,0.0011494252873563218,0.0,0.0,0.0,0.0,0.0034482758620689655,0.0,0.004597701149425287,0.0,0.0,0.0,0.0,0.0,0.0,0.0011494252873563218,0.0,0.0,0.0,0.0,0.0011494252873563218,0.0,0.0011494252873563218,0.0,0.0011494252873563218,0.0,0.0022988505747126436,0.0,0.0011494252873563218,0.0022988505747126436,0.0,0.0,0.005747126436781609,0.0,0.0022988505747126436,0.0,0.0,0.0,0.0,0.0,0.0,0.0,0.0,0.0,0.0022988505747126436,0.0,0.0,0.0,0.004597701149425287,0.0,0.0,0.0,0.0,0.0,0.0,0.0,0.0,0.0,0.0,0.0,0.0,0.0,0.006896551724137931,0.0034482758620689655,0.0011494252873563218,0.0011494252873563218,0.0011494252873563218,0.0011494252873563218,0.0022988505747126436,0.0022988505747126436,0.0011494252873563218,0.0011494252873563218,0.0011494252873563218,0.0011494252873563218,0.0011494252873563218,0.0011494252873563218,0.0034482758620689655,0.0011494252873563218,0.005747126436781609,0.0011494252873563218,0.0011494252873563218,0.0011494252873563218,0.0022988505747126436,0.0022988505747126436,0.0011494252873563218,0.0022988505747126436,0.0011494252873563218,0.0011494252873563218,0.0011494252873563218,0.0011494252873563218,0.0022988505747126436,0.0011494252873563218,0.0011494252873563218,0.0011494252873563218,0.0022988505747126436,0.0011494252873563218,0.0011494252873563218,0.0011494252873563218,0.0011494252873563218,0.0011494252873563218,0.0011494252873563218,0.0011494252873563218,0.0011494252873563218,0.0022988505747126436,0.0022988505747126436,0.0011494252873563218,0.0011494252873563218,0.0011494252873563218,0.0022988505747126436,0.0011494252873563218,0.0011494252873563218,0.0034482758620689655,0.0011494252873563218,0.0011494252873563218,0.0011494252873563218,0.0011494252873563218,0.0011494252873563218,0.0011494252873563218,0.0011494252873563218,0.0022988505747126436,0.0011494252873563218,0.0022988505747126436,0.0022988505747126436,0.0011494252873563218,0.0011494252873563218,0.0034482758620689655,0.0011494252873563218,0.0011494252873563218,0.0022988505747126436,0.0011494252873563218,0.0022988505747126436,0.0011494252873563218,0.0011494252873563218,0.0022988505747126436,0.0011494252873563218,0.0011494252873563218,0.0011494252873563218,0.0022988505747126436,0.0011494252873563218,0.0034482758620689655,0.0034482758620689655,0.0022988505747126436,0.0011494252873563218,0.0011494252873563218,0.0011494252873563218,0.0011494252873563218,0.0011494252873563218,0.0011494252873563218,0.0011494252873563218,0.004597701149425287,0.0011494252873563218,0.0011494252873563218,0.0011494252873563218,0.0011494252873563218,0.0022988505747126436,0.0011494252873563218,0.0011494252873563218,0.0011494252873563218,0.0034482758620689655,0.0011494252873563218,0.0011494252873563218,0.0011494252873563218,0.0011494252873563218,0.0022988505747126436,0.0011494252873563218,0.0022988505747126436,0.0022988505747126436,0.0022988505747126436,0.0011494252873563218,0.0011494252873563218,0.0011494252873563218,0.0011494252873563218,0.0022988505747126436,0.0011494252873563218,0.0034482758620689655,0.0034482758620689655,0.0011494252873563218,0.004597701149425287,0.0011494252873563218,0.0011494252873563218,0.0022988505747126436,0.0022988505747126436,0.0011494252873563218,0.0011494252873563218,0.0011494252873563218,0.0022988505747126436,0.0011494252873563218,0.0022988505747126436,0.0022988505747126436,0.0011494252873563218,0.0011494252873563218,0.0011494252873563218,0.0011494252873563218,0.0011494252873563218,0.0011494252873563218,0.0011494252873563218,0.0011494252873563218,0.0011494252873563218,0.0011494252873563218,0.0011494252873563218,0.0011494252873563218,0.0022988505747126436,0.0011494252873563218,0.0011494252873563218,0.0011494252873563218,0.0011494252873563218,0.0011494252873563218,0.0011494252873563218,0.0011494252873563218,0.0011494252873563218,0.0011494252873563218,0.0011494252873563218,0.0011494252873563218,0.0022988505747126436,0.0011494252873563218,0.0011494252873563218,0.0011494252873563218,0.0011494252873563218,0.0011494252873563218,0.0022988505747126436,0.0011494252873563218,0.0022988505747126436,0.0011494252873563218,0.0011494252873563218,0.0011494252873563218,0.0034482758620689655,0.0011494252873563218,0.0011494252873563218,0.0011494252873563218,0.0011494252873563218,0.0011494252873563218,0.0011494252873563218,0.0011494252873563218,0.0011494252873563218,0.0011494252873563218,0.0011494252873563218,0.0011494252873563218,0.0011494252873563218,0.0034482758620689655,0.0011494252873563218,0.0022988505747126436,0.0011494252873563218,0.0011494252873563218,0.0011494252873563218,0.0011494252873563218,0.0011494252873563218,0.0011494252873563218,0.0011494252873563218,0.0011494252873563218,0.0011494252873563218,0.0011494252873563218,0.0011494252873563218,0.0011494252873563218,0.0011494252873563218,0.0011494252873563218,0.0011494252873563218,0.0011494252873563218,0.0011494252873563218,0.0011494252873563218,0.0,0.0,0.0,0.0,0.0,0.0,0.0,0.0,0.0,0.0,0.0,0.0,0.0,0.0,0.0,0.0,0.0,0.0,0.0,0.0,0.0,0.0,0.0,0.0,0.0,0.0,0.0,0.0,0.0,0.0,0.0,0.0,0.0,0.0,0.0,0.0,0.0,0.0,0.0,0.0,0.0,0.0,0.0,0.0,0.0,0.0,0.0,0.0,0.0,0.0,0.0,0.0,0.46137490626997296,0.0,0.0,0.0,0.0,0.0,0.0,0.0,0.0,0.0,0.0,0.0,0.0,0.0,0.0,0.0,0.0,0.0,0.0,0.0,0.0,0.0,0.0,0.0,0.0,0.0,0.0,0.0,0.0,0.0,0.0,0.0,0.0,0.0,0.0,0.0,0.0,0.0,0.0,0.0,0.0,0.0,0.0,0.0,0.0,0.0,0.0,0.0,0.0,0.0,0.0,0.0,0.0,0.0,0.0,0.0,0.0,0.0,0.0,0.0,0.0,0.0,0.0,0.0,0.0,0.0,0.0,0.0,0.0,0.0,0.0,0.0,0.0,0.0,0.0,0.0,0.0,0.0,0.0,0.0,0.0,0.0,0.0,0.0,0.0,0.0,0.0,0.0,0.0,0.0,0.0,0.0,0.0,0.0,0.0,0.0,0.0,0.0,0.0,0.0,0.0,0.0,0.0,0.0,0.0,0.0,0.0,0.0,0.0,0.0,0.0,0.0,0.0,0.46137490626997296,0.0,0.0,0.0,0.0,0.0,0.0,0.0,0.0,0.0,0.0,0.0,0.0,0.0,0.0,0.0,0.0,0.0,0.0,0.0,0.0,0.0,0.0,0.0,0.0,0.0,0.0,0.0,0.0,0.0,0.0,0.0,0.0,0.0,0.0,0.0,0.0,0.0,0.0,0.0,0.0,0.0,0.0,0.0,0.0,0.0,0.0,0.0,0.0,0.0,0.0,0.0,0.0,0.0,0.0,0.0,0.0,0.0,0.0,0.0,0.0,0.0,0.0,0.0,0.0,0.0,0.0,0.0,0.0,0.0,0.0,0.0,0.0,0.0,0.0,0.0,0.0,0.0,0.0,0.0,0.0,0.0,0.0,0.0,0.0,0.0,0.0,0.0,0.0,0.0,0.0,0.0,0.0,0.0,0.0,0.0,0.0,0.0,0.0,0.0,0.0,0.0,0.0,0.0,0.0,0.0,0.0,0.0,0.0,0.0,0.0,0.0,0.0,0.0,0.0,0.0,0.0,0.0,0.0,0.385399511490991,0.0,0.0,0.0,0.0,0.0,0.0,0.0,0.0,0.0,0.0,0.0,0.0,0.0,0.0,0.0,0.0,0.0,0.0,0.0,0.0,0.0,0.0,0.0,0.0,0.0,0.0,0.0,0.0,0.0,0.0,0.0,0.0,0.0,0.0,0.0,0.0,0.0,0.0,0.0,0.0,0.0,0.0,0.0,0.0,0.0,0.0,0.0,0.0,0.0,0.0,0.0,0.0,0.0,0.0,0.0,0.0,0.0,0.0,0.0,0.0,0.0,0.0,0.0,0.0,0.0,0.0,0.0,0.0,0.0,0.0,0.0,0.0,0.0,0.0,0.0,0.0,0.0,0.0,0.0,0.0,0.0,0.0,0.0,0.0,0.46137490626997296,0.0,0.0,0.0,0.0,0.0,0.0,0.0,0.0,0.0,0.0,0.0,0.0,0.0,0.0,0.0,0.0,0.0,0.0,0.0,0.0,0.0,0.0,0.0,0.0,0.0,0.0,0.0,0.0,0.0,0.0,0.0,0.0,0.0,0.0,0.0,0.0,0.0,0.0,0.0,0.0,0.0,0.0,0.0,0.0,0.0,0.0,0.0,0.0,0.0,0.0,0.0,0.0,0.0,0.0,0.0,0.0,0.0,0.0,0.0,0.0,0.0,0.0,0.0,0.0,0.0,0.0,0.0,0.0,0.0,0.0,0.0,0.0,0.0,0.0,0.0,0.0,0.0,0.0,0.0,0.0,0.0,0.0,0.0,0.0,0.0,0.0,0.0,0.0,0.0,0.0,0.0,0.0,0.0,0.0,0.0,0.0,0.0,0.0,0.0,0.0,0.0,0.0,0.0,0.0,0.0,0.0,0.0,0.0,0.0,0.0,0.0,0.0,0.0,0.0,0.0,0.0,0.0,0.0,0.0,0.0,0.0,0.0,0.0,0.0,0.0,0.0,0.0,0.0,0.0,0.0,0.0,0.0,0.0,0.0,0.0,0.0,0.0,0.0,0.0,0.0,0.0,0.0,0.0,0.0,0.0,0.0,0.0,0.0,0.0,0.0,0.0,0.0,0.0,0.0,0.0,0.0,0.0,0.0,0.0,0.0,0.0,0.0,0.0,0.0,0.0,0.0,0.0,0.0,0.0,0.0,0.0,0.0,0.0,0.0,0.0,0.0,0.0,0.0,0.0,0.0,0.0,0.0,0.0,0.0,0.0,0.0,0.0,0.0,0.0,0.0,0.0,0.0,0.0,0.0,0.0,0.0,0.0,0.0,0.0,0.0,0.0,0.0,0.0,0.0,0.0,0.0,0.0,0.0,0.0,0.0,0.0,0.0,0.0,0.0,0.0,0.0,0.0,0.0,0.0,0.0,0.0,0.0,0.0,0.0,0.0,0.0,0.0,0.0,0.0,0.0,0.0,0.0,0.0,0.0,0.0,0.0,0.0,0.0,0.0,0.0,0.0,0.0,0.0,0.0,0.0,0.0,0.0,0.0,0.0,0.0,0.0,0.0,0.0,0.0,0.0,0.0,0.0,0.0,0.0,0.0,0.0,0.0,0.0,0.0,0.0,0.0,0.0,0.0,0.0,0.0,0.0,0.0,0.0,0.0,0.0,0.0,0.0,0.0,0.0,0.0,0.0,0.0,0.0,0.0,0.0,0.0,0.0,0.0,0.0,0.0,0.0,0.0,0.0,0.0,0.0,0.0,0.0,0.0,0.0,0.0,0.0,0.0,0.0,0.0,0.0,0.0,0.0,0.0,0.0,0.0,0.0,0.0,0.0,0.0,0.0,0.0,0.0,0.0,0.0,0.0,0.0,0.0,0.0,0.0,0.0,0.0,0.0,0.0,0.0,0.0,0.0,0.0,0.0,0.46137490626997296,0.0,0.0,0.0,0.0,0.0,0.0,0.0,0.0,0.0,0.0,0.0,0.0,0.0,0.0,0.0,0.0,0.0,0.0,0.0,0.0,0.0,0.0,0.0
SD2401268,20대,음 근데 우리집이 꼭대기 층이라 그런지 좀 괜찮은 거 같은데. 층간 소음은 없는데 벽간 소음이 쪼금 있는 거 같아. 방이 그 방음이 잘 안 돼서 옆 문 그 첫 입구 문에만 서도 옆의 방이 뭐 유튜브 뭐 듣고 있는지 무슨 대화하고 있는지가 너무 잘 들려서 쪼끔 부담스럽긴 해. 근데 위에는 아무도 사람이 안 사니까 내가 살기에는 어 소음이 없어서 되게 좋은 거 같아. 그거 말고도 본가 살 때는 위층이 아빠 지인이 살았었는데 그래서 막 소음이 나도 뭐라 하기가 좀 그랬던 경험이 있어. 너는 지금 몇 층 정도에 살아? 층간 소음은 없어? 음 그 학 학교 들어오고 나서부터 2년 동안 여기 살고 올해 새로 계약해서 똑같은 데 연장해서 거기서 살고 있어. 아마 내년에는 교환 학생을 가서 없으니까 오빠가 혼자 살 거 같아 지금 같이 살고 있으니까. 그리고 사실 나는 올해 딱 계약 연장할 때쯤에 새로 구해서 따로따로 살고 싶었는데 아무래도 서울 뭐 월세가 비싸다 보니까 그냥 한집에서 해서 전세로 사는 게 낫겠다 싶어서 같이 살고 있는데. 어 아무래도 생활 패턴이나 그런 집안일 하는 거가 좀 안 맞아서 좀 그게 제일 힘들어서 따로 살고 싶었던 거 같아. 뭐 혼자 늦게 자고 그런 건 상관없는데 오빠가 게임을 하니까 늦게까지 게임하는 소리 계속 들려 오 들려 오고 하니까 나 자는 데 방에 돼서 그랬던 거 같아. 너는 그런 적은 없어? 어 중3 때까지 1곳에서 살았고 그 주 중3 이후에 약간 신도시 분양 그런 청약 담 당첨 돼 가지고 1번 이사를 갔었어. 근데 그 중3 때까지 계속 같은 지역에 살다 보니까 거기 유치원 초등학교 중학교 나오고 고등학교도 그쪽을 가려고 했는데 이사를 가게 돼서 혼자 떨어진 곳을 가니까 친구들이랑도 멀어지고 그러 그 뭐 원래 놀던 데에서도 못 놀고 이런 게 쪼끔 아쉽고 힘들긴 하더라고. 근데 집이 넓어서 되게 좋았던 거 같아. 나는 이사를 많이 안 해 봐서 막 해 보고 싶었다 이런 게 좀 컸었는데 주변에 이사 많이 다니는 사람은 안 그렇더라고. 이사를 그만 다니고 싶다 그러더라. 혹시 너도 그런 편이야? 음 나는 이사 간 다음에 우 이 이사 간 아파트 앞에 막 전원주택 같은 게 있는 거야. 그래서 나중에 이 또 이사를 가게 된다면은 저런 데에서 살고 싶다. 저런 데에서 마당에서 막 식물 키우고 동물 키우고 막 나만의 정원을 가꾸면서 2층 바 다락방에서 살고 싶다 막 이런 생각을 했었는데. 근데 막상 거기에 살면은 관리하는 게 되게 힘들어 보이더라고. 할머니 집도 그런 전원주택인데 조금만 뭘 관리를 안 해 줘도 잡초 자라고 먼지가 끼고 더러워지고 막 그런 게 많아서 관리가 힘들다고 하더라고. 근데 그럼에도 한 약간 한번쯤은 전원주택에 살고 싶다 이런 생각이 있는데. 너는 그런 어디에 살고 싶다 이런 로망 같은 게 있어? 어 전자레인지랑 냉장고 세탁기 이 이 정도는 원래 있었던 거 같고. 밥솥이랑 응 어 그 오븐 같은 거 뭐라고 하지. 그 아 에어프라이어는 사 왔고. 최근에 여름 되니까 벌레가 너무 많이 생기잖아. 특히 음식물에 벌레가 많이 생기는데 그래서 버리기가 너무 힘들어서 미생물로 분해해 주는 기계 그런 게 있더라고. 오빠가 인스타그램에서 찾아와서 막 우 이거 쓰자 막 그러면서 찾아왔던 기억이 있어. 그래서 그거를 지금 살까 고민 중에 있어. 그게 음식물 쓰레기를 넣으면은 미생물들이 분해를 해서 흙으로 바로 만들어 준대. 근데 그게 하루 만에 다 만들어 주고 냄새도 안 나서 좋다고 하더라고. 너는 혹시 집안일 같은 거는 어떻게 하는 편이야? 어 가끔 아니 자주 좀 싸운 싸우진 않고 이런 거에 대해 짜증을 내는 거 같긴 한데 내 방이 쓰레기 그 분리수거 하는 데 바로 앞에 있단 말이야. 그래서 오빠는 좀 멀어서 쓰레기 같은 걸 거기 내면 그만인데 나는 내고 나서 그게 분리수거가 잘 안 되어 있거나 막 더러운 게 섞여 있거나 하면은 냄새가 바로 내 방으로 들어온단 말이야. 그거 때문에 오빠한테 뭐라 한 적도 많았던 거 같고. 약간 분담 같은 게 예전에는 막 뭐 냉장고 청소 네가 1번 하면 내가 화장실 청소 1번 하고 이런 식으로 번갈아서 하자라고 말은 했는데 어느 순간 보니까 내가 다 하고 있더라고. 그래서 그거에 대해서 쌓아 놨다가 화내기 직전에 딱 말하면은 오빠가 또 눈치는 빨라 가지고 그제서야 부랴부랴 치우고 막 이래서 어 싸우지는 않았던 거 같아. 근데 자취를 하니까 확실히 본가 살 때는 엄마가 다 해 주고 그러는데 내가 다 해야 되니까 그게 힘든 거 같긴 해. 너는 자취하고 싶다는 생각은 없어? 아 나 처음에 집 들어올 때 막 냉장고랑 기본 가구에 막 여 연두색 띠가 막 둘러져 있는 거야. 기본 색깔로 막 있는 거야. 그래서 그걸 보고 아 진짜 별로다. 여기 살기 싫다 했었는데 막상 들어가 보니까 그런 거 별로 티도 안 나고 깔끔해 보이고 좋더라고. 그래서 그렇게 쓰고 있고. 뭔가 인테리어 아 그 자취하면 내 방식대로 바 집을 꾸미고 막 이렇게 써야지라는 생각은 있었는데 막상 있으니까 짐을 그 넣을 짐도 너무 많고 근데 그거에 비해 공간은 안 나오고 하니까 인테리어라고 할 것도 없이 그냥 짐을 넣어 놓은 거 같아. 내 방이 너무 작아서 옷장 같은 게 들어갈 공간이 안 나서 거실에다가 행거 설치해서 바로 옷 놓아두고. 그래서 뭔가 꾸미기도 애매하고 그랬던 거 같아. 너는 집 인테리어 어떤 편이야? 서울에서 살 수 있으면 좋을 거 같은데. 왜냐하면 여가 생활 같은 것도 훨씬 더 많이 할 수 있고 이제 거의 내 친구들이나 생활 반경이 서울에 중심에 맞춰져 있다 보니까 서울에서 생활하는 게 편하긴 한데 가끔씩 여기가 사람이 너무 많아서 내려가고 싶다라는 생각이 들긴 해. 근데 직장을 얻고 뭔가 더 발전을 하려면은 서울에서 사는 게 맞는 거 같아. 나는 그 본가 살 때는 지하에 헬스장이 있어서 그거를 썼단 말이야. 근데 자취를 하니까 그런 여가 시설 시 그 아무튼 시설들이 없어서 막 주변에서 주변 다른 헬스장을 등록해 놨단 말이야. 근데 너는 지금 어쨌든 본가에 살잖아. 큰 아파트에 사는데 그러면 거기에 막 여가 시설 같은 게 와 잘 마련되어 있어?,0.005747126436781609,0.017241379310344827,0.004597701149425287,0.0,0.005747126436781609,0.0034482758620689655,0.005747126436781609,0.008045977011494253,0.01839080459770115,0.029885057471264367,0.004597701149425287,0.027586206896551724,0.0,0.008045977011494253,0.0022988505747126436,0.0,0.0034482758620689655,0.0011494252873563218,0.03218390804597701,0.013793103448275862,0.0,0.0,0.0,0.0022988505747126436,0.0,0.004597701149425287,0.021839080459770115,0.0,0.0034482758620689655,0.0034482758620689655,0.04367816091954023,0.0,0.006896551724137931,0.0,0.004597701149425287,0.009195402298850575,0.0,0.0,0.011494252873563218,0.0011494252873563218,0.0,0.0022988505747126436,0.0,0.0,0.034482758620689655,0.004597701149425287,0.013793103448275862,0.0022988505747126436,0.004597701149425287,0.0367816091954023,0.009195402298850575,0.0011494252873563218,0.0,0.0022988505747126436,0.0,0.0011494252873563218,0.0011494252873563218,0.0022988505747126436,0.0,0.006896551724137931,0.0,0.0,0.0,0.0011494252873563218,0.006896551724137931,0.0022988505747126436,0.0022988505747126436,0.0011494252873563218,0.0011494252873563218,0.0,0.0,0.0,0.0022988505747126436,0.0,0.0,0.005747126436781609,0.0022988505747126436,0.0,0.006896551724137931,0.010344827586206896,0.0011494252873563218,0.0,0.0,0.0,0.0,0.004597701149425287,0.0034482758620689655,0.0,0.0022988505747126436,0.004597701149425287,0.0,0.0022988505747126436,0.0,0.0011494252873563218,0.0,0.0011494252873563218,0.0011494252873563218,0.0011494252873563218,0.0,0.0022988505747126436,0.004597701149425287,0.0011494252873563218,0.0,0.0,0.0,0.0,0.01264367816091954,0.009195402298850575,0.0,0.0011494252873563218,0.0011494252873563218,0.0022988505747126436,0.0011494252873563218,0.0,0.0,0.0011494252873563218,0.0,0.0,0.0011494252873563218,0.011494252873563218,0.0,0.005747126436781609,0.0011494252873563218,0.0,0.0022988505747126436,0.0011494252873563218,0.0011494252873563218,0.0,0.0022988505747126436,0.0,0.0,0.0,0.0,0.0034482758620689655,0.0,0.0,0.01839080459770115,0.0022988505747126436,0.0,0.0,0.0022988505747126436,0.0022988505747126436,0.0022988505747126436,0.0,0.0,0.005747126436781609,0.0011494252873563218,0.0,0.008045977011494253,0.0022988505747126436,0.0011494252873563218,0.005747126436781609,0.0011494252873563218,0.0,0.0,0.0011494252873563218,0.0,0.0011494252873563218,0.006896551724137931,0.0011494252873563218,0.0,0.0034482758620689655,0.0,0.0,0.0,0.004597701149425287,0.0011494252873563218,0.0011494252873563218,0.0,0.0,0.0011494252873563218,0.0,0.0,0.0,0.006896551724137931,0.0,0.0,0.0,0.0,0.0,0.0011494252873563218,0.0,0.0034482758620689655,0.0022988505747126436,0.0,0.0022988505747126436,0.0,0.0022988505747126436,0.0022988505747126436,0.0,0.0,0.0,0.0022988505747126436,0.0,0.0,0.0011494252873563218,0.0,0.0,0.0,0.0,0.0034482758620689655,0.0,0.004597701149425287,0.0,0.0,0.0,0.0,0.0,0.0,0.0011494252873563218,0.0,0.0,0.0,0.0,0.0011494252873563218,0.0,0.0011494252873563218,0.0,0.0011494252873563218,0.0,0.0022988505747126436,0.0,0.0011494252873563218,0.0022988505747126436,0.0,0.0,0.005747126436781609,0.0,0.0022988505747126436,0.0,0.0,0.0,0.0,0.0,0.0,0.0,0.0,0.0,0.0022988505747126436,0.0,0.0,0.0,0.004597701149425287,0.0,0.0,0.0,0.0,0.0,0.0,0.0,0.0,0.0,0.0,0.0,0.0,0.0,0.006896551724137931,0.0034482758620689655,0.0011494252873563218,0.0011494252873563218,0.0011494252873563218,0.0011494252873563218,0.0022988505747126436,0.0022988505747126436,0.0011494252873563218,0.0011494252873563218,0.0011494252873563218,0.0011494252873563218,0.0011494252873563218,0.0011494252873563218,0.0034482758620689655,0.0011494252873563218,0.005747126436781609,0.0011494252873563218,0.0011494252873563218,0.0011494252873563218,0.0022988505747126436,0.0022988505747126436,0.0011494252873563218,0.0022988505747126436,0.0011494252873563218,0.0011494252873563218,0.0011494252873563218,0.0011494252873563218,0.0022988505747126436,0.0011494252873563218,0.0011494252873563218,0.0011494252873563218,0.0022988505747126436,0.0011494252873563218,0.0011494252873563218,0.0011494252873563218,0.0011494252873563218,0.0011494252873563218,0.0011494252873563218,0.0011494252873563218,0.0011494252873563218,0.0022988505747126436,0.0022988505747126436,0.0011494252873563218,0.0011494252873563218,0.0011494252873563218,0.0022988505747126436,0.0011494252873563218,0.0011494252873563218,0.0034482758620689655,0.0011494252873563218,0.0011494252873563218,0.0011494252873563218,0.0011494252873563218,0.0011494252873563218,0.0011494252873563218,0.0011494252873563218,0.0022988505747126436,0.0011494252873563218,0.0022988505747126436,0.0022988505747126436,0.0011494252873563218,0.0011494252873563218,0.0034482758620689655,0.0011494252873563218,0.0011494252873563218,0.0022988505747126436,0.0011494252873563218,0.0022988505747126436,0.0011494252873563218,0.0011494252873563218,0.0022988505747126436,0.0011494252873563218,0.0011494252873563218,0.0011494252873563218,0.0022988505747126436,0.0011494252873563218,0.0034482758620689655,0.0034482758620689655,0.0022988505747126436,0.0011494252873563218,0.0011494252873563218,0.0011494252873563218,0.0011494252873563218,0.0011494252873563218,0.0011494252873563218,0.0011494252873563218,0.004597701149425287,0.0011494252873563218,0.0011494252873563218,0.0011494252873563218,0.0011494252873563218,0.0022988505747126436,0.0011494252873563218,0.0011494252873563218,0.0011494252873563218,0.0034482758620689655,0.0011494252873563218,0.0011494252873563218,0.0011494252873563218,0.0011494252873563218,0.0022988505747126436,0.0011494252873563218,0.0022988505747126436,0.0022988505747126436,0.0022988505747126436,0.0011494252873563218,0.0011494252873563218,0.0011494252873563218,0.0011494252873563218,0.0022988505747126436,0.0011494252873563218,0.0034482758620689655,0.0034482758620689655,0.0011494252873563218,0.004597701149425287,0.0011494252873563218,0.0011494252873563218,0.0022988505747126436,0.0022988505747126436,0.0011494252873563218,0.0011494252873563218,0.0011494252873563218,0.0022988505747126436,0.0011494252873563218,0.0022988505747126436,0.0022988505747126436,0.0011494252873563218,0.0011494252873563218,0.0011494252873563218,0.0011494252873563218,0.0011494252873563218,0.0011494252873563218,0.0011494252873563218,0.0011494252873563218,0.0011494252873563218,0.0011494252873563218,0.0011494252873563218,0.0011494252873563218,0.0022988505747126436,0.0011494252873563218,0.0011494252873563218,0.0011494252873563218,0.0011494252873563218,0.0011494252873563218,0.0011494252873563218,0.0011494252873563218,0.0011494252873563218,0.0011494252873563218,0.0011494252873563218,0.0011494252873563218,0.0022988505747126436,0.0011494252873563218,0.0011494252873563218,0.0011494252873563218,0.0011494252873563218,0.0011494252873563218,0.0022988505747126436,0.0011494252873563218,0.0022988505747126436,0.0011494252873563218,0.0011494252873563218,0.0011494252873563218,0.0034482758620689655,0.0011494252873563218,0.0011494252873563218,0.0011494252873563218,0.0011494252873563218,0.0011494252873563218,0.0011494252873563218,0.0011494252873563218,0.0011494252873563218,0.0011494252873563218,0.0011494252873563218,0.0011494252873563218,0.0011494252873563218,0.0034482758620689655,0.0011494252873563218,0.0022988505747126436,0.0011494252873563218,0.0011494252873563218,0.0011494252873563218,0.0011494252873563218,0.0011494252873563218,0.0011494252873563218,0.0011494252873563218,0.0011494252873563218,0.0011494252873563218,0.0011494252873563218,0.0011494252873563218,0.0011494252873563218,0.0011494252873563218,0.0011494252873563218,0.0011494252873563218,0.0011494252873563218,0.0011494252873563218,0.0011494252873563218,0.0,0.0,0.0,0.0,0.0,0.0,0.0,0.0,0.0,0.0,0.0,0.0,0.0,0.0,0.0,0.0,0.0,0.0,0.0,0.0,0.0,0.0,0.0,0.0,0.0,0.0,0.0,0.0,0.0,0.0,0.0,0.0,0.0,0.0,0.0,0.0,0.0,0.0,0.2891031228500204,0.0,0.0,0.0,0.0,0.0,0.0,0.0,0.0,0.0,0.0,0.0,0.0,0.0,0.0,0.0,0.0,0.0,0.0,0.0,0.0,0.0,0.0,0.0,0.0,0.0,0.0,0.0,0.0,0.0,0.0,0.0,0.0,0.0,0.0,0.0,0.0,0.0,0.0,0.0,0.0,0.0,0.0,0.0,0.0,0.0,0.0,0.0,0.0,0.0,0.0,0.0,0.0,0.0,0.0,0.0,0.3157512622347194,0.425069560336514,0.0,0.0,0.0,0.0,0.0,0.0,0.0,0.0,0.0,0.0,0.0,0.0,0.0,0.0,0.0,0.0,0.0,0.0,0.0,0.0,0.0,0.0,0.0,0.0,0.0,0.0,0.0,0.0,0.0,0.0,0.0,0.4855548013744724,0.0,0.0,0.0,0.0,0.0,0.0,0.0,0.0,0.0,0.0,0.0,0.0,0.0,0.0,0.0,0.0,0.0,0.0,0.0,0.0,0.0,0.0,0.0,0.0,0.0,0.0,0.0,0.0,0.0,0.0,0.0,0.0,0.0,0.0,0.0,0.0,0.0,0.0,0.0,0.0,0.0,0.0,0.0,0.0,0.0,0.0,0.0,0.0,0.0,0.0,0.0,0.0,0.0,0.0,0.0,0.0,0.0,0.0,0.0,0.0,0.0,0.0,0.0,0.0,0.0,0.0,0.0,0.0,0.0,0.0,0.0,0.0,0.0,0.0,0.0,0.0,0.0,0.0,0.0,0.0,0.0,0.0,0.0,0.0,0.0,0.0,0.0,0.0,0.0,0.0,0.0,0.0,0.0,0.0,0.0,0.0,0.0,0.0,0.0,0.0,0.0,0.0,0.0,0.0,0.0,0.0,0.0,0.0,0.0,0.0,0.0,0.0,0.0,0.0,0.0,0.0,0.0,0.0,0.0,0.0,0.0,0.0,0.0,0.0,0.0,0.0,0.0,0.0,0.0,0.0,0.0,0.0,0.0,0.0,0.0,0.0,0.0,0.0,0.0,0.0,0.0,0.0,0.0,0.0,0.0,0.0,0.0,0.0,0.0,0.0,0.0,0.4055976619203612,0.0,0.0,0.0,0.0,0.0,0.0,0.0,0.0,0.0,0.0,0.0,0.0,0.0,0.0,0.0,0.0,0.0,0.0,0.0,0.0,0.0,0.0,0.0,0.0,0.0,0.0,0.0,0.0,0.0,0.0,0.0,0.0,0.0,0.0,0.0,0.0,0.0,0.0,0.0,0.0,0.0,0.0,0.0,0.0,0.0,0.0,0.0,0.0,0.0,0.0,0.0,0.0,0.0,0.0,0.0,0.0,0.0,0.0,0.0,0.0,0.0,0.0,0.0,0.0,0.0,0.0,0.0,0.0,0.0,0.0,0.0,0.0,0.0,0.0,0.0,0.0,0.0,0.0,0.0,0.0,0.0,0.0,0.0,0.0,0.0,0.0,0.0,0.0,0.0,0.0,0.0,0.0,0.0,0.0,0.0,0.0,0.0,0.0,0.0,0.0,0.0,0.0,0.0,0.0,0.0,0.0,0.0,0.0,0.0,0.0,0.0,0.0,0.0,0.0,0.0,0.0,0.0,0.0,0.0,0.0,0.0,0.0,0.0,0.0,0.0,0.0,0.0,0.0,0.0,0.0,0.0,0.0,0.0,0.0,0.0,0.0,0.0,0.0,0.0,0.0,0.0,0.0,0.0,0.0,0.0,0.0,0.0,0.0,0.0,0.0,0.0,0.0,0.0,0.0,0.0,0.0,0.0,0.0,0.0,0.0,0.0,0.4855548013744724,0.0,0.0,0.0,0.0,0.0,0.0,0.0,0.0,0.0,0.0,0.0,0.0,0.0,0.0,0.0,0.0,0.0,0.0,0.0,0.0,0.0,0.0,0.0,0.0,0.0,0.0,0.0,0.0,0.0,0.0,0.0,0.0,0.0,0.0,0.0,0.0,0.0,0.0,0.0,0.0,0.0,0.0,0.0,0.0,0.0,0.0,0.0,0.0,0.0,0.0,0.0,0.0,0.0,0.0,0.0,0.0,0.0,0.0,0.0,0.0,0.0,0.0,0.0,0.0,0.0,0.0,0.0,0.0,0.0,0.0,0.0,0.0,0.0,0.0,0.0,0.0,0.0,0.0,0.0,0.0,0.0,0.0,0.0,0.0,0.0,0.0,0.0,0.0,0.0,0.0,0.0,0.0,0.0,0.0,0.0,0.0,0.0,0.0,0.0,0.0,0.0,0.0,0.0,0.0,0.0,0.0,0.0,0.0,0.0,0.0,0.0,0.0,0.0,0.0,0.0,0.0,0.0,0.0,0.0,0.0,0.0,0.0,0.0,0.0,0.0,0.0,0.0,0.0,0.0,0.0,0.0,0.0,0.0,0.0,0.0,0.0,0.0,0.0,0.0,0.0,0.0,0.0,0.0,0.0,0.0,0.0,0.0,0.0,0.0,0.0,0.0,0.0,0.0,0.0,0.0,0.0,0.0,0.0,0.0,0.0,0.0,0.0,0.0,0.0,0.0,0.0,0.0,0.0,0.0,0.0,0.0,0.0,0.0,0.0,0.0,0.0,0.0,0.0,0.0,0.0,0.0,0.0,0.0,0.0,0.0,0.0,0.0,0.0,0.0,0.0,0.0,0.0,0.0,0.0,0.0,0.0,0.0,0.0,0.0,0.0,0.0,0.0,0.0,0.0,0.0,0.0,0.0,0.0,0.0,0.0,0.0,0.0,0.0,0.0,0.0,0.0,0.0,0.0,0.0,0.0,0.0,0.0,0.0,0.0,0.0,0.0,0.0,0.0,0.0,0.0,0.0,0.0,0.0,0.0,0.0,0.0,0.0,0.0,0.0,0.0,0.0,0.0,0.0,0.0,0.0,0.0,0.0,0.0,0.0,0.0,0.0,0.0,0.0,0.0,0.0,0.0,0.0,0.0,0.0,0.0,0.0,0.0,0.0,0.0,0.0,0.0,0.0,0.0,0.0,0.0,0.0,0.0,0.0,0.0,0.0,0.0,0.0,0.0,0.0,0.0,0.0,0.0,0.0,0.0,0.0
SD2401268,20대,음 근데 우리집이 꼭대기 층이라 그런지 좀 괜찮은 거 같은데. 층간 소음은 없는데 벽간 소음이 쪼금 있는 거 같아. 방이 그 방음이 잘 안 돼서 옆 문 그 첫 입구 문에만 서도 옆의 방이 뭐 유튜브 뭐 듣고 있는지 무슨 대화하고 있는지가 너무 잘 들려서 쪼끔 부담스럽긴 해. 근데 위에는 아무도 사람이 안 사니까 내가 살기에는 어 소음이 없어서 되게 좋은 거 같아. 그거 말고도 본가 살 때는 위층이 아빠 지인이 살았었는데 그래서 막 소음이 나도 뭐라 하기가 좀 그랬던 경험이 있어. 너는 지금 몇 층 정도에 살아? 층간 소음은 없어? 음 그 학 학교 들어오고 나서부터 2년 동안 여기 살고 올해 새로 계약해서 똑같은 데 연장해서 거기서 살고 있어. 아마 내년에는 교환 학생을 가서 없으니까 오빠가 혼자 살 거 같아 지금 같이 살고 있으니까. 그리고 사실 나는 올해 딱 계약 연장할 때쯤에 새로 구해서 따로따로 살고 싶었는데 아무래도 서울 뭐 월세가 비싸다 보니까 그냥 한집에서 해서 전세로 사는 게 낫겠다 싶어서 같이 살고 있는데. 어 아무래도 생활 패턴이나 그런 집안일 하는 거가 좀 안 맞아서 좀 그게 제일 힘들어서 따로 살고 싶었던 거 같아. 뭐 혼자 늦게 자고 그런 건 상관없는데 오빠가 게임을 하니까 늦게까지 게임하는 소리 계속 들려 오 들려 오고 하니까 나 자는 데 방에 돼서 그랬던 거 같아. 너는 그런 적은 없어? 어 중3 때까지 1곳에서 살았고 그 주 중3 이후에 약간 신도시 분양 그런 청약 담 당첨 돼 가지고 1번 이사를 갔었어. 근데 그 중3 때까지 계속 같은 지역에 살다 보니까 거기 유치원 초등학교 중학교 나오고 고등학교도 그쪽을 가려고 했는데 이사를 가게 돼서 혼자 떨어진 곳을 가니까 친구들이랑도 멀어지고 그러 그 뭐 원래 놀던 데에서도 못 놀고 이런 게 쪼끔 아쉽고 힘들긴 하더라고. 근데 집이 넓어서 되게 좋았던 거 같아. 나는 이사를 많이 안 해 봐서 막 해 보고 싶었다 이런 게 좀 컸었는데 주변에 이사 많이 다니는 사람은 안 그렇더라고. 이사를 그만 다니고 싶다 그러더라. 혹시 너도 그런 편이야? 음 나는 이사 간 다음에 우 이 이사 간 아파트 앞에 막 전원주택 같은 게 있는 거야. 그래서 나중에 이 또 이사를 가게 된다면은 저런 데에서 살고 싶다. 저런 데에서 마당에서 막 식물 키우고 동물 키우고 막 나만의 정원을 가꾸면서 2층 바 다락방에서 살고 싶다 막 이런 생각을 했었는데. 근데 막상 거기에 살면은 관리하는 게 되게 힘들어 보이더라고. 할머니 집도 그런 전원주택인데 조금만 뭘 관리를 안 해 줘도 잡초 자라고 먼지가 끼고 더러워지고 막 그런 게 많아서 관리가 힘들다고 하더라고. 근데 그럼에도 한 약간 한번쯤은 전원주택에 살고 싶다 이런 생각이 있는데. 너는 그런 어디에 살고 싶다 이런 로망 같은 게 있어? 어 전자레인지랑 냉장고 세탁기 이 이 정도는 원래 있었던 거 같고. 밥솥이랑 응 어 그 오븐 같은 거 뭐라고 하지. 그 아 에어프라이어는 사 왔고. 최근에 여름 되니까 벌레가 너무 많이 생기잖아. 특히 음식물에 벌레가 많이 생기는데 그래서 버리기가 너무 힘들어서 미생물로 분해해 주는 기계 그런 게 있더라고. 오빠가 인스타그램에서 찾아와서 막 우 이거 쓰자 막 그러면서 찾아왔던 기억이 있어. 그래서 그거를 지금 살까 고민 중에 있어. 그게 음식물 쓰레기를 넣으면은 미생물들이 분해를 해서 흙으로 바로 만들어 준대. 근데 그게 하루 만에 다 만들어 주고 냄새도 안 나서 좋다고 하더라고. 너는 혹시 집안일 같은 거는 어떻게 하는 편이야? 어 가끔 아니 자주 좀 싸운 싸우진 않고 이런 거에 대해 짜증을 내는 거 같긴 한데 내 방이 쓰레기 그 분리수거 하는 데 바로 앞에 있단 말이야. 그래서 오빠는 좀 멀어서 쓰레기 같은 걸 거기 내면 그만인데 나는 내고 나서 그게 분리수거가 잘 안 되어 있거나 막 더러운 게 섞여 있거나 하면은 냄새가 바로 내 방으로 들어온단 말이야. 그거 때문에 오빠한테 뭐라 한 적도 많았던 거 같고. 약간 분담 같은 게 예전에는 막 뭐 냉장고 청소 네가 1번 하면 내가 화장실 청소 1번 하고 이런 식으로 번갈아서 하자라고 말은 했는데 어느 순간 보니까 내가 다 하고 있더라고. 그래서 그거에 대해서 쌓아 놨다가 화내기 직전에 딱 말하면은 오빠가 또 눈치는 빨라 가지고 그제서야 부랴부랴 치우고 막 이래서 어 싸우지는 않았던 거 같아. 근데 자취를 하니까 확실히 본가 살 때는 엄마가 다 해 주고 그러는데 내가 다 해야 되니까 그게 힘든 거 같긴 해. 너는 자취하고 싶다는 생각은 없어? 아 나 처음에 집 들어올 때 막 냉장고랑 기본 가구에 막 여 연두색 띠가 막 둘러져 있는 거야. 기본 색깔로 막 있는 거야. 그래서 그걸 보고 아 진짜 별로다. 여기 살기 싫다 했었는데 막상 들어가 보니까 그런 거 별로 티도 안 나고 깔끔해 보이고 좋더라고. 그래서 그렇게 쓰고 있고. 뭔가 인테리어 아 그 자취하면 내 방식대로 바 집을 꾸미고 막 이렇게 써야지라는 생각은 있었는데 막상 있으니까 짐을 그 넣을 짐도 너무 많고 근데 그거에 비해 공간은 안 나오고 하니까 인테리어라고 할 것도 없이 그냥 짐을 넣어 놓은 거 같아. 내 방이 너무 작아서 옷장 같은 게 들어갈 공간이 안 나서 거실에다가 행거 설치해서 바로 옷 놓아두고. 그래서 뭔가 꾸미기도 애매하고 그랬던 거 같아. 너는 집 인테리어 어떤 편이야? 서울에서 살 수 있으면 좋을 거 같은데. 왜냐하면 여가 생활 같은 것도 훨씬 더 많이 할 수 있고 이제 거의 내 친구들이나 생활 반경이 서울에 중심에 맞춰져 있다 보니까 서울에서 생활하는 게 편하긴 한데 가끔씩 여기가 사람이 너무 많아서 내려가고 싶다라는 생각이 들긴 해. 근데 직장을 얻고 뭔가 더 발전을 하려면은 서울에서 사는 게 맞는 거 같아. 나는 그 본가 살 때는 지하에 헬스장이 있어서 그거를 썼단 말이야. 근데 자취를 하니까 그런 여가 시설 시 그 아무튼 시설들이 없어서 막 주변에서 주변 다른 헬스장을 등록해 놨단 말이야. 근데 너는 지금 어쨌든 본가에 살잖아. 큰 아파트에 사는데 그러면 거기에 막 여가 시설 같은 게 와 잘 마련되어 있어?,0.005747126436781609,0.017241379310344827,0.004597701149425287,0.0,0.005747126436781609,0.0034482758620689655,0.005747126436781609,0.008045977011494253,0.01839080459770115,0.029885057471264367,0.004597701149425287,0.027586206896551724,0.0,0.008045977011494253,0.0022988505747126436,0.0,0.0034482758620689655,0.0011494252873563218,0.03218390804597701,0.013793103448275862,0.0,0.0,0.0,0.0022988505747126436,0.0,0.004597701149425287,0.021839080459770115,0.0,0.0034482758620689655,0.0034482758620689655,0.04367816091954023,0.0,0.006896551724137931,0.0,0.004597701149425287,0.009195402298850575,0.0,0.0,0.011494252873563218,0.0011494252873563218,0.0,0.0022988505747126436,0.0,0.0,0.034482758620689655,0.004597701149425287,0.013793103448275862,0.0022988505747126436,0.004597701149425287,0.0367816091954023,0.009195402298850575,0.0011494252873563218,0.0,0.0022988505747126436,0.0,0.0011494252873563218,0.0011494252873563218,0.0022988505747126436,0.0,0.006896551724137931,0.0,0.0,0.0,0.0011494252873563218,0.006896551724137931,0.0022988505747126436,0.0022988505747126436,0.0011494252873563218,0.0011494252873563218,0.0,0.0,0.0,0.0022988505747126436,0.0,0.0,0.005747126436781609,0.0022988505747126436,0.0,0.006896551724137931,0.010344827586206896,0.0011494252873563218,0.0,0.0,0.0,0.0,0.004597701149425287,0.0034482758620689655,0.0,0.0022988505747126436,0.004597701149425287,0.0,0.0022988505747126436,0.0,0.0011494252873563218,0.0,0.0011494252873563218,0.0011494252873563218,0.0011494252873563218,0.0,0.0022988505747126436,0.004597701149425287,0.0011494252873563218,0.0,0.0,0.0,0.0,0.01264367816091954,0.009195402298850575,0.0,0.0011494252873563218,0.0011494252873563218,0.0022988505747126436,0.0011494252873563218,0.0,0.0,0.0011494252873563218,0.0,0.0,0.0011494252873563218,0.011494252873563218,0.0,0.005747126436781609,0.0011494252873563218,0.0,0.0022988505747126436,0.0011494252873563218,0.0011494252873563218,0.0,0.0022988505747126436,0.0,0.0,0.0,0.0,0.0034482758620689655,0.0,0.0,0.01839080459770115,0.0022988505747126436,0.0,0.0,0.0022988505747126436,0.0022988505747126436,0.0022988505747126436,0.0,0.0,0.005747126436781609,0.0011494252873563218,0.0,0.008045977011494253,0.0022988505747126436,0.0011494252873563218,0.005747126436781609,0.0011494252873563218,0.0,0.0,0.0011494252873563218,0.0,0.0011494252873563218,0.006896551724137931,0.0011494252873563218,0.0,0.0034482758620689655,0.0,0.0,0.0,0.004597701149425287,0.0011494252873563218,0.0011494252873563218,0.0,0.0,0.0011494252873563218,0.0,0.0,0.0,0.006896551724137931,0.0,0.0,0.0,0.0,0.0,0.0011494252873563218,0.0,0.0034482758620689655,0.0022988505747126436,0.0,0.0022988505747126436,0.0,0.0022988505747126436,0.0022988505747126436,0.0,0.0,0.0,0.0022988505747126436,0.0,0.0,0.0011494252873563218,0.0,0.0,0.0,0.0,0.0034482758620689655,0.0,0.004597701149425287,0.0,0.0,0.0,0.0,0.0,0.0,0.0011494252873563218,0.0,0.0,0.0,0.0,0.0011494252873563218,0.0,0.0011494252873563218,0.0,0.0011494252873563218,0.0,0.0022988505747126436,0.0,0.0011494252873563218,0.0022988505747126436,0.0,0.0,0.005747126436781609,0.0,0.0022988505747126436,0.0,0.0,0.0,0.0,0.0,0.0,0.0,0.0,0.0,0.0022988505747126436,0.0,0.0,0.0,0.004597701149425287,0.0,0.0,0.0,0.0,0.0,0.0,0.0,0.0,0.0,0.0,0.0,0.0,0.0,0.006896551724137931,0.0034482758620689655,0.0011494252873563218,0.0011494252873563218,0.0011494252873563218,0.0011494252873563218,0.0022988505747126436,0.0022988505747126436,0.0011494252873563218,0.0011494252873563218,0.0011494252873563218,0.0011494252873563218,0.0011494252873563218,0.0011494252873563218,0.0034482758620689655,0.0011494252873563218,0.005747126436781609,0.0011494252873563218,0.0011494252873563218,0.0011494252873563218,0.0022988505747126436,0.0022988505747126436,0.0011494252873563218,0.0022988505747126436,0.0011494252873563218,0.0011494252873563218,0.0011494252873563218,0.0011494252873563218,0.0022988505747126436,0.0011494252873563218,0.0011494252873563218,0.0011494252873563218,0.0022988505747126436,0.0011494252873563218,0.0011494252873563218,0.0011494252873563218,0.0011494252873563218,0.0011494252873563218,0.0011494252873563218,0.0011494252873563218,0.0011494252873563218,0.0022988505747126436,0.0022988505747126436,0.0011494252873563218,0.0011494252873563218,0.0011494252873563218,0.0022988505747126436,0.0011494252873563218,0.0011494252873563218,0.0034482758620689655,0.0011494252873563218,0.0011494252873563218,0.0011494252873563218,0.0011494252873563218,0.0011494252873563218,0.0011494252873563218,0.0011494252873563218,0.0022988505747126436,0.0011494252873563218,0.0022988505747126436,0.0022988505747126436,0.0011494252873563218,0.0011494252873563218,0.0034482758620689655,0.0011494252873563218,0.0011494252873563218,0.0022988505747126436,0.0011494252873563218,0.0022988505747126436,0.0011494252873563218,0.0011494252873563218,0.0022988505747126436,0.0011494252873563218,0.0011494252873563218,0.0011494252873563218,0.0022988505747126436,0.0011494252873563218,0.0034482758620689655,0.0034482758620689655,0.0022988505747126436,0.0011494252873563218,0.0011494252873563218,0.0011494252873563218,0.0011494252873563218,0.0011494252873563218,0.0011494252873563218,0.0011494252873563218,0.004597701149425287,0.0011494252873563218,0.0011494252873563218,0.0011494252873563218,0.0011494252873563218,0.0022988505747126436,0.0011494252873563218,0.0011494252873563218,0.0011494252873563218,0.0034482758620689655,0.0011494252873563218,0.0011494252873563218,0.0011494252873563218,0.0011494252873563218,0.0022988505747126436,0.0011494252873563218,0.0022988505747126436,0.0022988505747126436,0.0022988505747126436,0.0011494252873563218,0.0011494252873563218,0.0011494252873563218,0.0011494252873563218,0.0022988505747126436,0.0011494252873563218,0.0034482758620689655,0.0034482758620689655,0.0011494252873563218,0.004597701149425287,0.0011494252873563218,0.0011494252873563218,0.0022988505747126436,0.0022988505747126436,0.0011494252873563218,0.0011494252873563218,0.0011494252873563218,0.0022988505747126436,0.0011494252873563218,0.0022988505747126436,0.0022988505747126436,0.0011494252873563218,0.0011494252873563218,0.0011494252873563218,0.0011494252873563218,0.0011494252873563218,0.0011494252873563218,0.0011494252873563218,0.0011494252873563218,0.0011494252873563218,0.0011494252873563218,0.0011494252873563218,0.0011494252873563218,0.0022988505747126436,0.0011494252873563218,0.0011494252873563218,0.0011494252873563218,0.0011494252873563218,0.0011494252873563218,0.0011494252873563218,0.0011494252873563218,0.0011494252873563218,0.0011494252873563218,0.0011494252873563218,0.0011494252873563218,0.0022988505747126436,0.0011494252873563218,0.0011494252873563218,0.0011494252873563218,0.0011494252873563218,0.0011494252873563218,0.0022988505747126436,0.0011494252873563218,0.0022988505747126436,0.0011494252873563218,0.0011494252873563218,0.0011494252873563218,0.0034482758620689655,0.0011494252873563218,0.0011494252873563218,0.0011494252873563218,0.0011494252873563218,0.0011494252873563218,0.0011494252873563218,0.0011494252873563218,0.0011494252873563218,0.0011494252873563218,0.0011494252873563218,0.0011494252873563218,0.0011494252873563218,0.0034482758620689655,0.0011494252873563218,0.0022988505747126436,0.0011494252873563218,0.0011494252873563218,0.0011494252873563218,0.0011494252873563218,0.0011494252873563218,0.0011494252873563218,0.0011494252873563218,0.0011494252873563218,0.0011494252873563218,0.0011494252873563218,0.0011494252873563218,0.0011494252873563218,0.0011494252873563218,0.0011494252873563218,0.0011494252873563218,0.0011494252873563218,0.0011494252873563218,0.0011494252873563218,0.0,0.0,0.0,0.0,0.0,0.0,0.0,0.0,0.0,0.0,0.0,0.0,0.0,0.0,0.0,0.0,0.0,0.0,0.0,0.0,0.0,0.0,0.0,0.0,0.0,0.0,0.0,0.0,0.0,0.0,0.0,0.0,0.0,0.0,0.0,0.0,0.0,0.0,0.0,0.0,0.0,0.0,0.0,0.0,0.0,0.0,0.0,0.0,0.0,0.0,0.0,0.0,0.0,0.0,0.0,0.0,0.0,0.0,0.0,0.0,0.0,0.0,0.0,0.0,0.0,0.0,0.0,0.0,0.0,0.0,0.0,0.0,0.0,0.0,0.0,0.0,0.0,0.0,0.0,0.0,0.0,0.0,0.0,0.0,0.0,0.0,0.0,0.0,0.0,0.0,0.0,0.0,0.0,0.0,0.0,0.0,0.0,0.0,0.0,0.0,0.0,0.0,0.0,0.0,0.0,0.0,0.0,0.0,0.0,0.0,0.0,0.0,0.0,0.0,0.0,0.0,0.0,0.0,0.0,0.0,0.0,0.0,0.0,0.0,0.0,0.0,0.0,0.0,0.0,0.0,0.0,0.0,0.0,0.0,0.0,0.0,0.0,0.0,0.0,0.0,0.0,0.0,0.0,0.0,0.0,0.0,0.0,0.0,0.0,0.0,0.0,0.0,0.40271241451379675,0.0,0.0,0.0,0.0,0.0,0.0,0.0,0.0,0.0,0.0,0.0,0.0,0.0,0.0,0.0,0.0,0.0,0.0,0.0,0.0,0.0,0.0,0.0,0.0,0.0,0.0,0.0,0.0,0.0,0.0,0.0,0.0,0.0,0.0,0.0,0.0,0.0,0.0,0.0,0.0,0.0,0.0,0.0,0.0,0.0,0.0,0.0,0.0,0.0,0.0,0.0,0.0,0.0,0.0,0.0,0.0,0.0,0.0,0.0,0.0,0.0,0.0,0.0,0.0,0.0,0.0,0.0,0.0,0.0,0.0,0.0,0.0,0.0,0.0,0.0,0.0,0.0,0.0,0.0,0.0,0.0,0.0,0.0,0.0,0.0,0.0,0.0,0.0,0.0,0.0,0.0,0.0,0.0,0.0,0.0,0.0,0.0,0.0,0.0,0.0,0.0,0.0,0.0,0.0,0.0,0.0,0.0,0.0,0.0,0.0,0.0,0.0,0.0,0.0,0.0,0.0,0.0,0.0,0.0,0.0,0.0,0.0,0.0,0.0,0.0,0.0,0.0,0.0,0.0,0.0,0.0,0.0,0.0,0.0,0.0,0.0,0.0,0.0,0.0,0.0,0.0,0.0,0.0,0.0,0.0,0.0,0.0,0.0,0.0,0.0,0.0,0.0,0.0,0.0,0.0,0.0,0.0,0.0,0.0,0.0,0.0,0.0,0.0,0.0,0.0,0.0,0.0,0.0,0.0,0.0,0.0,0.0,0.0,0.0,0.0,0.0,0.0,0.0,0.0,0.0,0.0,0.0,0.0,0.0,0.0,0.0,0.0,0.0,0.0,0.0,0.0,0.0,0.0,0.0,0.0,0.0,0.0,0.0,0.0,0.0,0.0,0.0,0.0,0.0,0.0,0.0,0.0,0.0,0.0,0.0,0.0,0.0,0.0,0.0,0.0,0.0,0.0,0.0,0.0,0.0,0.0,0.0,0.0,0.0,0.0,0.0,0.0,0.0,0.0,0.0,0.0,0.0,0.0,0.0,0.0,0.0,0.0,0.0,0.0,0.0,0.0,0.0,0.0,0.0,0.0,0.0,0.0,0.0,0.0,0.0,0.0,0.0,0.0,0.0,0.0,0.0,0.0,0.0,0.0,0.0,0.0,0.0,0.0,0.0,0.0,0.0,0.0,0.0,0.0,0.0,0.0,0.0,0.0,0.0,0.0,0.0,0.0,0.0,0.0,0.0,0.0,0.0,0.0,0.0,0.0,0.0,0.0,0.0,0.0,0.0,0.0,0.0,0.0,0.0,0.5382801868797098,0.0,0.0,0.0,0.0,0.0,0.0,0.0,0.0,0.0,0.0,0.0,0.0,0.0,0.0,0.0,0.0,0.0,0.0,0.0,0.0,0.0,0.0,0.0,0.0,0.0,0.0,0.0,0.0,0.0,0.0,0.0,0.0,0.0,0.0,0.0,0.0,0.0,0.0,0.0,0.0,0.0,0.0,0.0,0.0,0.0,0.0,0.0,0.0,0.0,0.0,0.0,0.0,0.0,0.0,0.0,0.0,0.0,0.0,0.0,0.0,0.0,0.0,0.0,0.0,0.0,0.0,0.0,0.0,0.0,0.0,0.0,0.0,0.0,0.0,0.0,0.0,0.0,0.0,0.0,0.5382801868797098,0.0,0.0,0.0,0.0,0.0,0.0,0.0,0.0,0.0,0.0,0.0,0.0,0.0,0.0,0.0,0.0,0.0,0.0,0.0,0.0,0.0,0.0,0.0,0.0,0.0,0.0,0.0,0.0,0.0,0.0,0.0,0.0,0.0,0.0,0.0,0.0,0.0,0.0,0.0,0.0,0.0,0.0,0.0,0.0,0.0,0.0,0.0,0.0,0.0,0.0,0.0,0.0,0.0,0.0,0.0,0.0,0.0,0.0,0.0,0.0,0.0,0.0,0.0,0.0,0.0,0.0,0.0,0.0,0.0,0.0,0.0,0.0,0.0,0.0,0.0,0.0,0.0,0.0,0.0,0.0,0.0,0.0,0.0,0.0,0.0,0.0,0.0,0.0,0.0,0.0,0.0,0.0,0.0,0.0,0.0,0.0,0.0,0.0,0.0,0.0,0.0,0.0,0.0,0.0,0.0,0.0,0.0,0.0,0.0,0.0,0.0,0.0,0.0,0.0,0.0,0.0,0.0,0.0,0.0,0.0,0.0,0.0,0.0,0.0,0.0,0.0,0.0,0.0,0.0,0.0,0.0,0.0,0.0,0.0,0.0,0.0,0.0,0.0,0.0,0.0,0.0,0.5082633097341941,0.0,0.0,0.0,0.0,0.0,0.0,0.0,0.0,0.0,0.0,0.0,0.0,0.0,0.0,0.0,0.0,0.0,0.0,0.0,0.0,0.0,0.0,0.0,0.0,0.0,0.0,0.0,0.0,0.0,0.0,0.0,0.0,0.0,0.0,0.0,0.0,0.0,0.0,0.0,0.0,0.0,0.0,0.0,0.0,0.0,0.0,0.0,0.0,0.0,0.0,0.0,0.0,0.0,0.0,0.0,0.0,0.0
SD2401268,20대,음 근데 우리집이 꼭대기 층이라 그런지 좀 괜찮은 거 같은데. 층간 소음은 없는데 벽간 소음이 쪼금 있는 거 같아. 방이 그 방음이 잘 안 돼서 옆 문 그 첫 입구 문에만 서도 옆의 방이 뭐 유튜브 뭐 듣고 있는지 무슨 대화하고 있는지가 너무 잘 들려서 쪼끔 부담스럽긴 해. 근데 위에는 아무도 사람이 안 사니까 내가 살기에는 어 소음이 없어서 되게 좋은 거 같아. 그거 말고도 본가 살 때는 위층이 아빠 지인이 살았었는데 그래서 막 소음이 나도 뭐라 하기가 좀 그랬던 경험이 있어. 너는 지금 몇 층 정도에 살아? 층간 소음은 없어? 음 그 학 학교 들어오고 나서부터 2년 동안 여기 살고 올해 새로 계약해서 똑같은 데 연장해서 거기서 살고 있어. 아마 내년에는 교환 학생을 가서 없으니까 오빠가 혼자 살 거 같아 지금 같이 살고 있으니까. 그리고 사실 나는 올해 딱 계약 연장할 때쯤에 새로 구해서 따로따로 살고 싶었는데 아무래도 서울 뭐 월세가 비싸다 보니까 그냥 한집에서 해서 전세로 사는 게 낫겠다 싶어서 같이 살고 있는데. 어 아무래도 생활 패턴이나 그런 집안일 하는 거가 좀 안 맞아서 좀 그게 제일 힘들어서 따로 살고 싶었던 거 같아. 뭐 혼자 늦게 자고 그런 건 상관없는데 오빠가 게임을 하니까 늦게까지 게임하는 소리 계속 들려 오 들려 오고 하니까 나 자는 데 방에 돼서 그랬던 거 같아. 너는 그런 적은 없어? 어 중3 때까지 1곳에서 살았고 그 주 중3 이후에 약간 신도시 분양 그런 청약 담 당첨 돼 가지고 1번 이사를 갔었어. 근데 그 중3 때까지 계속 같은 지역에 살다 보니까 거기 유치원 초등학교 중학교 나오고 고등학교도 그쪽을 가려고 했는데 이사를 가게 돼서 혼자 떨어진 곳을 가니까 친구들이랑도 멀어지고 그러 그 뭐 원래 놀던 데에서도 못 놀고 이런 게 쪼끔 아쉽고 힘들긴 하더라고. 근데 집이 넓어서 되게 좋았던 거 같아. 나는 이사를 많이 안 해 봐서 막 해 보고 싶었다 이런 게 좀 컸었는데 주변에 이사 많이 다니는 사람은 안 그렇더라고. 이사를 그만 다니고 싶다 그러더라. 혹시 너도 그런 편이야? 음 나는 이사 간 다음에 우 이 이사 간 아파트 앞에 막 전원주택 같은 게 있는 거야. 그래서 나중에 이 또 이사를 가게 된다면은 저런 데에서 살고 싶다. 저런 데에서 마당에서 막 식물 키우고 동물 키우고 막 나만의 정원을 가꾸면서 2층 바 다락방에서 살고 싶다 막 이런 생각을 했었는데. 근데 막상 거기에 살면은 관리하는 게 되게 힘들어 보이더라고. 할머니 집도 그런 전원주택인데 조금만 뭘 관리를 안 해 줘도 잡초 자라고 먼지가 끼고 더러워지고 막 그런 게 많아서 관리가 힘들다고 하더라고. 근데 그럼에도 한 약간 한번쯤은 전원주택에 살고 싶다 이런 생각이 있는데. 너는 그런 어디에 살고 싶다 이런 로망 같은 게 있어? 어 전자레인지랑 냉장고 세탁기 이 이 정도는 원래 있었던 거 같고. 밥솥이랑 응 어 그 오븐 같은 거 뭐라고 하지. 그 아 에어프라이어는 사 왔고. 최근에 여름 되니까 벌레가 너무 많이 생기잖아. 특히 음식물에 벌레가 많이 생기는데 그래서 버리기가 너무 힘들어서 미생물로 분해해 주는 기계 그런 게 있더라고. 오빠가 인스타그램에서 찾아와서 막 우 이거 쓰자 막 그러면서 찾아왔던 기억이 있어. 그래서 그거를 지금 살까 고민 중에 있어. 그게 음식물 쓰레기를 넣으면은 미생물들이 분해를 해서 흙으로 바로 만들어 준대. 근데 그게 하루 만에 다 만들어 주고 냄새도 안 나서 좋다고 하더라고. 너는 혹시 집안일 같은 거는 어떻게 하는 편이야? 어 가끔 아니 자주 좀 싸운 싸우진 않고 이런 거에 대해 짜증을 내는 거 같긴 한데 내 방이 쓰레기 그 분리수거 하는 데 바로 앞에 있단 말이야. 그래서 오빠는 좀 멀어서 쓰레기 같은 걸 거기 내면 그만인데 나는 내고 나서 그게 분리수거가 잘 안 되어 있거나 막 더러운 게 섞여 있거나 하면은 냄새가 바로 내 방으로 들어온단 말이야. 그거 때문에 오빠한테 뭐라 한 적도 많았던 거 같고. 약간 분담 같은 게 예전에는 막 뭐 냉장고 청소 네가 1번 하면 내가 화장실 청소 1번 하고 이런 식으로 번갈아서 하자라고 말은 했는데 어느 순간 보니까 내가 다 하고 있더라고. 그래서 그거에 대해서 쌓아 놨다가 화내기 직전에 딱 말하면은 오빠가 또 눈치는 빨라 가지고 그제서야 부랴부랴 치우고 막 이래서 어 싸우지는 않았던 거 같아. 근데 자취를 하니까 확실히 본가 살 때는 엄마가 다 해 주고 그러는데 내가 다 해야 되니까 그게 힘든 거 같긴 해. 너는 자취하고 싶다는 생각은 없어? 아 나 처음에 집 들어올 때 막 냉장고랑 기본 가구에 막 여 연두색 띠가 막 둘러져 있는 거야. 기본 색깔로 막 있는 거야. 그래서 그걸 보고 아 진짜 별로다. 여기 살기 싫다 했었는데 막상 들어가 보니까 그런 거 별로 티도 안 나고 깔끔해 보이고 좋더라고. 그래서 그렇게 쓰고 있고. 뭔가 인테리어 아 그 자취하면 내 방식대로 바 집을 꾸미고 막 이렇게 써야지라는 생각은 있었는데 막상 있으니까 짐을 그 넣을 짐도 너무 많고 근데 그거에 비해 공간은 안 나오고 하니까 인테리어라고 할 것도 없이 그냥 짐을 넣어 놓은 거 같아. 내 방이 너무 작아서 옷장 같은 게 들어갈 공간이 안 나서 거실에다가 행거 설치해서 바로 옷 놓아두고. 그래서 뭔가 꾸미기도 애매하고 그랬던 거 같아. 너는 집 인테리어 어떤 편이야? 서울에서 살 수 있으면 좋을 거 같은데. 왜냐하면 여가 생활 같은 것도 훨씬 더 많이 할 수 있고 이제 거의 내 친구들이나 생활 반경이 서울에 중심에 맞춰져 있다 보니까 서울에서 생활하는 게 편하긴 한데 가끔씩 여기가 사람이 너무 많아서 내려가고 싶다라는 생각이 들긴 해. 근데 직장을 얻고 뭔가 더 발전을 하려면은 서울에서 사는 게 맞는 거 같아. 나는 그 본가 살 때는 지하에 헬스장이 있어서 그거를 썼단 말이야. 근데 자취를 하니까 그런 여가 시설 시 그 아무튼 시설들이 없어서 막 주변에서 주변 다른 헬스장을 등록해 놨단 말이야. 근데 너는 지금 어쨌든 본가에 살잖아. 큰 아파트에 사는데 그러면 거기에 막 여가 시설 같은 게 와 잘 마련되어 있어?,0.005747126436781609,0.017241379310344827,0.004597701149425287,0.0,0.005747126436781609,0.0034482758620689655,0.005747126436781609,0.008045977011494253,0.01839080459770115,0.029885057471264367,0.004597701149425287,0.027586206896551724,0.0,0.008045977011494253,0.0022988505747126436,0.0,0.0034482758620689655,0.0011494252873563218,0.03218390804597701,0.013793103448275862,0.0,0.0,0.0,0.0022988505747126436,0.0,0.004597701149425287,0.021839080459770115,0.0,0.0034482758620689655,0.0034482758620689655,0.04367816091954023,0.0,0.006896551724137931,0.0,0.004597701149425287,0.009195402298850575,0.0,0.0,0.011494252873563218,0.0011494252873563218,0.0,0.0022988505747126436,0.0,0.0,0.034482758620689655,0.004597701149425287,0.013793103448275862,0.0022988505747126436,0.004597701149425287,0.0367816091954023,0.009195402298850575,0.0011494252873563218,0.0,0.0022988505747126436,0.0,0.0011494252873563218,0.0011494252873563218,0.0022988505747126436,0.0,0.006896551724137931,0.0,0.0,0.0,0.0011494252873563218,0.006896551724137931,0.0022988505747126436,0.0022988505747126436,0.0011494252873563218,0.0011494252873563218,0.0,0.0,0.0,0.0022988505747126436,0.0,0.0,0.005747126436781609,0.0022988505747126436,0.0,0.006896551724137931,0.010344827586206896,0.0011494252873563218,0.0,0.0,0.0,0.0,0.004597701149425287,0.0034482758620689655,0.0,0.0022988505747126436,0.004597701149425287,0.0,0.0022988505747126436,0.0,0.0011494252873563218,0.0,0.0011494252873563218,0.0011494252873563218,0.0011494252873563218,0.0,0.0022988505747126436,0.004597701149425287,0.0011494252873563218,0.0,0.0,0.0,0.0,0.01264367816091954,0.009195402298850575,0.0,0.0011494252873563218,0.0011494252873563218,0.0022988505747126436,0.0011494252873563218,0.0,0.0,0.0011494252873563218,0.0,0.0,0.0011494252873563218,0.011494252873563218,0.0,0.005747126436781609,0.0011494252873563218,0.0,0.0022988505747126436,0.0011494252873563218,0.0011494252873563218,0.0,0.0022988505747126436,0.0,0.0,0.0,0.0,0.0034482758620689655,0.0,0.0,0.01839080459770115,0.0022988505747126436,0.0,0.0,0.0022988505747126436,0.0022988505747126436,0.0022988505747126436,0.0,0.0,0.005747126436781609,0.0011494252873563218,0.0,0.008045977011494253,0.0022988505747126436,0.0011494252873563218,0.005747126436781609,0.0011494252873563218,0.0,0.0,0.0011494252873563218,0.0,0.0011494252873563218,0.006896551724137931,0.0011494252873563218,0.0,0.0034482758620689655,0.0,0.0,0.0,0.004597701149425287,0.0011494252873563218,0.0011494252873563218,0.0,0.0,0.0011494252873563218,0.0,0.0,0.0,0.006896551724137931,0.0,0.0,0.0,0.0,0.0,0.0011494252873563218,0.0,0.0034482758620689655,0.0022988505747126436,0.0,0.0022988505747126436,0.0,0.0022988505747126436,0.0022988505747126436,0.0,0.0,0.0,0.0022988505747126436,0.0,0.0,0.0011494252873563218,0.0,0.0,0.0,0.0,0.0034482758620689655,0.0,0.004597701149425287,0.0,0.0,0.0,0.0,0.0,0.0,0.0011494252873563218,0.0,0.0,0.0,0.0,0.0011494252873563218,0.0,0.0011494252873563218,0.0,0.0011494252873563218,0.0,0.0022988505747126436,0.0,0.0011494252873563218,0.0022988505747126436,0.0,0.0,0.005747126436781609,0.0,0.0022988505747126436,0.0,0.0,0.0,0.0,0.0,0.0,0.0,0.0,0.0,0.0022988505747126436,0.0,0.0,0.0,0.004597701149425287,0.0,0.0,0.0,0.0,0.0,0.0,0.0,0.0,0.0,0.0,0.0,0.0,0.0,0.006896551724137931,0.0034482758620689655,0.0011494252873563218,0.0011494252873563218,0.0011494252873563218,0.0011494252873563218,0.0022988505747126436,0.0022988505747126436,0.0011494252873563218,0.0011494252873563218,0.0011494252873563218,0.0011494252873563218,0.0011494252873563218,0.0011494252873563218,0.0034482758620689655,0.0011494252873563218,0.005747126436781609,0.0011494252873563218,0.0011494252873563218,0.0011494252873563218,0.0022988505747126436,0.0022988505747126436,0.0011494252873563218,0.0022988505747126436,0.0011494252873563218,0.0011494252873563218,0.0011494252873563218,0.0011494252873563218,0.0022988505747126436,0.0011494252873563218,0.0011494252873563218,0.0011494252873563218,0.0022988505747126436,0.0011494252873563218,0.0011494252873563218,0.0011494252873563218,0.0011494252873563218,0.0011494252873563218,0.0011494252873563218,0.0011494252873563218,0.0011494252873563218,0.0022988505747126436,0.0022988505747126436,0.0011494252873563218,0.0011494252873563218,0.0011494252873563218,0.0022988505747126436,0.0011494252873563218,0.0011494252873563218,0.0034482758620689655,0.0011494252873563218,0.0011494252873563218,0.0011494252873563218,0.0011494252873563218,0.0011494252873563218,0.0011494252873563218,0.0011494252873563218,0.0022988505747126436,0.0011494252873563218,0.0022988505747126436,0.0022988505747126436,0.0011494252873563218,0.0011494252873563218,0.0034482758620689655,0.0011494252873563218,0.0011494252873563218,0.0022988505747126436,0.0011494252873563218,0.0022988505747126436,0.0011494252873563218,0.0011494252873563218,0.0022988505747126436,0.0011494252873563218,0.0011494252873563218,0.0011494252873563218,0.0022988505747126436,0.0011494252873563218,0.0034482758620689655,0.0034482758620689655,0.0022988505747126436,0.0011494252873563218,0.0011494252873563218,0.0011494252873563218,0.0011494252873563218,0.0011494252873563218,0.0011494252873563218,0.0011494252873563218,0.004597701149425287,0.0011494252873563218,0.0011494252873563218,0.0011494252873563218,0.0011494252873563218,0.0022988505747126436,0.0011494252873563218,0.0011494252873563218,0.0011494252873563218,0.0034482758620689655,0.0011494252873563218,0.0011494252873563218,0.0011494252873563218,0.0011494252873563218,0.0022988505747126436,0.0011494252873563218,0.0022988505747126436,0.0022988505747126436,0.0022988505747126436,0.0011494252873563218,0.0011494252873563218,0.0011494252873563218,0.0011494252873563218,0.0022988505747126436,0.0011494252873563218,0.0034482758620689655,0.0034482758620689655,0.0011494252873563218,0.004597701149425287,0.0011494252873563218,0.0011494252873563218,0.0022988505747126436,0.0022988505747126436,0.0011494252873563218,0.0011494252873563218,0.0011494252873563218,0.0022988505747126436,0.0011494252873563218,0.0022988505747126436,0.0022988505747126436,0.0011494252873563218,0.0011494252873563218,0.0011494252873563218,0.0011494252873563218,0.0011494252873563218,0.0011494252873563218,0.0011494252873563218,0.0011494252873563218,0.0011494252873563218,0.0011494252873563218,0.0011494252873563218,0.0011494252873563218,0.0022988505747126436,0.0011494252873563218,0.0011494252873563218,0.0011494252873563218,0.0011494252873563218,0.0011494252873563218,0.0011494252873563218,0.0011494252873563218,0.0011494252873563218,0.0011494252873563218,0.0011494252873563218,0.0011494252873563218,0.0022988505747126436,0.0011494252873563218,0.0011494252873563218,0.0011494252873563218,0.0011494252873563218,0.0011494252873563218,0.0022988505747126436,0.0011494252873563218,0.0022988505747126436,0.0011494252873563218,0.0011494252873563218,0.0011494252873563218,0.0034482758620689655,0.0011494252873563218,0.0011494252873563218,0.0011494252873563218,0.0011494252873563218,0.0011494252873563218,0.0011494252873563218,0.0011494252873563218,0.0011494252873563218,0.0011494252873563218,0.0011494252873563218,0.0011494252873563218,0.0011494252873563218,0.0034482758620689655,0.0011494252873563218,0.0022988505747126436,0.0011494252873563218,0.0011494252873563218,0.0011494252873563218,0.0011494252873563218,0.0011494252873563218,0.0011494252873563218,0.0011494252873563218,0.0011494252873563218,0.0011494252873563218,0.0011494252873563218,0.0011494252873563218,0.0011494252873563218,0.0011494252873563218,0.0011494252873563218,0.0011494252873563218,0.0011494252873563218,0.0011494252873563218,0.0011494252873563218,0.0,0.0,0.0,0.0,0.0,0.0,0.0,0.0,0.0,0.0,0.0,0.0,0.0,0.0,0.0,0.0,0.0,0.0,0.0,0.0,0.0,0.0,0.0,0.0,0.0,0.0,0.0,0.0,0.0,0.0,0.0,0.0,0.0,0.0,0.0,0.0,0.0,0.0,0.0,0.0,0.0,0.46299223427070807,0.0,0.0,0.0,0.0,0.0,0.0,0.0,0.0,0.0,0.0,0.0,0.0,0.0,0.0,0.0,0.0,0.0,0.0,0.0,0.0,0.0,0.0,0.0,0.0,0.0,0.0,0.0,0.0,0.0,0.0,0.0,0.0,0.0,0.0,0.0,0.0,0.0,0.0,0.0,0.0,0.0,0.0,0.0,0.0,0.0,0.0,0.0,0.0,0.0,0.0,0.0,0.0,0.0,0.0,0.0,0.0,0.0,0.0,0.0,0.0,0.0,0.0,0.0,0.0,0.0,0.0,0.0,0.0,0.0,0.0,0.0,0.0,0.0,0.0,0.0,0.0,0.0,0.0,0.0,0.0,0.0,0.0,0.0,0.0,0.0,0.0,0.0,0.0,0.0,0.0,0.0,0.0,0.0,0.0,0.0,0.0,0.0,0.0,0.0,0.0,0.0,0.0,0.0,0.0,0.0,0.0,0.0,0.0,0.0,0.0,0.0,0.0,0.0,0.0,0.0,0.0,0.0,0.0,0.0,0.0,0.0,0.0,0.0,0.0,0.0,0.0,0.0,0.0,0.0,0.0,0.0,0.0,0.0,0.0,0.0,0.0,0.0,0.0,0.0,0.0,0.0,0.0,0.0,0.0,0.0,0.0,0.0,0.0,0.0,0.0,0.0,0.0,0.0,0.0,0.0,0.0,0.0,0.0,0.0,0.0,0.0,0.0,0.0,0.0,0.0,0.0,0.0,0.0,0.0,0.0,0.0,0.0,0.0,0.0,0.0,0.0,0.0,0.0,0.0,0.0,0.0,0.0,0.0,0.0,0.0,0.0,0.0,0.0,0.0,0.0,0.0,0.0,0.0,0.0,0.0,0.0,0.0,0.0,0.0,0.0,0.0,0.0,0.0,0.0,0.0,0.0,0.0,0.0,0.0,0.0,0.0,0.0,0.0,0.0,0.0,0.0,0.0,0.0,0.0,0.0,0.0,0.0,0.0,0.0,0.0,0.0,0.0,0.0,0.0,0.0,0.0,0.0,0.0,0.0,0.0,0.0,0.0,0.0,0.0,0.0,0.0,0.0,0.0,0.0,0.0,0.0,0.0,0.0,0.0,0.0,0.0,0.0,0.0,0.0,0.0,0.0,0.0,0.0,0.0,0.0,0.0,0.0,0.0,0.0,0.0,0.0,0.0,0.0,0.0,0.0,0.0,0.0,0.0,0.0,0.0,0.0,0.0,0.0,0.0,0.0,0.0,0.0,0.0,0.0,0.0,0.0,0.0,0.0,0.0,0.0,0.0,0.0,0.0,0.0,0.0,0.0,0.0,0.0,0.0,0.0,0.0,0.0,0.0,0.0,0.0,0.0,0.0,0.0,0.0,0.0,0.0,0.0,0.0,0.0,0.0,0.0,0.0,0.0,0.0,0.0,0.0,0.46299223427070807,0.0,0.0,0.0,0.0,0.0,0.0,0.0,0.0,0.0,0.0,0.0,0.0,0.0,0.0,0.0,0.0,0.0,0.0,0.0,0.0,0.0,0.0,0.0,0.0,0.0,0.0,0.0,0.0,0.0,0.0,0.0,0.0,0.0,0.0,0.0,0.0,0.0,0.0,0.0,0.0,0.0,0.0,0.0,0.0,0.0,0.0,0.0,0.0,0.0,0.0,0.0,0.0,0.0,0.0,0.0,0.0,0.0,0.0,0.0,0.0,0.0,0.0,0.0,0.0,0.0,0.0,0.0,0.0,0.0,0.0,0.0,0.0,0.0,0.0,0.0,0.0,0.0,0.0,0.0,0.0,0.0,0.0,0.0,0.0,0.0,0.0,0.0,0.0,0.0,0.0,0.0,0.0,0.0,0.0,0.0,0.0,0.0,0.0,0.0,0.0,0.0,0.0,0.0,0.0,0.0,0.0,0.0,0.0,0.0,0.0,0.0,0.0,0.0,0.0,0.0,0.0,0.0,0.0,0.0,0.0,0.0,0.0,0.0,0.0,0.0,0.0,0.0,0.0,0.0,0.0,0.0,0.0,0.0,0.0,0.0,0.0,0.0,0.0,0.0,0.0,0.0,0.0,0.0,0.0,0.0,0.0,0.0,0.0,0.0,0.0,0.0,0.0,0.0,0.0,0.0,0.0,0.0,0.0,0.0,0.0,0.0,0.0,0.0,0.0,0.0,0.0,0.0,0.0,0.0,0.0,0.0,0.0,0.0,0.0,0.0,0.0,0.0,0.0,0.0,0.0,0.0,0.0,0.0,0.0,0.0,0.0,0.0,0.0,0.0,0.5138754901095502,0.0,0.0,0.0,0.0,0.0,0.0,0.0,0.0,0.0,0.0,0.0,0.0,0.0,0.0,0.0,0.0,0.0,0.0,0.0,0.0,0.0,0.0,0.0,0.0,0.0,0.0,0.0,0.0,0.0,0.0,0.0,0.0,0.0,0.0,0.0,0.0,0.0,0.0,0.0,0.0,0.0,0.0,0.0,0.0,0.554263802421469,0.0,0.0,0.0,0.0,0.0,0.0,0.0,0.0,0.0,0.0,0.0,0.0,0.0,0.0,0.0,0.0,0.0,0.0,0.0,0.0,0.0,0.0,0.0,0.0,0.0,0.0,0.0,0.0,0.0,0.0,0.0,0.0,0.0,0.0,0.0,0.0,0.0,0.0,0.0,0.0,0.0,0.0,0.0,0.0,0.0,0.0,0.0,0.0,0.0,0.0,0.0,0.0,0.0,0.0,0.0,0.0,0.0,0.0,0.0,0.0,0.0,0.0,0.0,0.0,0.0,0.0,0.0,0.0,0.0,0.0,0.0,0.0,0.0,0.0,0.0,0.0,0.0,0.0,0.0,0.0,0.0,0.0,0.0,0.0,0.0,0.0,0.0,0.0,0.0,0.0,0.0,0.0,0.0,0.0,0.0,0.0,0.0,0.0,0.0,0.0,0.0,0.0,0.0,0.0,0.0,0.0,0.0,0.0,0.0,0.0,0.0,0.0,0.0,0.0,0.0,0.0,0.0,0.0,0.0,0.0,0.0,0.0,0.0,0.0,0.0,0.0,0.0,0.0
SD2401268,20대,음 근데 우리집이 꼭대기 층이라 그런지 좀 괜찮은 거 같은데. 층간 소음은 없는데 벽간 소음이 쪼금 있는 거 같아. 방이 그 방음이 잘 안 돼서 옆 문 그 첫 입구 문에만 서도 옆의 방이 뭐 유튜브 뭐 듣고 있는지 무슨 대화하고 있는지가 너무 잘 들려서 쪼끔 부담스럽긴 해. 근데 위에는 아무도 사람이 안 사니까 내가 살기에는 어 소음이 없어서 되게 좋은 거 같아. 그거 말고도 본가 살 때는 위층이 아빠 지인이 살았었는데 그래서 막 소음이 나도 뭐라 하기가 좀 그랬던 경험이 있어. 너는 지금 몇 층 정도에 살아? 층간 소음은 없어? 음 그 학 학교 들어오고 나서부터 2년 동안 여기 살고 올해 새로 계약해서 똑같은 데 연장해서 거기서 살고 있어. 아마 내년에는 교환 학생을 가서 없으니까 오빠가 혼자 살 거 같아 지금 같이 살고 있으니까. 그리고 사실 나는 올해 딱 계약 연장할 때쯤에 새로 구해서 따로따로 살고 싶었는데 아무래도 서울 뭐 월세가 비싸다 보니까 그냥 한집에서 해서 전세로 사는 게 낫겠다 싶어서 같이 살고 있는데. 어 아무래도 생활 패턴이나 그런 집안일 하는 거가 좀 안 맞아서 좀 그게 제일 힘들어서 따로 살고 싶었던 거 같아. 뭐 혼자 늦게 자고 그런 건 상관없는데 오빠가 게임을 하니까 늦게까지 게임하는 소리 계속 들려 오 들려 오고 하니까 나 자는 데 방에 돼서 그랬던 거 같아. 너는 그런 적은 없어? 어 중3 때까지 1곳에서 살았고 그 주 중3 이후에 약간 신도시 분양 그런 청약 담 당첨 돼 가지고 1번 이사를 갔었어. 근데 그 중3 때까지 계속 같은 지역에 살다 보니까 거기 유치원 초등학교 중학교 나오고 고등학교도 그쪽을 가려고 했는데 이사를 가게 돼서 혼자 떨어진 곳을 가니까 친구들이랑도 멀어지고 그러 그 뭐 원래 놀던 데에서도 못 놀고 이런 게 쪼끔 아쉽고 힘들긴 하더라고. 근데 집이 넓어서 되게 좋았던 거 같아. 나는 이사를 많이 안 해 봐서 막 해 보고 싶었다 이런 게 좀 컸었는데 주변에 이사 많이 다니는 사람은 안 그렇더라고. 이사를 그만 다니고 싶다 그러더라. 혹시 너도 그런 편이야? 음 나는 이사 간 다음에 우 이 이사 간 아파트 앞에 막 전원주택 같은 게 있는 거야. 그래서 나중에 이 또 이사를 가게 된다면은 저런 데에서 살고 싶다. 저런 데에서 마당에서 막 식물 키우고 동물 키우고 막 나만의 정원을 가꾸면서 2층 바 다락방에서 살고 싶다 막 이런 생각을 했었는데. 근데 막상 거기에 살면은 관리하는 게 되게 힘들어 보이더라고. 할머니 집도 그런 전원주택인데 조금만 뭘 관리를 안 해 줘도 잡초 자라고 먼지가 끼고 더러워지고 막 그런 게 많아서 관리가 힘들다고 하더라고. 근데 그럼에도 한 약간 한번쯤은 전원주택에 살고 싶다 이런 생각이 있는데. 너는 그런 어디에 살고 싶다 이런 로망 같은 게 있어? 어 전자레인지랑 냉장고 세탁기 이 이 정도는 원래 있었던 거 같고. 밥솥이랑 응 어 그 오븐 같은 거 뭐라고 하지. 그 아 에어프라이어는 사 왔고. 최근에 여름 되니까 벌레가 너무 많이 생기잖아. 특히 음식물에 벌레가 많이 생기는데 그래서 버리기가 너무 힘들어서 미생물로 분해해 주는 기계 그런 게 있더라고. 오빠가 인스타그램에서 찾아와서 막 우 이거 쓰자 막 그러면서 찾아왔던 기억이 있어. 그래서 그거를 지금 살까 고민 중에 있어. 그게 음식물 쓰레기를 넣으면은 미생물들이 분해를 해서 흙으로 바로 만들어 준대. 근데 그게 하루 만에 다 만들어 주고 냄새도 안 나서 좋다고 하더라고. 너는 혹시 집안일 같은 거는 어떻게 하는 편이야? 어 가끔 아니 자주 좀 싸운 싸우진 않고 이런 거에 대해 짜증을 내는 거 같긴 한데 내 방이 쓰레기 그 분리수거 하는 데 바로 앞에 있단 말이야. 그래서 오빠는 좀 멀어서 쓰레기 같은 걸 거기 내면 그만인데 나는 내고 나서 그게 분리수거가 잘 안 되어 있거나 막 더러운 게 섞여 있거나 하면은 냄새가 바로 내 방으로 들어온단 말이야. 그거 때문에 오빠한테 뭐라 한 적도 많았던 거 같고. 약간 분담 같은 게 예전에는 막 뭐 냉장고 청소 네가 1번 하면 내가 화장실 청소 1번 하고 이런 식으로 번갈아서 하자라고 말은 했는데 어느 순간 보니까 내가 다 하고 있더라고. 그래서 그거에 대해서 쌓아 놨다가 화내기 직전에 딱 말하면은 오빠가 또 눈치는 빨라 가지고 그제서야 부랴부랴 치우고 막 이래서 어 싸우지는 않았던 거 같아. 근데 자취를 하니까 확실히 본가 살 때는 엄마가 다 해 주고 그러는데 내가 다 해야 되니까 그게 힘든 거 같긴 해. 너는 자취하고 싶다는 생각은 없어? 아 나 처음에 집 들어올 때 막 냉장고랑 기본 가구에 막 여 연두색 띠가 막 둘러져 있는 거야. 기본 색깔로 막 있는 거야. 그래서 그걸 보고 아 진짜 별로다. 여기 살기 싫다 했었는데 막상 들어가 보니까 그런 거 별로 티도 안 나고 깔끔해 보이고 좋더라고. 그래서 그렇게 쓰고 있고. 뭔가 인테리어 아 그 자취하면 내 방식대로 바 집을 꾸미고 막 이렇게 써야지라는 생각은 있었는데 막상 있으니까 짐을 그 넣을 짐도 너무 많고 근데 그거에 비해 공간은 안 나오고 하니까 인테리어라고 할 것도 없이 그냥 짐을 넣어 놓은 거 같아. 내 방이 너무 작아서 옷장 같은 게 들어갈 공간이 안 나서 거실에다가 행거 설치해서 바로 옷 놓아두고. 그래서 뭔가 꾸미기도 애매하고 그랬던 거 같아. 너는 집 인테리어 어떤 편이야? 서울에서 살 수 있으면 좋을 거 같은데. 왜냐하면 여가 생활 같은 것도 훨씬 더 많이 할 수 있고 이제 거의 내 친구들이나 생활 반경이 서울에 중심에 맞춰져 있다 보니까 서울에서 생활하는 게 편하긴 한데 가끔씩 여기가 사람이 너무 많아서 내려가고 싶다라는 생각이 들긴 해. 근데 직장을 얻고 뭔가 더 발전을 하려면은 서울에서 사는 게 맞는 거 같아. 나는 그 본가 살 때는 지하에 헬스장이 있어서 그거를 썼단 말이야. 근데 자취를 하니까 그런 여가 시설 시 그 아무튼 시설들이 없어서 막 주변에서 주변 다른 헬스장을 등록해 놨단 말이야. 근데 너는 지금 어쨌든 본가에 살잖아. 큰 아파트에 사는데 그러면 거기에 막 여가 시설 같은 게 와 잘 마련되어 있어?,0.005747126436781609,0.017241379310344827,0.004597701149425287,0.0,0.005747126436781609,0.0034482758620689655,0.005747126436781609,0.008045977011494253,0.01839080459770115,0.029885057471264367,0.004597701149425287,0.027586206896551724,0.0,0.008045977011494253,0.0022988505747126436,0.0,0.0034482758620689655,0.0011494252873563218,0.03218390804597701,0.013793103448275862,0.0,0.0,0.0,0.0022988505747126436,0.0,0.004597701149425287,0.021839080459770115,0.0,0.0034482758620689655,0.0034482758620689655,0.04367816091954023,0.0,0.006896551724137931,0.0,0.004597701149425287,0.009195402298850575,0.0,0.0,0.011494252873563218,0.0011494252873563218,0.0,0.0022988505747126436,0.0,0.0,0.034482758620689655,0.004597701149425287,0.013793103448275862,0.0022988505747126436,0.004597701149425287,0.0367816091954023,0.009195402298850575,0.0011494252873563218,0.0,0.0022988505747126436,0.0,0.0011494252873563218,0.0011494252873563218,0.0022988505747126436,0.0,0.006896551724137931,0.0,0.0,0.0,0.0011494252873563218,0.006896551724137931,0.0022988505747126436,0.0022988505747126436,0.0011494252873563218,0.0011494252873563218,0.0,0.0,0.0,0.0022988505747126436,0.0,0.0,0.005747126436781609,0.0022988505747126436,0.0,0.006896551724137931,0.010344827586206896,0.0011494252873563218,0.0,0.0,0.0,0.0,0.004597701149425287,0.0034482758620689655,0.0,0.0022988505747126436,0.004597701149425287,0.0,0.0022988505747126436,0.0,0.0011494252873563218,0.0,0.0011494252873563218,0.0011494252873563218,0.0011494252873563218,0.0,0.0022988505747126436,0.004597701149425287,0.0011494252873563218,0.0,0.0,0.0,0.0,0.01264367816091954,0.009195402298850575,0.0,0.0011494252873563218,0.0011494252873563218,0.0022988505747126436,0.0011494252873563218,0.0,0.0,0.0011494252873563218,0.0,0.0,0.0011494252873563218,0.011494252873563218,0.0,0.005747126436781609,0.0011494252873563218,0.0,0.0022988505747126436,0.0011494252873563218,0.0011494252873563218,0.0,0.0022988505747126436,0.0,0.0,0.0,0.0,0.0034482758620689655,0.0,0.0,0.01839080459770115,0.0022988505747126436,0.0,0.0,0.0022988505747126436,0.0022988505747126436,0.0022988505747126436,0.0,0.0,0.005747126436781609,0.0011494252873563218,0.0,0.008045977011494253,0.0022988505747126436,0.0011494252873563218,0.005747126436781609,0.0011494252873563218,0.0,0.0,0.0011494252873563218,0.0,0.0011494252873563218,0.006896551724137931,0.0011494252873563218,0.0,0.0034482758620689655,0.0,0.0,0.0,0.004597701149425287,0.0011494252873563218,0.0011494252873563218,0.0,0.0,0.0011494252873563218,0.0,0.0,0.0,0.006896551724137931,0.0,0.0,0.0,0.0,0.0,0.0011494252873563218,0.0,0.0034482758620689655,0.0022988505747126436,0.0,0.0022988505747126436,0.0,0.0022988505747126436,0.0022988505747126436,0.0,0.0,0.0,0.0022988505747126436,0.0,0.0,0.0011494252873563218,0.0,0.0,0.0,0.0,0.0034482758620689655,0.0,0.004597701149425287,0.0,0.0,0.0,0.0,0.0,0.0,0.0011494252873563218,0.0,0.0,0.0,0.0,0.0011494252873563218,0.0,0.0011494252873563218,0.0,0.0011494252873563218,0.0,0.0022988505747126436,0.0,0.0011494252873563218,0.0022988505747126436,0.0,0.0,0.005747126436781609,0.0,0.0022988505747126436,0.0,0.0,0.0,0.0,0.0,0.0,0.0,0.0,0.0,0.0022988505747126436,0.0,0.0,0.0,0.004597701149425287,0.0,0.0,0.0,0.0,0.0,0.0,0.0,0.0,0.0,0.0,0.0,0.0,0.0,0.006896551724137931,0.0034482758620689655,0.0011494252873563218,0.0011494252873563218,0.0011494252873563218,0.0011494252873563218,0.0022988505747126436,0.0022988505747126436,0.0011494252873563218,0.0011494252873563218,0.0011494252873563218,0.0011494252873563218,0.0011494252873563218,0.0011494252873563218,0.0034482758620689655,0.0011494252873563218,0.005747126436781609,0.0011494252873563218,0.0011494252873563218,0.0011494252873563218,0.0022988505747126436,0.0022988505747126436,0.0011494252873563218,0.0022988505747126436,0.0011494252873563218,0.0011494252873563218,0.0011494252873563218,0.0011494252873563218,0.0022988505747126436,0.0011494252873563218,0.0011494252873563218,0.0011494252873563218,0.0022988505747126436,0.0011494252873563218,0.0011494252873563218,0.0011494252873563218,0.0011494252873563218,0.0011494252873563218,0.0011494252873563218,0.0011494252873563218,0.0011494252873563218,0.0022988505747126436,0.0022988505747126436,0.0011494252873563218,0.0011494252873563218,0.0011494252873563218,0.0022988505747126436,0.0011494252873563218,0.0011494252873563218,0.0034482758620689655,0.0011494252873563218,0.0011494252873563218,0.0011494252873563218,0.0011494252873563218,0.0011494252873563218,0.0011494252873563218,0.0011494252873563218,0.0022988505747126436,0.0011494252873563218,0.0022988505747126436,0.0022988505747126436,0.0011494252873563218,0.0011494252873563218,0.0034482758620689655,0.0011494252873563218,0.0011494252873563218,0.0022988505747126436,0.0011494252873563218,0.0022988505747126436,0.0011494252873563218,0.0011494252873563218,0.0022988505747126436,0.0011494252873563218,0.0011494252873563218,0.0011494252873563218,0.0022988505747126436,0.0011494252873563218,0.0034482758620689655,0.0034482758620689655,0.0022988505747126436,0.0011494252873563218,0.0011494252873563218,0.0011494252873563218,0.0011494252873563218,0.0011494252873563218,0.0011494252873563218,0.0011494252873563218,0.004597701149425287,0.0011494252873563218,0.0011494252873563218,0.0011494252873563218,0.0011494252873563218,0.0022988505747126436,0.0011494252873563218,0.0011494252873563218,0.0011494252873563218,0.0034482758620689655,0.0011494252873563218,0.0011494252873563218,0.0011494252873563218,0.0011494252873563218,0.0022988505747126436,0.0011494252873563218,0.0022988505747126436,0.0022988505747126436,0.0022988505747126436,0.0011494252873563218,0.0011494252873563218,0.0011494252873563218,0.0011494252873563218,0.0022988505747126436,0.0011494252873563218,0.0034482758620689655,0.0034482758620689655,0.0011494252873563218,0.004597701149425287,0.0011494252873563218,0.0011494252873563218,0.0022988505747126436,0.0022988505747126436,0.0011494252873563218,0.0011494252873563218,0.0011494252873563218,0.0022988505747126436,0.0011494252873563218,0.0022988505747126436,0.0022988505747126436,0.0011494252873563218,0.0011494252873563218,0.0011494252873563218,0.0011494252873563218,0.0011494252873563218,0.0011494252873563218,0.0011494252873563218,0.0011494252873563218,0.0011494252873563218,0.0011494252873563218,0.0011494252873563218,0.0011494252873563218,0.0022988505747126436,0.0011494252873563218,0.0011494252873563218,0.0011494252873563218,0.0011494252873563218,0.0011494252873563218,0.0011494252873563218,0.0011494252873563218,0.0011494252873563218,0.0011494252873563218,0.0011494252873563218,0.0011494252873563218,0.0022988505747126436,0.0011494252873563218,0.0011494252873563218,0.0011494252873563218,0.0011494252873563218,0.0011494252873563218,0.0022988505747126436,0.0011494252873563218,0.0022988505747126436,0.0011494252873563218,0.0011494252873563218,0.0011494252873563218,0.0034482758620689655,0.0011494252873563218,0.0011494252873563218,0.0011494252873563218,0.0011494252873563218,0.0011494252873563218,0.0011494252873563218,0.0011494252873563218,0.0011494252873563218,0.0011494252873563218,0.0011494252873563218,0.0011494252873563218,0.0011494252873563218,0.0034482758620689655,0.0011494252873563218,0.0022988505747126436,0.0011494252873563218,0.0011494252873563218,0.0011494252873563218,0.0011494252873563218,0.0011494252873563218,0.0011494252873563218,0.0011494252873563218,0.0011494252873563218,0.0011494252873563218,0.0011494252873563218,0.0011494252873563218,0.0011494252873563218,0.0011494252873563218,0.0011494252873563218,0.0011494252873563218,0.0011494252873563218,0.0011494252873563218,0.0011494252873563218,0.0,0.0,0.0,0.0,0.0,0.0,0.0,0.0,0.0,0.0,0.0,0.0,0.0,0.0,0.0,0.0,0.0,0.0,0.0,0.0,0.0,0.0,0.0,0.0,0.0,0.0,0.0,0.0,0.0,0.0,0.0,0.0,0.0,0.0,0.0,0.0,0.0,0.0,0.0,0.0,0.27447138605534627,0.0,0.0,0.0,0.0,0.0,0.0,0.0,0.0,0.0,0.0,0.0,0.0,0.0,0.0,0.0,0.0,0.0,0.0,0.0,0.33874194020504533,0.0,0.0,0.0,0.0,0.0,0.0,0.0,0.0,0.0,0.0,0.0,0.0,0.0,0.0,0.0,0.0,0.0,0.0,0.0,0.0,0.0,0.0,0.0,0.0,0.0,0.0,0.0,0.0,0.0,0.0,0.0,0.0,0.0,0.0,0.0,0.0,0.0,0.0,0.0,0.0,0.0,0.0,0.0,0.0,0.0,0.0,0.0,0.0,0.0,0.0,0.0,0.0,0.0,0.0,0.0,0.0,0.0,0.0,0.0,0.0,0.0,0.0,0.0,0.0,0.0,0.0,0.0,0.0,0.0,0.0,0.0,0.0,0.0,0.0,0.0,0.0,0.0,0.0,0.0,0.0,0.0,0.0,0.0,0.0,0.0,0.0,0.0,0.0,0.0,0.0,0.0,0.0,0.0,0.0,0.0,0.0,0.0,0.0,0.0,0.0,0.0,0.0,0.0,0.0,0.0,0.0,0.0,0.0,0.0,0.0,0.0,0.0,0.0,0.0,0.0,0.0,0.0,0.0,0.0,0.0,0.0,0.0,0.0,0.0,0.0,0.0,0.0,0.0,0.0,0.0,0.0,0.0,0.0,0.0,0.0,0.0,0.0,0.0,0.0,0.0,0.0,0.0,0.0,0.0,0.0,0.0,0.0,0.0,0.0,0.0,0.0,0.0,0.0,0.0,0.0,0.0,0.0,0.0,0.0,0.0,0.0,0.0,0.0,0.0,0.0,0.0,0.0,0.0,0.0,0.0,0.0,0.0,0.0,0.0,0.0,0.0,0.0,0.0,0.0,0.0,0.0,0.0,0.0,0.0,0.0,0.0,0.0,0.0,0.0,0.0,0.0,0.0,0.0,0.0,0.30798597066374306,0.0,0.0,0.0,0.0,0.0,0.0,0.0,0.0,0.0,0.0,0.0,0.0,0.0,0.0,0.0,0.0,0.0,0.0,0.0,0.0,0.0,0.0,0.0,0.0,0.0,0.0,0.0,0.0,0.0,0.0,0.0,0.0,0.0,0.0,0.0,0.0,0.0,0.0,0.0,0.0,0.0,0.0,0.0,0.0,0.0,0.0,0.0,0.0,0.0,0.0,0.0,0.0,0.0,0.0,0.0,0.0,0.0,0.0,0.0,0.0,0.0,0.0,0.0,0.0,0.0,0.0,0.0,0.0,0.0,0.0,0.0,0.0,0.0,0.0,0.0,0.0,0.0,0.0,0.0,0.0,0.0,0.0,0.0,0.0,0.0,0.0,0.0,0.0,0.0,0.0,0.0,0.0,0.0,0.0,0.0,0.0,0.0,0.0,0.0,0.0,0.0,0.0,0.3694979097463475,0.0,0.0,0.0,0.0,0.0,0.0,0.0,0.0,0.0,0.0,0.0,0.0,0.0,0.0,0.0,0.0,0.0,0.0,0.0,0.0,0.0,0.0,0.0,0.0,0.0,0.0,0.0,0.0,0.0,0.0,0.0,0.0,0.0,0.0,0.0,0.0,0.0,0.0,0.0,0.0,0.0,0.0,0.0,0.0,0.0,0.0,0.0,0.0,0.0,0.0,0.0,0.0,0.0,0.0,0.0,0.0,0.0,0.0,0.0,0.0,0.0,0.0,0.0,0.0,0.0,0.0,0.0,0.0,0.0,0.0,0.0,0.0,0.0,0.0,0.0,0.0,0.0,0.0,0.0,0.0,0.0,0.0,0.0,0.0,0.0,0.0,0.0,0.0,0.0,0.0,0.0,0.0,0.0,0.0,0.0,0.0,0.0,0.0,0.0,0.0,0.0,0.0,0.0,0.0,0.0,0.0,0.0,0.3694979097463475,0.0,0.0,0.0,0.0,0.0,0.0,0.0,0.0,0.0,0.0,0.0,0.0,0.0,0.0,0.0,0.0,0.0,0.0,0.0,0.0,0.0,0.0,0.0,0.0,0.0,0.0,0.0,0.0,0.42207558695366504,0.0,0.0,0.0,0.0,0.0,0.0,0.0,0.0,0.0,0.0,0.0,0.0,0.0,0.0,0.0,0.0,0.0,0.0,0.0,0.0,0.0,0.0,0.0,0.0,0.0,0.0,0.0,0.0,0.0,0.0,0.0,0.0,0.0,0.0,0.0,0.0,0.0,0.0,0.0,0.0,0.0,0.29276438519548276,0.0,0.0,0.0,0.0,0.0,0.0,0.0,0.0,0.0,0.0,0.0,0.0,0.0,0.0,0.0,0.0,0.0,0.0,0.0,0.0,0.0,0.0,0.0,0.0,0.0,0.0,0.0,0.0,0.0,0.0,0.0,0.0,0.0,0.0,0.0,0.0,0.0,0.0,0.0,0.0,0.0,0.0,0.0,0.0,0.0,0.0,0.0,0.0,0.0,0.0,0.0,0.0,0.0,0.0,0.0,0.0,0.0,0.0,0.0,0.0,0.0,0.0,0.0,0.0,0.0,0.0,0.0,0.0,0.0,0.0,0.0,0.0,0.0,0.0,0.0,0.0,0.0,0.0,0.0,0.0,0.0,0.0,0.0,0.0,0.0,0.0,0.0,0.0,0.0,0.0,0.0,0.0,0.0,0.0,0.0,0.0,0.0,0.0,0.0,0.0,0.0,0.0,0.0,0.0,0.0,0.0,0.0,0.0,0.0,0.0,0.0,0.0,0.0,0.0,0.0,0.0,0.0,0.0,0.0,0.0,0.0,0.0,0.0,0.0,0.0,0.0,0.0,0.0,0.0,0.0,0.0,0.0,0.0,0.0,0.0,0.0,0.0,0.0,0.0,0.0,0.0,0.0,0.0,0.0,0.0,0.0,0.0,0.0,0.0,0.0,0.0,0.0,0.0,0.0,0.0,0.0,0.0,0.0,0.0,0.0,0.0,0.0,0.0,0.0,0.0,0.0,0.0,0.0,0.0,0.0,0.0,0.0,0.0,0.0,0.0,0.0,0.0,0.0,0.0,0.0,0.42207558695366504,0.0,0.0,0.0,0.0,0.0,0.0,0.0,0.0
SD2401268,20대,음 근데 우리집이 꼭대기 층이라 그런지 좀 괜찮은 거 같은데. 층간 소음은 없는데 벽간 소음이 쪼금 있는 거 같아. 방이 그 방음이 잘 안 돼서 옆 문 그 첫 입구 문에만 서도 옆의 방이 뭐 유튜브 뭐 듣고 있는지 무슨 대화하고 있는지가 너무 잘 들려서 쪼끔 부담스럽긴 해. 근데 위에는 아무도 사람이 안 사니까 내가 살기에는 어 소음이 없어서 되게 좋은 거 같아. 그거 말고도 본가 살 때는 위층이 아빠 지인이 살았었는데 그래서 막 소음이 나도 뭐라 하기가 좀 그랬던 경험이 있어. 너는 지금 몇 층 정도에 살아? 층간 소음은 없어? 음 그 학 학교 들어오고 나서부터 2년 동안 여기 살고 올해 새로 계약해서 똑같은 데 연장해서 거기서 살고 있어. 아마 내년에는 교환 학생을 가서 없으니까 오빠가 혼자 살 거 같아 지금 같이 살고 있으니까. 그리고 사실 나는 올해 딱 계약 연장할 때쯤에 새로 구해서 따로따로 살고 싶었는데 아무래도 서울 뭐 월세가 비싸다 보니까 그냥 한집에서 해서 전세로 사는 게 낫겠다 싶어서 같이 살고 있는데. 어 아무래도 생활 패턴이나 그런 집안일 하는 거가 좀 안 맞아서 좀 그게 제일 힘들어서 따로 살고 싶었던 거 같아. 뭐 혼자 늦게 자고 그런 건 상관없는데 오빠가 게임을 하니까 늦게까지 게임하는 소리 계속 들려 오 들려 오고 하니까 나 자는 데 방에 돼서 그랬던 거 같아. 너는 그런 적은 없어? 어 중3 때까지 1곳에서 살았고 그 주 중3 이후에 약간 신도시 분양 그런 청약 담 당첨 돼 가지고 1번 이사를 갔었어. 근데 그 중3 때까지 계속 같은 지역에 살다 보니까 거기 유치원 초등학교 중학교 나오고 고등학교도 그쪽을 가려고 했는데 이사를 가게 돼서 혼자 떨어진 곳을 가니까 친구들이랑도 멀어지고 그러 그 뭐 원래 놀던 데에서도 못 놀고 이런 게 쪼끔 아쉽고 힘들긴 하더라고. 근데 집이 넓어서 되게 좋았던 거 같아. 나는 이사를 많이 안 해 봐서 막 해 보고 싶었다 이런 게 좀 컸었는데 주변에 이사 많이 다니는 사람은 안 그렇더라고. 이사를 그만 다니고 싶다 그러더라. 혹시 너도 그런 편이야? 음 나는 이사 간 다음에 우 이 이사 간 아파트 앞에 막 전원주택 같은 게 있는 거야. 그래서 나중에 이 또 이사를 가게 된다면은 저런 데에서 살고 싶다. 저런 데에서 마당에서 막 식물 키우고 동물 키우고 막 나만의 정원을 가꾸면서 2층 바 다락방에서 살고 싶다 막 이런 생각을 했었는데. 근데 막상 거기에 살면은 관리하는 게 되게 힘들어 보이더라고. 할머니 집도 그런 전원주택인데 조금만 뭘 관리를 안 해 줘도 잡초 자라고 먼지가 끼고 더러워지고 막 그런 게 많아서 관리가 힘들다고 하더라고. 근데 그럼에도 한 약간 한번쯤은 전원주택에 살고 싶다 이런 생각이 있는데. 너는 그런 어디에 살고 싶다 이런 로망 같은 게 있어? 어 전자레인지랑 냉장고 세탁기 이 이 정도는 원래 있었던 거 같고. 밥솥이랑 응 어 그 오븐 같은 거 뭐라고 하지. 그 아 에어프라이어는 사 왔고. 최근에 여름 되니까 벌레가 너무 많이 생기잖아. 특히 음식물에 벌레가 많이 생기는데 그래서 버리기가 너무 힘들어서 미생물로 분해해 주는 기계 그런 게 있더라고. 오빠가 인스타그램에서 찾아와서 막 우 이거 쓰자 막 그러면서 찾아왔던 기억이 있어. 그래서 그거를 지금 살까 고민 중에 있어. 그게 음식물 쓰레기를 넣으면은 미생물들이 분해를 해서 흙으로 바로 만들어 준대. 근데 그게 하루 만에 다 만들어 주고 냄새도 안 나서 좋다고 하더라고. 너는 혹시 집안일 같은 거는 어떻게 하는 편이야? 어 가끔 아니 자주 좀 싸운 싸우진 않고 이런 거에 대해 짜증을 내는 거 같긴 한데 내 방이 쓰레기 그 분리수거 하는 데 바로 앞에 있단 말이야. 그래서 오빠는 좀 멀어서 쓰레기 같은 걸 거기 내면 그만인데 나는 내고 나서 그게 분리수거가 잘 안 되어 있거나 막 더러운 게 섞여 있거나 하면은 냄새가 바로 내 방으로 들어온단 말이야. 그거 때문에 오빠한테 뭐라 한 적도 많았던 거 같고. 약간 분담 같은 게 예전에는 막 뭐 냉장고 청소 네가 1번 하면 내가 화장실 청소 1번 하고 이런 식으로 번갈아서 하자라고 말은 했는데 어느 순간 보니까 내가 다 하고 있더라고. 그래서 그거에 대해서 쌓아 놨다가 화내기 직전에 딱 말하면은 오빠가 또 눈치는 빨라 가지고 그제서야 부랴부랴 치우고 막 이래서 어 싸우지는 않았던 거 같아. 근데 자취를 하니까 확실히 본가 살 때는 엄마가 다 해 주고 그러는데 내가 다 해야 되니까 그게 힘든 거 같긴 해. 너는 자취하고 싶다는 생각은 없어? 아 나 처음에 집 들어올 때 막 냉장고랑 기본 가구에 막 여 연두색 띠가 막 둘러져 있는 거야. 기본 색깔로 막 있는 거야. 그래서 그걸 보고 아 진짜 별로다. 여기 살기 싫다 했었는데 막상 들어가 보니까 그런 거 별로 티도 안 나고 깔끔해 보이고 좋더라고. 그래서 그렇게 쓰고 있고. 뭔가 인테리어 아 그 자취하면 내 방식대로 바 집을 꾸미고 막 이렇게 써야지라는 생각은 있었는데 막상 있으니까 짐을 그 넣을 짐도 너무 많고 근데 그거에 비해 공간은 안 나오고 하니까 인테리어라고 할 것도 없이 그냥 짐을 넣어 놓은 거 같아. 내 방이 너무 작아서 옷장 같은 게 들어갈 공간이 안 나서 거실에다가 행거 설치해서 바로 옷 놓아두고. 그래서 뭔가 꾸미기도 애매하고 그랬던 거 같아. 너는 집 인테리어 어떤 편이야? 서울에서 살 수 있으면 좋을 거 같은데. 왜냐하면 여가 생활 같은 것도 훨씬 더 많이 할 수 있고 이제 거의 내 친구들이나 생활 반경이 서울에 중심에 맞춰져 있다 보니까 서울에서 생활하는 게 편하긴 한데 가끔씩 여기가 사람이 너무 많아서 내려가고 싶다라는 생각이 들긴 해. 근데 직장을 얻고 뭔가 더 발전을 하려면은 서울에서 사는 게 맞는 거 같아. 나는 그 본가 살 때는 지하에 헬스장이 있어서 그거를 썼단 말이야. 근데 자취를 하니까 그런 여가 시설 시 그 아무튼 시설들이 없어서 막 주변에서 주변 다른 헬스장을 등록해 놨단 말이야. 근데 너는 지금 어쨌든 본가에 살잖아. 큰 아파트에 사는데 그러면 거기에 막 여가 시설 같은 게 와 잘 마련되어 있어?,0.005747126436781609,0.017241379310344827,0.004597701149425287,0.0,0.005747126436781609,0.0034482758620689655,0.005747126436781609,0.008045977011494253,0.01839080459770115,0.029885057471264367,0.004597701149425287,0.027586206896551724,0.0,0.008045977011494253,0.0022988505747126436,0.0,0.0034482758620689655,0.0011494252873563218,0.03218390804597701,0.013793103448275862,0.0,0.0,0.0,0.0022988505747126436,0.0,0.004597701149425287,0.021839080459770115,0.0,0.0034482758620689655,0.0034482758620689655,0.04367816091954023,0.0,0.006896551724137931,0.0,0.004597701149425287,0.009195402298850575,0.0,0.0,0.011494252873563218,0.0011494252873563218,0.0,0.0022988505747126436,0.0,0.0,0.034482758620689655,0.004597701149425287,0.013793103448275862,0.0022988505747126436,0.004597701149425287,0.0367816091954023,0.009195402298850575,0.0011494252873563218,0.0,0.0022988505747126436,0.0,0.0011494252873563218,0.0011494252873563218,0.0022988505747126436,0.0,0.006896551724137931,0.0,0.0,0.0,0.0011494252873563218,0.006896551724137931,0.0022988505747126436,0.0022988505747126436,0.0011494252873563218,0.0011494252873563218,0.0,0.0,0.0,0.0022988505747126436,0.0,0.0,0.005747126436781609,0.0022988505747126436,0.0,0.006896551724137931,0.010344827586206896,0.0011494252873563218,0.0,0.0,0.0,0.0,0.004597701149425287,0.0034482758620689655,0.0,0.0022988505747126436,0.004597701149425287,0.0,0.0022988505747126436,0.0,0.0011494252873563218,0.0,0.0011494252873563218,0.0011494252873563218,0.0011494252873563218,0.0,0.0022988505747126436,0.004597701149425287,0.0011494252873563218,0.0,0.0,0.0,0.0,0.01264367816091954,0.009195402298850575,0.0,0.0011494252873563218,0.0011494252873563218,0.0022988505747126436,0.0011494252873563218,0.0,0.0,0.0011494252873563218,0.0,0.0,0.0011494252873563218,0.011494252873563218,0.0,0.005747126436781609,0.0011494252873563218,0.0,0.0022988505747126436,0.0011494252873563218,0.0011494252873563218,0.0,0.0022988505747126436,0.0,0.0,0.0,0.0,0.0034482758620689655,0.0,0.0,0.01839080459770115,0.0022988505747126436,0.0,0.0,0.0022988505747126436,0.0022988505747126436,0.0022988505747126436,0.0,0.0,0.005747126436781609,0.0011494252873563218,0.0,0.008045977011494253,0.0022988505747126436,0.0011494252873563218,0.005747126436781609,0.0011494252873563218,0.0,0.0,0.0011494252873563218,0.0,0.0011494252873563218,0.006896551724137931,0.0011494252873563218,0.0,0.0034482758620689655,0.0,0.0,0.0,0.004597701149425287,0.0011494252873563218,0.0011494252873563218,0.0,0.0,0.0011494252873563218,0.0,0.0,0.0,0.006896551724137931,0.0,0.0,0.0,0.0,0.0,0.0011494252873563218,0.0,0.0034482758620689655,0.0022988505747126436,0.0,0.0022988505747126436,0.0,0.0022988505747126436,0.0022988505747126436,0.0,0.0,0.0,0.0022988505747126436,0.0,0.0,0.0011494252873563218,0.0,0.0,0.0,0.0,0.0034482758620689655,0.0,0.004597701149425287,0.0,0.0,0.0,0.0,0.0,0.0,0.0011494252873563218,0.0,0.0,0.0,0.0,0.0011494252873563218,0.0,0.0011494252873563218,0.0,0.0011494252873563218,0.0,0.0022988505747126436,0.0,0.0011494252873563218,0.0022988505747126436,0.0,0.0,0.005747126436781609,0.0,0.0022988505747126436,0.0,0.0,0.0,0.0,0.0,0.0,0.0,0.0,0.0,0.0022988505747126436,0.0,0.0,0.0,0.004597701149425287,0.0,0.0,0.0,0.0,0.0,0.0,0.0,0.0,0.0,0.0,0.0,0.0,0.0,0.006896551724137931,0.0034482758620689655,0.0011494252873563218,0.0011494252873563218,0.0011494252873563218,0.0011494252873563218,0.0022988505747126436,0.0022988505747126436,0.0011494252873563218,0.0011494252873563218,0.0011494252873563218,0.0011494252873563218,0.0011494252873563218,0.0011494252873563218,0.0034482758620689655,0.0011494252873563218,0.005747126436781609,0.0011494252873563218,0.0011494252873563218,0.0011494252873563218,0.0022988505747126436,0.0022988505747126436,0.0011494252873563218,0.0022988505747126436,0.0011494252873563218,0.0011494252873563218,0.0011494252873563218,0.0011494252873563218,0.0022988505747126436,0.0011494252873563218,0.0011494252873563218,0.0011494252873563218,0.0022988505747126436,0.0011494252873563218,0.0011494252873563218,0.0011494252873563218,0.0011494252873563218,0.0011494252873563218,0.0011494252873563218,0.0011494252873563218,0.0011494252873563218,0.0022988505747126436,0.0022988505747126436,0.0011494252873563218,0.0011494252873563218,0.0011494252873563218,0.0022988505747126436,0.0011494252873563218,0.0011494252873563218,0.0034482758620689655,0.0011494252873563218,0.0011494252873563218,0.0011494252873563218,0.0011494252873563218,0.0011494252873563218,0.0011494252873563218,0.0011494252873563218,0.0022988505747126436,0.0011494252873563218,0.0022988505747126436,0.0022988505747126436,0.0011494252873563218,0.0011494252873563218,0.0034482758620689655,0.0011494252873563218,0.0011494252873563218,0.0022988505747126436,0.0011494252873563218,0.0022988505747126436,0.0011494252873563218,0.0011494252873563218,0.0022988505747126436,0.0011494252873563218,0.0011494252873563218,0.0011494252873563218,0.0022988505747126436,0.0011494252873563218,0.0034482758620689655,0.0034482758620689655,0.0022988505747126436,0.0011494252873563218,0.0011494252873563218,0.0011494252873563218,0.0011494252873563218,0.0011494252873563218,0.0011494252873563218,0.0011494252873563218,0.004597701149425287,0.0011494252873563218,0.0011494252873563218,0.0011494252873563218,0.0011494252873563218,0.0022988505747126436,0.0011494252873563218,0.0011494252873563218,0.0011494252873563218,0.0034482758620689655,0.0011494252873563218,0.0011494252873563218,0.0011494252873563218,0.0011494252873563218,0.0022988505747126436,0.0011494252873563218,0.0022988505747126436,0.0022988505747126436,0.0022988505747126436,0.0011494252873563218,0.0011494252873563218,0.0011494252873563218,0.0011494252873563218,0.0022988505747126436,0.0011494252873563218,0.0034482758620689655,0.0034482758620689655,0.0011494252873563218,0.004597701149425287,0.0011494252873563218,0.0011494252873563218,0.0022988505747126436,0.0022988505747126436,0.0011494252873563218,0.0011494252873563218,0.0011494252873563218,0.0022988505747126436,0.0011494252873563218,0.0022988505747126436,0.0022988505747126436,0.0011494252873563218,0.0011494252873563218,0.0011494252873563218,0.0011494252873563218,0.0011494252873563218,0.0011494252873563218,0.0011494252873563218,0.0011494252873563218,0.0011494252873563218,0.0011494252873563218,0.0011494252873563218,0.0011494252873563218,0.0022988505747126436,0.0011494252873563218,0.0011494252873563218,0.0011494252873563218,0.0011494252873563218,0.0011494252873563218,0.0011494252873563218,0.0011494252873563218,0.0011494252873563218,0.0011494252873563218,0.0011494252873563218,0.0011494252873563218,0.0022988505747126436,0.0011494252873563218,0.0011494252873563218,0.0011494252873563218,0.0011494252873563218,0.0011494252873563218,0.0022988505747126436,0.0011494252873563218,0.0022988505747126436,0.0011494252873563218,0.0011494252873563218,0.0011494252873563218,0.0034482758620689655,0.0011494252873563218,0.0011494252873563218,0.0011494252873563218,0.0011494252873563218,0.0011494252873563218,0.0011494252873563218,0.0011494252873563218,0.0011494252873563218,0.0011494252873563218,0.0011494252873563218,0.0011494252873563218,0.0011494252873563218,0.0034482758620689655,0.0011494252873563218,0.0022988505747126436,0.0011494252873563218,0.0011494252873563218,0.0011494252873563218,0.0011494252873563218,0.0011494252873563218,0.0011494252873563218,0.0011494252873563218,0.0011494252873563218,0.0011494252873563218,0.0011494252873563218,0.0011494252873563218,0.0011494252873563218,0.0011494252873563218,0.0011494252873563218,0.0011494252873563218,0.0011494252873563218,0.0011494252873563218,0.0011494252873563218,0.0,0.0,0.0,0.0,0.0,0.0,0.0,0.0,0.0,0.0,0.0,0.0,0.0,0.0,0.0,0.0,0.0,0.0,0.0,0.0,0.0,0.0,0.0,0.0,0.0,0.0,0.0,0.0,0.0,0.0,0.0,0.0,0.0,0.0,0.0,0.0,0.0,0.0,0.0,0.0,0.0,0.0,0.0,0.0,0.0,0.0,0.0,0.0,0.0,0.0,0.0,0.0,0.0,0.0,0.0,0.0,0.29990911671438625,0.0,0.0,0.0,0.0,0.0,0.0,0.0,0.0,0.0,0.0,0.0,0.0,0.0,0.0,0.0,0.0,0.0,0.0,0.0,0.0,0.0,0.0,0.0,0.0,0.0,0.0,0.0,0.0,0.0,0.0,0.0,0.0,0.0,0.0,0.0,0.0,0.0,0.0,0.0,0.0,0.0,0.0,0.0,0.0,0.0,0.0,0.0,0.0,0.0,0.0,0.0,0.0,0.0,0.0,0.0,0.0,0.0,0.0,0.0,0.0,0.0,0.0,0.0,0.0,0.0,0.0,0.0,0.0,0.0,0.0,0.0,0.0,0.0,0.0,0.0,0.0,0.0,0.0,0.0,0.0,0.0,0.0,0.0,0.0,0.0,0.0,0.0,0.0,0.0,0.0,0.0,0.0,0.0,0.0,0.0,0.0,0.0,0.0,0.0,0.0,0.0,0.0,0.0,0.0,0.0,0.0,0.0,0.0,0.0,0.0,0.0,0.0,0.0,0.0,0.0,0.0,0.0,0.0,0.0,0.0,0.0,0.0,0.0,0.0,0.0,0.0,0.0,0.0,0.0,0.0,0.0,0.0,0.0,0.0,0.0,0.0,0.0,0.0,0.0,0.0,0.0,0.0,0.0,0.0,0.0,0.0,0.0,0.0,0.0,0.0,0.0,0.0,0.0,0.0,0.0,0.0,0.0,0.0,0.0,0.0,0.0,0.0,0.0,0.0,0.0,0.0,0.0,0.0,0.0,0.0,0.0,0.0,0.0,0.0,0.0,0.0,0.0,0.0,0.0,0.0,0.0,0.0,0.0,0.0,0.0,0.0,0.0,0.0,0.0,0.0,0.0,0.0,0.0,0.0,0.0,0.0,0.0,0.0,0.0,0.0,0.0,0.0,0.0,0.0,0.0,0.3425846618641964,0.0,0.0,0.0,0.0,0.0,0.0,0.0,0.0,0.0,0.0,0.0,0.0,0.0,0.0,0.0,0.0,0.0,0.0,0.0,0.0,0.0,0.0,0.3425846618641964,0.0,0.0,0.0,0.0,0.0,0.0,0.0,0.0,0.0,0.0,0.0,0.0,0.0,0.0,0.0,0.2749455231039148,0.0,0.0,0.0,0.0,0.0,0.0,0.0,0.0,0.0,0.0,0.0,0.0,0.0,0.0,0.0,0.0,0.0,0.0,0.0,0.0,0.0,0.0,0.0,0.0,0.0,0.0,0.0,0.0,0.0,0.0,0.0,0.0,0.0,0.0,0.0,0.0,0.0,0.0,0.0,0.0,0.0,0.0,0.0,0.0,0.0,0.0,0.0,0.0,0.0,0.0,0.0,0.0,0.0,0.0,0.0,0.0,0.29990911671438625,0.0,0.0,0.0,0.3425846618641964,0.0,0.0,0.0,0.0,0.0,0.0,0.0,0.0,0.0,0.0,0.0,0.0,0.0,0.0,0.0,0.0,0.0,0.0,0.0,0.0,0.0,0.0,0.0,0.0,0.0,0.0,0.0,0.0,0.0,0.0,0.0,0.0,0.0,0.0,0.0,0.0,0.0,0.0,0.0,0.0,0.0,0.0,0.0,0.0,0.0,0.0,0.0,0.0,0.0,0.0,0.0,0.0,0.0,0.0,0.0,0.0,0.0,0.0,0.0,0.0,0.0,0.0,0.0,0.0,0.0,0.0,0.0,0.0,0.0,0.0,0.0,0.0,0.0,0.0,0.0,0.0,0.0,0.0,0.0,0.0,0.0,0.0,0.0,0.0,0.0,0.0,0.0,0.0,0.0,0.0,0.0,0.0,0.0,0.0,0.0,0.0,0.0,0.0,0.0,0.0,0.0,0.0,0.0,0.0,0.0,0.0,0.0,0.0,0.0,0.0,0.0,0.0,0.0,0.0,0.0,0.0,0.0,0.0,0.0,0.0,0.0,0.0,0.0,0.0,0.0,0.0,0.0,0.0,0.0,0.0,0.0,0.0,0.0,0.0,0.0,0.0,0.0,0.0,0.0,0.0,0.0,0.0,0.0,0.0,0.0,0.0,0.0,0.0,0.0,0.0,0.0,0.0,0.0,0.0,0.0,0.0,0.0,0.0,0.0,0.0,0.0,0.20081956946640805,0.0,0.0,0.0,0.0,0.0,0.0,0.0,0.0,0.0,0.0,0.0,0.0,0.0,0.0,0.0,0.0,0.0,0.0,0.3425846618641964,0.0,0.0,0.0,0.0,0.0,0.0,0.0,0.0,0.0,0.0,0.0,0.0,0.0,0.0,0.0,0.0,0.0,0.0,0.0,0.0,0.0,0.0,0.0,0.0,0.0,0.0,0.0,0.0,0.0,0.0,0.0,0.0,0.0,0.0,0.0,0.0,0.0,0.0,0.0,0.0,0.0,0.0,0.0,0.0,0.0,0.0,0.0,0.0,0.0,0.0,0.0,0.0,0.0,0.0,0.0,0.0,0.0,0.0,0.0,0.0,0.0,0.0,0.0,0.3425846618641964,0.0,0.0,0.0,0.0,0.0,0.0,0.0,0.0,0.0,0.0,0.0,0.0,0.0,0.0,0.0,0.0,0.0,0.0,0.0,0.0,0.0,0.0,0.0,0.0,0.0,0.0,0.0,0.0,0.0,0.0,0.0,0.0,0.0,0.0,0.0,0.0,0.0,0.0,0.0,0.0,0.0,0.0,0.0,0.0,0.0,0.0,0.0,0.0,0.3425846618641964,0.0,0.0,0.0,0.0,0.0,0.0,0.0,0.0,0.0,0.0,0.0,0.0,0.0,0.0,0.0,0.0,0.0,0.0,0.0,0.0,0.0,0.0,0.0,0.0,0.0,0.0,0.0,0.0,0.0,0.0,0.0,0.0,0.0,0.0,0.0,0.0,0.0,0.0,0.0,0.0,0.0,0.0,0.0,0.0,0.0,0.0,0.0,0.0,0.0,0.0,0.0,0.0,0.0,0.0,0.0,0.0,0.0,0.0,0.0,0.0,0.0,0.0,0.0,0.0,0.0,0.0,0.0,0.0,0.0,0.0
SD2401268,20대,음 근데 우리집이 꼭대기 층이라 그런지 좀 괜찮은 거 같은데. 층간 소음은 없는데 벽간 소음이 쪼금 있는 거 같아. 방이 그 방음이 잘 안 돼서 옆 문 그 첫 입구 문에만 서도 옆의 방이 뭐 유튜브 뭐 듣고 있는지 무슨 대화하고 있는지가 너무 잘 들려서 쪼끔 부담스럽긴 해. 근데 위에는 아무도 사람이 안 사니까 내가 살기에는 어 소음이 없어서 되게 좋은 거 같아. 그거 말고도 본가 살 때는 위층이 아빠 지인이 살았었는데 그래서 막 소음이 나도 뭐라 하기가 좀 그랬던 경험이 있어. 너는 지금 몇 층 정도에 살아? 층간 소음은 없어? 음 그 학 학교 들어오고 나서부터 2년 동안 여기 살고 올해 새로 계약해서 똑같은 데 연장해서 거기서 살고 있어. 아마 내년에는 교환 학생을 가서 없으니까 오빠가 혼자 살 거 같아 지금 같이 살고 있으니까. 그리고 사실 나는 올해 딱 계약 연장할 때쯤에 새로 구해서 따로따로 살고 싶었는데 아무래도 서울 뭐 월세가 비싸다 보니까 그냥 한집에서 해서 전세로 사는 게 낫겠다 싶어서 같이 살고 있는데. 어 아무래도 생활 패턴이나 그런 집안일 하는 거가 좀 안 맞아서 좀 그게 제일 힘들어서 따로 살고 싶었던 거 같아. 뭐 혼자 늦게 자고 그런 건 상관없는데 오빠가 게임을 하니까 늦게까지 게임하는 소리 계속 들려 오 들려 오고 하니까 나 자는 데 방에 돼서 그랬던 거 같아. 너는 그런 적은 없어? 어 중3 때까지 1곳에서 살았고 그 주 중3 이후에 약간 신도시 분양 그런 청약 담 당첨 돼 가지고 1번 이사를 갔었어. 근데 그 중3 때까지 계속 같은 지역에 살다 보니까 거기 유치원 초등학교 중학교 나오고 고등학교도 그쪽을 가려고 했는데 이사를 가게 돼서 혼자 떨어진 곳을 가니까 친구들이랑도 멀어지고 그러 그 뭐 원래 놀던 데에서도 못 놀고 이런 게 쪼끔 아쉽고 힘들긴 하더라고. 근데 집이 넓어서 되게 좋았던 거 같아. 나는 이사를 많이 안 해 봐서 막 해 보고 싶었다 이런 게 좀 컸었는데 주변에 이사 많이 다니는 사람은 안 그렇더라고. 이사를 그만 다니고 싶다 그러더라. 혹시 너도 그런 편이야? 음 나는 이사 간 다음에 우 이 이사 간 아파트 앞에 막 전원주택 같은 게 있는 거야. 그래서 나중에 이 또 이사를 가게 된다면은 저런 데에서 살고 싶다. 저런 데에서 마당에서 막 식물 키우고 동물 키우고 막 나만의 정원을 가꾸면서 2층 바 다락방에서 살고 싶다 막 이런 생각을 했었는데. 근데 막상 거기에 살면은 관리하는 게 되게 힘들어 보이더라고. 할머니 집도 그런 전원주택인데 조금만 뭘 관리를 안 해 줘도 잡초 자라고 먼지가 끼고 더러워지고 막 그런 게 많아서 관리가 힘들다고 하더라고. 근데 그럼에도 한 약간 한번쯤은 전원주택에 살고 싶다 이런 생각이 있는데. 너는 그런 어디에 살고 싶다 이런 로망 같은 게 있어? 어 전자레인지랑 냉장고 세탁기 이 이 정도는 원래 있었던 거 같고. 밥솥이랑 응 어 그 오븐 같은 거 뭐라고 하지. 그 아 에어프라이어는 사 왔고. 최근에 여름 되니까 벌레가 너무 많이 생기잖아. 특히 음식물에 벌레가 많이 생기는데 그래서 버리기가 너무 힘들어서 미생물로 분해해 주는 기계 그런 게 있더라고. 오빠가 인스타그램에서 찾아와서 막 우 이거 쓰자 막 그러면서 찾아왔던 기억이 있어. 그래서 그거를 지금 살까 고민 중에 있어. 그게 음식물 쓰레기를 넣으면은 미생물들이 분해를 해서 흙으로 바로 만들어 준대. 근데 그게 하루 만에 다 만들어 주고 냄새도 안 나서 좋다고 하더라고. 너는 혹시 집안일 같은 거는 어떻게 하는 편이야? 어 가끔 아니 자주 좀 싸운 싸우진 않고 이런 거에 대해 짜증을 내는 거 같긴 한데 내 방이 쓰레기 그 분리수거 하는 데 바로 앞에 있단 말이야. 그래서 오빠는 좀 멀어서 쓰레기 같은 걸 거기 내면 그만인데 나는 내고 나서 그게 분리수거가 잘 안 되어 있거나 막 더러운 게 섞여 있거나 하면은 냄새가 바로 내 방으로 들어온단 말이야. 그거 때문에 오빠한테 뭐라 한 적도 많았던 거 같고. 약간 분담 같은 게 예전에는 막 뭐 냉장고 청소 네가 1번 하면 내가 화장실 청소 1번 하고 이런 식으로 번갈아서 하자라고 말은 했는데 어느 순간 보니까 내가 다 하고 있더라고. 그래서 그거에 대해서 쌓아 놨다가 화내기 직전에 딱 말하면은 오빠가 또 눈치는 빨라 가지고 그제서야 부랴부랴 치우고 막 이래서 어 싸우지는 않았던 거 같아. 근데 자취를 하니까 확실히 본가 살 때는 엄마가 다 해 주고 그러는데 내가 다 해야 되니까 그게 힘든 거 같긴 해. 너는 자취하고 싶다는 생각은 없어? 아 나 처음에 집 들어올 때 막 냉장고랑 기본 가구에 막 여 연두색 띠가 막 둘러져 있는 거야. 기본 색깔로 막 있는 거야. 그래서 그걸 보고 아 진짜 별로다. 여기 살기 싫다 했었는데 막상 들어가 보니까 그런 거 별로 티도 안 나고 깔끔해 보이고 좋더라고. 그래서 그렇게 쓰고 있고. 뭔가 인테리어 아 그 자취하면 내 방식대로 바 집을 꾸미고 막 이렇게 써야지라는 생각은 있었는데 막상 있으니까 짐을 그 넣을 짐도 너무 많고 근데 그거에 비해 공간은 안 나오고 하니까 인테리어라고 할 것도 없이 그냥 짐을 넣어 놓은 거 같아. 내 방이 너무 작아서 옷장 같은 게 들어갈 공간이 안 나서 거실에다가 행거 설치해서 바로 옷 놓아두고. 그래서 뭔가 꾸미기도 애매하고 그랬던 거 같아. 너는 집 인테리어 어떤 편이야? 서울에서 살 수 있으면 좋을 거 같은데. 왜냐하면 여가 생활 같은 것도 훨씬 더 많이 할 수 있고 이제 거의 내 친구들이나 생활 반경이 서울에 중심에 맞춰져 있다 보니까 서울에서 생활하는 게 편하긴 한데 가끔씩 여기가 사람이 너무 많아서 내려가고 싶다라는 생각이 들긴 해. 근데 직장을 얻고 뭔가 더 발전을 하려면은 서울에서 사는 게 맞는 거 같아. 나는 그 본가 살 때는 지하에 헬스장이 있어서 그거를 썼단 말이야. 근데 자취를 하니까 그런 여가 시설 시 그 아무튼 시설들이 없어서 막 주변에서 주변 다른 헬스장을 등록해 놨단 말이야. 근데 너는 지금 어쨌든 본가에 살잖아. 큰 아파트에 사는데 그러면 거기에 막 여가 시설 같은 게 와 잘 마련되어 있어?,0.005747126436781609,0.017241379310344827,0.004597701149425287,0.0,0.005747126436781609,0.0034482758620689655,0.005747126436781609,0.008045977011494253,0.01839080459770115,0.029885057471264367,0.004597701149425287,0.027586206896551724,0.0,0.008045977011494253,0.0022988505747126436,0.0,0.0034482758620689655,0.0011494252873563218,0.03218390804597701,0.013793103448275862,0.0,0.0,0.0,0.0022988505747126436,0.0,0.004597701149425287,0.021839080459770115,0.0,0.0034482758620689655,0.0034482758620689655,0.04367816091954023,0.0,0.006896551724137931,0.0,0.004597701149425287,0.009195402298850575,0.0,0.0,0.011494252873563218,0.0011494252873563218,0.0,0.0022988505747126436,0.0,0.0,0.034482758620689655,0.004597701149425287,0.013793103448275862,0.0022988505747126436,0.004597701149425287,0.0367816091954023,0.009195402298850575,0.0011494252873563218,0.0,0.0022988505747126436,0.0,0.0011494252873563218,0.0011494252873563218,0.0022988505747126436,0.0,0.006896551724137931,0.0,0.0,0.0,0.0011494252873563218,0.006896551724137931,0.0022988505747126436,0.0022988505747126436,0.0011494252873563218,0.0011494252873563218,0.0,0.0,0.0,0.0022988505747126436,0.0,0.0,0.005747126436781609,0.0022988505747126436,0.0,0.006896551724137931,0.010344827586206896,0.0011494252873563218,0.0,0.0,0.0,0.0,0.004597701149425287,0.0034482758620689655,0.0,0.0022988505747126436,0.004597701149425287,0.0,0.0022988505747126436,0.0,0.0011494252873563218,0.0,0.0011494252873563218,0.0011494252873563218,0.0011494252873563218,0.0,0.0022988505747126436,0.004597701149425287,0.0011494252873563218,0.0,0.0,0.0,0.0,0.01264367816091954,0.009195402298850575,0.0,0.0011494252873563218,0.0011494252873563218,0.0022988505747126436,0.0011494252873563218,0.0,0.0,0.0011494252873563218,0.0,0.0,0.0011494252873563218,0.011494252873563218,0.0,0.005747126436781609,0.0011494252873563218,0.0,0.0022988505747126436,0.0011494252873563218,0.0011494252873563218,0.0,0.0022988505747126436,0.0,0.0,0.0,0.0,0.0034482758620689655,0.0,0.0,0.01839080459770115,0.0022988505747126436,0.0,0.0,0.0022988505747126436,0.0022988505747126436,0.0022988505747126436,0.0,0.0,0.005747126436781609,0.0011494252873563218,0.0,0.008045977011494253,0.0022988505747126436,0.0011494252873563218,0.005747126436781609,0.0011494252873563218,0.0,0.0,0.0011494252873563218,0.0,0.0011494252873563218,0.006896551724137931,0.0011494252873563218,0.0,0.0034482758620689655,0.0,0.0,0.0,0.004597701149425287,0.0011494252873563218,0.0011494252873563218,0.0,0.0,0.0011494252873563218,0.0,0.0,0.0,0.006896551724137931,0.0,0.0,0.0,0.0,0.0,0.0011494252873563218,0.0,0.0034482758620689655,0.0022988505747126436,0.0,0.0022988505747126436,0.0,0.0022988505747126436,0.0022988505747126436,0.0,0.0,0.0,0.0022988505747126436,0.0,0.0,0.0011494252873563218,0.0,0.0,0.0,0.0,0.0034482758620689655,0.0,0.004597701149425287,0.0,0.0,0.0,0.0,0.0,0.0,0.0011494252873563218,0.0,0.0,0.0,0.0,0.0011494252873563218,0.0,0.0011494252873563218,0.0,0.0011494252873563218,0.0,0.0022988505747126436,0.0,0.0011494252873563218,0.0022988505747126436,0.0,0.0,0.005747126436781609,0.0,0.0022988505747126436,0.0,0.0,0.0,0.0,0.0,0.0,0.0,0.0,0.0,0.0022988505747126436,0.0,0.0,0.0,0.004597701149425287,0.0,0.0,0.0,0.0,0.0,0.0,0.0,0.0,0.0,0.0,0.0,0.0,0.0,0.006896551724137931,0.0034482758620689655,0.0011494252873563218,0.0011494252873563218,0.0011494252873563218,0.0011494252873563218,0.0022988505747126436,0.0022988505747126436,0.0011494252873563218,0.0011494252873563218,0.0011494252873563218,0.0011494252873563218,0.0011494252873563218,0.0011494252873563218,0.0034482758620689655,0.0011494252873563218,0.005747126436781609,0.0011494252873563218,0.0011494252873563218,0.0011494252873563218,0.0022988505747126436,0.0022988505747126436,0.0011494252873563218,0.0022988505747126436,0.0011494252873563218,0.0011494252873563218,0.0011494252873563218,0.0011494252873563218,0.0022988505747126436,0.0011494252873563218,0.0011494252873563218,0.0011494252873563218,0.0022988505747126436,0.0011494252873563218,0.0011494252873563218,0.0011494252873563218,0.0011494252873563218,0.0011494252873563218,0.0011494252873563218,0.0011494252873563218,0.0011494252873563218,0.0022988505747126436,0.0022988505747126436,0.0011494252873563218,0.0011494252873563218,0.0011494252873563218,0.0022988505747126436,0.0011494252873563218,0.0011494252873563218,0.0034482758620689655,0.0011494252873563218,0.0011494252873563218,0.0011494252873563218,0.0011494252873563218,0.0011494252873563218,0.0011494252873563218,0.0011494252873563218,0.0022988505747126436,0.0011494252873563218,0.0022988505747126436,0.0022988505747126436,0.0011494252873563218,0.0011494252873563218,0.0034482758620689655,0.0011494252873563218,0.0011494252873563218,0.0022988505747126436,0.0011494252873563218,0.0022988505747126436,0.0011494252873563218,0.0011494252873563218,0.0022988505747126436,0.0011494252873563218,0.0011494252873563218,0.0011494252873563218,0.0022988505747126436,0.0011494252873563218,0.0034482758620689655,0.0034482758620689655,0.0022988505747126436,0.0011494252873563218,0.0011494252873563218,0.0011494252873563218,0.0011494252873563218,0.0011494252873563218,0.0011494252873563218,0.0011494252873563218,0.004597701149425287,0.0011494252873563218,0.0011494252873563218,0.0011494252873563218,0.0011494252873563218,0.0022988505747126436,0.0011494252873563218,0.0011494252873563218,0.0011494252873563218,0.0034482758620689655,0.0011494252873563218,0.0011494252873563218,0.0011494252873563218,0.0011494252873563218,0.0022988505747126436,0.0011494252873563218,0.0022988505747126436,0.0022988505747126436,0.0022988505747126436,0.0011494252873563218,0.0011494252873563218,0.0011494252873563218,0.0011494252873563218,0.0022988505747126436,0.0011494252873563218,0.0034482758620689655,0.0034482758620689655,0.0011494252873563218,0.004597701149425287,0.0011494252873563218,0.0011494252873563218,0.0022988505747126436,0.0022988505747126436,0.0011494252873563218,0.0011494252873563218,0.0011494252873563218,0.0022988505747126436,0.0011494252873563218,0.0022988505747126436,0.0022988505747126436,0.0011494252873563218,0.0011494252873563218,0.0011494252873563218,0.0011494252873563218,0.0011494252873563218,0.0011494252873563218,0.0011494252873563218,0.0011494252873563218,0.0011494252873563218,0.0011494252873563218,0.0011494252873563218,0.0011494252873563218,0.0022988505747126436,0.0011494252873563218,0.0011494252873563218,0.0011494252873563218,0.0011494252873563218,0.0011494252873563218,0.0011494252873563218,0.0011494252873563218,0.0011494252873563218,0.0011494252873563218,0.0011494252873563218,0.0011494252873563218,0.0022988505747126436,0.0011494252873563218,0.0011494252873563218,0.0011494252873563218,0.0011494252873563218,0.0011494252873563218,0.0022988505747126436,0.0011494252873563218,0.0022988505747126436,0.0011494252873563218,0.0011494252873563218,0.0011494252873563218,0.0034482758620689655,0.0011494252873563218,0.0011494252873563218,0.0011494252873563218,0.0011494252873563218,0.0011494252873563218,0.0011494252873563218,0.0011494252873563218,0.0011494252873563218,0.0011494252873563218,0.0011494252873563218,0.0011494252873563218,0.0011494252873563218,0.0034482758620689655,0.0011494252873563218,0.0022988505747126436,0.0011494252873563218,0.0011494252873563218,0.0011494252873563218,0.0011494252873563218,0.0011494252873563218,0.0011494252873563218,0.0011494252873563218,0.0011494252873563218,0.0011494252873563218,0.0011494252873563218,0.0011494252873563218,0.0011494252873563218,0.0011494252873563218,0.0011494252873563218,0.0011494252873563218,0.0011494252873563218,0.0011494252873563218,0.0011494252873563218,0.0,0.0,0.0,0.0,0.0,0.0,0.0,0.0,0.0,0.0,0.0,0.0,0.0,0.0,0.0,0.0,0.0,0.0,0.0,0.0,0.0,0.0,0.0,0.0,0.0,0.0,0.0,0.0,0.0,0.0,0.0,0.0,0.0,0.0,0.0,0.0,0.0,0.0,0.0,0.0,0.0,0.0,0.0,0.0,0.0,0.0,0.0,0.0,0.0,0.0,0.0,0.0,0.0,0.0,0.0,0.0,0.0,0.0,0.0,0.0,0.0,0.0,0.0,0.0,0.0,0.0,0.0,0.0,0.0,0.0,0.0,0.0,0.0,0.0,0.0,0.0,0.0,0.0,0.0,0.0,0.0,0.0,0.0,0.0,0.0,0.0,0.0,0.0,0.0,0.0,0.0,0.0,0.0,0.0,0.0,0.0,0.0,0.0,0.0,0.0,0.0,0.0,0.0,0.0,0.0,0.0,0.0,0.0,0.0,0.0,0.0,0.0,0.0,0.0,0.0,0.0,0.0,0.0,0.0,0.0,0.0,0.0,0.0,0.0,0.0,0.0,0.0,0.0,0.0,0.0,0.0,0.0,0.0,0.0,0.0,0.0,0.0,0.0,0.0,0.0,0.0,0.0,0.0,0.0,0.0,0.0,0.0,0.0,0.0,0.0,0.0,0.0,0.0,0.0,0.0,0.0,0.0,0.0,0.0,0.0,0.0,0.0,0.0,0.0,0.0,0.0,0.0,0.0,0.0,0.0,0.0,0.0,0.0,0.0,0.0,0.0,0.0,0.0,0.0,0.0,0.0,0.0,0.0,0.0,0.0,0.0,0.0,0.0,0.0,0.0,0.0,0.0,0.0,0.0,0.0,0.0,0.0,0.0,0.0,0.0,0.0,0.0,0.0,0.0,0.0,0.0,0.0,0.0,0.0,0.0,0.0,0.0,0.0,0.0,0.0,0.0,0.0,0.0,0.0,0.0,0.0,0.0,0.0,0.0,0.0,0.0,0.0,0.0,0.0,0.0,0.0,0.0,0.0,0.0,0.0,0.0,0.0,0.0,0.0,0.0,0.0,0.0,0.0,0.0,0.0,0.0,0.0,0.0,0.0,0.0,0.0,0.0,0.0,0.0,0.0,0.0,0.0,0.0,0.0,0.0,0.0,0.0,0.0,0.0,0.0,0.0,0.0,0.0,0.0,0.0,0.0,0.0,0.0,0.0,0.0,0.0,0.0,0.0,0.0,0.0,0.0,0.0,0.0,0.0,0.0,0.0,0.0,0.0,0.0,0.0,0.0,0.0,0.0,0.0,0.0,0.0,0.0,0.0,0.0,0.0,0.0,0.0,0.0,0.0,0.0,0.0,0.0,0.0,0.0,0.0,0.0,0.0,0.0,0.0,0.0,0.0,0.0,0.0,0.0,0.0,0.0,0.0,0.0,0.0,0.0,0.0,0.0,0.0,0.0,0.0,0.0,0.0,0.0,0.0,0.0,0.0,0.0,0.0,0.0,0.0,0.0,0.0,0.0,0.0,0.0,0.0,0.0,0.0,0.0,0.0,0.0,0.0,0.0,0.0,0.0,0.0,0.0,0.0,0.0,0.5372810436311727,0.0,0.0,0.0,0.44880605541138435,0.0,0.0,0.0,0.0,0.0,0.0,0.0,0.0,0.0,0.0,0.0,0.0,0.0,0.0,0.0,0.0,0.0,0.0,0.0,0.0,0.0,0.0,0.0,0.0,0.0,0.0,0.0,0.0,0.0,0.0,0.0,0.0,0.0,0.0,0.0,0.0,0.0,0.0,0.0,0.0,0.0,0.0,0.0,0.0,0.0,0.0,0.0,0.0,0.0,0.0,0.0,0.0,0.0,0.0,0.0,0.0,0.0,0.0,0.0,0.0,0.0,0.0,0.0,0.0,0.0,0.0,0.0,0.0,0.0,0.0,0.0,0.0,0.0,0.0,0.0,0.0,0.0,0.0,0.0,0.0,0.0,0.0,0.0,0.0,0.0,0.0,0.0,0.0,0.0,0.0,0.0,0.0,0.0,0.0,0.0,0.0,0.0,0.0,0.0,0.0,0.0,0.0,0.0,0.0,0.0,0.0,0.0,0.0,0.0,0.0,0.0,0.0,0.0,0.0,0.0,0.0,0.0,0.0,0.0,0.0,0.0,0.0,0.0,0.0,0.0,0.0,0.0,0.0,0.0,0.0,0.0,0.0,0.0,0.0,0.0,0.0,0.0,0.0,0.0,0.0,0.0,0.0,0.0,0.0,0.0,0.0,0.0,0.0,0.0,0.0,0.0,0.0,0.0,0.0,0.0,0.0,0.0,0.0,0.0,0.0,0.0,0.0,0.0,0.0,0.0,0.0,0.0,0.0,0.0,0.0,0.0,0.0,0.0,0.0,0.0,0.0,0.0,0.0,0.0,0.0,0.0,0.0,0.0,0.0,0.0,0.0,0.0,0.0,0.0,0.0,0.0,0.0,0.0,0.0,0.0,0.0,0.0,0.0,0.0,0.0,0.0,0.0,0.0,0.0,0.0,0.0,0.0,0.0,0.0,0.0,0.0,0.0,0.0,0.0,0.0,0.0,0.0,0.0,0.0,0.0,0.0,0.0,0.0,0.0,0.0,0.0,0.0,0.0,0.0,0.0,0.0,0.0,0.0,0.0,0.0,0.0,0.0,0.0,0.0,0.0,0.0,0.0,0.0,0.0,0.0,0.0,0.0,0.0,0.0,0.0,0.0,0.0,0.0,0.0,0.0,0.0,0.0,0.0,0.0,0.0,0.0,0.0,0.0,0.0,0.0,0.0,0.0,0.0,0.0,0.0,0.0,0.0,0.0,0.0,0.0,0.0,0.0,0.0,0.0,0.0,0.0,0.0,0.0,0.0,0.0,0.0,0.0,0.0,0.0,0.0,0.0,0.0,0.0,0.0,0.0,0.0,0.0,0.0,0.0,0.0,0.0,0.0,0.0,0.0,0.0,0.0,0.5372810436311727,0.0,0.0,0.0,0.0,0.0,0.0,0.0,0.0,0.0,0.0,0.0,0.0,0.0,0.0,0.0,0.0,0.0,0.0,0.47035229874559925,0.0,0.0,0.0,0.0,0.0,0.0,0.0,0.0,0.0,0.0,0.0,0.0,0.0,0.0,0.0,0.0,0.0,0.0,0.0,0.0,0.0,0.0,0.0,0.0,0.0,0.0,0.0,0.0,0.0,0.0,0.0,0.0,0.0,0.0,0.0,0.0,0.0
SD2401268,20대,음 근데 우리집이 꼭대기 층이라 그런지 좀 괜찮은 거 같은데. 층간 소음은 없는데 벽간 소음이 쪼금 있는 거 같아. 방이 그 방음이 잘 안 돼서 옆 문 그 첫 입구 문에만 서도 옆의 방이 뭐 유튜브 뭐 듣고 있는지 무슨 대화하고 있는지가 너무 잘 들려서 쪼끔 부담스럽긴 해. 근데 위에는 아무도 사람이 안 사니까 내가 살기에는 어 소음이 없어서 되게 좋은 거 같아. 그거 말고도 본가 살 때는 위층이 아빠 지인이 살았었는데 그래서 막 소음이 나도 뭐라 하기가 좀 그랬던 경험이 있어. 너는 지금 몇 층 정도에 살아? 층간 소음은 없어? 음 그 학 학교 들어오고 나서부터 2년 동안 여기 살고 올해 새로 계약해서 똑같은 데 연장해서 거기서 살고 있어. 아마 내년에는 교환 학생을 가서 없으니까 오빠가 혼자 살 거 같아 지금 같이 살고 있으니까. 그리고 사실 나는 올해 딱 계약 연장할 때쯤에 새로 구해서 따로따로 살고 싶었는데 아무래도 서울 뭐 월세가 비싸다 보니까 그냥 한집에서 해서 전세로 사는 게 낫겠다 싶어서 같이 살고 있는데. 어 아무래도 생활 패턴이나 그런 집안일 하는 거가 좀 안 맞아서 좀 그게 제일 힘들어서 따로 살고 싶었던 거 같아. 뭐 혼자 늦게 자고 그런 건 상관없는데 오빠가 게임을 하니까 늦게까지 게임하는 소리 계속 들려 오 들려 오고 하니까 나 자는 데 방에 돼서 그랬던 거 같아. 너는 그런 적은 없어? 어 중3 때까지 1곳에서 살았고 그 주 중3 이후에 약간 신도시 분양 그런 청약 담 당첨 돼 가지고 1번 이사를 갔었어. 근데 그 중3 때까지 계속 같은 지역에 살다 보니까 거기 유치원 초등학교 중학교 나오고 고등학교도 그쪽을 가려고 했는데 이사를 가게 돼서 혼자 떨어진 곳을 가니까 친구들이랑도 멀어지고 그러 그 뭐 원래 놀던 데에서도 못 놀고 이런 게 쪼끔 아쉽고 힘들긴 하더라고. 근데 집이 넓어서 되게 좋았던 거 같아. 나는 이사를 많이 안 해 봐서 막 해 보고 싶었다 이런 게 좀 컸었는데 주변에 이사 많이 다니는 사람은 안 그렇더라고. 이사를 그만 다니고 싶다 그러더라. 혹시 너도 그런 편이야? 음 나는 이사 간 다음에 우 이 이사 간 아파트 앞에 막 전원주택 같은 게 있는 거야. 그래서 나중에 이 또 이사를 가게 된다면은 저런 데에서 살고 싶다. 저런 데에서 마당에서 막 식물 키우고 동물 키우고 막 나만의 정원을 가꾸면서 2층 바 다락방에서 살고 싶다 막 이런 생각을 했었는데. 근데 막상 거기에 살면은 관리하는 게 되게 힘들어 보이더라고. 할머니 집도 그런 전원주택인데 조금만 뭘 관리를 안 해 줘도 잡초 자라고 먼지가 끼고 더러워지고 막 그런 게 많아서 관리가 힘들다고 하더라고. 근데 그럼에도 한 약간 한번쯤은 전원주택에 살고 싶다 이런 생각이 있는데. 너는 그런 어디에 살고 싶다 이런 로망 같은 게 있어? 어 전자레인지랑 냉장고 세탁기 이 이 정도는 원래 있었던 거 같고. 밥솥이랑 응 어 그 오븐 같은 거 뭐라고 하지. 그 아 에어프라이어는 사 왔고. 최근에 여름 되니까 벌레가 너무 많이 생기잖아. 특히 음식물에 벌레가 많이 생기는데 그래서 버리기가 너무 힘들어서 미생물로 분해해 주는 기계 그런 게 있더라고. 오빠가 인스타그램에서 찾아와서 막 우 이거 쓰자 막 그러면서 찾아왔던 기억이 있어. 그래서 그거를 지금 살까 고민 중에 있어. 그게 음식물 쓰레기를 넣으면은 미생물들이 분해를 해서 흙으로 바로 만들어 준대. 근데 그게 하루 만에 다 만들어 주고 냄새도 안 나서 좋다고 하더라고. 너는 혹시 집안일 같은 거는 어떻게 하는 편이야? 어 가끔 아니 자주 좀 싸운 싸우진 않고 이런 거에 대해 짜증을 내는 거 같긴 한데 내 방이 쓰레기 그 분리수거 하는 데 바로 앞에 있단 말이야. 그래서 오빠는 좀 멀어서 쓰레기 같은 걸 거기 내면 그만인데 나는 내고 나서 그게 분리수거가 잘 안 되어 있거나 막 더러운 게 섞여 있거나 하면은 냄새가 바로 내 방으로 들어온단 말이야. 그거 때문에 오빠한테 뭐라 한 적도 많았던 거 같고. 약간 분담 같은 게 예전에는 막 뭐 냉장고 청소 네가 1번 하면 내가 화장실 청소 1번 하고 이런 식으로 번갈아서 하자라고 말은 했는데 어느 순간 보니까 내가 다 하고 있더라고. 그래서 그거에 대해서 쌓아 놨다가 화내기 직전에 딱 말하면은 오빠가 또 눈치는 빨라 가지고 그제서야 부랴부랴 치우고 막 이래서 어 싸우지는 않았던 거 같아. 근데 자취를 하니까 확실히 본가 살 때는 엄마가 다 해 주고 그러는데 내가 다 해야 되니까 그게 힘든 거 같긴 해. 너는 자취하고 싶다는 생각은 없어? 아 나 처음에 집 들어올 때 막 냉장고랑 기본 가구에 막 여 연두색 띠가 막 둘러져 있는 거야. 기본 색깔로 막 있는 거야. 그래서 그걸 보고 아 진짜 별로다. 여기 살기 싫다 했었는데 막상 들어가 보니까 그런 거 별로 티도 안 나고 깔끔해 보이고 좋더라고. 그래서 그렇게 쓰고 있고. 뭔가 인테리어 아 그 자취하면 내 방식대로 바 집을 꾸미고 막 이렇게 써야지라는 생각은 있었는데 막상 있으니까 짐을 그 넣을 짐도 너무 많고 근데 그거에 비해 공간은 안 나오고 하니까 인테리어라고 할 것도 없이 그냥 짐을 넣어 놓은 거 같아. 내 방이 너무 작아서 옷장 같은 게 들어갈 공간이 안 나서 거실에다가 행거 설치해서 바로 옷 놓아두고. 그래서 뭔가 꾸미기도 애매하고 그랬던 거 같아. 너는 집 인테리어 어떤 편이야? 서울에서 살 수 있으면 좋을 거 같은데. 왜냐하면 여가 생활 같은 것도 훨씬 더 많이 할 수 있고 이제 거의 내 친구들이나 생활 반경이 서울에 중심에 맞춰져 있다 보니까 서울에서 생활하는 게 편하긴 한데 가끔씩 여기가 사람이 너무 많아서 내려가고 싶다라는 생각이 들긴 해. 근데 직장을 얻고 뭔가 더 발전을 하려면은 서울에서 사는 게 맞는 거 같아. 나는 그 본가 살 때는 지하에 헬스장이 있어서 그거를 썼단 말이야. 근데 자취를 하니까 그런 여가 시설 시 그 아무튼 시설들이 없어서 막 주변에서 주변 다른 헬스장을 등록해 놨단 말이야. 근데 너는 지금 어쨌든 본가에 살잖아. 큰 아파트에 사는데 그러면 거기에 막 여가 시설 같은 게 와 잘 마련되어 있어?,0.005747126436781609,0.017241379310344827,0.004597701149425287,0.0,0.005747126436781609,0.0034482758620689655,0.005747126436781609,0.008045977011494253,0.01839080459770115,0.029885057471264367,0.004597701149425287,0.027586206896551724,0.0,0.008045977011494253,0.0022988505747126436,0.0,0.0034482758620689655,0.0011494252873563218,0.03218390804597701,0.013793103448275862,0.0,0.0,0.0,0.0022988505747126436,0.0,0.004597701149425287,0.021839080459770115,0.0,0.0034482758620689655,0.0034482758620689655,0.04367816091954023,0.0,0.006896551724137931,0.0,0.004597701149425287,0.009195402298850575,0.0,0.0,0.011494252873563218,0.0011494252873563218,0.0,0.0022988505747126436,0.0,0.0,0.034482758620689655,0.004597701149425287,0.013793103448275862,0.0022988505747126436,0.004597701149425287,0.0367816091954023,0.009195402298850575,0.0011494252873563218,0.0,0.0022988505747126436,0.0,0.0011494252873563218,0.0011494252873563218,0.0022988505747126436,0.0,0.006896551724137931,0.0,0.0,0.0,0.0011494252873563218,0.006896551724137931,0.0022988505747126436,0.0022988505747126436,0.0011494252873563218,0.0011494252873563218,0.0,0.0,0.0,0.0022988505747126436,0.0,0.0,0.005747126436781609,0.0022988505747126436,0.0,0.006896551724137931,0.010344827586206896,0.0011494252873563218,0.0,0.0,0.0,0.0,0.004597701149425287,0.0034482758620689655,0.0,0.0022988505747126436,0.004597701149425287,0.0,0.0022988505747126436,0.0,0.0011494252873563218,0.0,0.0011494252873563218,0.0011494252873563218,0.0011494252873563218,0.0,0.0022988505747126436,0.004597701149425287,0.0011494252873563218,0.0,0.0,0.0,0.0,0.01264367816091954,0.009195402298850575,0.0,0.0011494252873563218,0.0011494252873563218,0.0022988505747126436,0.0011494252873563218,0.0,0.0,0.0011494252873563218,0.0,0.0,0.0011494252873563218,0.011494252873563218,0.0,0.005747126436781609,0.0011494252873563218,0.0,0.0022988505747126436,0.0011494252873563218,0.0011494252873563218,0.0,0.0022988505747126436,0.0,0.0,0.0,0.0,0.0034482758620689655,0.0,0.0,0.01839080459770115,0.0022988505747126436,0.0,0.0,0.0022988505747126436,0.0022988505747126436,0.0022988505747126436,0.0,0.0,0.005747126436781609,0.0011494252873563218,0.0,0.008045977011494253,0.0022988505747126436,0.0011494252873563218,0.005747126436781609,0.0011494252873563218,0.0,0.0,0.0011494252873563218,0.0,0.0011494252873563218,0.006896551724137931,0.0011494252873563218,0.0,0.0034482758620689655,0.0,0.0,0.0,0.004597701149425287,0.0011494252873563218,0.0011494252873563218,0.0,0.0,0.0011494252873563218,0.0,0.0,0.0,0.006896551724137931,0.0,0.0,0.0,0.0,0.0,0.0011494252873563218,0.0,0.0034482758620689655,0.0022988505747126436,0.0,0.0022988505747126436,0.0,0.0022988505747126436,0.0022988505747126436,0.0,0.0,0.0,0.0022988505747126436,0.0,0.0,0.0011494252873563218,0.0,0.0,0.0,0.0,0.0034482758620689655,0.0,0.004597701149425287,0.0,0.0,0.0,0.0,0.0,0.0,0.0011494252873563218,0.0,0.0,0.0,0.0,0.0011494252873563218,0.0,0.0011494252873563218,0.0,0.0011494252873563218,0.0,0.0022988505747126436,0.0,0.0011494252873563218,0.0022988505747126436,0.0,0.0,0.005747126436781609,0.0,0.0022988505747126436,0.0,0.0,0.0,0.0,0.0,0.0,0.0,0.0,0.0,0.0022988505747126436,0.0,0.0,0.0,0.004597701149425287,0.0,0.0,0.0,0.0,0.0,0.0,0.0,0.0,0.0,0.0,0.0,0.0,0.0,0.006896551724137931,0.0034482758620689655,0.0011494252873563218,0.0011494252873563218,0.0011494252873563218,0.0011494252873563218,0.0022988505747126436,0.0022988505747126436,0.0011494252873563218,0.0011494252873563218,0.0011494252873563218,0.0011494252873563218,0.0011494252873563218,0.0011494252873563218,0.0034482758620689655,0.0011494252873563218,0.005747126436781609,0.0011494252873563218,0.0011494252873563218,0.0011494252873563218,0.0022988505747126436,0.0022988505747126436,0.0011494252873563218,0.0022988505747126436,0.0011494252873563218,0.0011494252873563218,0.0011494252873563218,0.0011494252873563218,0.0022988505747126436,0.0011494252873563218,0.0011494252873563218,0.0011494252873563218,0.0022988505747126436,0.0011494252873563218,0.0011494252873563218,0.0011494252873563218,0.0011494252873563218,0.0011494252873563218,0.0011494252873563218,0.0011494252873563218,0.0011494252873563218,0.0022988505747126436,0.0022988505747126436,0.0011494252873563218,0.0011494252873563218,0.0011494252873563218,0.0022988505747126436,0.0011494252873563218,0.0011494252873563218,0.0034482758620689655,0.0011494252873563218,0.0011494252873563218,0.0011494252873563218,0.0011494252873563218,0.0011494252873563218,0.0011494252873563218,0.0011494252873563218,0.0022988505747126436,0.0011494252873563218,0.0022988505747126436,0.0022988505747126436,0.0011494252873563218,0.0011494252873563218,0.0034482758620689655,0.0011494252873563218,0.0011494252873563218,0.0022988505747126436,0.0011494252873563218,0.0022988505747126436,0.0011494252873563218,0.0011494252873563218,0.0022988505747126436,0.0011494252873563218,0.0011494252873563218,0.0011494252873563218,0.0022988505747126436,0.0011494252873563218,0.0034482758620689655,0.0034482758620689655,0.0022988505747126436,0.0011494252873563218,0.0011494252873563218,0.0011494252873563218,0.0011494252873563218,0.0011494252873563218,0.0011494252873563218,0.0011494252873563218,0.004597701149425287,0.0011494252873563218,0.0011494252873563218,0.0011494252873563218,0.0011494252873563218,0.0022988505747126436,0.0011494252873563218,0.0011494252873563218,0.0011494252873563218,0.0034482758620689655,0.0011494252873563218,0.0011494252873563218,0.0011494252873563218,0.0011494252873563218,0.0022988505747126436,0.0011494252873563218,0.0022988505747126436,0.0022988505747126436,0.0022988505747126436,0.0011494252873563218,0.0011494252873563218,0.0011494252873563218,0.0011494252873563218,0.0022988505747126436,0.0011494252873563218,0.0034482758620689655,0.0034482758620689655,0.0011494252873563218,0.004597701149425287,0.0011494252873563218,0.0011494252873563218,0.0022988505747126436,0.0022988505747126436,0.0011494252873563218,0.0011494252873563218,0.0011494252873563218,0.0022988505747126436,0.0011494252873563218,0.0022988505747126436,0.0022988505747126436,0.0011494252873563218,0.0011494252873563218,0.0011494252873563218,0.0011494252873563218,0.0011494252873563218,0.0011494252873563218,0.0011494252873563218,0.0011494252873563218,0.0011494252873563218,0.0011494252873563218,0.0011494252873563218,0.0011494252873563218,0.0022988505747126436,0.0011494252873563218,0.0011494252873563218,0.0011494252873563218,0.0011494252873563218,0.0011494252873563218,0.0011494252873563218,0.0011494252873563218,0.0011494252873563218,0.0011494252873563218,0.0011494252873563218,0.0011494252873563218,0.0022988505747126436,0.0011494252873563218,0.0011494252873563218,0.0011494252873563218,0.0011494252873563218,0.0011494252873563218,0.0022988505747126436,0.0011494252873563218,0.0022988505747126436,0.0011494252873563218,0.0011494252873563218,0.0011494252873563218,0.0034482758620689655,0.0011494252873563218,0.0011494252873563218,0.0011494252873563218,0.0011494252873563218,0.0011494252873563218,0.0011494252873563218,0.0011494252873563218,0.0011494252873563218,0.0011494252873563218,0.0011494252873563218,0.0011494252873563218,0.0011494252873563218,0.0034482758620689655,0.0011494252873563218,0.0022988505747126436,0.0011494252873563218,0.0011494252873563218,0.0011494252873563218,0.0011494252873563218,0.0011494252873563218,0.0011494252873563218,0.0011494252873563218,0.0011494252873563218,0.0011494252873563218,0.0011494252873563218,0.0011494252873563218,0.0011494252873563218,0.0011494252873563218,0.0011494252873563218,0.0011494252873563218,0.0011494252873563218,0.0011494252873563218,0.0011494252873563218,0.0,0.0,0.0,0.0,0.0,0.0,0.0,0.0,0.0,0.0,0.0,0.0,0.0,0.0,0.0,0.0,0.0,0.0,0.0,0.0,0.35794621328335935,0.0,0.0,0.0,0.0,0.0,0.0,0.0,0.0,0.0,0.0,0.0,0.0,0.0,0.0,0.0,0.0,0.0,0.0,0.0,0.0,0.0,0.0,0.0,0.0,0.0,0.0,0.0,0.0,0.0,0.0,0.0,0.0,0.0,0.0,0.0,0.0,0.0,0.0,0.0,0.0,0.0,0.0,0.0,0.0,0.0,0.0,0.0,0.0,0.0,0.0,0.0,0.0,0.0,0.0,0.0,0.0,0.0,0.0,0.0,0.0,0.0,0.0,0.0,0.0,0.0,0.0,0.0,0.0,0.0,0.0,0.0,0.0,0.0,0.0,0.0,0.0,0.0,0.0,0.0,0.0,0.0,0.0,0.0,0.0,0.0,0.0,0.0,0.0,0.0,0.0,0.0,0.0,0.0,0.0,0.0,0.0,0.0,0.0,0.0,0.0,0.0,0.0,0.0,0.0,0.0,0.0,0.0,0.0,0.0,0.0,0.0,0.0,0.0,0.0,0.0,0.0,0.0,0.0,0.0,0.0,0.0,0.0,0.0,0.35794621328335935,0.0,0.0,0.0,0.0,0.0,0.0,0.0,0.0,0.0,0.24828231317832178,0.0,0.0,0.0,0.0,0.0,0.0,0.0,0.0,0.0,0.0,0.0,0.0,0.0,0.0,0.0,0.0,0.0,0.0,0.0,0.0,0.0,0.0,0.0,0.0,0.0,0.0,0.0,0.0,0.0,0.0,0.0,0.0,0.0,0.0,0.0,0.0,0.0,0.0,0.0,0.0,0.0,0.0,0.0,0.0,0.0,0.0,0.0,0.0,0.0,0.0,0.0,0.0,0.0,0.0,0.0,0.0,0.0,0.0,0.0,0.0,0.0,0.0,0.35794621328335935,0.0,0.0,0.0,0.0,0.0,0.0,0.0,0.0,0.0,0.0,0.0,0.0,0.0,0.0,0.0,0.0,0.0,0.0,0.0,0.0,0.0,0.0,0.0,0.0,0.0,0.0,0.0,0.0,0.0,0.0,0.0,0.0,0.0,0.0,0.0,0.3318632481144309,0.0,0.0,0.0,0.0,0.0,0.0,0.0,0.0,0.0,0.0,0.0,0.0,0.0,0.0,0.0,0.0,0.0,0.0,0.0,0.0,0.0,0.0,0.0,0.0,0.0,0.0,0.0,0.0,0.0,0.0,0.0,0.0,0.0,0.0,0.0,0.0,0.0,0.0,0.0,0.0,0.0,0.0,0.0,0.0,0.0,0.0,0.0,0.0,0.0,0.0,0.0,0.0,0.0,0.0,0.0,0.0,0.0,0.0,0.0,0.0,0.0,0.0,0.0,0.0,0.0,0.0,0.0,0.0,0.0,0.0,0.0,0.0,0.0,0.0,0.0,0.0,0.31335708981514954,0.0,0.0,0.0,0.0,0.0,0.0,0.0,0.0,0.0,0.0,0.0,0.0,0.0,0.0,0.0,0.0,0.0,0.0,0.0,0.0,0.0,0.0,0.29900259824433134,0.0,0.0,0.0,0.0,0.0,0.0,0.0,0.0,0.0,0.0,0.0,0.0,0.0,0.0,0.0,0.0,0.0,0.0,0.0,0.0,0.0,0.0,0.0,0.0,0.0,0.0,0.0,0.0,0.0,0.0,0.0,0.0,0.0,0.0,0.0,0.0,0.0,0.0,0.35794621328335935,0.0,0.0,0.0,0.0,0.0,0.0,0.0,0.0,0.0,0.0,0.0,0.0,0.0,0.0,0.0,0.0,0.0,0.0,0.0,0.0,0.0,0.0,0.0,0.0,0.0,0.0,0.0,0.0,0.0,0.0,0.0,0.0,0.0,0.0,0.0,0.0,0.0,0.0,0.0,0.0,0.0,0.0,0.0,0.0,0.0,0.0,0.0,0.0,0.0,0.0,0.0,0.0,0.0,0.0,0.0,0.0,0.0,0.0,0.0,0.0,0.0,0.0,0.0,0.0,0.0,0.0,0.0,0.0,0.0,0.0,0.0,0.0,0.0,0.0,0.0,0.35794621328335935,0.0,0.0,0.0,0.0,0.0,0.0,0.0,0.0,0.0,0.0,0.0,0.0,0.0,0.0,0.0,0.0,0.0,0.0,0.0,0.0,0.0,0.0,0.0,0.0,0.0,0.0,0.0,0.0,0.0,0.0,0.0,0.0,0.0,0.0,0.0,0.0,0.0,0.0,0.0,0.0,0.0,0.0,0.0,0.0,0.0,0.0,0.0,0.0,0.0,0.0,0.0,0.0,0.0,0.0,0.0,0.0,0.0,0.0,0.0,0.0,0.0,0.0,0.0,0.0,0.0,0.0,0.0,0.0,0.0,0.0,0.0,0.0,0.0,0.0,0.0,0.0,0.0,0.0,0.0,0.0,0.0,0.0,0.0,0.0,0.0,0.0,0.0,0.0,0.0,0.0,0.0,0.0,0.0,0.0,0.0,0.0,0.0,0.0,0.0,0.0,0.0,0.0,0.0,0.0,0.0,0.0,0.0,0.0,0.0,0.0,0.0,0.0,0.0,0.0,0.0,0.0,0.0,0.0,0.0,0.0,0.0,0.0,0.0,0.0,0.0,0.0,0.0,0.0,0.0,0.0,0.0,0.0,0.0,0.0,0.0,0.0,0.0,0.0,0.0,0.0,0.0,0.0,0.0,0.0,0.0,0.0,0.0,0.0,0.0,0.0,0.0,0.0,0.0,0.0,0.0,0.0,0.0,0.0,0.0,0.0,0.0,0.0,0.0,0.0,0.0,0.0,0.0,0.0,0.0,0.0,0.0,0.0,0.0,0.0,0.0,0.0,0.0,0.0,0.0,0.0,0.0,0.0,0.0,0.0,0.0,0.0,0.0,0.0,0.0,0.0,0.0,0.0,0.0,0.0,0.0,0.0,0.0,0.0,0.0,0.0,0.0,0.0,0.0,0.0,0.0,0.0,0.0,0.0,0.0,0.0,0.0,0.0,0.0,0.0,0.0,0.0,0.0,0.0,0.0,0.0,0.0,0.0,0.0,0.0,0.0,0.0,0.0,0.0,0.0,0.0,0.0,0.0,0.0,0.0,0.0,0.0,0.0,0.0,0.0,0.0,0.0,0.0,0.0,0.0,0.0,0.0,0.0,0.0,0.0,0.0,0.0,0.0,0.0,0.0,0.0,0.0,0.0,0.0
SD2401268,20대,음 근데 우리집이 꼭대기 층이라 그런지 좀 괜찮은 거 같은데. 층간 소음은 없는데 벽간 소음이 쪼금 있는 거 같아. 방이 그 방음이 잘 안 돼서 옆 문 그 첫 입구 문에만 서도 옆의 방이 뭐 유튜브 뭐 듣고 있는지 무슨 대화하고 있는지가 너무 잘 들려서 쪼끔 부담스럽긴 해. 근데 위에는 아무도 사람이 안 사니까 내가 살기에는 어 소음이 없어서 되게 좋은 거 같아. 그거 말고도 본가 살 때는 위층이 아빠 지인이 살았었는데 그래서 막 소음이 나도 뭐라 하기가 좀 그랬던 경험이 있어. 너는 지금 몇 층 정도에 살아? 층간 소음은 없어? 음 그 학 학교 들어오고 나서부터 2년 동안 여기 살고 올해 새로 계약해서 똑같은 데 연장해서 거기서 살고 있어. 아마 내년에는 교환 학생을 가서 없으니까 오빠가 혼자 살 거 같아 지금 같이 살고 있으니까. 그리고 사실 나는 올해 딱 계약 연장할 때쯤에 새로 구해서 따로따로 살고 싶었는데 아무래도 서울 뭐 월세가 비싸다 보니까 그냥 한집에서 해서 전세로 사는 게 낫겠다 싶어서 같이 살고 있는데. 어 아무래도 생활 패턴이나 그런 집안일 하는 거가 좀 안 맞아서 좀 그게 제일 힘들어서 따로 살고 싶었던 거 같아. 뭐 혼자 늦게 자고 그런 건 상관없는데 오빠가 게임을 하니까 늦게까지 게임하는 소리 계속 들려 오 들려 오고 하니까 나 자는 데 방에 돼서 그랬던 거 같아. 너는 그런 적은 없어? 어 중3 때까지 1곳에서 살았고 그 주 중3 이후에 약간 신도시 분양 그런 청약 담 당첨 돼 가지고 1번 이사를 갔었어. 근데 그 중3 때까지 계속 같은 지역에 살다 보니까 거기 유치원 초등학교 중학교 나오고 고등학교도 그쪽을 가려고 했는데 이사를 가게 돼서 혼자 떨어진 곳을 가니까 친구들이랑도 멀어지고 그러 그 뭐 원래 놀던 데에서도 못 놀고 이런 게 쪼끔 아쉽고 힘들긴 하더라고. 근데 집이 넓어서 되게 좋았던 거 같아. 나는 이사를 많이 안 해 봐서 막 해 보고 싶었다 이런 게 좀 컸었는데 주변에 이사 많이 다니는 사람은 안 그렇더라고. 이사를 그만 다니고 싶다 그러더라. 혹시 너도 그런 편이야? 음 나는 이사 간 다음에 우 이 이사 간 아파트 앞에 막 전원주택 같은 게 있는 거야. 그래서 나중에 이 또 이사를 가게 된다면은 저런 데에서 살고 싶다. 저런 데에서 마당에서 막 식물 키우고 동물 키우고 막 나만의 정원을 가꾸면서 2층 바 다락방에서 살고 싶다 막 이런 생각을 했었는데. 근데 막상 거기에 살면은 관리하는 게 되게 힘들어 보이더라고. 할머니 집도 그런 전원주택인데 조금만 뭘 관리를 안 해 줘도 잡초 자라고 먼지가 끼고 더러워지고 막 그런 게 많아서 관리가 힘들다고 하더라고. 근데 그럼에도 한 약간 한번쯤은 전원주택에 살고 싶다 이런 생각이 있는데. 너는 그런 어디에 살고 싶다 이런 로망 같은 게 있어? 어 전자레인지랑 냉장고 세탁기 이 이 정도는 원래 있었던 거 같고. 밥솥이랑 응 어 그 오븐 같은 거 뭐라고 하지. 그 아 에어프라이어는 사 왔고. 최근에 여름 되니까 벌레가 너무 많이 생기잖아. 특히 음식물에 벌레가 많이 생기는데 그래서 버리기가 너무 힘들어서 미생물로 분해해 주는 기계 그런 게 있더라고. 오빠가 인스타그램에서 찾아와서 막 우 이거 쓰자 막 그러면서 찾아왔던 기억이 있어. 그래서 그거를 지금 살까 고민 중에 있어. 그게 음식물 쓰레기를 넣으면은 미생물들이 분해를 해서 흙으로 바로 만들어 준대. 근데 그게 하루 만에 다 만들어 주고 냄새도 안 나서 좋다고 하더라고. 너는 혹시 집안일 같은 거는 어떻게 하는 편이야? 어 가끔 아니 자주 좀 싸운 싸우진 않고 이런 거에 대해 짜증을 내는 거 같긴 한데 내 방이 쓰레기 그 분리수거 하는 데 바로 앞에 있단 말이야. 그래서 오빠는 좀 멀어서 쓰레기 같은 걸 거기 내면 그만인데 나는 내고 나서 그게 분리수거가 잘 안 되어 있거나 막 더러운 게 섞여 있거나 하면은 냄새가 바로 내 방으로 들어온단 말이야. 그거 때문에 오빠한테 뭐라 한 적도 많았던 거 같고. 약간 분담 같은 게 예전에는 막 뭐 냉장고 청소 네가 1번 하면 내가 화장실 청소 1번 하고 이런 식으로 번갈아서 하자라고 말은 했는데 어느 순간 보니까 내가 다 하고 있더라고. 그래서 그거에 대해서 쌓아 놨다가 화내기 직전에 딱 말하면은 오빠가 또 눈치는 빨라 가지고 그제서야 부랴부랴 치우고 막 이래서 어 싸우지는 않았던 거 같아. 근데 자취를 하니까 확실히 본가 살 때는 엄마가 다 해 주고 그러는데 내가 다 해야 되니까 그게 힘든 거 같긴 해. 너는 자취하고 싶다는 생각은 없어? 아 나 처음에 집 들어올 때 막 냉장고랑 기본 가구에 막 여 연두색 띠가 막 둘러져 있는 거야. 기본 색깔로 막 있는 거야. 그래서 그걸 보고 아 진짜 별로다. 여기 살기 싫다 했었는데 막상 들어가 보니까 그런 거 별로 티도 안 나고 깔끔해 보이고 좋더라고. 그래서 그렇게 쓰고 있고. 뭔가 인테리어 아 그 자취하면 내 방식대로 바 집을 꾸미고 막 이렇게 써야지라는 생각은 있었는데 막상 있으니까 짐을 그 넣을 짐도 너무 많고 근데 그거에 비해 공간은 안 나오고 하니까 인테리어라고 할 것도 없이 그냥 짐을 넣어 놓은 거 같아. 내 방이 너무 작아서 옷장 같은 게 들어갈 공간이 안 나서 거실에다가 행거 설치해서 바로 옷 놓아두고. 그래서 뭔가 꾸미기도 애매하고 그랬던 거 같아. 너는 집 인테리어 어떤 편이야? 서울에서 살 수 있으면 좋을 거 같은데. 왜냐하면 여가 생활 같은 것도 훨씬 더 많이 할 수 있고 이제 거의 내 친구들이나 생활 반경이 서울에 중심에 맞춰져 있다 보니까 서울에서 생활하는 게 편하긴 한데 가끔씩 여기가 사람이 너무 많아서 내려가고 싶다라는 생각이 들긴 해. 근데 직장을 얻고 뭔가 더 발전을 하려면은 서울에서 사는 게 맞는 거 같아. 나는 그 본가 살 때는 지하에 헬스장이 있어서 그거를 썼단 말이야. 근데 자취를 하니까 그런 여가 시설 시 그 아무튼 시설들이 없어서 막 주변에서 주변 다른 헬스장을 등록해 놨단 말이야. 근데 너는 지금 어쨌든 본가에 살잖아. 큰 아파트에 사는데 그러면 거기에 막 여가 시설 같은 게 와 잘 마련되어 있어?,0.005747126436781609,0.017241379310344827,0.004597701149425287,0.0,0.005747126436781609,0.0034482758620689655,0.005747126436781609,0.008045977011494253,0.01839080459770115,0.029885057471264367,0.004597701149425287,0.027586206896551724,0.0,0.008045977011494253,0.0022988505747126436,0.0,0.0034482758620689655,0.0011494252873563218,0.03218390804597701,0.013793103448275862,0.0,0.0,0.0,0.0022988505747126436,0.0,0.004597701149425287,0.021839080459770115,0.0,0.0034482758620689655,0.0034482758620689655,0.04367816091954023,0.0,0.006896551724137931,0.0,0.004597701149425287,0.009195402298850575,0.0,0.0,0.011494252873563218,0.0011494252873563218,0.0,0.0022988505747126436,0.0,0.0,0.034482758620689655,0.004597701149425287,0.013793103448275862,0.0022988505747126436,0.004597701149425287,0.0367816091954023,0.009195402298850575,0.0011494252873563218,0.0,0.0022988505747126436,0.0,0.0011494252873563218,0.0011494252873563218,0.0022988505747126436,0.0,0.006896551724137931,0.0,0.0,0.0,0.0011494252873563218,0.006896551724137931,0.0022988505747126436,0.0022988505747126436,0.0011494252873563218,0.0011494252873563218,0.0,0.0,0.0,0.0022988505747126436,0.0,0.0,0.005747126436781609,0.0022988505747126436,0.0,0.006896551724137931,0.010344827586206896,0.0011494252873563218,0.0,0.0,0.0,0.0,0.004597701149425287,0.0034482758620689655,0.0,0.0022988505747126436,0.004597701149425287,0.0,0.0022988505747126436,0.0,0.0011494252873563218,0.0,0.0011494252873563218,0.0011494252873563218,0.0011494252873563218,0.0,0.0022988505747126436,0.004597701149425287,0.0011494252873563218,0.0,0.0,0.0,0.0,0.01264367816091954,0.009195402298850575,0.0,0.0011494252873563218,0.0011494252873563218,0.0022988505747126436,0.0011494252873563218,0.0,0.0,0.0011494252873563218,0.0,0.0,0.0011494252873563218,0.011494252873563218,0.0,0.005747126436781609,0.0011494252873563218,0.0,0.0022988505747126436,0.0011494252873563218,0.0011494252873563218,0.0,0.0022988505747126436,0.0,0.0,0.0,0.0,0.0034482758620689655,0.0,0.0,0.01839080459770115,0.0022988505747126436,0.0,0.0,0.0022988505747126436,0.0022988505747126436,0.0022988505747126436,0.0,0.0,0.005747126436781609,0.0011494252873563218,0.0,0.008045977011494253,0.0022988505747126436,0.0011494252873563218,0.005747126436781609,0.0011494252873563218,0.0,0.0,0.0011494252873563218,0.0,0.0011494252873563218,0.006896551724137931,0.0011494252873563218,0.0,0.0034482758620689655,0.0,0.0,0.0,0.004597701149425287,0.0011494252873563218,0.0011494252873563218,0.0,0.0,0.0011494252873563218,0.0,0.0,0.0,0.006896551724137931,0.0,0.0,0.0,0.0,0.0,0.0011494252873563218,0.0,0.0034482758620689655,0.0022988505747126436,0.0,0.0022988505747126436,0.0,0.0022988505747126436,0.0022988505747126436,0.0,0.0,0.0,0.0022988505747126436,0.0,0.0,0.0011494252873563218,0.0,0.0,0.0,0.0,0.0034482758620689655,0.0,0.004597701149425287,0.0,0.0,0.0,0.0,0.0,0.0,0.0011494252873563218,0.0,0.0,0.0,0.0,0.0011494252873563218,0.0,0.0011494252873563218,0.0,0.0011494252873563218,0.0,0.0022988505747126436,0.0,0.0011494252873563218,0.0022988505747126436,0.0,0.0,0.005747126436781609,0.0,0.0022988505747126436,0.0,0.0,0.0,0.0,0.0,0.0,0.0,0.0,0.0,0.0022988505747126436,0.0,0.0,0.0,0.004597701149425287,0.0,0.0,0.0,0.0,0.0,0.0,0.0,0.0,0.0,0.0,0.0,0.0,0.0,0.006896551724137931,0.0034482758620689655,0.0011494252873563218,0.0011494252873563218,0.0011494252873563218,0.0011494252873563218,0.0022988505747126436,0.0022988505747126436,0.0011494252873563218,0.0011494252873563218,0.0011494252873563218,0.0011494252873563218,0.0011494252873563218,0.0011494252873563218,0.0034482758620689655,0.0011494252873563218,0.005747126436781609,0.0011494252873563218,0.0011494252873563218,0.0011494252873563218,0.0022988505747126436,0.0022988505747126436,0.0011494252873563218,0.0022988505747126436,0.0011494252873563218,0.0011494252873563218,0.0011494252873563218,0.0011494252873563218,0.0022988505747126436,0.0011494252873563218,0.0011494252873563218,0.0011494252873563218,0.0022988505747126436,0.0011494252873563218,0.0011494252873563218,0.0011494252873563218,0.0011494252873563218,0.0011494252873563218,0.0011494252873563218,0.0011494252873563218,0.0011494252873563218,0.0022988505747126436,0.0022988505747126436,0.0011494252873563218,0.0011494252873563218,0.0011494252873563218,0.0022988505747126436,0.0011494252873563218,0.0011494252873563218,0.0034482758620689655,0.0011494252873563218,0.0011494252873563218,0.0011494252873563218,0.0011494252873563218,0.0011494252873563218,0.0011494252873563218,0.0011494252873563218,0.0022988505747126436,0.0011494252873563218,0.0022988505747126436,0.0022988505747126436,0.0011494252873563218,0.0011494252873563218,0.0034482758620689655,0.0011494252873563218,0.0011494252873563218,0.0022988505747126436,0.0011494252873563218,0.0022988505747126436,0.0011494252873563218,0.0011494252873563218,0.0022988505747126436,0.0011494252873563218,0.0011494252873563218,0.0011494252873563218,0.0022988505747126436,0.0011494252873563218,0.0034482758620689655,0.0034482758620689655,0.0022988505747126436,0.0011494252873563218,0.0011494252873563218,0.0011494252873563218,0.0011494252873563218,0.0011494252873563218,0.0011494252873563218,0.0011494252873563218,0.004597701149425287,0.0011494252873563218,0.0011494252873563218,0.0011494252873563218,0.0011494252873563218,0.0022988505747126436,0.0011494252873563218,0.0011494252873563218,0.0011494252873563218,0.0034482758620689655,0.0011494252873563218,0.0011494252873563218,0.0011494252873563218,0.0011494252873563218,0.0022988505747126436,0.0011494252873563218,0.0022988505747126436,0.0022988505747126436,0.0022988505747126436,0.0011494252873563218,0.0011494252873563218,0.0011494252873563218,0.0011494252873563218,0.0022988505747126436,0.0011494252873563218,0.0034482758620689655,0.0034482758620689655,0.0011494252873563218,0.004597701149425287,0.0011494252873563218,0.0011494252873563218,0.0022988505747126436,0.0022988505747126436,0.0011494252873563218,0.0011494252873563218,0.0011494252873563218,0.0022988505747126436,0.0011494252873563218,0.0022988505747126436,0.0022988505747126436,0.0011494252873563218,0.0011494252873563218,0.0011494252873563218,0.0011494252873563218,0.0011494252873563218,0.0011494252873563218,0.0011494252873563218,0.0011494252873563218,0.0011494252873563218,0.0011494252873563218,0.0011494252873563218,0.0011494252873563218,0.0022988505747126436,0.0011494252873563218,0.0011494252873563218,0.0011494252873563218,0.0011494252873563218,0.0011494252873563218,0.0011494252873563218,0.0011494252873563218,0.0011494252873563218,0.0011494252873563218,0.0011494252873563218,0.0011494252873563218,0.0022988505747126436,0.0011494252873563218,0.0011494252873563218,0.0011494252873563218,0.0011494252873563218,0.0011494252873563218,0.0022988505747126436,0.0011494252873563218,0.0022988505747126436,0.0011494252873563218,0.0011494252873563218,0.0011494252873563218,0.0034482758620689655,0.0011494252873563218,0.0011494252873563218,0.0011494252873563218,0.0011494252873563218,0.0011494252873563218,0.0011494252873563218,0.0011494252873563218,0.0011494252873563218,0.0011494252873563218,0.0011494252873563218,0.0011494252873563218,0.0011494252873563218,0.0034482758620689655,0.0011494252873563218,0.0022988505747126436,0.0011494252873563218,0.0011494252873563218,0.0011494252873563218,0.0011494252873563218,0.0011494252873563218,0.0011494252873563218,0.0011494252873563218,0.0011494252873563218,0.0011494252873563218,0.0011494252873563218,0.0011494252873563218,0.0011494252873563218,0.0011494252873563218,0.0011494252873563218,0.0011494252873563218,0.0011494252873563218,0.0011494252873563218,0.0011494252873563218,0.0,0.0,0.0,0.0,0.0,0.0,0.0,0.0,0.0,0.0,0.0,0.0,0.0,0.0,0.0,0.0,0.0,0.0,0.0,0.0,0.0,0.0,0.0,0.0,0.0,0.0,0.0,0.0,0.0,0.0,0.0,0.0,0.0,0.0,0.0,0.0,0.0,0.0,0.21362541246496894,0.0,0.0,0.0,0.0,0.0,0.0,0.0,0.0,0.0,0.0,0.0,0.0,0.0,0.0,0.0,0.0,0.0,0.0,0.0,0.0,0.0,0.0,0.0,0.0,0.0,0.0,0.0,0.0,0.0,0.0,0.0,0.0,0.0,0.0,0.0,0.0,0.0,0.0,0.0,0.0,0.0,0.0,0.0,0.0,0.0,0.0,0.0,0.0,0.0,0.0,0.0,0.0,0.0,0.0,0.0,0.0,0.0,0.0,0.0,0.0,0.0,0.0,0.0,0.0,0.0,0.0,0.0,0.0,0.0,0.0,0.0,0.0,0.0,0.0,0.0,0.0,0.224706292976774,0.0,0.0,0.0,0.0,0.0,0.0,0.0,0.0,0.0,0.0,0.0,0.0,0.0,0.0,0.0,0.0,0.0,0.0,0.0,0.0,0.0,0.0,0.0,0.0,0.0,0.0,0.0,0.0,0.0,0.0,0.0,0.0,0.0,0.0,0.0,0.0,0.0,0.0,0.0,0.0,0.0,0.0,0.0,0.0,0.0,0.0,0.0,0.0,0.0,0.0,0.0,0.0,0.0,0.0,0.0,0.0,0.0,0.0,0.0,0.0,0.0,0.0,0.0,0.0,0.0,0.0,0.0,0.0,0.0,0.0,0.0,0.0,0.0,0.0,0.0,0.0,0.0,0.0,0.0,0.0,0.0,0.0,0.0,0.0,0.0,0.0,0.0,0.0,0.0,0.0,0.0,0.0,0.0,0.0,0.0,0.0,0.0,0.0,0.0,0.0,0.0,0.0,0.0,0.0,0.0,0.0,0.0,0.0,0.0,0.0,0.0,0.0,0.0,0.0,0.0,0.0,0.0,0.0,0.0,0.0,0.0,0.0,0.0,0.0,0.0,0.0,0.0,0.0,0.0,0.0,0.0,0.0,0.0,0.0,0.0,0.0,0.0,0.0,0.0,0.0,0.0,0.0,0.0,0.0,0.33264405909778444,0.0,0.0,0.0,0.0,0.0,0.0,0.0,0.0,0.0,0.0,0.0,0.0,0.0,0.0,0.0,0.0,0.0,0.0,0.2997060943804263,0.0,0.0,0.0,0.0,0.0,0.0,0.0,0.358788392513417,0.0,0.0,0.0,0.0,0.0,0.0,0.0,0.0,0.0,0.0,0.0,0.0,0.0,0.0,0.0,0.0,0.0,0.0,0.0,0.0,0.0,0.0,0.0,0.0,0.0,0.0,0.0,0.0,0.0,0.0,0.0,0.0,0.0,0.0,0.0,0.0,0.0,0.314094359334536,0.0,0.0,0.0,0.0,0.0,0.0,0.0,0.0,0.0,0.0,0.0,0.0,0.0,0.0,0.0,0.0,0.0,0.0,0.0,0.0,0.0,0.0,0.0,0.0,0.0,0.0,0.0,0.0,0.0,0.0,0.0,0.0,0.0,0.0,0.0,0.0,0.0,0.2997060943804263,0.0,0.0,0.0,0.0,0.0,0.0,0.0,0.0,0.0,0.0,0.0,0.0,0.0,0.0,0.0,0.0,0.0,0.0,0.0,0.0,0.0,0.0,0.0,0.0,0.0,0.0,0.0,0.0,0.0,0.0,0.0,0.0,0.0,0.0,0.0,0.0,0.0,0.0,0.0,0.0,0.0,0.0,0.0,0.0,0.0,0.0,0.0,0.0,0.0,0.0,0.0,0.0,0.0,0.0,0.0,0.0,0.0,0.0,0.0,0.0,0.0,0.0,0.0,0.0,0.0,0.0,0.0,0.0,0.0,0.0,0.0,0.0,0.0,0.0,0.0,0.0,0.0,0.0,0.0,0.0,0.0,0.0,0.0,0.0,0.0,0.0,0.0,0.0,0.0,0.0,0.358788392513417,0.0,0.0,0.0,0.0,0.0,0.0,0.0,0.0,0.0,0.0,0.0,0.0,0.0,0.0,0.0,0.0,0.0,0.0,0.0,0.0,0.0,0.0,0.0,0.0,0.0,0.0,0.0,0.0,0.0,0.0,0.0,0.0,0.0,0.0,0.0,0.0,0.0,0.0,0.0,0.0,0.0,0.0,0.0,0.0,0.0,0.0,0.0,0.0,0.0,0.0,0.0,0.0,0.0,0.0,0.0,0.0,0.0,0.0,0.0,0.0,0.0,0.0,0.0,0.0,0.0,0.0,0.0,0.0,0.0,0.0,0.0,0.0,0.0,0.0,0.0,0.0,0.0,0.0,0.0,0.0,0.0,0.0,0.0,0.0,0.0,0.0,0.0,0.0,0.0,0.0,0.0,0.0,0.0,0.0,0.0,0.0,0.0,0.0,0.0,0.0,0.0,0.0,0.0,0.0,0.0,0.0,0.0,0.0,0.0,0.0,0.0,0.0,0.0,0.0,0.0,0.0,0.0,0.0,0.0,0.0,0.0,0.0,0.0,0.0,0.0,0.0,0.0,0.0,0.0,0.0,0.0,0.0,0.0,0.0,0.0,0.0,0.0,0.0,0.0,0.0,0.0,0.0,0.0,0.0,0.0,0.0,0.0,0.0,0.0,0.0,0.0,0.0,0.0,0.0,0.0,0.0,0.0,0.0,0.0,0.0,0.0,0.0,0.0,0.0,0.358788392513417,0.0,0.0,0.0,0.0,0.0,0.0,0.0,0.0,0.0,0.0,0.0,0.0,0.0,0.0,0.0,0.0,0.0,0.0,0.0,0.0,0.0,0.0,0.0,0.0,0.0,0.0,0.0,0.0,0.0,0.0,0.0,0.0,0.0,0.0,0.0,0.0,0.0,0.0,0.0,0.0,0.0,0.0,0.0,0.0,0.0,0.0,0.0,0.0,0.0,0.0,0.0,0.0,0.0,0.0,0.0,0.0,0.0,0.0,0.0,0.358788392513417,0.0,0.0,0.0,0.0,0.0,0.0,0.0,0.0,0.0,0.0,0.0,0.0,0.0,0.0,0.0,0.0,0.0,0.0,0.0,0.0,0.0,0.0,0.0,0.0,0.0,0.0,0.0,0.0,0.0,0.0,0.0,0.0,0.0,0.0,0.0,0.0,0.0,0.0,0.0,0.0,0.0,0.0,0.0,0.0,0.0,0.0,0.0
SD2401268,20대,음 근데 우리집이 꼭대기 층이라 그런지 좀 괜찮은 거 같은데. 층간 소음은 없는데 벽간 소음이 쪼금 있는 거 같아. 방이 그 방음이 잘 안 돼서 옆 문 그 첫 입구 문에만 서도 옆의 방이 뭐 유튜브 뭐 듣고 있는지 무슨 대화하고 있는지가 너무 잘 들려서 쪼끔 부담스럽긴 해. 근데 위에는 아무도 사람이 안 사니까 내가 살기에는 어 소음이 없어서 되게 좋은 거 같아. 그거 말고도 본가 살 때는 위층이 아빠 지인이 살았었는데 그래서 막 소음이 나도 뭐라 하기가 좀 그랬던 경험이 있어. 너는 지금 몇 층 정도에 살아? 층간 소음은 없어? 음 그 학 학교 들어오고 나서부터 2년 동안 여기 살고 올해 새로 계약해서 똑같은 데 연장해서 거기서 살고 있어. 아마 내년에는 교환 학생을 가서 없으니까 오빠가 혼자 살 거 같아 지금 같이 살고 있으니까. 그리고 사실 나는 올해 딱 계약 연장할 때쯤에 새로 구해서 따로따로 살고 싶었는데 아무래도 서울 뭐 월세가 비싸다 보니까 그냥 한집에서 해서 전세로 사는 게 낫겠다 싶어서 같이 살고 있는데. 어 아무래도 생활 패턴이나 그런 집안일 하는 거가 좀 안 맞아서 좀 그게 제일 힘들어서 따로 살고 싶었던 거 같아. 뭐 혼자 늦게 자고 그런 건 상관없는데 오빠가 게임을 하니까 늦게까지 게임하는 소리 계속 들려 오 들려 오고 하니까 나 자는 데 방에 돼서 그랬던 거 같아. 너는 그런 적은 없어? 어 중3 때까지 1곳에서 살았고 그 주 중3 이후에 약간 신도시 분양 그런 청약 담 당첨 돼 가지고 1번 이사를 갔었어. 근데 그 중3 때까지 계속 같은 지역에 살다 보니까 거기 유치원 초등학교 중학교 나오고 고등학교도 그쪽을 가려고 했는데 이사를 가게 돼서 혼자 떨어진 곳을 가니까 친구들이랑도 멀어지고 그러 그 뭐 원래 놀던 데에서도 못 놀고 이런 게 쪼끔 아쉽고 힘들긴 하더라고. 근데 집이 넓어서 되게 좋았던 거 같아. 나는 이사를 많이 안 해 봐서 막 해 보고 싶었다 이런 게 좀 컸었는데 주변에 이사 많이 다니는 사람은 안 그렇더라고. 이사를 그만 다니고 싶다 그러더라. 혹시 너도 그런 편이야? 음 나는 이사 간 다음에 우 이 이사 간 아파트 앞에 막 전원주택 같은 게 있는 거야. 그래서 나중에 이 또 이사를 가게 된다면은 저런 데에서 살고 싶다. 저런 데에서 마당에서 막 식물 키우고 동물 키우고 막 나만의 정원을 가꾸면서 2층 바 다락방에서 살고 싶다 막 이런 생각을 했었는데. 근데 막상 거기에 살면은 관리하는 게 되게 힘들어 보이더라고. 할머니 집도 그런 전원주택인데 조금만 뭘 관리를 안 해 줘도 잡초 자라고 먼지가 끼고 더러워지고 막 그런 게 많아서 관리가 힘들다고 하더라고. 근데 그럼에도 한 약간 한번쯤은 전원주택에 살고 싶다 이런 생각이 있는데. 너는 그런 어디에 살고 싶다 이런 로망 같은 게 있어? 어 전자레인지랑 냉장고 세탁기 이 이 정도는 원래 있었던 거 같고. 밥솥이랑 응 어 그 오븐 같은 거 뭐라고 하지. 그 아 에어프라이어는 사 왔고. 최근에 여름 되니까 벌레가 너무 많이 생기잖아. 특히 음식물에 벌레가 많이 생기는데 그래서 버리기가 너무 힘들어서 미생물로 분해해 주는 기계 그런 게 있더라고. 오빠가 인스타그램에서 찾아와서 막 우 이거 쓰자 막 그러면서 찾아왔던 기억이 있어. 그래서 그거를 지금 살까 고민 중에 있어. 그게 음식물 쓰레기를 넣으면은 미생물들이 분해를 해서 흙으로 바로 만들어 준대. 근데 그게 하루 만에 다 만들어 주고 냄새도 안 나서 좋다고 하더라고. 너는 혹시 집안일 같은 거는 어떻게 하는 편이야? 어 가끔 아니 자주 좀 싸운 싸우진 않고 이런 거에 대해 짜증을 내는 거 같긴 한데 내 방이 쓰레기 그 분리수거 하는 데 바로 앞에 있단 말이야. 그래서 오빠는 좀 멀어서 쓰레기 같은 걸 거기 내면 그만인데 나는 내고 나서 그게 분리수거가 잘 안 되어 있거나 막 더러운 게 섞여 있거나 하면은 냄새가 바로 내 방으로 들어온단 말이야. 그거 때문에 오빠한테 뭐라 한 적도 많았던 거 같고. 약간 분담 같은 게 예전에는 막 뭐 냉장고 청소 네가 1번 하면 내가 화장실 청소 1번 하고 이런 식으로 번갈아서 하자라고 말은 했는데 어느 순간 보니까 내가 다 하고 있더라고. 그래서 그거에 대해서 쌓아 놨다가 화내기 직전에 딱 말하면은 오빠가 또 눈치는 빨라 가지고 그제서야 부랴부랴 치우고 막 이래서 어 싸우지는 않았던 거 같아. 근데 자취를 하니까 확실히 본가 살 때는 엄마가 다 해 주고 그러는데 내가 다 해야 되니까 그게 힘든 거 같긴 해. 너는 자취하고 싶다는 생각은 없어? 아 나 처음에 집 들어올 때 막 냉장고랑 기본 가구에 막 여 연두색 띠가 막 둘러져 있는 거야. 기본 색깔로 막 있는 거야. 그래서 그걸 보고 아 진짜 별로다. 여기 살기 싫다 했었는데 막상 들어가 보니까 그런 거 별로 티도 안 나고 깔끔해 보이고 좋더라고. 그래서 그렇게 쓰고 있고. 뭔가 인테리어 아 그 자취하면 내 방식대로 바 집을 꾸미고 막 이렇게 써야지라는 생각은 있었는데 막상 있으니까 짐을 그 넣을 짐도 너무 많고 근데 그거에 비해 공간은 안 나오고 하니까 인테리어라고 할 것도 없이 그냥 짐을 넣어 놓은 거 같아. 내 방이 너무 작아서 옷장 같은 게 들어갈 공간이 안 나서 거실에다가 행거 설치해서 바로 옷 놓아두고. 그래서 뭔가 꾸미기도 애매하고 그랬던 거 같아. 너는 집 인테리어 어떤 편이야? 서울에서 살 수 있으면 좋을 거 같은데. 왜냐하면 여가 생활 같은 것도 훨씬 더 많이 할 수 있고 이제 거의 내 친구들이나 생활 반경이 서울에 중심에 맞춰져 있다 보니까 서울에서 생활하는 게 편하긴 한데 가끔씩 여기가 사람이 너무 많아서 내려가고 싶다라는 생각이 들긴 해. 근데 직장을 얻고 뭔가 더 발전을 하려면은 서울에서 사는 게 맞는 거 같아. 나는 그 본가 살 때는 지하에 헬스장이 있어서 그거를 썼단 말이야. 근데 자취를 하니까 그런 여가 시설 시 그 아무튼 시설들이 없어서 막 주변에서 주변 다른 헬스장을 등록해 놨단 말이야. 근데 너는 지금 어쨌든 본가에 살잖아. 큰 아파트에 사는데 그러면 거기에 막 여가 시설 같은 게 와 잘 마련되어 있어?,0.005747126436781609,0.017241379310344827,0.004597701149425287,0.0,0.005747126436781609,0.0034482758620689655,0.005747126436781609,0.008045977011494253,0.01839080459770115,0.029885057471264367,0.004597701149425287,0.027586206896551724,0.0,0.008045977011494253,0.0022988505747126436,0.0,0.0034482758620689655,0.0011494252873563218,0.03218390804597701,0.013793103448275862,0.0,0.0,0.0,0.0022988505747126436,0.0,0.004597701149425287,0.021839080459770115,0.0,0.0034482758620689655,0.0034482758620689655,0.04367816091954023,0.0,0.006896551724137931,0.0,0.004597701149425287,0.009195402298850575,0.0,0.0,0.011494252873563218,0.0011494252873563218,0.0,0.0022988505747126436,0.0,0.0,0.034482758620689655,0.004597701149425287,0.013793103448275862,0.0022988505747126436,0.004597701149425287,0.0367816091954023,0.009195402298850575,0.0011494252873563218,0.0,0.0022988505747126436,0.0,0.0011494252873563218,0.0011494252873563218,0.0022988505747126436,0.0,0.006896551724137931,0.0,0.0,0.0,0.0011494252873563218,0.006896551724137931,0.0022988505747126436,0.0022988505747126436,0.0011494252873563218,0.0011494252873563218,0.0,0.0,0.0,0.0022988505747126436,0.0,0.0,0.005747126436781609,0.0022988505747126436,0.0,0.006896551724137931,0.010344827586206896,0.0011494252873563218,0.0,0.0,0.0,0.0,0.004597701149425287,0.0034482758620689655,0.0,0.0022988505747126436,0.004597701149425287,0.0,0.0022988505747126436,0.0,0.0011494252873563218,0.0,0.0011494252873563218,0.0011494252873563218,0.0011494252873563218,0.0,0.0022988505747126436,0.004597701149425287,0.0011494252873563218,0.0,0.0,0.0,0.0,0.01264367816091954,0.009195402298850575,0.0,0.0011494252873563218,0.0011494252873563218,0.0022988505747126436,0.0011494252873563218,0.0,0.0,0.0011494252873563218,0.0,0.0,0.0011494252873563218,0.011494252873563218,0.0,0.005747126436781609,0.0011494252873563218,0.0,0.0022988505747126436,0.0011494252873563218,0.0011494252873563218,0.0,0.0022988505747126436,0.0,0.0,0.0,0.0,0.0034482758620689655,0.0,0.0,0.01839080459770115,0.0022988505747126436,0.0,0.0,0.0022988505747126436,0.0022988505747126436,0.0022988505747126436,0.0,0.0,0.005747126436781609,0.0011494252873563218,0.0,0.008045977011494253,0.0022988505747126436,0.0011494252873563218,0.005747126436781609,0.0011494252873563218,0.0,0.0,0.0011494252873563218,0.0,0.0011494252873563218,0.006896551724137931,0.0011494252873563218,0.0,0.0034482758620689655,0.0,0.0,0.0,0.004597701149425287,0.0011494252873563218,0.0011494252873563218,0.0,0.0,0.0011494252873563218,0.0,0.0,0.0,0.006896551724137931,0.0,0.0,0.0,0.0,0.0,0.0011494252873563218,0.0,0.0034482758620689655,0.0022988505747126436,0.0,0.0022988505747126436,0.0,0.0022988505747126436,0.0022988505747126436,0.0,0.0,0.0,0.0022988505747126436,0.0,0.0,0.0011494252873563218,0.0,0.0,0.0,0.0,0.0034482758620689655,0.0,0.004597701149425287,0.0,0.0,0.0,0.0,0.0,0.0,0.0011494252873563218,0.0,0.0,0.0,0.0,0.0011494252873563218,0.0,0.0011494252873563218,0.0,0.0011494252873563218,0.0,0.0022988505747126436,0.0,0.0011494252873563218,0.0022988505747126436,0.0,0.0,0.005747126436781609,0.0,0.0022988505747126436,0.0,0.0,0.0,0.0,0.0,0.0,0.0,0.0,0.0,0.0022988505747126436,0.0,0.0,0.0,0.004597701149425287,0.0,0.0,0.0,0.0,0.0,0.0,0.0,0.0,0.0,0.0,0.0,0.0,0.0,0.006896551724137931,0.0034482758620689655,0.0011494252873563218,0.0011494252873563218,0.0011494252873563218,0.0011494252873563218,0.0022988505747126436,0.0022988505747126436,0.0011494252873563218,0.0011494252873563218,0.0011494252873563218,0.0011494252873563218,0.0011494252873563218,0.0011494252873563218,0.0034482758620689655,0.0011494252873563218,0.005747126436781609,0.0011494252873563218,0.0011494252873563218,0.0011494252873563218,0.0022988505747126436,0.0022988505747126436,0.0011494252873563218,0.0022988505747126436,0.0011494252873563218,0.0011494252873563218,0.0011494252873563218,0.0011494252873563218,0.0022988505747126436,0.0011494252873563218,0.0011494252873563218,0.0011494252873563218,0.0022988505747126436,0.0011494252873563218,0.0011494252873563218,0.0011494252873563218,0.0011494252873563218,0.0011494252873563218,0.0011494252873563218,0.0011494252873563218,0.0011494252873563218,0.0022988505747126436,0.0022988505747126436,0.0011494252873563218,0.0011494252873563218,0.0011494252873563218,0.0022988505747126436,0.0011494252873563218,0.0011494252873563218,0.0034482758620689655,0.0011494252873563218,0.0011494252873563218,0.0011494252873563218,0.0011494252873563218,0.0011494252873563218,0.0011494252873563218,0.0011494252873563218,0.0022988505747126436,0.0011494252873563218,0.0022988505747126436,0.0022988505747126436,0.0011494252873563218,0.0011494252873563218,0.0034482758620689655,0.0011494252873563218,0.0011494252873563218,0.0022988505747126436,0.0011494252873563218,0.0022988505747126436,0.0011494252873563218,0.0011494252873563218,0.0022988505747126436,0.0011494252873563218,0.0011494252873563218,0.0011494252873563218,0.0022988505747126436,0.0011494252873563218,0.0034482758620689655,0.0034482758620689655,0.0022988505747126436,0.0011494252873563218,0.0011494252873563218,0.0011494252873563218,0.0011494252873563218,0.0011494252873563218,0.0011494252873563218,0.0011494252873563218,0.004597701149425287,0.0011494252873563218,0.0011494252873563218,0.0011494252873563218,0.0011494252873563218,0.0022988505747126436,0.0011494252873563218,0.0011494252873563218,0.0011494252873563218,0.0034482758620689655,0.0011494252873563218,0.0011494252873563218,0.0011494252873563218,0.0011494252873563218,0.0022988505747126436,0.0011494252873563218,0.0022988505747126436,0.0022988505747126436,0.0022988505747126436,0.0011494252873563218,0.0011494252873563218,0.0011494252873563218,0.0011494252873563218,0.0022988505747126436,0.0011494252873563218,0.0034482758620689655,0.0034482758620689655,0.0011494252873563218,0.004597701149425287,0.0011494252873563218,0.0011494252873563218,0.0022988505747126436,0.0022988505747126436,0.0011494252873563218,0.0011494252873563218,0.0011494252873563218,0.0022988505747126436,0.0011494252873563218,0.0022988505747126436,0.0022988505747126436,0.0011494252873563218,0.0011494252873563218,0.0011494252873563218,0.0011494252873563218,0.0011494252873563218,0.0011494252873563218,0.0011494252873563218,0.0011494252873563218,0.0011494252873563218,0.0011494252873563218,0.0011494252873563218,0.0011494252873563218,0.0022988505747126436,0.0011494252873563218,0.0011494252873563218,0.0011494252873563218,0.0011494252873563218,0.0011494252873563218,0.0011494252873563218,0.0011494252873563218,0.0011494252873563218,0.0011494252873563218,0.0011494252873563218,0.0011494252873563218,0.0022988505747126436,0.0011494252873563218,0.0011494252873563218,0.0011494252873563218,0.0011494252873563218,0.0011494252873563218,0.0022988505747126436,0.0011494252873563218,0.0022988505747126436,0.0011494252873563218,0.0011494252873563218,0.0011494252873563218,0.0034482758620689655,0.0011494252873563218,0.0011494252873563218,0.0011494252873563218,0.0011494252873563218,0.0011494252873563218,0.0011494252873563218,0.0011494252873563218,0.0011494252873563218,0.0011494252873563218,0.0011494252873563218,0.0011494252873563218,0.0011494252873563218,0.0034482758620689655,0.0011494252873563218,0.0022988505747126436,0.0011494252873563218,0.0011494252873563218,0.0011494252873563218,0.0011494252873563218,0.0011494252873563218,0.0011494252873563218,0.0011494252873563218,0.0011494252873563218,0.0011494252873563218,0.0011494252873563218,0.0011494252873563218,0.0011494252873563218,0.0011494252873563218,0.0011494252873563218,0.0011494252873563218,0.0011494252873563218,0.0011494252873563218,0.0011494252873563218,0.0,0.0,0.0,0.0,0.0,0.0,0.0,0.0,0.0,0.0,0.0,0.0,0.0,0.0,0.0,0.0,0.0,0.0,0.0,0.0,0.0,0.0,0.0,0.0,0.0,0.0,0.0,0.0,0.0,0.0,0.0,0.0,0.0,0.0,0.0,0.0,0.0,0.0,0.0,0.0,0.0,0.0,0.0,0.0,0.0,0.0,0.0,0.0,0.0,0.0,0.0,0.0,0.0,0.0,0.0,0.0,0.0,0.0,0.0,0.0,0.0,0.0,0.0,0.0,0.0,0.0,0.0,0.0,0.0,0.0,0.0,0.0,0.0,0.0,0.0,0.0,0.0,0.0,0.0,0.0,0.0,0.0,0.0,0.0,0.0,0.0,0.3427523947233752,0.0,0.0,0.0,0.0,0.0,0.0,0.0,0.0,0.0,0.0,0.0,0.0,0.0,0.0,0.0,0.0,0.0,0.0,0.0,0.0,0.0,0.0,0.0,0.0,0.0,0.0,0.0,0.0,0.0,0.0,0.0,0.0,0.0,0.0,0.0,0.0,0.0,0.0,0.0,0.0,0.0,0.0,0.0,0.26976140292747336,0.0,0.0,0.0,0.0,0.0,0.0,0.0,0.0,0.0,0.0,0.0,0.0,0.0,0.0,0.0,0.0,0.0,0.0,0.0,0.0,0.0,0.0,0.0,0.0,0.0,0.0,0.0,0.0,0.0,0.0,0.0,0.0,0.0,0.0,0.0,0.0,0.0,0.0,0.0,0.0,0.0,0.0,0.0,0.0,0.0,0.0,0.0,0.0,0.0,0.0,0.0,0.0,0.0,0.0,0.0,0.0,0.0,0.0,0.0,0.0,0.0,0.0,0.0,0.0,0.0,0.0,0.0,0.0,0.0,0.0,0.0,0.0,0.0,0.0,0.0,0.0,0.0,0.0,0.0,0.0,0.0,0.0,0.0,0.0,0.0,0.0,0.0,0.0,0.0,0.0,0.0,0.0,0.0,0.0,0.0,0.0,0.0,0.0,0.0,0.0,0.0,0.3236390095858278,0.0,0.0,0.0,0.0,0.0,0.0,0.0,0.0,0.0,0.0,0.0,0.0,0.0,0.0,0.0,0.0,0.0,0.0,0.0,0.0,0.0,0.0,0.0,0.0,0.0,0.26976140292747336,0.0,0.0,0.0,0.0,0.0,0.0,0.0,0.0,0.0,0.0,0.0,0.0,0.0,0.0,0.0,0.0,0.0,0.0,0.0,0.0,0.0,0.0,0.0,0.0,0.0,0.0,0.0,0.0,0.0,0.0,0.0,0.0,0.0,0.0,0.0,0.0,0.0,0.0,0.0,0.0,0.0,0.0,0.0,0.0,0.0,0.0,0.3236390095858278,0.0,0.0,0.0,0.0,0.0,0.0,0.0,0.0,0.0,0.0,0.0,0.0,0.0,0.0,0.0,0.0,0.0,0.0,0.0,0.0,0.0,0.0,0.0,0.0,0.0,0.0,0.0,0.0,0.0,0.0,0.0,0.0,0.0,0.0,0.0,0.0,0.0,0.0,0.0,0.0,0.0,0.0,0.0,0.0,0.0,0.0,0.0,0.0,0.0,0.0,0.0,0.0,0.0,0.0,0.0,0.0,0.0,0.0,0.0,0.0,0.0,0.0,0.0,0.0,0.0,0.0,0.0,0.0,0.0,0.0,0.0,0.0,0.0,0.0,0.0,0.0,0.0,0.0,0.0,0.0,0.0,0.0,0.0,0.0,0.0,0.0,0.0,0.0,0.0,0.0,0.0,0.0,0.0,0.0,0.0,0.0,0.0,0.0,0.0,0.0,0.0,0.36969119805255246,0.0,0.0,0.0,0.0,0.0,0.0,0.0,0.0,0.0,0.0,0.0,0.0,0.0,0.0,0.0,0.0,0.0,0.0,0.0,0.0,0.0,0.0,0.0,0.0,0.0,0.0,0.0,0.0,0.0,0.0,0.0,0.0,0.0,0.0,0.0,0.0,0.0,0.0,0.0,0.0,0.0,0.0,0.0,0.0,0.0,0.0,0.0,0.0,0.0,0.0,0.0,0.0,0.0,0.0,0.0,0.0,0.0,0.0,0.0,0.0,0.0,0.0,0.0,0.0,0.0,0.0,0.0,0.0,0.0,0.0,0.0,0.0,0.0,0.0,0.0,0.0,0.0,0.0,0.0,0.0,0.0,0.0,0.0,0.0,0.0,0.0,0.0,0.0,0.0,0.0,0.0,0.0,0.0,0.0,0.0,0.0,0.0,0.0,0.0,0.0,0.0,0.0,0.0,0.0,0.0,0.0,0.0,0.0,0.0,0.0,0.0,0.0,0.0,0.0,0.0,0.0,0.0,0.0,0.0,0.0,0.0,0.0,0.0,0.0,0.0,0.0,0.0,0.0,0.0,0.0,0.0,0.0,0.0,0.0,0.0,0.0,0.0,0.0,0.0,0.3427523947233752,0.0,0.0,0.0,0.0,0.0,0.0,0.0,0.0,0.0,0.0,0.0,0.0,0.0,0.0,0.0,0.0,0.0,0.0,0.0,0.0,0.0,0.0,0.0,0.0,0.0,0.0,0.0,0.0,0.0,0.0,0.0,0.0,0.0,0.0,0.0,0.0,0.0,0.0,0.0,0.0,0.0,0.0,0.0,0.0,0.0,0.0,0.0,0.0,0.0,0.0,0.0,0.0,0.0,0.0,0.0,0.0,0.0,0.0,0.0,0.0,0.0,0.0,0.0,0.0,0.0,0.0,0.0,0.0,0.0,0.0,0.36969119805255246,0.0,0.0,0.0,0.0,0.0,0.0,0.0,0.0,0.0,0.0,0.0,0.0,0.0,0.0,0.0,0.0,0.0,0.0,0.0,0.0,0.0,0.0,0.0,0.0,0.0,0.0,0.0,0.0,0.0,0.0,0.0,0.0,0.0,0.0,0.0,0.0,0.0,0.0,0.0,0.0,0.0,0.0,0.0,0.0,0.0,0.0,0.0,0.0,0.0,0.0,0.0,0.0,0.0,0.0,0.0,0.0,0.0,0.0,0.0,0.0,0.0,0.0,0.0,0.0,0.0,0.0,0.0,0.0,0.0,0.0,0.0,0.0,0.0,0.0,0.0,0.0,0.0,0.0,0.0,0.0,0.0,0.0,0.0,0.0,0.0,0.0,0.0,0.0,0.36969119805255246,0.0,0.0,0.0,0.0,0.0,0.0,0.0,0.0,0.0,0.0,0.0,0.0,0.0,0.0,0.0,0.0,0.0,0.0,0.0
SD2401268,20대,음 근데 우리집이 꼭대기 층이라 그런지 좀 괜찮은 거 같은데. 층간 소음은 없는데 벽간 소음이 쪼금 있는 거 같아. 방이 그 방음이 잘 안 돼서 옆 문 그 첫 입구 문에만 서도 옆의 방이 뭐 유튜브 뭐 듣고 있는지 무슨 대화하고 있는지가 너무 잘 들려서 쪼끔 부담스럽긴 해. 근데 위에는 아무도 사람이 안 사니까 내가 살기에는 어 소음이 없어서 되게 좋은 거 같아. 그거 말고도 본가 살 때는 위층이 아빠 지인이 살았었는데 그래서 막 소음이 나도 뭐라 하기가 좀 그랬던 경험이 있어. 너는 지금 몇 층 정도에 살아? 층간 소음은 없어? 음 그 학 학교 들어오고 나서부터 2년 동안 여기 살고 올해 새로 계약해서 똑같은 데 연장해서 거기서 살고 있어. 아마 내년에는 교환 학생을 가서 없으니까 오빠가 혼자 살 거 같아 지금 같이 살고 있으니까. 그리고 사실 나는 올해 딱 계약 연장할 때쯤에 새로 구해서 따로따로 살고 싶었는데 아무래도 서울 뭐 월세가 비싸다 보니까 그냥 한집에서 해서 전세로 사는 게 낫겠다 싶어서 같이 살고 있는데. 어 아무래도 생활 패턴이나 그런 집안일 하는 거가 좀 안 맞아서 좀 그게 제일 힘들어서 따로 살고 싶었던 거 같아. 뭐 혼자 늦게 자고 그런 건 상관없는데 오빠가 게임을 하니까 늦게까지 게임하는 소리 계속 들려 오 들려 오고 하니까 나 자는 데 방에 돼서 그랬던 거 같아. 너는 그런 적은 없어? 어 중3 때까지 1곳에서 살았고 그 주 중3 이후에 약간 신도시 분양 그런 청약 담 당첨 돼 가지고 1번 이사를 갔었어. 근데 그 중3 때까지 계속 같은 지역에 살다 보니까 거기 유치원 초등학교 중학교 나오고 고등학교도 그쪽을 가려고 했는데 이사를 가게 돼서 혼자 떨어진 곳을 가니까 친구들이랑도 멀어지고 그러 그 뭐 원래 놀던 데에서도 못 놀고 이런 게 쪼끔 아쉽고 힘들긴 하더라고. 근데 집이 넓어서 되게 좋았던 거 같아. 나는 이사를 많이 안 해 봐서 막 해 보고 싶었다 이런 게 좀 컸었는데 주변에 이사 많이 다니는 사람은 안 그렇더라고. 이사를 그만 다니고 싶다 그러더라. 혹시 너도 그런 편이야? 음 나는 이사 간 다음에 우 이 이사 간 아파트 앞에 막 전원주택 같은 게 있는 거야. 그래서 나중에 이 또 이사를 가게 된다면은 저런 데에서 살고 싶다. 저런 데에서 마당에서 막 식물 키우고 동물 키우고 막 나만의 정원을 가꾸면서 2층 바 다락방에서 살고 싶다 막 이런 생각을 했었는데. 근데 막상 거기에 살면은 관리하는 게 되게 힘들어 보이더라고. 할머니 집도 그런 전원주택인데 조금만 뭘 관리를 안 해 줘도 잡초 자라고 먼지가 끼고 더러워지고 막 그런 게 많아서 관리가 힘들다고 하더라고. 근데 그럼에도 한 약간 한번쯤은 전원주택에 살고 싶다 이런 생각이 있는데. 너는 그런 어디에 살고 싶다 이런 로망 같은 게 있어? 어 전자레인지랑 냉장고 세탁기 이 이 정도는 원래 있었던 거 같고. 밥솥이랑 응 어 그 오븐 같은 거 뭐라고 하지. 그 아 에어프라이어는 사 왔고. 최근에 여름 되니까 벌레가 너무 많이 생기잖아. 특히 음식물에 벌레가 많이 생기는데 그래서 버리기가 너무 힘들어서 미생물로 분해해 주는 기계 그런 게 있더라고. 오빠가 인스타그램에서 찾아와서 막 우 이거 쓰자 막 그러면서 찾아왔던 기억이 있어. 그래서 그거를 지금 살까 고민 중에 있어. 그게 음식물 쓰레기를 넣으면은 미생물들이 분해를 해서 흙으로 바로 만들어 준대. 근데 그게 하루 만에 다 만들어 주고 냄새도 안 나서 좋다고 하더라고. 너는 혹시 집안일 같은 거는 어떻게 하는 편이야? 어 가끔 아니 자주 좀 싸운 싸우진 않고 이런 거에 대해 짜증을 내는 거 같긴 한데 내 방이 쓰레기 그 분리수거 하는 데 바로 앞에 있단 말이야. 그래서 오빠는 좀 멀어서 쓰레기 같은 걸 거기 내면 그만인데 나는 내고 나서 그게 분리수거가 잘 안 되어 있거나 막 더러운 게 섞여 있거나 하면은 냄새가 바로 내 방으로 들어온단 말이야. 그거 때문에 오빠한테 뭐라 한 적도 많았던 거 같고. 약간 분담 같은 게 예전에는 막 뭐 냉장고 청소 네가 1번 하면 내가 화장실 청소 1번 하고 이런 식으로 번갈아서 하자라고 말은 했는데 어느 순간 보니까 내가 다 하고 있더라고. 그래서 그거에 대해서 쌓아 놨다가 화내기 직전에 딱 말하면은 오빠가 또 눈치는 빨라 가지고 그제서야 부랴부랴 치우고 막 이래서 어 싸우지는 않았던 거 같아. 근데 자취를 하니까 확실히 본가 살 때는 엄마가 다 해 주고 그러는데 내가 다 해야 되니까 그게 힘든 거 같긴 해. 너는 자취하고 싶다는 생각은 없어? 아 나 처음에 집 들어올 때 막 냉장고랑 기본 가구에 막 여 연두색 띠가 막 둘러져 있는 거야. 기본 색깔로 막 있는 거야. 그래서 그걸 보고 아 진짜 별로다. 여기 살기 싫다 했었는데 막상 들어가 보니까 그런 거 별로 티도 안 나고 깔끔해 보이고 좋더라고. 그래서 그렇게 쓰고 있고. 뭔가 인테리어 아 그 자취하면 내 방식대로 바 집을 꾸미고 막 이렇게 써야지라는 생각은 있었는데 막상 있으니까 짐을 그 넣을 짐도 너무 많고 근데 그거에 비해 공간은 안 나오고 하니까 인테리어라고 할 것도 없이 그냥 짐을 넣어 놓은 거 같아. 내 방이 너무 작아서 옷장 같은 게 들어갈 공간이 안 나서 거실에다가 행거 설치해서 바로 옷 놓아두고. 그래서 뭔가 꾸미기도 애매하고 그랬던 거 같아. 너는 집 인테리어 어떤 편이야? 서울에서 살 수 있으면 좋을 거 같은데. 왜냐하면 여가 생활 같은 것도 훨씬 더 많이 할 수 있고 이제 거의 내 친구들이나 생활 반경이 서울에 중심에 맞춰져 있다 보니까 서울에서 생활하는 게 편하긴 한데 가끔씩 여기가 사람이 너무 많아서 내려가고 싶다라는 생각이 들긴 해. 근데 직장을 얻고 뭔가 더 발전을 하려면은 서울에서 사는 게 맞는 거 같아. 나는 그 본가 살 때는 지하에 헬스장이 있어서 그거를 썼단 말이야. 근데 자취를 하니까 그런 여가 시설 시 그 아무튼 시설들이 없어서 막 주변에서 주변 다른 헬스장을 등록해 놨단 말이야. 근데 너는 지금 어쨌든 본가에 살잖아. 큰 아파트에 사는데 그러면 거기에 막 여가 시설 같은 게 와 잘 마련되어 있어?,0.005747126436781609,0.017241379310344827,0.004597701149425287,0.0,0.005747126436781609,0.0034482758620689655,0.005747126436781609,0.008045977011494253,0.01839080459770115,0.029885057471264367,0.004597701149425287,0.027586206896551724,0.0,0.008045977011494253,0.0022988505747126436,0.0,0.0034482758620689655,0.0011494252873563218,0.03218390804597701,0.013793103448275862,0.0,0.0,0.0,0.0022988505747126436,0.0,0.004597701149425287,0.021839080459770115,0.0,0.0034482758620689655,0.0034482758620689655,0.04367816091954023,0.0,0.006896551724137931,0.0,0.004597701149425287,0.009195402298850575,0.0,0.0,0.011494252873563218,0.0011494252873563218,0.0,0.0022988505747126436,0.0,0.0,0.034482758620689655,0.004597701149425287,0.013793103448275862,0.0022988505747126436,0.004597701149425287,0.0367816091954023,0.009195402298850575,0.0011494252873563218,0.0,0.0022988505747126436,0.0,0.0011494252873563218,0.0011494252873563218,0.0022988505747126436,0.0,0.006896551724137931,0.0,0.0,0.0,0.0011494252873563218,0.006896551724137931,0.0022988505747126436,0.0022988505747126436,0.0011494252873563218,0.0011494252873563218,0.0,0.0,0.0,0.0022988505747126436,0.0,0.0,0.005747126436781609,0.0022988505747126436,0.0,0.006896551724137931,0.010344827586206896,0.0011494252873563218,0.0,0.0,0.0,0.0,0.004597701149425287,0.0034482758620689655,0.0,0.0022988505747126436,0.004597701149425287,0.0,0.0022988505747126436,0.0,0.0011494252873563218,0.0,0.0011494252873563218,0.0011494252873563218,0.0011494252873563218,0.0,0.0022988505747126436,0.004597701149425287,0.0011494252873563218,0.0,0.0,0.0,0.0,0.01264367816091954,0.009195402298850575,0.0,0.0011494252873563218,0.0011494252873563218,0.0022988505747126436,0.0011494252873563218,0.0,0.0,0.0011494252873563218,0.0,0.0,0.0011494252873563218,0.011494252873563218,0.0,0.005747126436781609,0.0011494252873563218,0.0,0.0022988505747126436,0.0011494252873563218,0.0011494252873563218,0.0,0.0022988505747126436,0.0,0.0,0.0,0.0,0.0034482758620689655,0.0,0.0,0.01839080459770115,0.0022988505747126436,0.0,0.0,0.0022988505747126436,0.0022988505747126436,0.0022988505747126436,0.0,0.0,0.005747126436781609,0.0011494252873563218,0.0,0.008045977011494253,0.0022988505747126436,0.0011494252873563218,0.005747126436781609,0.0011494252873563218,0.0,0.0,0.0011494252873563218,0.0,0.0011494252873563218,0.006896551724137931,0.0011494252873563218,0.0,0.0034482758620689655,0.0,0.0,0.0,0.004597701149425287,0.0011494252873563218,0.0011494252873563218,0.0,0.0,0.0011494252873563218,0.0,0.0,0.0,0.006896551724137931,0.0,0.0,0.0,0.0,0.0,0.0011494252873563218,0.0,0.0034482758620689655,0.0022988505747126436,0.0,0.0022988505747126436,0.0,0.0022988505747126436,0.0022988505747126436,0.0,0.0,0.0,0.0022988505747126436,0.0,0.0,0.0011494252873563218,0.0,0.0,0.0,0.0,0.0034482758620689655,0.0,0.004597701149425287,0.0,0.0,0.0,0.0,0.0,0.0,0.0011494252873563218,0.0,0.0,0.0,0.0,0.0011494252873563218,0.0,0.0011494252873563218,0.0,0.0011494252873563218,0.0,0.0022988505747126436,0.0,0.0011494252873563218,0.0022988505747126436,0.0,0.0,0.005747126436781609,0.0,0.0022988505747126436,0.0,0.0,0.0,0.0,0.0,0.0,0.0,0.0,0.0,0.0022988505747126436,0.0,0.0,0.0,0.004597701149425287,0.0,0.0,0.0,0.0,0.0,0.0,0.0,0.0,0.0,0.0,0.0,0.0,0.0,0.006896551724137931,0.0034482758620689655,0.0011494252873563218,0.0011494252873563218,0.0011494252873563218,0.0011494252873563218,0.0022988505747126436,0.0022988505747126436,0.0011494252873563218,0.0011494252873563218,0.0011494252873563218,0.0011494252873563218,0.0011494252873563218,0.0011494252873563218,0.0034482758620689655,0.0011494252873563218,0.005747126436781609,0.0011494252873563218,0.0011494252873563218,0.0011494252873563218,0.0022988505747126436,0.0022988505747126436,0.0011494252873563218,0.0022988505747126436,0.0011494252873563218,0.0011494252873563218,0.0011494252873563218,0.0011494252873563218,0.0022988505747126436,0.0011494252873563218,0.0011494252873563218,0.0011494252873563218,0.0022988505747126436,0.0011494252873563218,0.0011494252873563218,0.0011494252873563218,0.0011494252873563218,0.0011494252873563218,0.0011494252873563218,0.0011494252873563218,0.0011494252873563218,0.0022988505747126436,0.0022988505747126436,0.0011494252873563218,0.0011494252873563218,0.0011494252873563218,0.0022988505747126436,0.0011494252873563218,0.0011494252873563218,0.0034482758620689655,0.0011494252873563218,0.0011494252873563218,0.0011494252873563218,0.0011494252873563218,0.0011494252873563218,0.0011494252873563218,0.0011494252873563218,0.0022988505747126436,0.0011494252873563218,0.0022988505747126436,0.0022988505747126436,0.0011494252873563218,0.0011494252873563218,0.0034482758620689655,0.0011494252873563218,0.0011494252873563218,0.0022988505747126436,0.0011494252873563218,0.0022988505747126436,0.0011494252873563218,0.0011494252873563218,0.0022988505747126436,0.0011494252873563218,0.0011494252873563218,0.0011494252873563218,0.0022988505747126436,0.0011494252873563218,0.0034482758620689655,0.0034482758620689655,0.0022988505747126436,0.0011494252873563218,0.0011494252873563218,0.0011494252873563218,0.0011494252873563218,0.0011494252873563218,0.0011494252873563218,0.0011494252873563218,0.004597701149425287,0.0011494252873563218,0.0011494252873563218,0.0011494252873563218,0.0011494252873563218,0.0022988505747126436,0.0011494252873563218,0.0011494252873563218,0.0011494252873563218,0.0034482758620689655,0.0011494252873563218,0.0011494252873563218,0.0011494252873563218,0.0011494252873563218,0.0022988505747126436,0.0011494252873563218,0.0022988505747126436,0.0022988505747126436,0.0022988505747126436,0.0011494252873563218,0.0011494252873563218,0.0011494252873563218,0.0011494252873563218,0.0022988505747126436,0.0011494252873563218,0.0034482758620689655,0.0034482758620689655,0.0011494252873563218,0.004597701149425287,0.0011494252873563218,0.0011494252873563218,0.0022988505747126436,0.0022988505747126436,0.0011494252873563218,0.0011494252873563218,0.0011494252873563218,0.0022988505747126436,0.0011494252873563218,0.0022988505747126436,0.0022988505747126436,0.0011494252873563218,0.0011494252873563218,0.0011494252873563218,0.0011494252873563218,0.0011494252873563218,0.0011494252873563218,0.0011494252873563218,0.0011494252873563218,0.0011494252873563218,0.0011494252873563218,0.0011494252873563218,0.0011494252873563218,0.0022988505747126436,0.0011494252873563218,0.0011494252873563218,0.0011494252873563218,0.0011494252873563218,0.0011494252873563218,0.0011494252873563218,0.0011494252873563218,0.0011494252873563218,0.0011494252873563218,0.0011494252873563218,0.0011494252873563218,0.0022988505747126436,0.0011494252873563218,0.0011494252873563218,0.0011494252873563218,0.0011494252873563218,0.0011494252873563218,0.0022988505747126436,0.0011494252873563218,0.0022988505747126436,0.0011494252873563218,0.0011494252873563218,0.0011494252873563218,0.0034482758620689655,0.0011494252873563218,0.0011494252873563218,0.0011494252873563218,0.0011494252873563218,0.0011494252873563218,0.0011494252873563218,0.0011494252873563218,0.0011494252873563218,0.0011494252873563218,0.0011494252873563218,0.0011494252873563218,0.0011494252873563218,0.0034482758620689655,0.0011494252873563218,0.0022988505747126436,0.0011494252873563218,0.0011494252873563218,0.0011494252873563218,0.0011494252873563218,0.0011494252873563218,0.0011494252873563218,0.0011494252873563218,0.0011494252873563218,0.0011494252873563218,0.0011494252873563218,0.0011494252873563218,0.0011494252873563218,0.0011494252873563218,0.0011494252873563218,0.0011494252873563218,0.0011494252873563218,0.0011494252873563218,0.0011494252873563218,0.0,0.0,0.0,0.0,0.0,0.0,0.0,0.0,0.0,0.0,0.0,0.0,0.0,0.0,0.0,0.0,0.0,0.0,0.0,0.0,0.0,0.0,0.0,0.0,0.0,0.0,0.0,0.0,0.0,0.0,0.0,0.0,0.0,0.0,0.0,0.0,0.0,0.0,0.0,0.0,0.0,0.0,0.0,0.0,0.0,0.0,0.0,0.0,0.0,0.0,0.0,0.0,0.0,0.0,0.0,0.0,0.0,0.0,0.0,0.0,0.0,0.0,0.0,0.0,0.0,0.0,0.0,0.0,0.0,0.0,0.0,0.0,0.0,0.0,0.0,0.0,0.0,0.0,0.0,0.0,0.0,0.0,0.0,0.0,0.0,0.0,0.0,0.0,0.0,0.0,0.0,0.0,0.0,0.0,0.0,0.0,0.0,0.0,0.0,0.0,0.0,0.0,0.0,0.24631547648376603,0.0,0.0,0.0,0.0,0.0,0.0,0.0,0.0,0.0,0.0,0.0,0.24631547648376603,0.0,0.0,0.0,0.0,0.0,0.0,0.0,0.0,0.0,0.0,0.0,0.0,0.0,0.0,0.0,0.0,0.0,0.0,0.0,0.0,0.0,0.0,0.0,0.0,0.0,0.0,0.0,0.0,0.0,0.0,0.0,0.0,0.0,0.0,0.0,0.0,0.0,0.0,0.0,0.0,0.0,0.0,0.0,0.0,0.0,0.0,0.0,0.0,0.0,0.0,0.0,0.0,0.0,0.0,0.0,0.0,0.0,0.0,0.0,0.0,0.0,0.0,0.0,0.0,0.0,0.0,0.0,0.0,0.0,0.0,0.0,0.0,0.0,0.0,0.0,0.0,0.0,0.0,0.0,0.0,0.0,0.0,0.0,0.0,0.0,0.0,0.0,0.0,0.0,0.0,0.0,0.0,0.0,0.0,0.0,0.0,0.0,0.0,0.0,0.0,0.0,0.0,0.0,0.0,0.0,0.0,0.0,0.0,0.0,0.0,0.0,0.0,0.0,0.0,0.0,0.0,0.0,0.0,0.0,0.0,0.0,0.0,0.0,0.0,0.0,0.0,0.0,0.0,0.0,0.0,0.0,0.0,0.0,0.0,0.0,0.0,0.0,0.0,0.0,0.0,0.0,0.0,0.0,0.0,0.0,0.0,0.0,0.0,0.0,0.0,0.0,0.0,0.0,0.0,0.0,0.0,0.0,0.0,0.0,0.0,0.0,0.0,0.0,0.0,0.0,0.0,0.0,0.0,0.0,0.0,0.0,0.0,0.0,0.0,0.0,0.0,0.0,0.0,0.0,0.0,0.0,0.0,0.0,0.0,0.0,0.0,0.0,0.0,0.0,0.0,0.0,0.0,0.0,0.0,0.0,0.0,0.0,0.0,0.0,0.0,0.0,0.0,0.0,0.0,0.0,0.0,0.0,0.0,0.0,0.0,0.0,0.0,0.0,0.0,0.0,0.0,0.0,0.0,0.0,0.0,0.0,0.0,0.0,0.0,0.0,0.0,0.0,0.0,0.0,0.0,0.0,0.0,0.0,0.0,0.0,0.0,0.0,0.0,0.0,0.0,0.0,0.0,0.0,0.0,0.0,0.0,0.0,0.0,0.0,0.0,0.0,0.0,0.0,0.0,0.0,0.0,0.0,0.0,0.0,0.0,0.0,0.0,0.0,0.0,0.0,0.0,0.3646332233545136,0.39329176182850106,0.0,0.0,0.0,0.0,0.0,0.0,0.0,0.0,0.0,0.0,0.0,0.0,0.0,0.0,0.0,0.0,0.0,0.0,0.0,0.0,0.0,0.0,0.0,0.0,0.0,0.0,0.0,0.0,0.0,0.0,0.0,0.0,0.0,0.0,0.0,0.0,0.0,0.39329176182850106,0.0,0.0,0.0,0.0,0.0,0.0,0.0,0.0,0.0,0.0,0.0,0.0,0.0,0.0,0.0,0.0,0.0,0.0,0.0,0.0,0.0,0.0,0.0,0.0,0.0,0.0,0.0,0.0,0.0,0.0,0.0,0.0,0.0,0.0,0.0,0.0,0.0,0.0,0.0,0.0,0.34429966671358936,0.0,0.0,0.0,0.34429966671358936,0.0,0.0,0.0,0.0,0.0,0.0,0.0,0.0,0.0,0.0,0.0,0.0,0.0,0.0,0.0,0.0,0.0,0.0,0.0,0.0,0.0,0.0,0.0,0.0,0.0,0.0,0.0,0.0,0.0,0.0,0.0,0.0,0.0,0.0,0.0,0.0,0.0,0.0,0.0,0.0,0.0,0.0,0.0,0.0,0.0,0.0,0.0,0.0,0.0,0.0,0.0,0.0,0.0,0.0,0.0,0.0,0.0,0.0,0.0,0.0,0.0,0.0,0.0,0.0,0.0,0.0,0.0,0.0,0.0,0.0,0.0,0.0,0.0,0.0,0.0,0.0,0.0,0.0,0.0,0.0,0.0,0.0,0.0,0.0,0.0,0.0,0.0,0.0,0.0,0.0,0.0,0.0,0.0,0.31564112823960194,0.0,0.0,0.0,0.0,0.0,0.0,0.0,0.0,0.0,0.0,0.0,0.0,0.0,0.0,0.0,0.0,0.0,0.0,0.0,0.0,0.0,0.0,0.0,0.0,0.0,0.0,0.0,0.0,0.0,0.0,0.0,0.0,0.0,0.0,0.0,0.0,0.0,0.0,0.0,0.0,0.0,0.0,0.0,0.0,0.0,0.0,0.0,0.0,0.0,0.0,0.0,0.0,0.0,0.0,0.0,0.0,0.0,0.0,0.0,0.0,0.0,0.0,0.0,0.0,0.0,0.0,0.0,0.0,0.0,0.0,0.0,0.0,0.0,0.0,0.0,0.0,0.0,0.0,0.0,0.0,0.0,0.0,0.0,0.0,0.0,0.0,0.0,0.0,0.0,0.0,0.0,0.0,0.0,0.0,0.0,0.0,0.0,0.0,0.0,0.0,0.0,0.0,0.0,0.0,0.0,0.0,0.0,0.0,0.0,0.0,0.0,0.0,0.0,0.0,0.0,0.0,0.31564112823960194,0.0,0.0,0.0,0.0,0.0,0.0,0.0,0.0,0.0,0.0,0.0,0.0,0.0,0.0,0.0,0.0,0.0,0.0,0.0,0.0,0.0,0.0,0.0,0.0,0.0,0.0,0.0,0.0,0.0,0.0,0.0,0.0,0.0,0.0,0.0,0.0,0.0,0.0,0.0,0.0,0.0,0.0,0.0,0.0,0.0,0.0,0.0,0.0,0.0
SD2401268,20대,음 근데 우리집이 꼭대기 층이라 그런지 좀 괜찮은 거 같은데. 층간 소음은 없는데 벽간 소음이 쪼금 있는 거 같아. 방이 그 방음이 잘 안 돼서 옆 문 그 첫 입구 문에만 서도 옆의 방이 뭐 유튜브 뭐 듣고 있는지 무슨 대화하고 있는지가 너무 잘 들려서 쪼끔 부담스럽긴 해. 근데 위에는 아무도 사람이 안 사니까 내가 살기에는 어 소음이 없어서 되게 좋은 거 같아. 그거 말고도 본가 살 때는 위층이 아빠 지인이 살았었는데 그래서 막 소음이 나도 뭐라 하기가 좀 그랬던 경험이 있어. 너는 지금 몇 층 정도에 살아? 층간 소음은 없어? 음 그 학 학교 들어오고 나서부터 2년 동안 여기 살고 올해 새로 계약해서 똑같은 데 연장해서 거기서 살고 있어. 아마 내년에는 교환 학생을 가서 없으니까 오빠가 혼자 살 거 같아 지금 같이 살고 있으니까. 그리고 사실 나는 올해 딱 계약 연장할 때쯤에 새로 구해서 따로따로 살고 싶었는데 아무래도 서울 뭐 월세가 비싸다 보니까 그냥 한집에서 해서 전세로 사는 게 낫겠다 싶어서 같이 살고 있는데. 어 아무래도 생활 패턴이나 그런 집안일 하는 거가 좀 안 맞아서 좀 그게 제일 힘들어서 따로 살고 싶었던 거 같아. 뭐 혼자 늦게 자고 그런 건 상관없는데 오빠가 게임을 하니까 늦게까지 게임하는 소리 계속 들려 오 들려 오고 하니까 나 자는 데 방에 돼서 그랬던 거 같아. 너는 그런 적은 없어? 어 중3 때까지 1곳에서 살았고 그 주 중3 이후에 약간 신도시 분양 그런 청약 담 당첨 돼 가지고 1번 이사를 갔었어. 근데 그 중3 때까지 계속 같은 지역에 살다 보니까 거기 유치원 초등학교 중학교 나오고 고등학교도 그쪽을 가려고 했는데 이사를 가게 돼서 혼자 떨어진 곳을 가니까 친구들이랑도 멀어지고 그러 그 뭐 원래 놀던 데에서도 못 놀고 이런 게 쪼끔 아쉽고 힘들긴 하더라고. 근데 집이 넓어서 되게 좋았던 거 같아. 나는 이사를 많이 안 해 봐서 막 해 보고 싶었다 이런 게 좀 컸었는데 주변에 이사 많이 다니는 사람은 안 그렇더라고. 이사를 그만 다니고 싶다 그러더라. 혹시 너도 그런 편이야? 음 나는 이사 간 다음에 우 이 이사 간 아파트 앞에 막 전원주택 같은 게 있는 거야. 그래서 나중에 이 또 이사를 가게 된다면은 저런 데에서 살고 싶다. 저런 데에서 마당에서 막 식물 키우고 동물 키우고 막 나만의 정원을 가꾸면서 2층 바 다락방에서 살고 싶다 막 이런 생각을 했었는데. 근데 막상 거기에 살면은 관리하는 게 되게 힘들어 보이더라고. 할머니 집도 그런 전원주택인데 조금만 뭘 관리를 안 해 줘도 잡초 자라고 먼지가 끼고 더러워지고 막 그런 게 많아서 관리가 힘들다고 하더라고. 근데 그럼에도 한 약간 한번쯤은 전원주택에 살고 싶다 이런 생각이 있는데. 너는 그런 어디에 살고 싶다 이런 로망 같은 게 있어? 어 전자레인지랑 냉장고 세탁기 이 이 정도는 원래 있었던 거 같고. 밥솥이랑 응 어 그 오븐 같은 거 뭐라고 하지. 그 아 에어프라이어는 사 왔고. 최근에 여름 되니까 벌레가 너무 많이 생기잖아. 특히 음식물에 벌레가 많이 생기는데 그래서 버리기가 너무 힘들어서 미생물로 분해해 주는 기계 그런 게 있더라고. 오빠가 인스타그램에서 찾아와서 막 우 이거 쓰자 막 그러면서 찾아왔던 기억이 있어. 그래서 그거를 지금 살까 고민 중에 있어. 그게 음식물 쓰레기를 넣으면은 미생물들이 분해를 해서 흙으로 바로 만들어 준대. 근데 그게 하루 만에 다 만들어 주고 냄새도 안 나서 좋다고 하더라고. 너는 혹시 집안일 같은 거는 어떻게 하는 편이야? 어 가끔 아니 자주 좀 싸운 싸우진 않고 이런 거에 대해 짜증을 내는 거 같긴 한데 내 방이 쓰레기 그 분리수거 하는 데 바로 앞에 있단 말이야. 그래서 오빠는 좀 멀어서 쓰레기 같은 걸 거기 내면 그만인데 나는 내고 나서 그게 분리수거가 잘 안 되어 있거나 막 더러운 게 섞여 있거나 하면은 냄새가 바로 내 방으로 들어온단 말이야. 그거 때문에 오빠한테 뭐라 한 적도 많았던 거 같고. 약간 분담 같은 게 예전에는 막 뭐 냉장고 청소 네가 1번 하면 내가 화장실 청소 1번 하고 이런 식으로 번갈아서 하자라고 말은 했는데 어느 순간 보니까 내가 다 하고 있더라고. 그래서 그거에 대해서 쌓아 놨다가 화내기 직전에 딱 말하면은 오빠가 또 눈치는 빨라 가지고 그제서야 부랴부랴 치우고 막 이래서 어 싸우지는 않았던 거 같아. 근데 자취를 하니까 확실히 본가 살 때는 엄마가 다 해 주고 그러는데 내가 다 해야 되니까 그게 힘든 거 같긴 해. 너는 자취하고 싶다는 생각은 없어? 아 나 처음에 집 들어올 때 막 냉장고랑 기본 가구에 막 여 연두색 띠가 막 둘러져 있는 거야. 기본 색깔로 막 있는 거야. 그래서 그걸 보고 아 진짜 별로다. 여기 살기 싫다 했었는데 막상 들어가 보니까 그런 거 별로 티도 안 나고 깔끔해 보이고 좋더라고. 그래서 그렇게 쓰고 있고. 뭔가 인테리어 아 그 자취하면 내 방식대로 바 집을 꾸미고 막 이렇게 써야지라는 생각은 있었는데 막상 있으니까 짐을 그 넣을 짐도 너무 많고 근데 그거에 비해 공간은 안 나오고 하니까 인테리어라고 할 것도 없이 그냥 짐을 넣어 놓은 거 같아. 내 방이 너무 작아서 옷장 같은 게 들어갈 공간이 안 나서 거실에다가 행거 설치해서 바로 옷 놓아두고. 그래서 뭔가 꾸미기도 애매하고 그랬던 거 같아. 너는 집 인테리어 어떤 편이야? 서울에서 살 수 있으면 좋을 거 같은데. 왜냐하면 여가 생활 같은 것도 훨씬 더 많이 할 수 있고 이제 거의 내 친구들이나 생활 반경이 서울에 중심에 맞춰져 있다 보니까 서울에서 생활하는 게 편하긴 한데 가끔씩 여기가 사람이 너무 많아서 내려가고 싶다라는 생각이 들긴 해. 근데 직장을 얻고 뭔가 더 발전을 하려면은 서울에서 사는 게 맞는 거 같아. 나는 그 본가 살 때는 지하에 헬스장이 있어서 그거를 썼단 말이야. 근데 자취를 하니까 그런 여가 시설 시 그 아무튼 시설들이 없어서 막 주변에서 주변 다른 헬스장을 등록해 놨단 말이야. 근데 너는 지금 어쨌든 본가에 살잖아. 큰 아파트에 사는데 그러면 거기에 막 여가 시설 같은 게 와 잘 마련되어 있어?,0.005747126436781609,0.017241379310344827,0.004597701149425287,0.0,0.005747126436781609,0.0034482758620689655,0.005747126436781609,0.008045977011494253,0.01839080459770115,0.029885057471264367,0.004597701149425287,0.027586206896551724,0.0,0.008045977011494253,0.0022988505747126436,0.0,0.0034482758620689655,0.0011494252873563218,0.03218390804597701,0.013793103448275862,0.0,0.0,0.0,0.0022988505747126436,0.0,0.004597701149425287,0.021839080459770115,0.0,0.0034482758620689655,0.0034482758620689655,0.04367816091954023,0.0,0.006896551724137931,0.0,0.004597701149425287,0.009195402298850575,0.0,0.0,0.011494252873563218,0.0011494252873563218,0.0,0.0022988505747126436,0.0,0.0,0.034482758620689655,0.004597701149425287,0.013793103448275862,0.0022988505747126436,0.004597701149425287,0.0367816091954023,0.009195402298850575,0.0011494252873563218,0.0,0.0022988505747126436,0.0,0.0011494252873563218,0.0011494252873563218,0.0022988505747126436,0.0,0.006896551724137931,0.0,0.0,0.0,0.0011494252873563218,0.006896551724137931,0.0022988505747126436,0.0022988505747126436,0.0011494252873563218,0.0011494252873563218,0.0,0.0,0.0,0.0022988505747126436,0.0,0.0,0.005747126436781609,0.0022988505747126436,0.0,0.006896551724137931,0.010344827586206896,0.0011494252873563218,0.0,0.0,0.0,0.0,0.004597701149425287,0.0034482758620689655,0.0,0.0022988505747126436,0.004597701149425287,0.0,0.0022988505747126436,0.0,0.0011494252873563218,0.0,0.0011494252873563218,0.0011494252873563218,0.0011494252873563218,0.0,0.0022988505747126436,0.004597701149425287,0.0011494252873563218,0.0,0.0,0.0,0.0,0.01264367816091954,0.009195402298850575,0.0,0.0011494252873563218,0.0011494252873563218,0.0022988505747126436,0.0011494252873563218,0.0,0.0,0.0011494252873563218,0.0,0.0,0.0011494252873563218,0.011494252873563218,0.0,0.005747126436781609,0.0011494252873563218,0.0,0.0022988505747126436,0.0011494252873563218,0.0011494252873563218,0.0,0.0022988505747126436,0.0,0.0,0.0,0.0,0.0034482758620689655,0.0,0.0,0.01839080459770115,0.0022988505747126436,0.0,0.0,0.0022988505747126436,0.0022988505747126436,0.0022988505747126436,0.0,0.0,0.005747126436781609,0.0011494252873563218,0.0,0.008045977011494253,0.0022988505747126436,0.0011494252873563218,0.005747126436781609,0.0011494252873563218,0.0,0.0,0.0011494252873563218,0.0,0.0011494252873563218,0.006896551724137931,0.0011494252873563218,0.0,0.0034482758620689655,0.0,0.0,0.0,0.004597701149425287,0.0011494252873563218,0.0011494252873563218,0.0,0.0,0.0011494252873563218,0.0,0.0,0.0,0.006896551724137931,0.0,0.0,0.0,0.0,0.0,0.0011494252873563218,0.0,0.0034482758620689655,0.0022988505747126436,0.0,0.0022988505747126436,0.0,0.0022988505747126436,0.0022988505747126436,0.0,0.0,0.0,0.0022988505747126436,0.0,0.0,0.0011494252873563218,0.0,0.0,0.0,0.0,0.0034482758620689655,0.0,0.004597701149425287,0.0,0.0,0.0,0.0,0.0,0.0,0.0011494252873563218,0.0,0.0,0.0,0.0,0.0011494252873563218,0.0,0.0011494252873563218,0.0,0.0011494252873563218,0.0,0.0022988505747126436,0.0,0.0011494252873563218,0.0022988505747126436,0.0,0.0,0.005747126436781609,0.0,0.0022988505747126436,0.0,0.0,0.0,0.0,0.0,0.0,0.0,0.0,0.0,0.0022988505747126436,0.0,0.0,0.0,0.004597701149425287,0.0,0.0,0.0,0.0,0.0,0.0,0.0,0.0,0.0,0.0,0.0,0.0,0.0,0.006896551724137931,0.0034482758620689655,0.0011494252873563218,0.0011494252873563218,0.0011494252873563218,0.0011494252873563218,0.0022988505747126436,0.0022988505747126436,0.0011494252873563218,0.0011494252873563218,0.0011494252873563218,0.0011494252873563218,0.0011494252873563218,0.0011494252873563218,0.0034482758620689655,0.0011494252873563218,0.005747126436781609,0.0011494252873563218,0.0011494252873563218,0.0011494252873563218,0.0022988505747126436,0.0022988505747126436,0.0011494252873563218,0.0022988505747126436,0.0011494252873563218,0.0011494252873563218,0.0011494252873563218,0.0011494252873563218,0.0022988505747126436,0.0011494252873563218,0.0011494252873563218,0.0011494252873563218,0.0022988505747126436,0.0011494252873563218,0.0011494252873563218,0.0011494252873563218,0.0011494252873563218,0.0011494252873563218,0.0011494252873563218,0.0011494252873563218,0.0011494252873563218,0.0022988505747126436,0.0022988505747126436,0.0011494252873563218,0.0011494252873563218,0.0011494252873563218,0.0022988505747126436,0.0011494252873563218,0.0011494252873563218,0.0034482758620689655,0.0011494252873563218,0.0011494252873563218,0.0011494252873563218,0.0011494252873563218,0.0011494252873563218,0.0011494252873563218,0.0011494252873563218,0.0022988505747126436,0.0011494252873563218,0.0022988505747126436,0.0022988505747126436,0.0011494252873563218,0.0011494252873563218,0.0034482758620689655,0.0011494252873563218,0.0011494252873563218,0.0022988505747126436,0.0011494252873563218,0.0022988505747126436,0.0011494252873563218,0.0011494252873563218,0.0022988505747126436,0.0011494252873563218,0.0011494252873563218,0.0011494252873563218,0.0022988505747126436,0.0011494252873563218,0.0034482758620689655,0.0034482758620689655,0.0022988505747126436,0.0011494252873563218,0.0011494252873563218,0.0011494252873563218,0.0011494252873563218,0.0011494252873563218,0.0011494252873563218,0.0011494252873563218,0.004597701149425287,0.0011494252873563218,0.0011494252873563218,0.0011494252873563218,0.0011494252873563218,0.0022988505747126436,0.0011494252873563218,0.0011494252873563218,0.0011494252873563218,0.0034482758620689655,0.0011494252873563218,0.0011494252873563218,0.0011494252873563218,0.0011494252873563218,0.0022988505747126436,0.0011494252873563218,0.0022988505747126436,0.0022988505747126436,0.0022988505747126436,0.0011494252873563218,0.0011494252873563218,0.0011494252873563218,0.0011494252873563218,0.0022988505747126436,0.0011494252873563218,0.0034482758620689655,0.0034482758620689655,0.0011494252873563218,0.004597701149425287,0.0011494252873563218,0.0011494252873563218,0.0022988505747126436,0.0022988505747126436,0.0011494252873563218,0.0011494252873563218,0.0011494252873563218,0.0022988505747126436,0.0011494252873563218,0.0022988505747126436,0.0022988505747126436,0.0011494252873563218,0.0011494252873563218,0.0011494252873563218,0.0011494252873563218,0.0011494252873563218,0.0011494252873563218,0.0011494252873563218,0.0011494252873563218,0.0011494252873563218,0.0011494252873563218,0.0011494252873563218,0.0011494252873563218,0.0022988505747126436,0.0011494252873563218,0.0011494252873563218,0.0011494252873563218,0.0011494252873563218,0.0011494252873563218,0.0011494252873563218,0.0011494252873563218,0.0011494252873563218,0.0011494252873563218,0.0011494252873563218,0.0011494252873563218,0.0022988505747126436,0.0011494252873563218,0.0011494252873563218,0.0011494252873563218,0.0011494252873563218,0.0011494252873563218,0.0022988505747126436,0.0011494252873563218,0.0022988505747126436,0.0011494252873563218,0.0011494252873563218,0.0011494252873563218,0.0034482758620689655,0.0011494252873563218,0.0011494252873563218,0.0011494252873563218,0.0011494252873563218,0.0011494252873563218,0.0011494252873563218,0.0011494252873563218,0.0011494252873563218,0.0011494252873563218,0.0011494252873563218,0.0011494252873563218,0.0011494252873563218,0.0034482758620689655,0.0011494252873563218,0.0022988505747126436,0.0011494252873563218,0.0011494252873563218,0.0011494252873563218,0.0011494252873563218,0.0011494252873563218,0.0011494252873563218,0.0011494252873563218,0.0011494252873563218,0.0011494252873563218,0.0011494252873563218,0.0011494252873563218,0.0011494252873563218,0.0011494252873563218,0.0011494252873563218,0.0011494252873563218,0.0011494252873563218,0.0011494252873563218,0.0011494252873563218,0.0,0.0,0.0,0.0,0.0,0.0,0.0,0.0,0.0,0.0,0.0,0.0,0.0,0.0,0.0,0.0,0.0,0.0,0.0,0.0,0.0,0.0,0.0,0.0,0.0,0.0,0.0,0.0,0.0,0.0,0.0,0.0,0.0,0.0,0.0,0.0,0.0,0.0,0.0,0.0,0.0,0.0,0.0,0.0,0.0,0.0,0.0,0.0,0.0,0.0,0.0,0.0,0.0,0.0,0.0,0.0,0.0,0.0,0.0,0.0,0.0,0.0,0.0,0.0,0.0,0.0,0.0,0.0,0.0,0.0,0.0,0.0,0.0,0.0,0.0,0.0,0.0,0.0,0.0,0.0,0.0,0.0,0.0,0.0,0.0,0.0,0.0,0.0,0.0,0.0,0.0,0.0,0.0,0.0,0.0,0.0,0.0,0.0,0.0,0.0,0.0,0.0,0.0,0.0,0.0,0.0,0.0,0.0,0.0,0.0,0.0,0.0,0.0,0.0,0.0,0.0,0.0,0.0,0.0,0.0,0.0,0.0,0.0,0.0,0.0,0.0,0.0,0.0,0.0,0.0,0.0,0.0,0.0,0.0,0.0,0.0,0.0,0.0,0.0,0.0,0.0,0.0,0.0,0.0,0.0,0.0,0.0,0.0,0.0,0.0,0.0,0.0,0.0,0.0,0.0,0.0,0.0,0.0,0.0,0.0,0.0,0.0,0.0,0.0,0.0,0.0,0.0,0.0,0.3912567544957192,0.0,0.0,0.0,0.0,0.0,0.0,0.0,0.0,0.0,0.0,0.0,0.0,0.0,0.0,0.0,0.0,0.3912567544957192,0.0,0.0,0.0,0.0,0.0,0.0,0.0,0.0,0.0,0.0,0.0,0.0,0.0,0.0,0.0,0.0,0.0,0.0,0.0,0.0,0.0,0.0,0.0,0.0,0.0,0.0,0.0,0.0,0.0,0.0,0.0,0.0,0.0,0.0,0.0,0.0,0.0,0.0,0.0,0.0,0.3912567544957192,0.0,0.0,0.0,0.0,0.0,0.0,0.0,0.0,0.0,0.0,0.0,0.0,0.0,0.0,0.0,0.0,0.0,0.0,0.0,0.0,0.0,0.0,0.0,0.0,0.0,0.0,0.0,0.0,0.0,0.0,0.0,0.28549765737893396,0.0,0.0,0.0,0.0,0.0,0.0,0.0,0.0,0.0,0.0,0.0,0.0,0.0,0.0,0.0,0.0,0.0,0.0,0.0,0.0,0.0,0.0,0.0,0.0,0.0,0.0,0.0,0.0,0.0,0.0,0.0,0.0,0.0,0.0,0.0,0.0,0.0,0.0,0.0,0.0,0.0,0.0,0.0,0.0,0.0,0.0,0.0,0.0,0.0,0.0,0.0,0.0,0.0,0.0,0.0,0.0,0.0,0.0,0.0,0.0,0.0,0.0,0.0,0.0,0.0,0.0,0.0,0.0,0.0,0.0,0.0,0.0,0.0,0.0,0.0,0.0,0.0,0.0,0.0,0.0,0.0,0.0,0.0,0.0,0.0,0.0,0.0,0.0,0.0,0.0,0.0,0.0,0.0,0.0,0.0,0.0,0.0,0.0,0.0,0.0,0.0,0.0,0.0,0.0,0.0,0.0,0.0,0.0,0.0,0.0,0.0,0.0,0.0,0.0,0.0,0.0,0.0,0.0,0.0,0.0,0.0,0.0,0.0,0.0,0.0,0.0,0.0,0.0,0.0,0.0,0.0,0.0,0.0,0.0,0.0,0.0,0.0,0.0,0.0,0.0,0.0,0.0,0.0,0.0,0.0,0.0,0.0,0.0,0.0,0.0,0.0,0.0,0.0,0.0,0.0,0.0,0.0,0.0,0.0,0.0,0.0,0.0,0.0,0.0,0.0,0.0,0.0,0.0,0.0,0.0,0.0,0.0,0.0,0.0,0.0,0.0,0.0,0.0,0.0,0.0,0.0,0.0,0.0,0.0,0.0,0.0,0.0,0.0,0.0,0.0,0.0,0.0,0.0,0.0,0.0,0.0,0.0,0.0,0.0,0.0,0.0,0.0,0.0,0.0,0.0,0.0,0.0,0.0,0.0,0.0,0.0,0.0,0.0,0.0,0.0,0.0,0.0,0.0,0.0,0.0,0.0,0.0,0.0,0.0,0.0,0.0,0.0,0.0,0.0,0.0,0.0,0.0,0.0,0.0,0.0,0.0,0.0,0.0,0.0,0.0,0.0,0.0,0.0,0.0,0.0,0.0,0.0,0.0,0.0,0.0,0.0,0.0,0.0,0.0,0.0,0.0,0.0,0.0,0.0,0.0,0.0,0.0,0.0,0.0,0.0,0.0,0.0,0.0,0.0,0.0,0.0,0.0,0.0,0.0,0.0,0.0,0.0,0.0,0.0,0.0,0.0,0.0,0.0,0.0,0.0,0.0,0.0,0.0,0.0,0.0,0.0,0.0,0.0,0.0,0.0,0.0,0.0,0.0,0.0,0.0,0.0,0.0,0.0,0.0,0.0,0.0,0.0,0.0,0.0,0.0,0.0,0.0,0.0,0.0,0.0,0.0,0.0,0.0,0.0,0.0,0.0,0.0,0.0,0.0,0.0,0.0,0.0,0.0,0.0,0.0,0.0,0.0,0.0,0.0,0.0,0.0,0.0,0.0,0.0,0.0,0.0,0.0,0.0,0.3912567544957192,0.0,0.3912567544957192,0.0,0.0,0.0,0.0,0.0,0.0,0.0,0.0,0.0,0.0,0.0,0.0,0.0,0.0,0.0,0.0,0.0,0.0,0.0,0.0,0.0,0.0,0.0,0.0,0.0,0.0,0.0,0.0,0.0,0.0,0.0,0.0,0.0,0.0,0.0,0.0,0.0,0.0,0.0,0.0,0.0,0.0,0.0,0.0,0.0,0.0,0.0,0.0,0.0,0.0,0.0,0.0,0.0,0.0,0.0,0.0,0.0,0.0,0.0,0.0,0.0,0.0,0.0,0.0,0.0,0.0,0.0,0.0,0.0,0.0,0.0,0.0,0.0,0.0,0.0,0.0,0.0,0.0,0.0,0.0,0.0,0.0,0.0,0.0,0.0,0.0,0.0,0.0,0.0,0.0,0.0,0.0,0.0,0.0,0.0,0.0,0.0,0.0,0.0,0.0,0.0,0.3912567544957192,0.0,0.0,0.0,0.0,0.0,0.0,0.0,0.0,0.0,0.0,0.0,0.0,0.0,0.0,0.0,0.0,0.0,0.0,0.0,0.0
SD2401268,20대,음 근데 우리집이 꼭대기 층이라 그런지 좀 괜찮은 거 같은데. 층간 소음은 없는데 벽간 소음이 쪼금 있는 거 같아. 방이 그 방음이 잘 안 돼서 옆 문 그 첫 입구 문에만 서도 옆의 방이 뭐 유튜브 뭐 듣고 있는지 무슨 대화하고 있는지가 너무 잘 들려서 쪼끔 부담스럽긴 해. 근데 위에는 아무도 사람이 안 사니까 내가 살기에는 어 소음이 없어서 되게 좋은 거 같아. 그거 말고도 본가 살 때는 위층이 아빠 지인이 살았었는데 그래서 막 소음이 나도 뭐라 하기가 좀 그랬던 경험이 있어. 너는 지금 몇 층 정도에 살아? 층간 소음은 없어? 음 그 학 학교 들어오고 나서부터 2년 동안 여기 살고 올해 새로 계약해서 똑같은 데 연장해서 거기서 살고 있어. 아마 내년에는 교환 학생을 가서 없으니까 오빠가 혼자 살 거 같아 지금 같이 살고 있으니까. 그리고 사실 나는 올해 딱 계약 연장할 때쯤에 새로 구해서 따로따로 살고 싶었는데 아무래도 서울 뭐 월세가 비싸다 보니까 그냥 한집에서 해서 전세로 사는 게 낫겠다 싶어서 같이 살고 있는데. 어 아무래도 생활 패턴이나 그런 집안일 하는 거가 좀 안 맞아서 좀 그게 제일 힘들어서 따로 살고 싶었던 거 같아. 뭐 혼자 늦게 자고 그런 건 상관없는데 오빠가 게임을 하니까 늦게까지 게임하는 소리 계속 들려 오 들려 오고 하니까 나 자는 데 방에 돼서 그랬던 거 같아. 너는 그런 적은 없어? 어 중3 때까지 1곳에서 살았고 그 주 중3 이후에 약간 신도시 분양 그런 청약 담 당첨 돼 가지고 1번 이사를 갔었어. 근데 그 중3 때까지 계속 같은 지역에 살다 보니까 거기 유치원 초등학교 중학교 나오고 고등학교도 그쪽을 가려고 했는데 이사를 가게 돼서 혼자 떨어진 곳을 가니까 친구들이랑도 멀어지고 그러 그 뭐 원래 놀던 데에서도 못 놀고 이런 게 쪼끔 아쉽고 힘들긴 하더라고. 근데 집이 넓어서 되게 좋았던 거 같아. 나는 이사를 많이 안 해 봐서 막 해 보고 싶었다 이런 게 좀 컸었는데 주변에 이사 많이 다니는 사람은 안 그렇더라고. 이사를 그만 다니고 싶다 그러더라. 혹시 너도 그런 편이야? 음 나는 이사 간 다음에 우 이 이사 간 아파트 앞에 막 전원주택 같은 게 있는 거야. 그래서 나중에 이 또 이사를 가게 된다면은 저런 데에서 살고 싶다. 저런 데에서 마당에서 막 식물 키우고 동물 키우고 막 나만의 정원을 가꾸면서 2층 바 다락방에서 살고 싶다 막 이런 생각을 했었는데. 근데 막상 거기에 살면은 관리하는 게 되게 힘들어 보이더라고. 할머니 집도 그런 전원주택인데 조금만 뭘 관리를 안 해 줘도 잡초 자라고 먼지가 끼고 더러워지고 막 그런 게 많아서 관리가 힘들다고 하더라고. 근데 그럼에도 한 약간 한번쯤은 전원주택에 살고 싶다 이런 생각이 있는데. 너는 그런 어디에 살고 싶다 이런 로망 같은 게 있어? 어 전자레인지랑 냉장고 세탁기 이 이 정도는 원래 있었던 거 같고. 밥솥이랑 응 어 그 오븐 같은 거 뭐라고 하지. 그 아 에어프라이어는 사 왔고. 최근에 여름 되니까 벌레가 너무 많이 생기잖아. 특히 음식물에 벌레가 많이 생기는데 그래서 버리기가 너무 힘들어서 미생물로 분해해 주는 기계 그런 게 있더라고. 오빠가 인스타그램에서 찾아와서 막 우 이거 쓰자 막 그러면서 찾아왔던 기억이 있어. 그래서 그거를 지금 살까 고민 중에 있어. 그게 음식물 쓰레기를 넣으면은 미생물들이 분해를 해서 흙으로 바로 만들어 준대. 근데 그게 하루 만에 다 만들어 주고 냄새도 안 나서 좋다고 하더라고. 너는 혹시 집안일 같은 거는 어떻게 하는 편이야? 어 가끔 아니 자주 좀 싸운 싸우진 않고 이런 거에 대해 짜증을 내는 거 같긴 한데 내 방이 쓰레기 그 분리수거 하는 데 바로 앞에 있단 말이야. 그래서 오빠는 좀 멀어서 쓰레기 같은 걸 거기 내면 그만인데 나는 내고 나서 그게 분리수거가 잘 안 되어 있거나 막 더러운 게 섞여 있거나 하면은 냄새가 바로 내 방으로 들어온단 말이야. 그거 때문에 오빠한테 뭐라 한 적도 많았던 거 같고. 약간 분담 같은 게 예전에는 막 뭐 냉장고 청소 네가 1번 하면 내가 화장실 청소 1번 하고 이런 식으로 번갈아서 하자라고 말은 했는데 어느 순간 보니까 내가 다 하고 있더라고. 그래서 그거에 대해서 쌓아 놨다가 화내기 직전에 딱 말하면은 오빠가 또 눈치는 빨라 가지고 그제서야 부랴부랴 치우고 막 이래서 어 싸우지는 않았던 거 같아. 근데 자취를 하니까 확실히 본가 살 때는 엄마가 다 해 주고 그러는데 내가 다 해야 되니까 그게 힘든 거 같긴 해. 너는 자취하고 싶다는 생각은 없어? 아 나 처음에 집 들어올 때 막 냉장고랑 기본 가구에 막 여 연두색 띠가 막 둘러져 있는 거야. 기본 색깔로 막 있는 거야. 그래서 그걸 보고 아 진짜 별로다. 여기 살기 싫다 했었는데 막상 들어가 보니까 그런 거 별로 티도 안 나고 깔끔해 보이고 좋더라고. 그래서 그렇게 쓰고 있고. 뭔가 인테리어 아 그 자취하면 내 방식대로 바 집을 꾸미고 막 이렇게 써야지라는 생각은 있었는데 막상 있으니까 짐을 그 넣을 짐도 너무 많고 근데 그거에 비해 공간은 안 나오고 하니까 인테리어라고 할 것도 없이 그냥 짐을 넣어 놓은 거 같아. 내 방이 너무 작아서 옷장 같은 게 들어갈 공간이 안 나서 거실에다가 행거 설치해서 바로 옷 놓아두고. 그래서 뭔가 꾸미기도 애매하고 그랬던 거 같아. 너는 집 인테리어 어떤 편이야? 서울에서 살 수 있으면 좋을 거 같은데. 왜냐하면 여가 생활 같은 것도 훨씬 더 많이 할 수 있고 이제 거의 내 친구들이나 생활 반경이 서울에 중심에 맞춰져 있다 보니까 서울에서 생활하는 게 편하긴 한데 가끔씩 여기가 사람이 너무 많아서 내려가고 싶다라는 생각이 들긴 해. 근데 직장을 얻고 뭔가 더 발전을 하려면은 서울에서 사는 게 맞는 거 같아. 나는 그 본가 살 때는 지하에 헬스장이 있어서 그거를 썼단 말이야. 근데 자취를 하니까 그런 여가 시설 시 그 아무튼 시설들이 없어서 막 주변에서 주변 다른 헬스장을 등록해 놨단 말이야. 근데 너는 지금 어쨌든 본가에 살잖아. 큰 아파트에 사는데 그러면 거기에 막 여가 시설 같은 게 와 잘 마련되어 있어?,0.005747126436781609,0.017241379310344827,0.004597701149425287,0.0,0.005747126436781609,0.0034482758620689655,0.005747126436781609,0.008045977011494253,0.01839080459770115,0.029885057471264367,0.004597701149425287,0.027586206896551724,0.0,0.008045977011494253,0.0022988505747126436,0.0,0.0034482758620689655,0.0011494252873563218,0.03218390804597701,0.013793103448275862,0.0,0.0,0.0,0.0022988505747126436,0.0,0.004597701149425287,0.021839080459770115,0.0,0.0034482758620689655,0.0034482758620689655,0.04367816091954023,0.0,0.006896551724137931,0.0,0.004597701149425287,0.009195402298850575,0.0,0.0,0.011494252873563218,0.0011494252873563218,0.0,0.0022988505747126436,0.0,0.0,0.034482758620689655,0.004597701149425287,0.013793103448275862,0.0022988505747126436,0.004597701149425287,0.0367816091954023,0.009195402298850575,0.0011494252873563218,0.0,0.0022988505747126436,0.0,0.0011494252873563218,0.0011494252873563218,0.0022988505747126436,0.0,0.006896551724137931,0.0,0.0,0.0,0.0011494252873563218,0.006896551724137931,0.0022988505747126436,0.0022988505747126436,0.0011494252873563218,0.0011494252873563218,0.0,0.0,0.0,0.0022988505747126436,0.0,0.0,0.005747126436781609,0.0022988505747126436,0.0,0.006896551724137931,0.010344827586206896,0.0011494252873563218,0.0,0.0,0.0,0.0,0.004597701149425287,0.0034482758620689655,0.0,0.0022988505747126436,0.004597701149425287,0.0,0.0022988505747126436,0.0,0.0011494252873563218,0.0,0.0011494252873563218,0.0011494252873563218,0.0011494252873563218,0.0,0.0022988505747126436,0.004597701149425287,0.0011494252873563218,0.0,0.0,0.0,0.0,0.01264367816091954,0.009195402298850575,0.0,0.0011494252873563218,0.0011494252873563218,0.0022988505747126436,0.0011494252873563218,0.0,0.0,0.0011494252873563218,0.0,0.0,0.0011494252873563218,0.011494252873563218,0.0,0.005747126436781609,0.0011494252873563218,0.0,0.0022988505747126436,0.0011494252873563218,0.0011494252873563218,0.0,0.0022988505747126436,0.0,0.0,0.0,0.0,0.0034482758620689655,0.0,0.0,0.01839080459770115,0.0022988505747126436,0.0,0.0,0.0022988505747126436,0.0022988505747126436,0.0022988505747126436,0.0,0.0,0.005747126436781609,0.0011494252873563218,0.0,0.008045977011494253,0.0022988505747126436,0.0011494252873563218,0.005747126436781609,0.0011494252873563218,0.0,0.0,0.0011494252873563218,0.0,0.0011494252873563218,0.006896551724137931,0.0011494252873563218,0.0,0.0034482758620689655,0.0,0.0,0.0,0.004597701149425287,0.0011494252873563218,0.0011494252873563218,0.0,0.0,0.0011494252873563218,0.0,0.0,0.0,0.006896551724137931,0.0,0.0,0.0,0.0,0.0,0.0011494252873563218,0.0,0.0034482758620689655,0.0022988505747126436,0.0,0.0022988505747126436,0.0,0.0022988505747126436,0.0022988505747126436,0.0,0.0,0.0,0.0022988505747126436,0.0,0.0,0.0011494252873563218,0.0,0.0,0.0,0.0,0.0034482758620689655,0.0,0.004597701149425287,0.0,0.0,0.0,0.0,0.0,0.0,0.0011494252873563218,0.0,0.0,0.0,0.0,0.0011494252873563218,0.0,0.0011494252873563218,0.0,0.0011494252873563218,0.0,0.0022988505747126436,0.0,0.0011494252873563218,0.0022988505747126436,0.0,0.0,0.005747126436781609,0.0,0.0022988505747126436,0.0,0.0,0.0,0.0,0.0,0.0,0.0,0.0,0.0,0.0022988505747126436,0.0,0.0,0.0,0.004597701149425287,0.0,0.0,0.0,0.0,0.0,0.0,0.0,0.0,0.0,0.0,0.0,0.0,0.0,0.006896551724137931,0.0034482758620689655,0.0011494252873563218,0.0011494252873563218,0.0011494252873563218,0.0011494252873563218,0.0022988505747126436,0.0022988505747126436,0.0011494252873563218,0.0011494252873563218,0.0011494252873563218,0.0011494252873563218,0.0011494252873563218,0.0011494252873563218,0.0034482758620689655,0.0011494252873563218,0.005747126436781609,0.0011494252873563218,0.0011494252873563218,0.0011494252873563218,0.0022988505747126436,0.0022988505747126436,0.0011494252873563218,0.0022988505747126436,0.0011494252873563218,0.0011494252873563218,0.0011494252873563218,0.0011494252873563218,0.0022988505747126436,0.0011494252873563218,0.0011494252873563218,0.0011494252873563218,0.0022988505747126436,0.0011494252873563218,0.0011494252873563218,0.0011494252873563218,0.0011494252873563218,0.0011494252873563218,0.0011494252873563218,0.0011494252873563218,0.0011494252873563218,0.0022988505747126436,0.0022988505747126436,0.0011494252873563218,0.0011494252873563218,0.0011494252873563218,0.0022988505747126436,0.0011494252873563218,0.0011494252873563218,0.0034482758620689655,0.0011494252873563218,0.0011494252873563218,0.0011494252873563218,0.0011494252873563218,0.0011494252873563218,0.0011494252873563218,0.0011494252873563218,0.0022988505747126436,0.0011494252873563218,0.0022988505747126436,0.0022988505747126436,0.0011494252873563218,0.0011494252873563218,0.0034482758620689655,0.0011494252873563218,0.0011494252873563218,0.0022988505747126436,0.0011494252873563218,0.0022988505747126436,0.0011494252873563218,0.0011494252873563218,0.0022988505747126436,0.0011494252873563218,0.0011494252873563218,0.0011494252873563218,0.0022988505747126436,0.0011494252873563218,0.0034482758620689655,0.0034482758620689655,0.0022988505747126436,0.0011494252873563218,0.0011494252873563218,0.0011494252873563218,0.0011494252873563218,0.0011494252873563218,0.0011494252873563218,0.0011494252873563218,0.004597701149425287,0.0011494252873563218,0.0011494252873563218,0.0011494252873563218,0.0011494252873563218,0.0022988505747126436,0.0011494252873563218,0.0011494252873563218,0.0011494252873563218,0.0034482758620689655,0.0011494252873563218,0.0011494252873563218,0.0011494252873563218,0.0011494252873563218,0.0022988505747126436,0.0011494252873563218,0.0022988505747126436,0.0022988505747126436,0.0022988505747126436,0.0011494252873563218,0.0011494252873563218,0.0011494252873563218,0.0011494252873563218,0.0022988505747126436,0.0011494252873563218,0.0034482758620689655,0.0034482758620689655,0.0011494252873563218,0.004597701149425287,0.0011494252873563218,0.0011494252873563218,0.0022988505747126436,0.0022988505747126436,0.0011494252873563218,0.0011494252873563218,0.0011494252873563218,0.0022988505747126436,0.0011494252873563218,0.0022988505747126436,0.0022988505747126436,0.0011494252873563218,0.0011494252873563218,0.0011494252873563218,0.0011494252873563218,0.0011494252873563218,0.0011494252873563218,0.0011494252873563218,0.0011494252873563218,0.0011494252873563218,0.0011494252873563218,0.0011494252873563218,0.0011494252873563218,0.0022988505747126436,0.0011494252873563218,0.0011494252873563218,0.0011494252873563218,0.0011494252873563218,0.0011494252873563218,0.0011494252873563218,0.0011494252873563218,0.0011494252873563218,0.0011494252873563218,0.0011494252873563218,0.0011494252873563218,0.0022988505747126436,0.0011494252873563218,0.0011494252873563218,0.0011494252873563218,0.0011494252873563218,0.0011494252873563218,0.0022988505747126436,0.0011494252873563218,0.0022988505747126436,0.0011494252873563218,0.0011494252873563218,0.0011494252873563218,0.0034482758620689655,0.0011494252873563218,0.0011494252873563218,0.0011494252873563218,0.0011494252873563218,0.0011494252873563218,0.0011494252873563218,0.0011494252873563218,0.0011494252873563218,0.0011494252873563218,0.0011494252873563218,0.0011494252873563218,0.0011494252873563218,0.0034482758620689655,0.0011494252873563218,0.0022988505747126436,0.0011494252873563218,0.0011494252873563218,0.0011494252873563218,0.0011494252873563218,0.0011494252873563218,0.0011494252873563218,0.0011494252873563218,0.0011494252873563218,0.0011494252873563218,0.0011494252873563218,0.0011494252873563218,0.0011494252873563218,0.0011494252873563218,0.0011494252873563218,0.0011494252873563218,0.0011494252873563218,0.0011494252873563218,0.0011494252873563218,0.0,0.0,0.0,0.0,0.0,0.0,0.0,0.0,0.0,0.0,0.0,0.0,0.0,0.0,0.0,0.0,0.0,0.0,0.0,0.0,0.0,0.0,0.0,0.0,0.0,0.0,0.0,0.0,0.0,0.0,0.0,0.0,0.0,0.0,0.0,0.0,0.0,0.0,0.0,0.0,0.0,0.0,0.0,0.0,0.0,0.0,0.0,0.0,0.0,0.0,0.0,0.0,0.0,0.0,0.0,0.0,0.0,0.0,0.0,0.0,0.0,0.0,0.0,0.0,0.0,0.0,0.0,0.0,0.0,0.0,0.0,0.0,0.0,0.0,0.0,0.0,0.0,0.0,0.0,0.0,0.0,0.0,0.0,0.0,0.0,0.0,0.0,0.0,0.0,0.0,0.0,0.0,0.0,0.0,0.0,0.0,0.0,0.0,0.0,0.0,0.0,0.0,0.0,0.0,0.0,0.0,0.0,0.0,0.0,0.0,0.0,0.0,0.0,0.0,0.0,0.32205461124114926,0.0,0.0,0.0,0.0,0.0,0.0,0.0,0.0,0.0,0.0,0.0,0.0,0.0,0.0,0.0,0.0,0.0,0.0,0.0,0.0,0.0,0.0,0.0,0.0,0.0,0.0,0.0,0.0,0.0,0.0,0.0,0.0,0.0,0.0,0.0,0.0,0.35668157985788385,0.0,0.0,0.0,0.0,0.0,0.0,0.0,0.0,0.0,0.0,0.0,0.0,0.0,0.0,0.0,0.0,0.0,0.0,0.0,0.0,0.0,0.0,0.0,0.0,0.0,0.0,0.0,0.0,0.0,0.0,0.0,0.0,0.0,0.0,0.0,0.0,0.0,0.0,0.0,0.0,0.0,0.0,0.0,0.0,0.0,0.0,0.0,0.0,0.0,0.0,0.0,0.0,0.0,0.0,0.0,0.0,0.0,0.0,0.0,0.0,0.0,0.0,0.0,0.0,0.0,0.0,0.0,0.0,0.0,0.0,0.0,0.0,0.0,0.0,0.0,0.0,0.0,0.0,0.0,0.0,0.0,0.0,0.0,0.0,0.0,0.0,0.0,0.0,0.0,0.0,0.0,0.0,0.0,0.0,0.0,0.0,0.0,0.0,0.0,0.0,0.0,0.0,0.0,0.0,0.0,0.0,0.0,0.0,0.0,0.0,0.0,0.0,0.0,0.0,0.0,0.0,0.0,0.0,0.0,0.0,0.0,0.0,0.0,0.0,0.0,0.0,0.0,0.0,0.0,0.0,0.0,0.0,0.0,0.0,0.0,0.0,0.0,0.0,0.0,0.0,0.0,0.0,0.0,0.0,0.0,0.0,0.0,0.0,0.0,0.0,0.0,0.0,0.0,0.0,0.47675368462194306,0.0,0.0,0.0,0.0,0.0,0.0,0.0,0.0,0.0,0.0,0.0,0.0,0.0,0.0,0.0,0.0,0.0,0.0,0.0,0.0,0.0,0.0,0.0,0.0,0.0,0.0,0.0,0.0,0.0,0.0,0.0,0.0,0.0,0.0,0.0,0.0,0.47675368462194306,0.0,0.0,0.0,0.0,0.0,0.0,0.0,0.0,0.0,0.0,0.0,0.0,0.0,0.0,0.0,0.0,0.0,0.0,0.0,0.0,0.0,0.0,0.0,0.0,0.0,0.0,0.0,0.0,0.0,0.0,0.0,0.0,0.0,0.0,0.0,0.0,0.0,0.0,0.0,0.0,0.0,0.0,0.0,0.0,0.0,0.0,0.0,0.0,0.0,0.0,0.0,0.0,0.0,0.0,0.0,0.0,0.0,0.0,0.0,0.0,0.0,0.0,0.0,0.0,0.0,0.0,0.0,0.0,0.0,0.0,0.0,0.0,0.0,0.0,0.0,0.0,0.0,0.0,0.0,0.0,0.0,0.0,0.0,0.0,0.0,0.0,0.0,0.0,0.0,0.0,0.0,0.0,0.0,0.0,0.0,0.0,0.0,0.0,0.0,0.0,0.0,0.0,0.0,0.0,0.0,0.0,0.0,0.450167796586709,0.0,0.0,0.0,0.0,0.0,0.0,0.0,0.0,0.0,0.0,0.0,0.0,0.0,0.0,0.0,0.0,0.0,0.0,0.0,0.0,0.0,0.0,0.0,0.0,0.0,0.0,0.0,0.0,0.0,0.0,0.0,0.0,0.0,0.0,0.0,0.0,0.0,0.0,0.0,0.0,0.0,0.0,0.0,0.0,0.0,0.0,0.0,0.0,0.0,0.0,0.0,0.0,0.0,0.0,0.0,0.0,0.0,0.0,0.0,0.0,0.0,0.0,0.0,0.0,0.0,0.0,0.0,0.0,0.0,0.0,0.0,0.0,0.0,0.0,0.0,0.0,0.0,0.0,0.0,0.0,0.0,0.0,0.0,0.0,0.0,0.0,0.0,0.0,0.0,0.0,0.0,0.0,0.0,0.0,0.0,0.0,0.0,0.0,0.0,0.0,0.0,0.0,0.0,0.0,0.0,0.0,0.0,0.0,0.0,0.0,0.0,0.0,0.0,0.0,0.0,0.0,0.0,0.0,0.0,0.0,0.0,0.0,0.0,0.0,0.0,0.0,0.0,0.0,0.0,0.0,0.0,0.0,0.0,0.0,0.0,0.0,0.0,0.0,0.0,0.0,0.0,0.0,0.0,0.0,0.0,0.0,0.0,0.0,0.0,0.0,0.0,0.0,0.0,0.0,0.0,0.0,0.0,0.0,0.33439479852932125,0.0,0.0,0.0,0.0,0.0,0.0,0.0,0.0,0.0,0.0,0.0,0.0,0.0,0.0,0.0,0.0,0.0,0.0,0.0,0.0,0.0,0.0,0.0,0.0,0.0,0.0,0.0,0.0,0.0,0.0,0.0,0.0,0.0,0.0,0.0,0.0,0.0,0.0,0.0,0.0,0.0,0.0,0.0,0.0,0.0,0.0,0.0,0.0,0.0,0.0,0.0,0.0,0.0,0.0,0.0,0.0,0.0,0.0,0.0,0.0,0.0,0.0,0.0,0.0,0.0,0.0,0.0,0.0,0.0,0.0,0.0,0.0,0.0,0.0,0.0,0.0,0.0,0.0,0.0,0.0,0.0,0.0,0.0,0.0,0.0,0.0,0.0,0.0,0.0,0.0,0.0,0.0,0.0,0.0,0.0,0.0,0.0,0.0,0.0,0.0,0.0,0.0,0.0,0.0,0.0,0.0,0.0,0.0,0.0,0.0,0.0,0.0,0.0,0.0,0.0
SD2401268,20대,음 근데 우리집이 꼭대기 층이라 그런지 좀 괜찮은 거 같은데. 층간 소음은 없는데 벽간 소음이 쪼금 있는 거 같아. 방이 그 방음이 잘 안 돼서 옆 문 그 첫 입구 문에만 서도 옆의 방이 뭐 유튜브 뭐 듣고 있는지 무슨 대화하고 있는지가 너무 잘 들려서 쪼끔 부담스럽긴 해. 근데 위에는 아무도 사람이 안 사니까 내가 살기에는 어 소음이 없어서 되게 좋은 거 같아. 그거 말고도 본가 살 때는 위층이 아빠 지인이 살았었는데 그래서 막 소음이 나도 뭐라 하기가 좀 그랬던 경험이 있어. 너는 지금 몇 층 정도에 살아? 층간 소음은 없어? 음 그 학 학교 들어오고 나서부터 2년 동안 여기 살고 올해 새로 계약해서 똑같은 데 연장해서 거기서 살고 있어. 아마 내년에는 교환 학생을 가서 없으니까 오빠가 혼자 살 거 같아 지금 같이 살고 있으니까. 그리고 사실 나는 올해 딱 계약 연장할 때쯤에 새로 구해서 따로따로 살고 싶었는데 아무래도 서울 뭐 월세가 비싸다 보니까 그냥 한집에서 해서 전세로 사는 게 낫겠다 싶어서 같이 살고 있는데. 어 아무래도 생활 패턴이나 그런 집안일 하는 거가 좀 안 맞아서 좀 그게 제일 힘들어서 따로 살고 싶었던 거 같아. 뭐 혼자 늦게 자고 그런 건 상관없는데 오빠가 게임을 하니까 늦게까지 게임하는 소리 계속 들려 오 들려 오고 하니까 나 자는 데 방에 돼서 그랬던 거 같아. 너는 그런 적은 없어? 어 중3 때까지 1곳에서 살았고 그 주 중3 이후에 약간 신도시 분양 그런 청약 담 당첨 돼 가지고 1번 이사를 갔었어. 근데 그 중3 때까지 계속 같은 지역에 살다 보니까 거기 유치원 초등학교 중학교 나오고 고등학교도 그쪽을 가려고 했는데 이사를 가게 돼서 혼자 떨어진 곳을 가니까 친구들이랑도 멀어지고 그러 그 뭐 원래 놀던 데에서도 못 놀고 이런 게 쪼끔 아쉽고 힘들긴 하더라고. 근데 집이 넓어서 되게 좋았던 거 같아. 나는 이사를 많이 안 해 봐서 막 해 보고 싶었다 이런 게 좀 컸었는데 주변에 이사 많이 다니는 사람은 안 그렇더라고. 이사를 그만 다니고 싶다 그러더라. 혹시 너도 그런 편이야? 음 나는 이사 간 다음에 우 이 이사 간 아파트 앞에 막 전원주택 같은 게 있는 거야. 그래서 나중에 이 또 이사를 가게 된다면은 저런 데에서 살고 싶다. 저런 데에서 마당에서 막 식물 키우고 동물 키우고 막 나만의 정원을 가꾸면서 2층 바 다락방에서 살고 싶다 막 이런 생각을 했었는데. 근데 막상 거기에 살면은 관리하는 게 되게 힘들어 보이더라고. 할머니 집도 그런 전원주택인데 조금만 뭘 관리를 안 해 줘도 잡초 자라고 먼지가 끼고 더러워지고 막 그런 게 많아서 관리가 힘들다고 하더라고. 근데 그럼에도 한 약간 한번쯤은 전원주택에 살고 싶다 이런 생각이 있는데. 너는 그런 어디에 살고 싶다 이런 로망 같은 게 있어? 어 전자레인지랑 냉장고 세탁기 이 이 정도는 원래 있었던 거 같고. 밥솥이랑 응 어 그 오븐 같은 거 뭐라고 하지. 그 아 에어프라이어는 사 왔고. 최근에 여름 되니까 벌레가 너무 많이 생기잖아. 특히 음식물에 벌레가 많이 생기는데 그래서 버리기가 너무 힘들어서 미생물로 분해해 주는 기계 그런 게 있더라고. 오빠가 인스타그램에서 찾아와서 막 우 이거 쓰자 막 그러면서 찾아왔던 기억이 있어. 그래서 그거를 지금 살까 고민 중에 있어. 그게 음식물 쓰레기를 넣으면은 미생물들이 분해를 해서 흙으로 바로 만들어 준대. 근데 그게 하루 만에 다 만들어 주고 냄새도 안 나서 좋다고 하더라고. 너는 혹시 집안일 같은 거는 어떻게 하는 편이야? 어 가끔 아니 자주 좀 싸운 싸우진 않고 이런 거에 대해 짜증을 내는 거 같긴 한데 내 방이 쓰레기 그 분리수거 하는 데 바로 앞에 있단 말이야. 그래서 오빠는 좀 멀어서 쓰레기 같은 걸 거기 내면 그만인데 나는 내고 나서 그게 분리수거가 잘 안 되어 있거나 막 더러운 게 섞여 있거나 하면은 냄새가 바로 내 방으로 들어온단 말이야. 그거 때문에 오빠한테 뭐라 한 적도 많았던 거 같고. 약간 분담 같은 게 예전에는 막 뭐 냉장고 청소 네가 1번 하면 내가 화장실 청소 1번 하고 이런 식으로 번갈아서 하자라고 말은 했는데 어느 순간 보니까 내가 다 하고 있더라고. 그래서 그거에 대해서 쌓아 놨다가 화내기 직전에 딱 말하면은 오빠가 또 눈치는 빨라 가지고 그제서야 부랴부랴 치우고 막 이래서 어 싸우지는 않았던 거 같아. 근데 자취를 하니까 확실히 본가 살 때는 엄마가 다 해 주고 그러는데 내가 다 해야 되니까 그게 힘든 거 같긴 해. 너는 자취하고 싶다는 생각은 없어? 아 나 처음에 집 들어올 때 막 냉장고랑 기본 가구에 막 여 연두색 띠가 막 둘러져 있는 거야. 기본 색깔로 막 있는 거야. 그래서 그걸 보고 아 진짜 별로다. 여기 살기 싫다 했었는데 막상 들어가 보니까 그런 거 별로 티도 안 나고 깔끔해 보이고 좋더라고. 그래서 그렇게 쓰고 있고. 뭔가 인테리어 아 그 자취하면 내 방식대로 바 집을 꾸미고 막 이렇게 써야지라는 생각은 있었는데 막상 있으니까 짐을 그 넣을 짐도 너무 많고 근데 그거에 비해 공간은 안 나오고 하니까 인테리어라고 할 것도 없이 그냥 짐을 넣어 놓은 거 같아. 내 방이 너무 작아서 옷장 같은 게 들어갈 공간이 안 나서 거실에다가 행거 설치해서 바로 옷 놓아두고. 그래서 뭔가 꾸미기도 애매하고 그랬던 거 같아. 너는 집 인테리어 어떤 편이야? 서울에서 살 수 있으면 좋을 거 같은데. 왜냐하면 여가 생활 같은 것도 훨씬 더 많이 할 수 있고 이제 거의 내 친구들이나 생활 반경이 서울에 중심에 맞춰져 있다 보니까 서울에서 생활하는 게 편하긴 한데 가끔씩 여기가 사람이 너무 많아서 내려가고 싶다라는 생각이 들긴 해. 근데 직장을 얻고 뭔가 더 발전을 하려면은 서울에서 사는 게 맞는 거 같아. 나는 그 본가 살 때는 지하에 헬스장이 있어서 그거를 썼단 말이야. 근데 자취를 하니까 그런 여가 시설 시 그 아무튼 시설들이 없어서 막 주변에서 주변 다른 헬스장을 등록해 놨단 말이야. 근데 너는 지금 어쨌든 본가에 살잖아. 큰 아파트에 사는데 그러면 거기에 막 여가 시설 같은 게 와 잘 마련되어 있어?,0.005747126436781609,0.017241379310344827,0.004597701149425287,0.0,0.005747126436781609,0.0034482758620689655,0.005747126436781609,0.008045977011494253,0.01839080459770115,0.029885057471264367,0.004597701149425287,0.027586206896551724,0.0,0.008045977011494253,0.0022988505747126436,0.0,0.0034482758620689655,0.0011494252873563218,0.03218390804597701,0.013793103448275862,0.0,0.0,0.0,0.0022988505747126436,0.0,0.004597701149425287,0.021839080459770115,0.0,0.0034482758620689655,0.0034482758620689655,0.04367816091954023,0.0,0.006896551724137931,0.0,0.004597701149425287,0.009195402298850575,0.0,0.0,0.011494252873563218,0.0011494252873563218,0.0,0.0022988505747126436,0.0,0.0,0.034482758620689655,0.004597701149425287,0.013793103448275862,0.0022988505747126436,0.004597701149425287,0.0367816091954023,0.009195402298850575,0.0011494252873563218,0.0,0.0022988505747126436,0.0,0.0011494252873563218,0.0011494252873563218,0.0022988505747126436,0.0,0.006896551724137931,0.0,0.0,0.0,0.0011494252873563218,0.006896551724137931,0.0022988505747126436,0.0022988505747126436,0.0011494252873563218,0.0011494252873563218,0.0,0.0,0.0,0.0022988505747126436,0.0,0.0,0.005747126436781609,0.0022988505747126436,0.0,0.006896551724137931,0.010344827586206896,0.0011494252873563218,0.0,0.0,0.0,0.0,0.004597701149425287,0.0034482758620689655,0.0,0.0022988505747126436,0.004597701149425287,0.0,0.0022988505747126436,0.0,0.0011494252873563218,0.0,0.0011494252873563218,0.0011494252873563218,0.0011494252873563218,0.0,0.0022988505747126436,0.004597701149425287,0.0011494252873563218,0.0,0.0,0.0,0.0,0.01264367816091954,0.009195402298850575,0.0,0.0011494252873563218,0.0011494252873563218,0.0022988505747126436,0.0011494252873563218,0.0,0.0,0.0011494252873563218,0.0,0.0,0.0011494252873563218,0.011494252873563218,0.0,0.005747126436781609,0.0011494252873563218,0.0,0.0022988505747126436,0.0011494252873563218,0.0011494252873563218,0.0,0.0022988505747126436,0.0,0.0,0.0,0.0,0.0034482758620689655,0.0,0.0,0.01839080459770115,0.0022988505747126436,0.0,0.0,0.0022988505747126436,0.0022988505747126436,0.0022988505747126436,0.0,0.0,0.005747126436781609,0.0011494252873563218,0.0,0.008045977011494253,0.0022988505747126436,0.0011494252873563218,0.005747126436781609,0.0011494252873563218,0.0,0.0,0.0011494252873563218,0.0,0.0011494252873563218,0.006896551724137931,0.0011494252873563218,0.0,0.0034482758620689655,0.0,0.0,0.0,0.004597701149425287,0.0011494252873563218,0.0011494252873563218,0.0,0.0,0.0011494252873563218,0.0,0.0,0.0,0.006896551724137931,0.0,0.0,0.0,0.0,0.0,0.0011494252873563218,0.0,0.0034482758620689655,0.0022988505747126436,0.0,0.0022988505747126436,0.0,0.0022988505747126436,0.0022988505747126436,0.0,0.0,0.0,0.0022988505747126436,0.0,0.0,0.0011494252873563218,0.0,0.0,0.0,0.0,0.0034482758620689655,0.0,0.004597701149425287,0.0,0.0,0.0,0.0,0.0,0.0,0.0011494252873563218,0.0,0.0,0.0,0.0,0.0011494252873563218,0.0,0.0011494252873563218,0.0,0.0011494252873563218,0.0,0.0022988505747126436,0.0,0.0011494252873563218,0.0022988505747126436,0.0,0.0,0.005747126436781609,0.0,0.0022988505747126436,0.0,0.0,0.0,0.0,0.0,0.0,0.0,0.0,0.0,0.0022988505747126436,0.0,0.0,0.0,0.004597701149425287,0.0,0.0,0.0,0.0,0.0,0.0,0.0,0.0,0.0,0.0,0.0,0.0,0.0,0.006896551724137931,0.0034482758620689655,0.0011494252873563218,0.0011494252873563218,0.0011494252873563218,0.0011494252873563218,0.0022988505747126436,0.0022988505747126436,0.0011494252873563218,0.0011494252873563218,0.0011494252873563218,0.0011494252873563218,0.0011494252873563218,0.0011494252873563218,0.0034482758620689655,0.0011494252873563218,0.005747126436781609,0.0011494252873563218,0.0011494252873563218,0.0011494252873563218,0.0022988505747126436,0.0022988505747126436,0.0011494252873563218,0.0022988505747126436,0.0011494252873563218,0.0011494252873563218,0.0011494252873563218,0.0011494252873563218,0.0022988505747126436,0.0011494252873563218,0.0011494252873563218,0.0011494252873563218,0.0022988505747126436,0.0011494252873563218,0.0011494252873563218,0.0011494252873563218,0.0011494252873563218,0.0011494252873563218,0.0011494252873563218,0.0011494252873563218,0.0011494252873563218,0.0022988505747126436,0.0022988505747126436,0.0011494252873563218,0.0011494252873563218,0.0011494252873563218,0.0022988505747126436,0.0011494252873563218,0.0011494252873563218,0.0034482758620689655,0.0011494252873563218,0.0011494252873563218,0.0011494252873563218,0.0011494252873563218,0.0011494252873563218,0.0011494252873563218,0.0011494252873563218,0.0022988505747126436,0.0011494252873563218,0.0022988505747126436,0.0022988505747126436,0.0011494252873563218,0.0011494252873563218,0.0034482758620689655,0.0011494252873563218,0.0011494252873563218,0.0022988505747126436,0.0011494252873563218,0.0022988505747126436,0.0011494252873563218,0.0011494252873563218,0.0022988505747126436,0.0011494252873563218,0.0011494252873563218,0.0011494252873563218,0.0022988505747126436,0.0011494252873563218,0.0034482758620689655,0.0034482758620689655,0.0022988505747126436,0.0011494252873563218,0.0011494252873563218,0.0011494252873563218,0.0011494252873563218,0.0011494252873563218,0.0011494252873563218,0.0011494252873563218,0.004597701149425287,0.0011494252873563218,0.0011494252873563218,0.0011494252873563218,0.0011494252873563218,0.0022988505747126436,0.0011494252873563218,0.0011494252873563218,0.0011494252873563218,0.0034482758620689655,0.0011494252873563218,0.0011494252873563218,0.0011494252873563218,0.0011494252873563218,0.0022988505747126436,0.0011494252873563218,0.0022988505747126436,0.0022988505747126436,0.0022988505747126436,0.0011494252873563218,0.0011494252873563218,0.0011494252873563218,0.0011494252873563218,0.0022988505747126436,0.0011494252873563218,0.0034482758620689655,0.0034482758620689655,0.0011494252873563218,0.004597701149425287,0.0011494252873563218,0.0011494252873563218,0.0022988505747126436,0.0022988505747126436,0.0011494252873563218,0.0011494252873563218,0.0011494252873563218,0.0022988505747126436,0.0011494252873563218,0.0022988505747126436,0.0022988505747126436,0.0011494252873563218,0.0011494252873563218,0.0011494252873563218,0.0011494252873563218,0.0011494252873563218,0.0011494252873563218,0.0011494252873563218,0.0011494252873563218,0.0011494252873563218,0.0011494252873563218,0.0011494252873563218,0.0011494252873563218,0.0022988505747126436,0.0011494252873563218,0.0011494252873563218,0.0011494252873563218,0.0011494252873563218,0.0011494252873563218,0.0011494252873563218,0.0011494252873563218,0.0011494252873563218,0.0011494252873563218,0.0011494252873563218,0.0011494252873563218,0.0022988505747126436,0.0011494252873563218,0.0011494252873563218,0.0011494252873563218,0.0011494252873563218,0.0011494252873563218,0.0022988505747126436,0.0011494252873563218,0.0022988505747126436,0.0011494252873563218,0.0011494252873563218,0.0011494252873563218,0.0034482758620689655,0.0011494252873563218,0.0011494252873563218,0.0011494252873563218,0.0011494252873563218,0.0011494252873563218,0.0011494252873563218,0.0011494252873563218,0.0011494252873563218,0.0011494252873563218,0.0011494252873563218,0.0011494252873563218,0.0011494252873563218,0.0034482758620689655,0.0011494252873563218,0.0022988505747126436,0.0011494252873563218,0.0011494252873563218,0.0011494252873563218,0.0011494252873563218,0.0011494252873563218,0.0011494252873563218,0.0011494252873563218,0.0011494252873563218,0.0011494252873563218,0.0011494252873563218,0.0011494252873563218,0.0011494252873563218,0.0011494252873563218,0.0011494252873563218,0.0011494252873563218,0.0011494252873563218,0.0011494252873563218,0.0011494252873563218,0.0,0.0,0.0,0.0,0.0,0.0,0.0,0.0,0.0,0.0,0.0,0.0,0.0,0.0,0.0,0.0,0.0,0.0,0.0,0.0,0.0,0.0,0.0,0.0,0.0,0.0,0.0,0.0,0.0,0.0,0.0,0.0,0.0,0.0,0.0,0.0,0.0,0.0,0.0,0.0,0.0,0.0,0.0,0.0,0.0,0.0,0.0,0.0,0.0,0.0,0.0,0.0,0.0,0.0,0.0,0.0,0.0,0.0,0.0,0.0,0.0,0.0,0.0,0.0,0.0,0.0,0.0,0.0,0.0,0.0,0.0,0.0,0.0,0.0,0.0,0.0,0.0,0.0,0.0,0.0,0.0,0.0,0.0,0.0,0.0,0.0,0.0,0.0,0.0,0.0,0.0,0.0,0.0,0.0,0.0,0.0,0.0,0.0,0.0,0.0,0.0,0.0,0.0,0.0,0.0,0.0,0.0,0.0,0.0,0.0,0.0,0.0,0.0,0.0,0.0,0.0,0.0,0.0,0.0,0.0,0.0,0.0,0.0,0.0,0.0,0.0,0.0,0.0,0.0,0.0,0.0,0.0,0.0,0.0,0.0,0.0,0.0,0.0,0.0,0.0,0.0,0.0,0.0,0.0,0.0,0.0,0.0,0.0,0.0,0.0,0.0,0.0,0.0,0.0,0.0,0.0,0.0,0.0,0.0,0.0,0.0,0.0,0.0,0.0,0.0,0.0,0.0,0.0,0.0,0.0,0.0,0.0,0.0,0.0,0.0,0.0,0.0,0.0,0.0,0.0,0.0,0.0,0.0,0.0,0.0,0.0,0.0,0.0,0.0,0.0,0.0,0.0,0.0,0.0,0.0,0.0,0.0,0.0,0.0,0.0,0.0,0.0,0.0,0.0,0.0,0.0,0.0,0.0,0.0,0.0,0.0,0.0,0.0,0.0,0.0,0.0,0.0,0.0,0.0,0.0,0.0,0.0,0.0,0.0,0.0,0.0,0.0,0.0,0.0,0.0,0.0,0.0,0.0,0.0,0.0,0.0,0.0,0.0,0.0,0.0,0.0,0.0,0.0,0.0,0.0,0.0,0.0,0.0,0.0,0.0,0.0,0.0,0.0,0.0,0.0,0.0,0.0,0.0,0.0,0.0,0.0,0.0,0.0,0.0,0.0,0.0,0.0,0.0,0.0,0.0,0.0,0.0,0.0,0.0,0.0,0.0,0.0,0.0,0.0,0.0,0.0,0.0,0.0,0.0,0.0,0.0,0.0,0.0,0.0,0.0,0.0,0.0,0.0,0.0,0.0,0.0,0.0,0.0,0.0,0.0,0.0,0.0,0.0,0.0,0.0,0.0,0.0,0.0,0.0,0.0,0.0,0.0,0.0,0.0,0.0,0.0,0.0,0.0,0.0,0.0,0.0,0.0,0.0,0.0,0.0,0.0,0.7071067811865475,0.0,0.0,0.0,0.0,0.0,0.0,0.0,0.0,0.0,0.0,0.0,0.0,0.0,0.0,0.0,0.0,0.0,0.0,0.0,0.0,0.0,0.0,0.0,0.0,0.0,0.0,0.0,0.0,0.0,0.0,0.0,0.0,0.0,0.0,0.0,0.0,0.0,0.0,0.0,0.0,0.0,0.0,0.0,0.0,0.0,0.0,0.0,0.0,0.0,0.0,0.0,0.0,0.0,0.0,0.0,0.0,0.0,0.0,0.0,0.0,0.0,0.0,0.0,0.0,0.0,0.0,0.0,0.0,0.0,0.0,0.0,0.0,0.0,0.0,0.0,0.0,0.0,0.0,0.0,0.0,0.0,0.0,0.0,0.0,0.0,0.0,0.0,0.0,0.0,0.0,0.0,0.0,0.0,0.0,0.0,0.0,0.0,0.0,0.0,0.0,0.0,0.0,0.0,0.0,0.0,0.7071067811865475,0.0,0.0,0.0,0.0,0.0,0.0,0.0,0.0,0.0,0.0,0.0,0.0,0.0,0.0,0.0,0.0,0.0,0.0,0.0,0.0,0.0,0.0,0.0,0.0,0.0,0.0,0.0,0.0,0.0,0.0,0.0,0.0,0.0,0.0,0.0,0.0,0.0,0.0,0.0,0.0,0.0,0.0,0.0,0.0,0.0,0.0,0.0,0.0,0.0,0.0,0.0,0.0,0.0,0.0,0.0,0.0,0.0,0.0,0.0,0.0,0.0,0.0,0.0,0.0,0.0,0.0,0.0,0.0,0.0,0.0,0.0,0.0,0.0,0.0,0.0,0.0,0.0,0.0,0.0,0.0,0.0,0.0,0.0,0.0,0.0,0.0,0.0,0.0,0.0,0.0,0.0,0.0,0.0,0.0,0.0,0.0,0.0,0.0,0.0,0.0,0.0,0.0,0.0,0.0,0.0,0.0,0.0,0.0,0.0,0.0,0.0,0.0,0.0,0.0,0.0,0.0,0.0,0.0,0.0,0.0,0.0,0.0,0.0,0.0,0.0,0.0,0.0,0.0,0.0,0.0,0.0,0.0,0.0,0.0,0.0,0.0,0.0,0.0,0.0,0.0,0.0,0.0,0.0,0.0,0.0,0.0,0.0,0.0,0.0,0.0,0.0,0.0,0.0,0.0,0.0,0.0,0.0,0.0,0.0,0.0,0.0,0.0,0.0,0.0,0.0,0.0,0.0,0.0,0.0,0.0,0.0,0.0,0.0,0.0,0.0,0.0,0.0,0.0,0.0,0.0,0.0,0.0,0.0,0.0,0.0,0.0,0.0,0.0,0.0,0.0,0.0,0.0,0.0,0.0,0.0,0.0,0.0,0.0,0.0,0.0,0.0,0.0,0.0,0.0,0.0,0.0,0.0,0.0,0.0,0.0,0.0,0.0,0.0,0.0,0.0,0.0,0.0,0.0,0.0,0.0,0.0,0.0,0.0,0.0,0.0,0.0,0.0,0.0,0.0,0.0,0.0,0.0,0.0,0.0,0.0,0.0,0.0,0.0,0.0,0.0,0.0,0.0,0.0,0.0,0.0,0.0,0.0,0.0,0.0,0.0,0.0,0.0,0.0,0.0,0.0,0.0,0.0,0.0,0.0,0.0,0.0,0.0,0.0,0.0,0.0,0.0,0.0,0.0,0.0,0.0,0.0,0.0,0.0,0.0,0.0,0.0,0.0,0.0,0.0,0.0,0.0,0.0,0.0,0.0,0.0,0.0,0.0,0.0,0.0,0.0,0.0,0.0,0.0,0.0
SD2401268,20대,음 근데 우리집이 꼭대기 층이라 그런지 좀 괜찮은 거 같은데. 층간 소음은 없는데 벽간 소음이 쪼금 있는 거 같아. 방이 그 방음이 잘 안 돼서 옆 문 그 첫 입구 문에만 서도 옆의 방이 뭐 유튜브 뭐 듣고 있는지 무슨 대화하고 있는지가 너무 잘 들려서 쪼끔 부담스럽긴 해. 근데 위에는 아무도 사람이 안 사니까 내가 살기에는 어 소음이 없어서 되게 좋은 거 같아. 그거 말고도 본가 살 때는 위층이 아빠 지인이 살았었는데 그래서 막 소음이 나도 뭐라 하기가 좀 그랬던 경험이 있어. 너는 지금 몇 층 정도에 살아? 층간 소음은 없어? 음 그 학 학교 들어오고 나서부터 2년 동안 여기 살고 올해 새로 계약해서 똑같은 데 연장해서 거기서 살고 있어. 아마 내년에는 교환 학생을 가서 없으니까 오빠가 혼자 살 거 같아 지금 같이 살고 있으니까. 그리고 사실 나는 올해 딱 계약 연장할 때쯤에 새로 구해서 따로따로 살고 싶었는데 아무래도 서울 뭐 월세가 비싸다 보니까 그냥 한집에서 해서 전세로 사는 게 낫겠다 싶어서 같이 살고 있는데. 어 아무래도 생활 패턴이나 그런 집안일 하는 거가 좀 안 맞아서 좀 그게 제일 힘들어서 따로 살고 싶었던 거 같아. 뭐 혼자 늦게 자고 그런 건 상관없는데 오빠가 게임을 하니까 늦게까지 게임하는 소리 계속 들려 오 들려 오고 하니까 나 자는 데 방에 돼서 그랬던 거 같아. 너는 그런 적은 없어? 어 중3 때까지 1곳에서 살았고 그 주 중3 이후에 약간 신도시 분양 그런 청약 담 당첨 돼 가지고 1번 이사를 갔었어. 근데 그 중3 때까지 계속 같은 지역에 살다 보니까 거기 유치원 초등학교 중학교 나오고 고등학교도 그쪽을 가려고 했는데 이사를 가게 돼서 혼자 떨어진 곳을 가니까 친구들이랑도 멀어지고 그러 그 뭐 원래 놀던 데에서도 못 놀고 이런 게 쪼끔 아쉽고 힘들긴 하더라고. 근데 집이 넓어서 되게 좋았던 거 같아. 나는 이사를 많이 안 해 봐서 막 해 보고 싶었다 이런 게 좀 컸었는데 주변에 이사 많이 다니는 사람은 안 그렇더라고. 이사를 그만 다니고 싶다 그러더라. 혹시 너도 그런 편이야? 음 나는 이사 간 다음에 우 이 이사 간 아파트 앞에 막 전원주택 같은 게 있는 거야. 그래서 나중에 이 또 이사를 가게 된다면은 저런 데에서 살고 싶다. 저런 데에서 마당에서 막 식물 키우고 동물 키우고 막 나만의 정원을 가꾸면서 2층 바 다락방에서 살고 싶다 막 이런 생각을 했었는데. 근데 막상 거기에 살면은 관리하는 게 되게 힘들어 보이더라고. 할머니 집도 그런 전원주택인데 조금만 뭘 관리를 안 해 줘도 잡초 자라고 먼지가 끼고 더러워지고 막 그런 게 많아서 관리가 힘들다고 하더라고. 근데 그럼에도 한 약간 한번쯤은 전원주택에 살고 싶다 이런 생각이 있는데. 너는 그런 어디에 살고 싶다 이런 로망 같은 게 있어? 어 전자레인지랑 냉장고 세탁기 이 이 정도는 원래 있었던 거 같고. 밥솥이랑 응 어 그 오븐 같은 거 뭐라고 하지. 그 아 에어프라이어는 사 왔고. 최근에 여름 되니까 벌레가 너무 많이 생기잖아. 특히 음식물에 벌레가 많이 생기는데 그래서 버리기가 너무 힘들어서 미생물로 분해해 주는 기계 그런 게 있더라고. 오빠가 인스타그램에서 찾아와서 막 우 이거 쓰자 막 그러면서 찾아왔던 기억이 있어. 그래서 그거를 지금 살까 고민 중에 있어. 그게 음식물 쓰레기를 넣으면은 미생물들이 분해를 해서 흙으로 바로 만들어 준대. 근데 그게 하루 만에 다 만들어 주고 냄새도 안 나서 좋다고 하더라고. 너는 혹시 집안일 같은 거는 어떻게 하는 편이야? 어 가끔 아니 자주 좀 싸운 싸우진 않고 이런 거에 대해 짜증을 내는 거 같긴 한데 내 방이 쓰레기 그 분리수거 하는 데 바로 앞에 있단 말이야. 그래서 오빠는 좀 멀어서 쓰레기 같은 걸 거기 내면 그만인데 나는 내고 나서 그게 분리수거가 잘 안 되어 있거나 막 더러운 게 섞여 있거나 하면은 냄새가 바로 내 방으로 들어온단 말이야. 그거 때문에 오빠한테 뭐라 한 적도 많았던 거 같고. 약간 분담 같은 게 예전에는 막 뭐 냉장고 청소 네가 1번 하면 내가 화장실 청소 1번 하고 이런 식으로 번갈아서 하자라고 말은 했는데 어느 순간 보니까 내가 다 하고 있더라고. 그래서 그거에 대해서 쌓아 놨다가 화내기 직전에 딱 말하면은 오빠가 또 눈치는 빨라 가지고 그제서야 부랴부랴 치우고 막 이래서 어 싸우지는 않았던 거 같아. 근데 자취를 하니까 확실히 본가 살 때는 엄마가 다 해 주고 그러는데 내가 다 해야 되니까 그게 힘든 거 같긴 해. 너는 자취하고 싶다는 생각은 없어? 아 나 처음에 집 들어올 때 막 냉장고랑 기본 가구에 막 여 연두색 띠가 막 둘러져 있는 거야. 기본 색깔로 막 있는 거야. 그래서 그걸 보고 아 진짜 별로다. 여기 살기 싫다 했었는데 막상 들어가 보니까 그런 거 별로 티도 안 나고 깔끔해 보이고 좋더라고. 그래서 그렇게 쓰고 있고. 뭔가 인테리어 아 그 자취하면 내 방식대로 바 집을 꾸미고 막 이렇게 써야지라는 생각은 있었는데 막상 있으니까 짐을 그 넣을 짐도 너무 많고 근데 그거에 비해 공간은 안 나오고 하니까 인테리어라고 할 것도 없이 그냥 짐을 넣어 놓은 거 같아. 내 방이 너무 작아서 옷장 같은 게 들어갈 공간이 안 나서 거실에다가 행거 설치해서 바로 옷 놓아두고. 그래서 뭔가 꾸미기도 애매하고 그랬던 거 같아. 너는 집 인테리어 어떤 편이야? 서울에서 살 수 있으면 좋을 거 같은데. 왜냐하면 여가 생활 같은 것도 훨씬 더 많이 할 수 있고 이제 거의 내 친구들이나 생활 반경이 서울에 중심에 맞춰져 있다 보니까 서울에서 생활하는 게 편하긴 한데 가끔씩 여기가 사람이 너무 많아서 내려가고 싶다라는 생각이 들긴 해. 근데 직장을 얻고 뭔가 더 발전을 하려면은 서울에서 사는 게 맞는 거 같아. 나는 그 본가 살 때는 지하에 헬스장이 있어서 그거를 썼단 말이야. 근데 자취를 하니까 그런 여가 시설 시 그 아무튼 시설들이 없어서 막 주변에서 주변 다른 헬스장을 등록해 놨단 말이야. 근데 너는 지금 어쨌든 본가에 살잖아. 큰 아파트에 사는데 그러면 거기에 막 여가 시설 같은 게 와 잘 마련되어 있어?,0.005747126436781609,0.017241379310344827,0.004597701149425287,0.0,0.005747126436781609,0.0034482758620689655,0.005747126436781609,0.008045977011494253,0.01839080459770115,0.029885057471264367,0.004597701149425287,0.027586206896551724,0.0,0.008045977011494253,0.0022988505747126436,0.0,0.0034482758620689655,0.0011494252873563218,0.03218390804597701,0.013793103448275862,0.0,0.0,0.0,0.0022988505747126436,0.0,0.004597701149425287,0.021839080459770115,0.0,0.0034482758620689655,0.0034482758620689655,0.04367816091954023,0.0,0.006896551724137931,0.0,0.004597701149425287,0.009195402298850575,0.0,0.0,0.011494252873563218,0.0011494252873563218,0.0,0.0022988505747126436,0.0,0.0,0.034482758620689655,0.004597701149425287,0.013793103448275862,0.0022988505747126436,0.004597701149425287,0.0367816091954023,0.009195402298850575,0.0011494252873563218,0.0,0.0022988505747126436,0.0,0.0011494252873563218,0.0011494252873563218,0.0022988505747126436,0.0,0.006896551724137931,0.0,0.0,0.0,0.0011494252873563218,0.006896551724137931,0.0022988505747126436,0.0022988505747126436,0.0011494252873563218,0.0011494252873563218,0.0,0.0,0.0,0.0022988505747126436,0.0,0.0,0.005747126436781609,0.0022988505747126436,0.0,0.006896551724137931,0.010344827586206896,0.0011494252873563218,0.0,0.0,0.0,0.0,0.004597701149425287,0.0034482758620689655,0.0,0.0022988505747126436,0.004597701149425287,0.0,0.0022988505747126436,0.0,0.0011494252873563218,0.0,0.0011494252873563218,0.0011494252873563218,0.0011494252873563218,0.0,0.0022988505747126436,0.004597701149425287,0.0011494252873563218,0.0,0.0,0.0,0.0,0.01264367816091954,0.009195402298850575,0.0,0.0011494252873563218,0.0011494252873563218,0.0022988505747126436,0.0011494252873563218,0.0,0.0,0.0011494252873563218,0.0,0.0,0.0011494252873563218,0.011494252873563218,0.0,0.005747126436781609,0.0011494252873563218,0.0,0.0022988505747126436,0.0011494252873563218,0.0011494252873563218,0.0,0.0022988505747126436,0.0,0.0,0.0,0.0,0.0034482758620689655,0.0,0.0,0.01839080459770115,0.0022988505747126436,0.0,0.0,0.0022988505747126436,0.0022988505747126436,0.0022988505747126436,0.0,0.0,0.005747126436781609,0.0011494252873563218,0.0,0.008045977011494253,0.0022988505747126436,0.0011494252873563218,0.005747126436781609,0.0011494252873563218,0.0,0.0,0.0011494252873563218,0.0,0.0011494252873563218,0.006896551724137931,0.0011494252873563218,0.0,0.0034482758620689655,0.0,0.0,0.0,0.004597701149425287,0.0011494252873563218,0.0011494252873563218,0.0,0.0,0.0011494252873563218,0.0,0.0,0.0,0.006896551724137931,0.0,0.0,0.0,0.0,0.0,0.0011494252873563218,0.0,0.0034482758620689655,0.0022988505747126436,0.0,0.0022988505747126436,0.0,0.0022988505747126436,0.0022988505747126436,0.0,0.0,0.0,0.0022988505747126436,0.0,0.0,0.0011494252873563218,0.0,0.0,0.0,0.0,0.0034482758620689655,0.0,0.004597701149425287,0.0,0.0,0.0,0.0,0.0,0.0,0.0011494252873563218,0.0,0.0,0.0,0.0,0.0011494252873563218,0.0,0.0011494252873563218,0.0,0.0011494252873563218,0.0,0.0022988505747126436,0.0,0.0011494252873563218,0.0022988505747126436,0.0,0.0,0.005747126436781609,0.0,0.0022988505747126436,0.0,0.0,0.0,0.0,0.0,0.0,0.0,0.0,0.0,0.0022988505747126436,0.0,0.0,0.0,0.004597701149425287,0.0,0.0,0.0,0.0,0.0,0.0,0.0,0.0,0.0,0.0,0.0,0.0,0.0,0.006896551724137931,0.0034482758620689655,0.0011494252873563218,0.0011494252873563218,0.0011494252873563218,0.0011494252873563218,0.0022988505747126436,0.0022988505747126436,0.0011494252873563218,0.0011494252873563218,0.0011494252873563218,0.0011494252873563218,0.0011494252873563218,0.0011494252873563218,0.0034482758620689655,0.0011494252873563218,0.005747126436781609,0.0011494252873563218,0.0011494252873563218,0.0011494252873563218,0.0022988505747126436,0.0022988505747126436,0.0011494252873563218,0.0022988505747126436,0.0011494252873563218,0.0011494252873563218,0.0011494252873563218,0.0011494252873563218,0.0022988505747126436,0.0011494252873563218,0.0011494252873563218,0.0011494252873563218,0.0022988505747126436,0.0011494252873563218,0.0011494252873563218,0.0011494252873563218,0.0011494252873563218,0.0011494252873563218,0.0011494252873563218,0.0011494252873563218,0.0011494252873563218,0.0022988505747126436,0.0022988505747126436,0.0011494252873563218,0.0011494252873563218,0.0011494252873563218,0.0022988505747126436,0.0011494252873563218,0.0011494252873563218,0.0034482758620689655,0.0011494252873563218,0.0011494252873563218,0.0011494252873563218,0.0011494252873563218,0.0011494252873563218,0.0011494252873563218,0.0011494252873563218,0.0022988505747126436,0.0011494252873563218,0.0022988505747126436,0.0022988505747126436,0.0011494252873563218,0.0011494252873563218,0.0034482758620689655,0.0011494252873563218,0.0011494252873563218,0.0022988505747126436,0.0011494252873563218,0.0022988505747126436,0.0011494252873563218,0.0011494252873563218,0.0022988505747126436,0.0011494252873563218,0.0011494252873563218,0.0011494252873563218,0.0022988505747126436,0.0011494252873563218,0.0034482758620689655,0.0034482758620689655,0.0022988505747126436,0.0011494252873563218,0.0011494252873563218,0.0011494252873563218,0.0011494252873563218,0.0011494252873563218,0.0011494252873563218,0.0011494252873563218,0.004597701149425287,0.0011494252873563218,0.0011494252873563218,0.0011494252873563218,0.0011494252873563218,0.0022988505747126436,0.0011494252873563218,0.0011494252873563218,0.0011494252873563218,0.0034482758620689655,0.0011494252873563218,0.0011494252873563218,0.0011494252873563218,0.0011494252873563218,0.0022988505747126436,0.0011494252873563218,0.0022988505747126436,0.0022988505747126436,0.0022988505747126436,0.0011494252873563218,0.0011494252873563218,0.0011494252873563218,0.0011494252873563218,0.0022988505747126436,0.0011494252873563218,0.0034482758620689655,0.0034482758620689655,0.0011494252873563218,0.004597701149425287,0.0011494252873563218,0.0011494252873563218,0.0022988505747126436,0.0022988505747126436,0.0011494252873563218,0.0011494252873563218,0.0011494252873563218,0.0022988505747126436,0.0011494252873563218,0.0022988505747126436,0.0022988505747126436,0.0011494252873563218,0.0011494252873563218,0.0011494252873563218,0.0011494252873563218,0.0011494252873563218,0.0011494252873563218,0.0011494252873563218,0.0011494252873563218,0.0011494252873563218,0.0011494252873563218,0.0011494252873563218,0.0011494252873563218,0.0022988505747126436,0.0011494252873563218,0.0011494252873563218,0.0011494252873563218,0.0011494252873563218,0.0011494252873563218,0.0011494252873563218,0.0011494252873563218,0.0011494252873563218,0.0011494252873563218,0.0011494252873563218,0.0011494252873563218,0.0022988505747126436,0.0011494252873563218,0.0011494252873563218,0.0011494252873563218,0.0011494252873563218,0.0011494252873563218,0.0022988505747126436,0.0011494252873563218,0.0022988505747126436,0.0011494252873563218,0.0011494252873563218,0.0011494252873563218,0.0034482758620689655,0.0011494252873563218,0.0011494252873563218,0.0011494252873563218,0.0011494252873563218,0.0011494252873563218,0.0011494252873563218,0.0011494252873563218,0.0011494252873563218,0.0011494252873563218,0.0011494252873563218,0.0011494252873563218,0.0011494252873563218,0.0034482758620689655,0.0011494252873563218,0.0022988505747126436,0.0011494252873563218,0.0011494252873563218,0.0011494252873563218,0.0011494252873563218,0.0011494252873563218,0.0011494252873563218,0.0011494252873563218,0.0011494252873563218,0.0011494252873563218,0.0011494252873563218,0.0011494252873563218,0.0011494252873563218,0.0011494252873563218,0.0011494252873563218,0.0011494252873563218,0.0011494252873563218,0.0011494252873563218,0.0011494252873563218,0.0,0.0,0.0,0.0,0.0,0.0,0.0,0.0,0.0,0.0,0.0,0.0,0.0,0.0,0.0,0.0,0.0,0.0,0.0,0.0,0.0,0.0,0.0,0.0,0.0,0.0,0.0,0.0,0.0,0.0,0.0,0.0,0.0,0.0,0.0,0.0,0.0,0.0,0.0,0.0,0.2880192653106714,0.0,0.0,0.0,0.0,0.0,0.0,0.0,0.4106351132938667,0.0,0.0,0.0,0.0,0.0,0.0,0.0,0.0,0.0,0.0,0.0,0.0,0.0,0.0,0.0,0.0,0.0,0.0,0.0,0.0,0.0,0.0,0.0,0.0,0.0,0.0,0.0,0.0,0.0,0.0,0.0,0.0,0.0,0.0,0.0,0.0,0.0,0.0,0.0,0.0,0.0,0.0,0.0,0.0,0.0,0.0,0.0,0.0,0.0,0.0,0.0,0.3877362883922334,0.0,0.0,0.0,0.0,0.0,0.0,0.0,0.0,0.0,0.0,0.0,0.0,0.0,0.0,0.0,0.0,0.0,0.0,0.0,0.0,0.0,0.0,0.0,0.0,0.0,0.0,0.0,0.0,0.0,0.0,0.0,0.0,0.0,0.0,0.0,0.0,0.0,0.0,0.0,0.0,0.0,0.0,0.0,0.0,0.0,0.0,0.0,0.0,0.0,0.0,0.0,0.0,0.0,0.0,0.0,0.0,0.0,0.0,0.0,0.0,0.0,0.0,0.0,0.0,0.0,0.0,0.0,0.0,0.0,0.0,0.0,0.0,0.0,0.0,0.0,0.0,0.0,0.0,0.0,0.0,0.0,0.0,0.0,0.0,0.0,0.0,0.0,0.0,0.0,0.0,0.0,0.0,0.0,0.0,0.0,0.0,0.0,0.0,0.0,0.0,0.0,0.0,0.0,0.0,0.0,0.0,0.0,0.0,0.0,0.0,0.0,0.0,0.0,0.0,0.0,0.0,0.0,0.0,0.0,0.0,0.0,0.0,0.0,0.0,0.0,0.0,0.0,0.0,0.0,0.0,0.0,0.0,0.0,0.0,0.0,0.0,0.0,0.0,0.0,0.0,0.0,0.0,0.0,0.0,0.4429091943137986,0.0,0.0,0.0,0.0,0.0,0.0,0.0,0.0,0.0,0.0,0.0,0.0,0.0,0.0,0.0,0.0,0.0,0.0,0.0,0.0,0.0,0.0,0.0,0.0,0.0,0.0,0.0,0.0,0.0,0.0,0.0,0.0,0.0,0.0,0.0,0.0,0.0,0.0,0.0,0.0,0.0,0.0,0.0,0.0,0.0,0.0,0.0,0.0,0.0,0.0,0.0,0.0,0.0,0.0,0.0,0.0,0.0,0.0,0.0,0.0,0.0,0.0,0.0,0.0,0.0,0.0,0.0,0.0,0.0,0.0,0.0,0.0,0.0,0.0,0.0,0.0,0.0,0.0,0.0,0.0,0.0,0.0,0.0,0.0,0.0,0.0,0.0,0.0,0.0,0.0,0.0,0.0,0.0,0.0,0.0,0.0,0.0,0.0,0.0,0.0,0.0,0.0,0.0,0.0,0.0,0.0,0.0,0.0,0.0,0.0,0.0,0.0,0.0,0.0,0.0,0.0,0.0,0.0,0.0,0.0,0.0,0.0,0.0,0.0,0.0,0.0,0.0,0.0,0.0,0.0,0.0,0.0,0.0,0.0,0.0,0.0,0.4106351132938667,0.0,0.0,0.0,0.0,0.0,0.0,0.0,0.0,0.0,0.0,0.0,0.0,0.0,0.0,0.0,0.0,0.0,0.0,0.0,0.0,0.0,0.0,0.0,0.0,0.0,0.0,0.0,0.0,0.0,0.0,0.0,0.0,0.0,0.0,0.0,0.0,0.0,0.0,0.0,0.0,0.0,0.0,0.0,0.0,0.0,0.0,0.0,0.0,0.0,0.0,0.0,0.0,0.0,0.0,0.0,0.0,0.0,0.0,0.0,0.0,0.0,0.0,0.0,0.0,0.0,0.0,0.0,0.0,0.0,0.0,0.0,0.0,0.0,0.0,0.0,0.0,0.0,0.0,0.0,0.0,0.0,0.0,0.0,0.3877362883922334,0.0,0.0,0.0,0.0,0.0,0.0,0.0,0.0,0.0,0.0,0.0,0.0,0.0,0.0,0.0,0.0,0.0,0.0,0.0,0.0,0.0,0.0,0.0,0.0,0.0,0.0,0.0,0.0,0.0,0.0,0.0,0.0,0.0,0.0,0.0,0.0,0.0,0.0,0.0,0.0,0.0,0.0,0.0,0.0,0.0,0.0,0.0,0.0,0.0,0.0,0.0,0.0,0.0,0.0,0.0,0.0,0.0,0.0,0.0,0.0,0.0,0.0,0.0,0.0,0.0,0.0,0.0,0.0,0.0,0.0,0.0,0.0,0.0,0.0,0.0,0.0,0.0,0.0,0.0,0.2880192653106714,0.0,0.0,0.0,0.0,0.0,0.0,0.0,0.0,0.0,0.0,0.0,0.0,0.0,0.0,0.0,0.0,0.0,0.0,0.0,0.0,0.0,0.0,0.0,0.0,0.0,0.0,0.0,0.0,0.0,0.0,0.0,0.0,0.0,0.0,0.0,0.0,0.0,0.0,0.0,0.0,0.0,0.0,0.0,0.0,0.0,0.0,0.0,0.0,0.0,0.0,0.0,0.0,0.0,0.0,0.0,0.0,0.0,0.0,0.0,0.0,0.0,0.0,0.0,0.0,0.0,0.0,0.0,0.0,0.0,0.0,0.0,0.0,0.0,0.0,0.0,0.0,0.0,0.0,0.0,0.0,0.0,0.0,0.0,0.0,0.0,0.0,0.0,0.0,0.0,0.0,0.0,0.0,0.0,0.0,0.0,0.0,0.0,0.0,0.0,0.0,0.0,0.0,0.0,0.0,0.0,0.0,0.0,0.0,0.0,0.0,0.0,0.0,0.0,0.0,0.0,0.0,0.0,0.0,0.0,0.0,0.0,0.0,0.0,0.0,0.0,0.0,0.0,0.0,0.0,0.0,0.0,0.0,0.0,0.0,0.0,0.0,0.0,0.0,0.0,0.0,0.0,0.0,0.0,0.0,0.0,0.0,0.0,0.0,0.0,0.0,0.0,0.0,0.0,0.0,0.0,0.0,0.0,0.0,0.0,0.0,0.0,0.0,0.0,0.0,0.0,0.0,0.0,0.0,0.0,0.0,0.0,0.0,0.0,0.0,0.0,0.0,0.0,0.0,0.0,0.0
